#amp1, shift1, width1, amp2, shift2, width2
0 0 0 0 0 0
1.20000   115 3 0.45  85 3
1.20000   120 3 0.45  95 3
1.20000   130 3 0.45 90 3
1.20000   80 3 0.45 125 3
1.20000   145 3 0.45 80 3
1.20000   80 6 0.45  80 0 # peaks close together, only fit 1
1.20000   90 3 0.45  75 3
1.20000   100 3 0.45  58 3
1.20000   105 3 0.45  70 3
1.20000   77 3 0.45  75 3 #
1.20000   76 6 0.45  74 3 #
1.20000   80 6 0.45  80 0 # peaks close together, only fit 1
1.20000   80 3 0.45  80 0 # 
1.20000   70 3 0.45  95 3 
1.20000   110 3 0.45  65 3 
1.20000   100 3 0.45  65 3
1.20000   100 3 0.45  70 3
1.20000   100 3 0.45  70 3
1.20000   100 3 0.45  75 3 #
1.20000   100 3 0.45  70 3
1.20000   100 3 0.45  70 3