#amp1, shift1, width1, amp2, shift2, width2, amp3, shift3, width3
0 0 0 0 0 0
1.20000   60  3   0.45   120 3   0.45   75 3
1.20000   120 3   0.45   25  3   0.45   75 3
1.20000   58  3   0.45   155 3   0.45  100 3
1.20000   65  3   0.45   155 3   0.45  100 3
1.20000   65  3   0.45   142 3   0.45  100 3
1.20000   140 3   0.45   60  3   0.45  100 3
1.20000   140 3   0.45   58  3   0.45  110 3
1.20000   100 3   0.45   58  3   
1.20000   100 3   0.45   30  3   0.45   75 3
1.20000   120 3   0.45   20  3   0.45   80 3
1.20000   110 3   0.45   25  3   0.45   80 3
1.20000   110 3   0.45   30  3   0.45   67 3
1.20000   105 3   0.45   45  3   0.45   75 3
1.20000   55  3   0.45   100 3   
1.20000   48  3   0.45   105 3   0.45   75 3
1.20000   31  3   0.45   120 3   0.45   75 3
1.20000   30  3   0.45   130 3   0.45   75 3
1.20000   30  3   0.45   130 3   0.45   75 3
1.20000   32  3   0.45   125 3   0.45   75 3
1.20000   110 3   0.45   25  3   0.45   75  3
1.20000   110 3   0.45   25  3   0.45   75  3
1.20000   110 3   0.45   30  3   0.45   80  3
1.20000   100 3   0.45   60  3   
1.20000   80  3   0.45   300 3     
1.20000   65  3   0.45   83  3   
1.20000   54  3   0.45   105 3   0.45   75 3
1.20000   40  3   0.45   125 3   0.45   75 3