# RVs calculated with BF_python.py
#
# Porb = 17.5278303 days, BJD0 = 2454960.041397 days
# Wavelength axis = [15170.0 - 16216.442856286209] Angstroms
#
# Template spectrum (line 0 of infiles):  data/PHOENIX/Z-0.0/lte04900-4.50-0.0.PHOENIX-ACES-AGSS-COND-2011-HiRes_apogee_norm.txt
# RV of template, BCV of template (km/s): 0, 0
#
# List of all input spectra (infiles): data/6131659/6131659infiles.txt
# Target BJD and BCV info (bjdinfile): data/6131659/6131659bjdinfile.txt
# Gaussian fit guesses (gausspars):    data/6131659/6131659gausspars.txt
#
# BF parameters: w00 = 15170; n = 10000; stepV = 2.0
# BF parameters: smoothstd = 1.5; m = 401
# gaussfit: amplimits = [0, 1.2, 0, 1.2, 0, 1.2]; threshold = 10, widlimits = [0, 9, 0, 9, 0, 11]
#
# time, phase, adjusted_time, RV1 [km/s], error1 [km/s], RV2 [km/s], error2 [km/s]
#
2456368.998760000 0.384014387 1535.998760000 62.54382 0.04820 125.60411 0.09071 92.70662 0.12112
2456411.919610000 0.832740171 1578.919610000 125.98898 0.04502 41.38220 0.07049 90.92556 0.09485
2456557.732790000 0.151692232 1724.732790000 55.73886 0.04176 134.87940 0.06906 92.31547 0.08764
2456559.722710000 0.265221400 1726.722710000 49.07611 0.04113 145.01218 0.07572 93.01821 0.09641
2456560.720450000 0.322144590 1727.720450000 52.98764 0.04258 140.19075 0.07530 92.61663 0.08323
2456584.631600000 0.686326556 1751.631600000 128.19892 0.04463 39.53054 0.06429 91.10774 0.08598
2456585.630100000 0.743293105 1752.630100000 131.45613 0.04450 35.18289 0.07473 91.69104 0.09262
2456757.892210000 0.571212879 1924.892210000 105.77059 0.04656 67.11551 0.07695 nan nan
2456758.901570000 0.628799013 1925.901570000 120.00476 0.05205 48.76294 0.08413 88.13110 0.11852
2456760.904990000 0.743098386 1927.904990000 131.10459 0.04437 35.40593 0.09210 91.44461 0.11818
2456761.872090000 0.798273498 1928.872090000 129.46439 0.04781 37.47649 0.07990 91.54368 0.11800
2456762.867880000 0.855085435 1929.867880000 122.80493 0.04168 45.00257 0.09319 nan nan
2456763.880400000 0.912851855 1930.880400000 111.49136 0.09892 61.30358 0.10543 89.82591 0.21939
2456783.834900000 0.051298523 1950.834900000 78.02656 0.05137 105.67718 0.08620 nan nan
2456784.821250000 0.107571888 1951.821250000 63.94525 0.05293 124.18565 0.11147 92.43341 0.14819
2456785.824730000 0.164822556 1952.824730000 54.48114 0.04186 137.80864 0.08855 92.36811 0.11470
2456786.797740000 0.220334847 1953.797740000 49.61991 0.04359 144.06802 0.08904 93.56297 0.13015
2456787.808640000 0.278008842 1954.808640000 49.59966 0.03978 144.49268 0.07777 93.28426 0.09552
2456788.842380000 0.336985907 1955.842380000 54.26875 0.04081 137.91744 0.08172 93.79072 0.09182
2456812.751290000 0.701040077 1979.751290000 129.38920 0.04439 36.99315 0.08944 91.09612 0.11506
2456814.754790000 0.815344013 1981.754790000 127.62554 0.04382 38.64598 0.08503 91.53330 0.11263
2456815.784840000 0.874110557 1982.784840000 119.79722 0.04652 50.10141 0.08307 91.80493 0.12825
2456816.765600000 0.930065001 1983.765600000 105.69443 0.04465 68.14282 0.08930 nan nan
2456817.761310000 0.986872374 1984.761310000 91.46677 0.04756 301.31792 0.00000 nan nan
2456818.763900000 0.044072266 1985.763900000 79.39156 0.04649 104.16382 0.00000 nan nan
2456819.761540000 0.100989750 1986.761540000 65.33752 0.04693 122.38654 0.08596 93.57100 0.10867
2456820.755330000 0.157687583 1987.755330000 55.05358 0.03996 136.79379 0.08807 94.17809 0.10902
