###
# timestamp: 2455849.5784266
# Gaussian 1 [amp, RV +/- err, wid]: [1.00, 141.66 +/- 0.05, 15.00]
# Gaussian 2 [amp, RV +/- err, wid]: [0.99, 35.00 +/- 0.00, 15.00]
# Uncorrected_RV, BF_amp, Gaussian_fit
###
300.0 0.0 2.31406401867e-18
298.5 0.0 5.663291692e-18
297.0 -0.00418000163684 1.37220673741e-17
295.5 0.00137298637365 3.2917528406e-17
294.0 0.00648192606607 7.81793302995e-17
292.5 0.0145182297366 1.83828874357e-16
291.0 0.0185509006954 4.2794954118e-16
289.5 0.0174252880264 9.8634411447e-16
288.0 0.0138662888389 2.2507196628e-15
286.5 0.00853738447625 5.08477110749e-15
285.0 0.000378297449557 1.13730897334e-14
283.5 -0.0116804602264 2.5185036166e-14
282.0 -0.0180593713102 5.5215848093e-14
280.5 -0.0155791775025 1.19851085166e-13
279.0 -0.00943275656918 2.57559307819e-13
277.5 -0.00495304224734 5.47986151263e-13
276.0 0.00344421219514 1.15430073482e-12
274.5 0.011382696665 2.40727339639e-12
273.0 0.0183283947062 4.97037224766e-12
271.5 0.015907114123 1.01603687545e-11
270.0 0.00768350235971 2.05630286214e-11
268.5 0.00740973829771 4.12023270365e-11
267.0 0.013868674258 8.17360159336e-11
265.5 0.0221431480951 1.60532230618e-10
264.0 0.0273403771929 3.12153400806e-10
262.5 0.0273956323566 6.00939783834e-10
261.0 0.0258359564791 1.14538343336e-09
259.5 0.0155088418433 2.16136389921e-09
258.0 0.00213129401307 4.03795936725e-09
256.5 -0.011770429688 7.46883819238e-09
255.0 -0.013173372096 1.36773264376e-08
253.5 -0.00855998827639 2.47974160757e-08
252.0 0.00814882959697 4.4511138323e-08
250.5 0.0286159372327 7.91021027015e-08
249.0 0.0533089920219 1.39176019207e-07
247.5 0.0615986969026 2.42436411954e-07
246.0 0.061634893738 4.18107868249e-07
244.5 0.0458883526591 7.13897544715e-07
243.0 0.0175130561851 1.2068144213e-06
241.5 -0.00529271655534 2.01977108001e-06
240.0 -0.0233581960639 3.34673143422e-06
238.5 -0.0302048055254 5.49030702444e-06
237.0 -0.023948513516 8.91721945998e-06
235.5 -0.0186305205807 1.43390154937e-05
234.0 -0.0235163949442 2.28279161207e-05
232.5 -0.0242101198046 3.59807537796e-05
231.0 -0.0303032130612 5.61476135117e-05
229.5 -0.0283680719136 8.67459887239e-05
228.0 -0.0198287163494 0.000132685833296
226.5 -0.0129200095319 0.000200935543648
225.0 0.00111429008192 0.000301263162942
223.5 0.012099406197 0.000447190276378
222.0 0.015099488529 0.000657197234575
220.5 0.0239783449801 0.000956216334017
219.0 0.0317701372032 0.00137744302397
217.5 0.0355057742626 0.00196448259316
216.0 0.0339126235272 0.00277382961891
214.5 0.0269404629779 0.003877648446
213.0 0.0130449706455 0.00536678428361
211.5 0.00913258623293 0.00735388613451
210.0 0.000982283204466 0.00997646579933
208.5 -0.00322560799523 0.0133996541816
207.0 -0.00497633319657 0.0178183513207
205.5 0.00335598728386 0.0234584060892
204.0 0.00617514537613 0.0305764131391
202.5 0.0113701949565 0.03945768766
201.0 0.00978763782359 0.0504119827241
199.5 0.0147879939364 0.063766558997
198.0 0.0174371933286 0.0798563103653
196.5 0.013174365021 0.0990107964542
195.0 0.00018569864539 0.12153823435
193.5 -0.0195032779363 0.147706751484
192.0 -0.0327810170618 0.177723487116
190.5 -0.0443390284232 0.211712431631
189.0 -0.0639662939849 0.249692185011
187.5 -0.0849440994821 0.291555067654
186.0 -0.092925142101 0.33704919512
184.5 -0.0873299939317 0.38576520195
183.0 -0.0652872081493 0.437129241837
181.5 -0.0597943623013 0.490403685203
180.0 -0.0617710320719 0.544696576513
178.5 -0.0659558180091 0.598980413719
177.0 -0.0458544237639 0.652120199034
175.5 -0.0267780860004 0.70291002701
174.0 -0.0123002998231 0.750116778654
172.5 -0.00541216468468 0.792528842398
171.0 0.00724408110864 0.829007248929
169.5 0.020727076407 0.858536245729
168.0 0.0345827782937 0.880270194265
166.5 0.023332151392 0.89357377459
165.0 0.0222161498553 0.898052831776
163.5 0.0263559872184 0.893573774594
162.0 0.0283488368443 0.880270194273
160.5 0.0343942756208 0.858536245746
159.0 0.0317321336062 0.829007248964
157.5 0.0301799306627 0.792528842468
156.0 0.0330639151108 0.750116778792
154.5 0.019833082875 0.702910027279
153.0 0.00695660052608 0.652120199554
151.5 0.000135521511994 0.598980414713
150.0 -0.00975054063074 0.544696578395
148.5 -0.0030224154343 0.490403688731
147.0 0.00703169016619 0.437129248384
145.5 0.0163535104083 0.38576521398
144.0 0.0378822167602 0.337049217002
142.5 0.0487992358832 0.291555107062
141.0 0.0569359536115 0.249692255279
139.5 0.0606799209701 0.211712555677
138.0 0.0562794771632 0.17772370392
136.5 0.0430381255226 0.147707126633
135.0 0.0369962853543 0.121538877037
133.5 0.034282675231 0.0990118865188
132.0 0.0354815469344 0.0798581408308
130.5 0.0305064461029 0.0637696021788
129.0 0.032983463239 0.0504169917274
127.5 0.0189885237303 0.0394658503215
126.0 0.00489802264476 0.03058958264
124.5 -0.00569266676202 0.0234794421249
123.0 -0.0150796671684 0.017851618466
121.5 -0.0243193009954 0.0134517405679
120.0 -0.0197412180338 0.0100572060281
118.5 -0.0165928707554 0.00747779796671
117.0 -0.00743293950574 0.00555505927522
115.5 0.0114778155167 0.00416087211881
114.0 0.0209988132216 0.00319564607536
112.5 0.0270765765177 0.00258645990469
111.0 0.0253620152814 0.0022854362777
109.5 0.0180770010797 0.00226856053328
108.0 0.00574531979125 0.00253508635258
106.5 0.00120001877449 0.00310760406354
105.0 0.00591178615152 0.00403278072164
103.5 0.0180439103745 0.0053827140402
102.0 0.0334443375617 0.00725677349004
100.5 0.0400705961501 0.00978373089817
99.0 0.0452936582359 0.0131239103362
97.5 0.0457683060339 0.0174710154434
96.0 0.0288442521227 0.0230532260917
94.5 0.0125915278697 0.0301331021183
93.0 0.00618423634481 0.0390057982665
91.5 0.0188124606858 0.0499950912728
90.0 0.0394981040532 0.0634467573016
88.5 0.0461625503253 0.0797189246571
87.0 0.0176566327503 0.09916916928
85.5 -0.0304016992941 0.122138321034
84.0 -0.0818553606423 0.1489312034
82.5 -0.126716294544 0.179794827135
81.0 -0.153445371158 0.214894881238
79.5 -0.15125754835 0.254291686667
78.0 -0.115797360189 0.297917068014
76.5 -0.0521293946776 0.345553820999
75.0 0.0209246260037 0.396819574165
73.5 0.0720287512412 0.451156831016
72.0 0.0911434934884 0.507830811764
70.5 0.0763441056044 0.565936382569
69.0 0.0461203085714 0.624414871078
67.5 0.0180437697665 0.682080944211
66.0 0.00785665586457 0.737659008855
64.5 0.00307838502912 0.789827844466
63.0 -0.000524854215104 0.837271454697
61.5 -0.016828020077 0.878733503118
60.0 -0.0325178783618 0.913072241737
58.5 -0.0407866983797 0.93931260498
57.0 -0.0387294456752 0.956692161885
55.5 -0.0227768182058 0.964697907509
54.0 -0.00391469756043 0.963091416776
52.5 0.0282187530985 0.951920639817
51.0 0.052735674816 0.931517524541
49.5 0.0688653199542 0.902481630918
48.0 0.0629862953978 0.865650865611
46.5 0.0461164052945 0.82206133011
45.0 0.0236448278155 0.772898966118
43.5 0.014125041444 0.719446142729
42.0 0.016496271476 0.663026529101
40.5 0.0308995070836 0.604951528383
39.0 0.0499827687959 0.546471234179
37.5 0.0606835055817 0.488732352442
36.0 0.066739938608 0.432744868649
34.5 0.0714996919806 0.379358500568
33.0 0.0690029871456 0.329249230375
31.5 0.0577569991964 0.282915519793
30.0 0.0335442640205 0.240683229809
28.5 0.012674131821 0.202717828179
27.0 -0.00662672924771 0.169042191303
25.5 -0.0101749533066 0.139558193193
24.0 -0.0175696531769 0.11407030891
22.5 -0.0167193861773 0.0923096176937
21.0 -0.0197074937638 0.0739568392583
19.5 -0.0148561879548 0.0586633401699
18.0 -0.0104592116341 0.0460693714942
16.5 0.00122857588044 0.0358191142951
15.0 0.00193052649835 0.0275723925754
13.5 0.00765663363914 0.0210131479874
12.0 9.06652159996e-05 0.0158549486582
10.5 0.00499262594397 0.0118439241142
9.0 0.000805948970405 0.00875958330983
7.5 0.0107060151147 0.00641399081842
6.0 0.0111920626611 0.00464975719968
4.5 0.0400149387556 0.00333725407776
3.0 0.0459676966802 0.00237140277866
1.5 0.046075573373 0.00166831644824
0.0 -0.00364505459923 0.00116200659787
-1.5 -0.0208834362254 0.000801301233985
-3.0 -0.0396304439614 0.000547066453417
-4.5 -0.0230488369628 0.000369778292074
-6.0 -0.0457843183201 0.000247457029502
-7.5 -0.0514146813665 0.000163951439291
-9.0 -0.0628070056726 0.000107544381704
-10.5 -0.0222434224615 6.98420978316e-05
-12.0 0.0121393211694 4.49059490759e-05
-13.5 0.041134666901 2.85856148903e-05
-15.0 0.0369239018928 1.80155801745e-05
-16.5 0.0325550132334 1.12410278059e-05
-18.0 0.0148899417096 6.94417803304e-06
-19.5 0.0120371623322 4.24710234302e-06
-21.0 0.00631938964693 2.57170803212e-06
-22.5 0.00915051480458 1.54172761478e-06
-24.0 0.017127848994 9.15062370784e-07
-25.5 0.0382463446147 5.37713322898e-07
-27.0 0.0574304257522 3.12829681667e-07
-28.5 0.0746059257393 1.80186464347e-07
-30.0 0.062357438717 1.02752744253e-07
-31.5 0.0471813917461 5.80125226158e-08
-33.0 0.034681615698 3.24270265461e-08
-34.5 0.0290219010724 1.79452518863e-08
-36.0 0.022651235271 9.83216244708e-09
-37.5 0.00650020073733 5.33341756958e-09
-39.0 -0.0135338615058 2.86430449369e-09
-40.5 -0.0302348841605 1.52296469803e-09
-42.0 -0.032697702475 8.01710449167e-10
-43.5 -0.0288155059605 4.17832585884e-10
-45.0 -0.0207281256952 2.155977005e-10
-46.5 -0.0195846867007 1.1013947385e-10
-48.0 -0.0305125070332 5.57056088895e-11
-49.5 -0.0506232277566 2.78940714493e-11
-51.0 -0.0738109027306 1.38287188626e-11
-52.5 -0.0985675952677 6.78748747571e-12
-54.0 -0.116642781413 3.29832305246e-12
-55.5 -0.11981726297 1.58684458505e-12
-57.0 -0.107018458856 7.55844841527e-13
-58.5 -0.0782908103419 3.56441258103e-13
-60.0 -0.0442140719451 1.66418014993e-13
-61.5 -0.0114984800412 7.69253998443e-14
-63.0 0.00892729061682 3.52043428838e-14
-64.5 0.0212134022541 1.59507011212e-14
-66.0 0.0179131497542 7.15517677385e-15
-67.5 0.0125992646248 3.17773745802e-15
-69.0 0.00867662469771 1.39724548206e-15
-70.5 0.00843009626996 6.0825329451e-16
-72.0 -0.00560191707923 2.62152063742e-16
-73.5 -0.0244077518115 1.11861115842e-16
-75.0 -0.0490477306027 4.72565561127e-17
-76.5 -0.0655809170153 1.97652378655e-17
-78.0 -0.0776251922281 8.18463048724e-18
-79.5 -0.0792140631329 3.3554684833e-18
-81.0 -0.0726678007499 1.36195985377e-18
-82.5 -0.0507462777983 5.47308891246e-19
-84.0 -0.0199718134962 2.17749795592e-19
-85.5 0.0154839270252 8.57709190593e-20
-87.0 0.0343434362364 3.34487141096e-20
-88.5 0.046111609267 1.29144479015e-20
-90.0 0.054801411478 4.93661567475e-21
-91.5 0.0656914595917 1.86827088686e-21
-93.0 0.068048652824 7.00015134824e-22
-94.5 0.0573622818282 2.59676153013e-22
-96.0 0.0290527804783 9.53704347989e-23
-97.5 0.00434335001935 3.46778777903e-23
-99.0 -0.00730142839984 1.24838435129e-23
-100.5 -0.00939002088729 4.44939718365e-24
-102.0 -0.00940426625657 1.57004134905e-24
-103.5 -0.0149738286037 5.48501803793e-25
-105.0 -0.0164220413859 1.89715181292e-25
-106.5 -0.0224945157756 6.49655568586e-26
-108.0 -0.0164463864077 2.20252730342e-26
-109.5 -0.00472907178684 7.39292825174e-27
-111.0 0.0154224732901 2.45679396813e-27
-112.5 0.0249828311439 8.08310160836e-28
-114.0 0.038863609882 2.63296080576e-28
-115.5 0.040108298629 8.49117527252e-29
-117.0 0.050696023727 2.71111707374e-29
-118.5 0.056041818105 8.57009811e-30
-120.0 0.0526875367811 2.68213337674e-30
-121.5 0.0373536234428 8.31059278517e-31
-123.0 0.0300915673453 2.54941589873e-31
-124.5 0.0277940349012 7.74294959738e-32
-126.0 0.0182426405359 2.32824795313e-32
-127.5 -0.00672858620233 6.93121040524e-33
-129.0 -0.0435408256438 2.04289474142e-33
-130.5 -0.073375809852 5.96128593828e-34
-132.0 -0.0877858952466 1.72222929369e-34
-133.5 -0.0907777434726 4.92605260614e-35
-135.0 -0.0937607937443 1.39496777166e-35
-136.5 -0.086091879043 3.91098687005e-36
-138.0 -0.0632667840975 1.08558940718e-36
-139.5 -0.0335550156043 2.98333409296e-37
-141.0 -0.0149251953031 8.11699429206e-38
-142.5 -0.0171526002184 2.18648068462e-38
-144.0 -0.0246516232753 5.83113511745e-39
-145.5 -0.0289622299383 1.53963444915e-39
-147.0 -0.0230129827882 4.02475260302e-40
-148.5 -0.00960512356739 1.04164039898e-40
-150.0 0.0121162943225 2.6690302483e-41
-151.5 0.0352168610138 6.77089737528e-42
-153.0 0.0513060710529 1.70057590819e-42
-154.5 0.0527620141469 4.2286609791e-43
-156.0 0.0488429149285 1.04103844821e-43
-157.5 0.0339917834667 2.53739293202e-44
-159.0 0.0137003025367 6.12302083681e-45
-160.5 -0.00510177567202 1.46285339547e-45
-162.0 -0.0162703636291 3.46013406417e-46
-163.5 -0.0119615127761 8.10293029861e-47
-165.0 0.00839562043959 1.87866063518e-47
-166.5 0.0201148635367 4.31232637716e-48
-168.0 0.0189995687681 9.80013290682e-49
-169.5 0.0150225930059 2.20500390713e-49
-171.0 0.00681897705189 4.91183553092e-50
-172.5 0.00503704067753 1.08326652929e-50
-174.0 0.00565666616617 2.36528723459e-51
-175.5 0.00684099086759 5.11316145604e-52
-177.0 0.00908694944878 1.09433976435e-52
-178.5 0.0132334388791 2.31884601085e-53
-180.0 0.0179336844843 4.86461744849e-54
-181.5 0.0199717155581 1.01037486199e-54
-183.0 0.0193483019867 2.0776549687e-55
-184.5 0.0183429887212 4.22981503491e-56
-186.0 0.00966838154934 8.52562804529e-57
-187.5 0.00067054674621 1.70132953497e-57
-189.0 -0.00406287834416 3.36130217547e-58
-190.5 -0.003887436501 6.57481787096e-59
-192.0 -0.0040531159271 1.27325957996e-59
-193.5 -0.00608342863443 2.44122176442e-60
-195.0 -0.01335831515 4.63398441785e-61
-196.5 -0.00938399954151 8.70881289829e-62
-198.0 -0.00373612883021 1.62039317934e-62
-199.5 -0.00181485488504 2.98496269543e-63
-201.0 -0.00347474063432 5.44395422138e-64
-202.5 0.00101852042452 9.82985420171e-65
-204.0 0.0107384975828 1.75726291291e-65
-205.5 0.0334208290998 3.11016525594e-66
-207.0 0.047585797632 5.44988380391e-67
-208.5 0.0419057773209 9.45470701566e-68
-210.0 0.0315522960616 1.62392498265e-68
-211.5 0.018570503536 2.76147366562e-69
-213.0 0.00327818660366 4.64914299461e-70
-214.5 -0.00880344581697 7.74929077836e-71
-216.0 -0.0267085115032 1.27881601303e-71
-217.5 -0.0374195278889 2.08935015367e-72
-219.0 -0.0330121673518 3.37964783317e-73
-220.5 -0.0347563148742 5.41238550353e-74
-222.0 -0.0332418594823 8.58149692744e-75
-223.5 -0.0381611055131 1.34708324886e-75
-225.0 -0.0357566215359 2.09354777115e-76
-226.5 -0.0344033610506 3.22127921157e-77
-228.0 -0.0391482935574 4.90716792315e-78
-229.5 -0.0413015577267 7.40100205583e-79
-231.0 -0.0288255298586 1.10511426551e-79
-232.5 -0.0180923405188 1.63373231916e-80
-234.0 0.0006100133978 2.39117670503e-81
-235.5 0.00986523120127 3.46497014453e-82
-237.0 0.0243120153745 4.97100703657e-83
-238.5 0.0455088890112 7.06067650367e-84
-240.0 0.0575096769597 9.92899530596e-85
-241.5 0.053322737149 1.38236061537e-85
-243.0 0.0373873536863 1.90543638331e-86
-244.5 0.0181406060441 2.60030691237e-87
-246.0 0.00709133925145 3.51327238863e-88
-247.5 0.00163367666991 4.69954800026e-89
-249.0 -0.00024950393489 6.22382556479e-90
-250.5 -0.00213181832125 8.16048159793e-91
-252.0 -0.00174756812905 1.05932988042e-91
-253.5 0.00581983158916 1.36145631441e-92
-255.0 0.0220185685574 1.7323404796e-93
-256.5 0.0303270474599 2.1823271314e-94
-258.0 0.0341537518386 2.72184572414e-95
-259.5 0.0373753694956 3.36096673573e-96
-261.0 0.0405105929503 4.10886599941e-97
-262.5 0.0371123191169 4.97320998678e-98
-264.0 0.0250795922448 5.95948418113e-99
-265.5 0.00690701680002 7.0702960763e-100
-267.0 -0.00615963457131 8.30469305395e-101
-268.5 -0.00503398666796 9.65754243481e-102
-270.0 -0.0123822482549 1.11190253417e-102
-271.5 -0.0117201167165 1.2674296718e-103
-273.0 -0.0168835312531 1.43033601974e-104
-274.5 -0.0154107361389 1.59811981373e-105
-276.0 -0.0180033262963 1.76781840735e-106
-277.5 -0.0199901031541 1.936078769e-107
-279.0 -0.0289945275698 2.09925621954e-108
-280.5 -0.0140504121367 2.2535382287e-109
-282.0 0.0030035190616 2.39508795227e-110
-283.5 0.0235682927394 2.52020029322e-111
-285.0 0.0352473767354 2.62546180459e-112
-286.5 0.0420456814126 2.70790488969e-113
-288.0 0.0412301786412 2.76514661472e-114
-289.5 0.0440280989008 2.79550308519e-115
-291.0 0.0345734411708 2.7980717282e-116
-292.5 0.0270200054096 2.77277587061e-117
-294.0 0.0209229784119 2.72036854086e-118
-295.5 0.0271338284217 2.64239523134e-119
-297.0 0.0274748062039 2.54111819079e-120
-298.5 0.0 2.4194074216e-121
-300.0 0.0 2.28060570872e-122
###
# timestamp: 2455813.6997974
# Gaussian 1 [amp, RV +/- err, wid]: [1.00, 141.66 +/- 0.05, 15.00]
# Gaussian 2 [amp, RV +/- err, wid]: [0.99, 35.00 +/- 0.00, 15.00]
# Uncorrected_RV, BF_amp, Gaussian_fit
###
300.0 0.0 1.27696236921e-35
298.5 0.0 4.50933988196e-35
297.0 -0.0185852269325 1.57653964764e-34
295.5 -0.0157737558791 5.45699905758e-34
294.0 -0.00451296970894 1.8700788377e-33
292.5 0.00284883293988 6.34487408268e-33
291.0 0.00716638851164 2.13129298235e-32
289.5 0.00134355600655 7.08794530126e-32
288.0 0.00275834606411 2.33375152623e-31
286.5 0.00162244825002 7.60756948519e-31
285.0 -0.00288205030928 2.45524194959e-30
283.5 -0.00893584489825 7.84512230981e-30
282.0 -0.0105610171599 2.48177381014e-29
280.5 -0.0103996900036 7.77287584249e-29
279.0 -0.0060762204034 2.41022906541e-28
277.5 -0.00467107609071 7.39932261525e-28
276.0 -0.0016612665017 2.24896482195e-27
274.5 0.0107930174476 6.76753353557e-27
273.0 0.0204365933739 2.0162075001e-26
271.5 0.0187121940465 5.94698838846e-26
270.0 0.0192924879683 1.73666483413e-25
268.5 0.0203697929879 5.02102039286e-25
267.0 0.0298027661911 1.4372258353e-24
265.5 0.0349160538714 4.07300647701e-24
264.0 0.0312981430686 1.14277897404e-23
262.5 0.0208348593764 3.17443498566e-23
261.0 0.020014928876 8.73027025051e-23
259.5 0.00897517721221 2.3770920183e-22
258.0 0.00923923557249 6.40798306032e-22
256.5 -0.00353087038677 1.71022705075e-21
255.0 -0.00367033202292 4.51900938214e-21
253.5 0.00144603446047 1.1821967736e-20
252.0 0.0210603886035 3.06191656067e-20
250.5 0.0361682695599 7.85152447508e-20
249.0 0.0505101755352 1.99329547624e-19
247.5 0.0512232485453 5.01010039554e-19
246.0 0.0448525337399 1.24674671127e-18
244.5 0.0301936547648 3.07161718808e-18
243.0 0.0104340303768 7.49226279663e-18
241.5 -0.0087800157657 1.80932244353e-17
240.0 -0.0198560498029 4.32589519847e-17
238.5 -0.0247048473487 1.02398376802e-16
237.0 -0.0247497697689 2.39975666255e-16
235.5 -0.0208990193944 5.56798933866e-16
234.0 -0.0203521946274 1.27904739979e-15
232.5 -0.0210984432796 2.90892107729e-15
231.0 -0.0260440919534 6.54989432077e-15
229.5 -0.0309572787153 1.46013732418e-14
228.0 -0.0303103332963 3.22262793512e-14
226.5 -0.0222975778017 7.041800021e-14
225.0 -0.00612676545145 1.52340109229e-13
223.5 0.0137829909467 3.26288594389e-13
222.0 0.0230353015279 6.91905174587e-13
220.5 0.0312714824639 1.4526076244e-12
219.0 0.0326024892965 3.01930589729e-12
217.5 0.0293815914372 6.21330919901e-12
216.0 0.0256615719554 1.2658897188e-11
214.5 0.0197335789822 2.55344103918e-11
213.0 0.00588024001593 5.09932686267e-11
211.5 0.00259350440285 1.00822374774e-10
210.0 -0.00403850935757 1.9735950609e-10
208.5 -0.00637504988 3.82486606245e-10
207.0 -0.00359103167901 7.33890843493e-10
205.5 0.00401592332942 1.39413156958e-09
204.0 0.00851294680359 2.62200254853e-09
202.5 0.0137980745449 4.88224436006e-09
201.0 0.0135395070409 9.00042402984e-09
199.5 0.0155706067899 1.64271976962e-08
198.0 0.0200563034989 2.96839063138e-08
196.5 0.0126905108148 5.31050321221e-08
195.0 0.00270609626219 9.40605155257e-08
193.5 -0.0109772853548 1.64943835325e-07
192.0 -0.0208043352409 2.86366279979e-07
190.5 -0.0316376240059 4.92226195267e-07
189.0 -0.0508582020427 8.37653913382e-07
187.5 -0.0738314750845 1.4113072629e-06
186.0 -0.0790782315496 2.3541578869e-06
184.5 -0.0759608758406 3.88782449344e-06
183.0 -0.0646300184291 6.35674473163e-06
181.5 -0.0612431838533 1.02901083387e-05
180.0 -0.0583345031194 1.64915766584e-05
178.5 -0.0493541157621 2.61674536554e-05
177.0 -0.0307249071556 4.1107191355e-05
175.5 -0.0161838136185 6.39339005027e-05
174.0 -0.00710911965432 9.844681092e-05
172.5 -0.00771838049692 0.000150082190145
171.0 0.0128767181575 0.000226523738462
169.5 0.0200629777695 0.000338497400099
168.0 0.0201985395181 0.000500788110424
166.5 0.020795743601 0.000733516245313
165.0 0.0165611607646 0.00106370822925
163.5 0.0199425848289 0.00152718748606
162.0 0.0407479379706 0.00217079718407
160.5 0.0390484511195 0.00305494360542
159.0 0.0371712049095 0.00425641730983
157.5 0.0333314653764 0.00587140798374
156.0 0.0165488741075 0.00801857826673
154.5 -0.00102287956847 0.0108420034534
153.0 -0.00759956459285 0.0145137208283
151.5 -0.012250744252 0.0192355692968
150.0 -0.00309585489384 0.0252399435049
148.5 0.00223113382996 0.0327890450106
147.0 0.0143175039806 0.0421721956353
145.5 0.0188868208287 0.0537007946499
144.0 0.0316236697018 0.0677005609716
142.5 0.037941354649 0.0845008110624
141.0 0.0435338270021 0.104420686185
139.5 0.0433675192658 0.127752457542
138.0 0.0461887001891 0.154742296911
136.5 0.0397792025039 0.185569189061
135.0 0.0366824539708 0.220322959147
133.5 0.0231074235745 0.258982665966
132.0 0.0137568753101 0.301396839284
130.5 0.00194013278309 0.347267183879
129.0 -0.0128905354464 0.396137404721
127.5 -0.0271221060136 0.447388703427
126.0 -0.0370579955168 0.500243242948
124.5 -0.052104993411 0.553776476157
123.0 -0.0501934097832 0.606938701131
121.5 -0.0460537374799 0.658585574236
120.0 -0.0412772082748 0.707516628689
118.5 -0.0218256495953 0.752520169326
117.0 -0.0114489621396 0.792422307323
115.5 -0.00764796152886 0.826137424103
114.0 -0.00328773905148 0.852717065774
112.5 0.00156295773989 0.871394207247
111.0 0.00357366108983 0.881620007513
109.5 0.0118070994222 0.883090599345
108.0 0.0101081734045 0.875762088888
106.5 0.0148634204007 0.85985273197
105.0 0.0253053282059 0.835832136578
103.5 0.0422585572997 0.804398236857
102.0 0.0490571488648 0.766443614025
100.5 0.0385721705673 0.723013431439
99.0 0.0294080672598 0.675257747427
97.5 0.0255110825414 0.624381233351
96.0 0.0251192470524 0.571593342797
94.5 0.0347712932972 0.518061761616
93.0 0.0446559287745 0.464871550897
91.5 0.0635144423998 0.412991825422
90.0 0.0805517133335 0.363251149365
88.5 0.0772216994346 0.316322142907
87.0 0.0490785006653 0.272715138592
85.5 0.0037234511124 0.23278015607
84.0 -0.0519341820372 0.196716016073
82.5 -0.0942737822541 0.164585111057
81.0 -0.122392658384 0.136332196902
79.5 -0.117465037917 0.111805558616
78.0 -0.0682312931189 0.090779012994
76.5 -0.00139374757665 0.0729734144766
75.0 0.057653472817 0.0580765950115
73.5 0.0846029104371 0.0457609626179
72.0 0.076987656661 0.0356982776218
70.5 0.0545933740126 0.0275713966719
69.0 0.0382676295603 0.0210830057799
67.5 0.0266103622291 0.0159615448137
66.0 0.0263999151416 0.011964653706
64.5 0.0240137777353 0.008880547099
63.0 0.0249526578805 0.00652775530153
61.5 0.0125027704781 0.00475366386829
60.0 -0.000576082966436 0.00343225155671
58.5 -0.0132434108636 0.00246137653686
57.0 -0.0101189484028 0.00175990222518
55.5 0.00594801633541 0.0012648941321
54.0 0.0312823079812 0.000929062964416
52.5 0.0555825198948 0.000718580325731
51.0 0.0744787523163 0.000611353368257
49.5 0.0802035556173 0.00059581381068
48.0 0.0691823686225 0.000670253773269
46.5 0.0435392731316 0.000842723914252
45.0 0.0215035230455 0.00113149580198
43.5 0.00763371819298 0.00156607743162
42.0 0.00401878267765 0.00218875535517
40.5 0.00793595754366 0.00305661632582
39.0 0.0149202575287 0.00424397345061
37.5 0.0162861710451 0.00584508518616
36.0 0.0245546941959 0.007977009798
34.5 0.0292129110609 0.0107823842443
33.0 0.0264780211061 0.0144318576327
31.5 0.0171988690097 0.019125850077
30.0 -0.0103814196375 0.0250952544698
28.5 -0.0266732858265 0.0326006595658
27.0 -0.0379500501896 0.041929657222
25.5 -0.0316430574814 0.0533918144276
24.0 -0.027542008029 0.0673109509506
22.5 -0.0206401949257 0.084014473055
21.0 -0.019164702997 0.103819676299
19.5 -0.0106182426208 0.127017144436
18.0 -0.00443254591823 0.153851629291
16.5 -0.0015122074245 0.184501083677
15.0 0.00299740171582 0.219054814733
13.5 0.00744240209535 0.257492001225
12.0 0.0253635658588 0.299662044444
10.5 0.0237975122797 0.345268365938
9.0 0.0201784788049 0.393857296948
7.5 0.00795707042298 0.44481360075
6.0 0.00950239601612 0.497363917382
4.5 0.0322188275605 0.550589021258
3.0 0.0394712895058 0.603445252375
1.5 0.0295636391654 0.654794853767
0.0 -0.00908706167536 0.703444268357
-1.5 -0.0211597785923 0.748188775316
-3.0 -0.0269580876582 0.787861242549
-4.5 -0.0173930488575 0.821382300138
-6.0 -0.0345405979118 0.84780895335
-7.5 -0.0362300644865 0.866378591979
-9.0 -0.0299259238381 0.876545534062
-10.5 -4.53056513748e-06 0.878007661386
-12.0 0.0167002823795 0.870721332744
-13.5 0.0183525970327 0.854903547715
-15.0 0.0121775543052 0.831021211292
-16.5 0.00996794032534 0.799768240416
-18.0 0.0111395464466 0.762032078739
-19.5 0.0144492663717 0.718851873815
-21.0 0.00854538881539 0.671371064405
-22.5 0.016548848846 0.620787387964
-24.0 0.0224748497594 0.568303336639
-25.5 0.0421831545252 0.515079875253
-27.0 0.0554302466486 0.46219581944
-28.5 0.0631416047741 0.410614705888
-30.0 0.0512477493315 0.361160329659
-31.5 0.041146527842 0.314501439389
-33.0 0.0244772181765 0.271145430148
-34.5 0.0154023387811 0.231440306785
-36.0 0.00788120826266 0.195583745393
-37.5 -3.80266286923e-05 0.163637778846
-39.0 -0.0111765996875 0.135547480186
-40.5 -0.019249772231 0.111162006235
-42.0 -0.0242289003317 0.090256473173
-43.5 -0.015243562906 0.0725533378764
-45.0 -0.00472664130364 0.0577422217999
-46.5 -0.00627014457556 0.0454974062824
-48.0 -0.0300130731149 0.0354925205736
-49.5 -0.0584202082235 0.0274122132431
-51.0 -0.0838997176116 0.0209608270999
-52.5 -0.0935829158021 0.0158682774316
-54.0 -0.100216869028 0.0118934598058
-55.5 -0.0916489495652 0.00882558879479
-57.0 -0.0792594147455 0.0064838987359
-58.5 -0.0526561345921 0.00471613049451
-60.0 -0.0309801205253 0.00339619375106
-61.5 -0.00269788317808 0.00242134213147
-63.0 0.00603413484395 0.00170913715062
-64.5 0.0160007123166 0.00119441355927
-66.0 0.0136836101001 0.000826398634287
-67.5 0.0165238393281 0.000566084823528
-69.0 0.0146535075506 0.000383910939972
-70.5 0.0140252256683 0.000257772461907
-72.0 -0.00216888317356 0.000171356114484
-73.5 -0.0222352870717 0.000112776794855
-75.0 -0.045365833037 7.3484703227e-05
-76.5 -0.0606336926007 4.7405769081e-05
-78.0 -0.0662664045482 3.02776736758e-05
-79.5 -0.0713852025218 1.91456831109e-05
-81.0 -0.0645355449491 1.19860554933e-05
-82.5 -0.0400759473294 7.42914366608e-06
-84.0 -0.00859533382061 4.55888130327e-06
-85.5 0.0283501891111 2.76971362912e-06
-87.0 0.0472012634657 1.66597510146e-06
-88.5 0.0499400377489 9.92108567341e-07
-90.0 0.0503494669442 5.84934111426e-07
-91.5 0.0579601763725 3.41437920432e-07
-93.0 0.0539477977476 1.97321138109e-07
-94.5 0.0426645568406 1.12899631912e-07
-96.0 0.0214650852688 6.39541152822e-08
-97.5 0.00777108056493 3.58675341168e-08
-99.0 0.00319086260243 1.99155176815e-08
-100.5 0.000366720937158 1.09480994777e-08
-102.0 -0.00414390408456 5.95858206479e-09
-103.5 -0.00942645785321 3.21073284224e-09
-105.0 -0.0156693508199 1.71286237998e-09
-106.5 -0.017930332598 9.0468591043e-10
-108.0 -0.0202258467414 4.7307526092e-10
-109.5 -0.0122827894968 2.44917435673e-10
-111.0 0.00479176261044 1.25535404099e-10
-112.5 0.0222143654011 6.37044545217e-11
-114.0 0.031199807558 3.20059286674e-11
-115.5 0.0361220446639 1.59201853536e-11
-117.0 0.0410579641055 7.84012273982e-12
-118.5 0.047337743573 3.82256306288e-12
-120.0 0.0497767457171 1.84520027763e-12
-121.5 0.0496991549256 8.81839237347e-13
-123.0 0.0461514100693 4.1724619175e-13
-124.5 0.0366738278947 1.95457526906e-13
-126.0 0.0183220812171 9.06503473362e-14
-127.5 -0.0134150243065 4.16239796663e-14
-129.0 -0.0468099373852 1.89223374932e-14
-130.5 -0.0687419964622 8.51653671039e-15
-132.0 -0.0819202977153 3.79496973359e-15
-133.5 -0.0919614065343 1.67421282928e-15
-135.0 -0.0943688506628 7.31257056046e-16
-136.5 -0.0807990724284 3.16217957408e-16
-138.0 -0.0515570897939 1.35381725029e-16
-139.5 -0.0215606342423 5.73839729704e-17
-141.0 -0.00861147013599 2.40812062942e-17
-142.5 -0.0166774856049 1.00051341989e-17
-144.0 -0.0306555894102 4.11551940201e-18
-145.5 -0.0350014620899 1.67603639038e-18
-147.0 -0.0323450444982 6.75770593763e-19
-148.5 -0.0155450666607 2.69756669014e-19
-150.0 0.00711098690412 1.06611031721e-19
-151.5 0.0308907244539 4.17147031469e-20
-153.0 0.046585931036 1.61596973855e-20
-154.5 0.0480262892656 6.19775415548e-21
-156.0 0.0429499807144 2.35338251209e-21
-157.5 0.0308829702259 8.84723888345e-22
-159.0 0.0165229655137 3.29291136365e-22
-160.5 -0.000441186798646 1.21341506637e-22
-162.0 -0.00530377702508 4.42685992757e-23
-163.5 -0.00665577266899 1.59896601454e-23
-165.0 0.0103857287271 5.7179419351e-24
-166.5 0.011388753854 2.02440454559e-24
-168.0 0.0117153115785 7.09597247049e-25
-169.5 0.0012449971529 2.46254171023e-25
-171.0 0.00124158041878 8.46081742885e-26
-172.5 -0.00163137297427 2.87804849456e-26
-174.0 0.00433556048891 9.69261463882e-27
-175.5 0.00490430819835 3.23177294085e-27
-177.0 0.0086350137151 1.06683631244e-27
-178.5 0.00912968960926 3.48667761865e-28
-180.0 0.0127772699886 1.12819157848e-28
-181.5 0.00852046426703 3.61418990343e-29
-183.0 0.00554092767852 1.14629431428e-29
-184.5 0.00475104151432 3.59946838499e-30
-186.0 0.000222665206832 1.11901947195e-30
-187.5 -0.00392015344884 3.44424454468e-31
-189.0 -0.00383368753055 1.04956023929e-31
-190.5 -0.00415285571077 3.16648777544e-32
-192.0 -0.00632523937607 9.45813082222e-33
-193.5 -0.0146758514264 2.79698329772e-33
-195.0 -0.0252716949951 8.18901156351e-34
-196.5 -0.0229145323558 2.37372361802e-34
-198.0 -0.0180678129118 6.81217620074e-35
-199.5 -0.00779507148354 1.93552439582e-35
-201.0 0.000176875993079 5.44463137855e-36
-202.5 0.0103969157941 1.51633573182e-36
-204.0 0.0268987259512 4.18099175914e-37
-205.5 0.0439346285519 1.14135385287e-37
-207.0 0.0386099128104 3.08473855831e-38
-208.5 0.0313552857322 8.25417115676e-39
-210.0 0.015988964305 2.1866820165e-39
-211.5 0.00834507353246 5.73528298955e-40
-213.0 0.00535893310226 1.48929635036e-40
-214.5 -0.0100509042266 3.8288156285e-41
-216.0 -0.0316109870996 9.74551597917e-42
-217.5 -0.0315336248353 2.45585248733e-42
-219.0 -0.0232628221782 6.12712543467e-43
-220.5 -0.0188612083545 1.51345084711e-43
-222.0 -0.0229272142999 3.70115203614e-44
-223.5 -0.0392771221876 8.96112602897e-45
-225.0 -0.0415723928657 2.1480545212e-45
-226.5 -0.0389483851806 5.09782673385e-46
-228.0 -0.0342956820501 1.19779334518e-46
-229.5 -0.0344229901721 2.78635069384e-47
-231.0 -0.027662393993 6.4172168053e-48
-232.5 -0.0143997737564 1.46323709677e-48
-234.0 0.00811242198683 3.30323711172e-49
-235.5 0.0234587650189 7.38281269709e-50
-237.0 0.0437550704833 1.63365748496e-50
-238.5 0.0539110129949 3.57896308214e-51
-240.0 0.0491954435174 7.76265858172e-52
-241.5 0.0438255344304 1.66694322154e-52
-243.0 0.0243320159231 3.54395488461e-53
-244.5 0.0124139984378 7.45954978789e-54
-246.0 0.00598957352043 1.55451209156e-54
-247.5 0.00549572200911 3.20724876978e-55
-249.0 0.00204733748814 6.55131143201e-56
-250.5 0.00813250175478 1.32489328279e-56
-252.0 0.00326067770083 2.65271508152e-57
-253.5 0.013183475617 5.25844541308e-58
-255.0 0.0225835639217 1.03200354372e-58
-256.5 0.0277741868349 2.00522016067e-59
-258.0 0.032520288775 3.8574472103e-60
-259.5 0.0353953444368 7.34674516074e-61
-261.0 0.037629088963 1.38531014577e-61
-262.5 0.0291449714424 2.58616428306e-62
-264.0 0.0161300483199 4.77993795292e-63
-265.5 0.00146116961057 8.74672483317e-64
-267.0 -0.00144579212464 1.58462215704e-64
-268.5 -0.0029208227759 2.84225500185e-65
-270.0 -0.00182709388378 5.04728013722e-66
-271.5 -0.00871707290781 8.87378363865e-67
-273.0 -0.0126153335583 1.54460457308e-67
-274.5 -0.0159715874543 2.66184554865e-68
-276.0 -0.0221290170974 4.54156405012e-69
-277.5 -0.0252383678283 7.67158479674e-70
-279.0 -0.0241428933959 1.28298562772e-70
-280.5 -0.0186414609364 2.12429852744e-71
-282.0 -0.000339289161713 3.48230142005e-72
-283.5 0.0136551272429 5.65163657477e-73
-285.0 0.0224354715963 9.08111445237e-74
-286.5 0.0270862114088 1.44464495977e-74
-288.0 0.0309098993694 2.27530781934e-75
-289.5 0.0298161728458 3.54793983944e-76
-291.0 0.032251525539 5.47733608984e-77
-292.5 0.0244916002463 8.37181433498e-78
-294.0 0.0268864312843 1.26685480095e-78
-295.5 0.0247597810594 1.89797789522e-79
-297.0 0.0242840349734 2.81522113209e-80
-298.5 0.0 4.13419476488e-81
-300.0 0.0 6.01071874401e-82
###
# timestamp: 2455823.7265845
# Gaussian 1 [amp, RV +/- err, wid]: [1.00, 141.66 +/- 0.05, 15.00]
# Gaussian 2 [amp, RV +/- err, wid]: [0.99, 35.00 +/- 0.00, 15.00]
# Uncorrected_RV, BF_amp, Gaussian_fit
###
300.0 0.0 5.08704567797e-38
298.5 0.0 1.87088644724e-37
297.0 -0.0315966889224 6.81218252352e-37
295.5 -0.0210198019796 2.45573883282e-36
294.0 -0.00638184245233 8.76466124084e-36
292.5 0.00956927099257 3.09702811132e-35
291.0 0.0183149933083 1.08345833509e-34
289.5 0.0155176702365 3.75263511147e-34
288.0 0.00703847756451 1.28681915103e-33
286.5 0.0101152383252 4.36873547086e-33
285.0 0.0119219111636 1.4684225225e-32
283.5 0.00892985468258 4.8865616299e-32
282.0 0.00238956468806 1.60995144853e-31
280.5 -0.00130709663634 5.25144997767e-31
279.0 -0.000620802560919 1.69590976956e-30
277.5 0.00134173292952 5.42229705411e-30
276.0 -0.00146790518915 1.71640956313e-29
274.5 -0.00235607068794 5.37917409307e-29
273.0 0.00491037805998 1.66904224753e-28
271.5 0.00975765861743 5.12715107946e-28
270.0 0.00590275640961 1.55934407662e-27
268.5 0.00571708066895 4.69531626034e-27
267.0 0.0157351142797 1.39973170761e-26
265.5 0.0277956240188 4.13125313383e-26
264.0 0.0413161179939 1.20719066121e-25
262.5 0.0358345486573 3.49242415327e-25
261.0 0.029718670872 1.00031125266e-24
259.5 0.0187213751903 2.83661490552e-24
258.0 0.0114843503154 7.96384249533e-24
256.5 -0.000118380985733 2.21361454071e-23
255.0 6.05097257952e-05 6.09169836569e-23
253.5 0.000291273378288 1.65970857541e-22
252.0 0.0185408059547 4.47695099083e-22
250.5 0.0338708721837 1.19561098791e-21
249.0 0.0493403325435 3.16121846674e-21
247.5 0.0565603151532 8.27515577919e-21
246.0 0.0607560474518 2.14464246546e-20
244.5 0.0532416405099 5.50288807004e-20
243.0 0.0381575046296 1.39792384407e-19
241.5 0.0156791431858 3.51587479725e-19
240.0 -0.0065914527102 8.75468137957e-19
238.5 -0.0235129165814 2.15826289197e-18
237.0 -0.030869970911 5.2677529362e-18
235.5 -0.0364028188902 1.27292702556e-17
234.0 -0.041412888435 3.04536022758e-17
232.5 -0.0469973135388 7.21324845122e-17
231.0 -0.0498948572617 1.69153179705e-16
229.5 -0.0514201120435 3.92723144045e-16
228.0 -0.0457231748606 9.02713383148e-16
226.5 -0.0351053427958 2.0543305352e-15
225.0 -0.0235806184665 4.6285804536e-15
223.5 -0.00805347358021 1.03248171158e-14
222.0 0.00910773046864 2.28020541975e-14
220.5 0.0291195944947 4.98565972975e-14
219.0 0.0463876577905 1.0792656401e-13
217.5 0.0605577133413 2.31308249713e-13
216.0 0.0584993255497 4.90807227e-13
214.5 0.0505168882957 1.03106924016e-12
213.0 0.0351578068822 2.14447885191e-12
211.5 0.0243443587862 4.41583421212e-12
210.0 0.0107700411137 9.00245185052e-12
208.5 6.17150847493e-05 1.81704594889e-11
207.0 -0.0106082196321 3.63101520425e-11
205.5 -0.0136463855542 7.18368499651e-11
204.0 -0.00627868625811 1.4070954166e-10
202.5 0.00834389553916 2.7287067904e-10
201.0 0.019627759612 5.2389861467e-10
199.5 0.0294477726303 9.95851733437e-10
198.0 0.0354329876513 1.8741276688e-09
196.5 0.0290512539364 3.4918913035e-09
195.0 0.0123820957011 6.44138585956e-09
193.5 -0.0106459073563 1.17639987554e-08
192.0 -0.0381438817861 2.12709888234e-08
190.5 -0.0563477041082 3.80782906144e-08
189.0 -0.0774352974872 6.74876435049e-08
187.5 -0.088934527642 1.18420840451e-07
186.0 -0.0948760802831 2.05725946571e-07
184.5 -0.0854357254947 3.53840104531e-07
183.0 -0.0684564499282 6.02534744744e-07
181.5 -0.0530942714221 1.01581399306e-06
180.0 -0.051980230826 1.69552165924e-06
178.5 -0.046479905222 2.80188010915e-06
177.0 -0.0404236041584 4.5840865575e-06
175.5 -0.0286641280583 7.42528497278e-06
174.0 -0.0174311134984 1.19077716466e-05
172.5 -0.00809839497897 1.89062294612e-05
171.0 -0.00537017278071 2.97191515485e-05
169.5 -0.00165939451577 4.62514064719e-05
168.0 0.00708903796101 7.12640559478e-05
166.5 0.0121588725835 0.000108710923217
165.0 0.0286293071652 0.000164184776772
163.5 0.0382369818817 0.00024549895335
162.0 0.0353097832159 0.000363432246176
160.5 0.0346835359781 0.000532665202915
159.0 0.0404935472803 0.000772933713746
157.5 0.0401218895695 0.001110419884
156.0 0.0359474818569 0.00157938956628
154.5 0.0213985546743 0.00222406950249
153.0 0.00416541074159 0.00310073392447
151.5 0.000206845038095 0.00427994021603
150.0 -0.00329218561121 0.00584881602396
148.5 -0.00380251121958 0.00791325708941
147.0 0.00493282450493 0.0105998482449
145.5 0.0188809329599 0.0140572729645
144.0 0.0350537885175 0.0184569343773
142.5 0.0358094392835 0.0239924787997
141.0 0.0351215623484 0.0308778985263
139.5 0.0339018857796 0.0393439011149
138.0 0.0416221530417 0.0496322744902
136.5 0.0426193138256 0.0619880562089
135.0 0.043630375961 0.0766494339549
133.5 0.042472475813 0.0938354618975
132.0 0.0363407177244 0.113731868534
130.5 0.0256227036947 0.13647544556
129.0 0.00682434745928 0.162137728539
127.5 -0.0260713867767 0.190708888653
126.0 -0.0569198316814 0.222082927492
124.5 -0.0691162874371 0.256045379566
123.0 -0.0782866786815 0.292264757756
121.5 -0.0721532888548 0.330288907429
120.0 -0.0582869913906 0.369547255422
118.5 -0.0436505047344 0.409359650479
117.0 -0.0200972052698 0.448952103584
115.5 0.00653069888355 0.48747927349
114.0 0.0174032142696 0.524053039141
112.5 0.0217292396977 0.557775999055
111.0 0.021184541663 0.58777828524
109.5 0.0158149508117 0.613255721841
108.0 0.014783266722 0.633507136845
106.5 0.0121033485481 0.647968577928
105.0 0.0195921717611 0.656242304857
103.5 0.0291356551169 0.658118727206
102.0 0.0448321984681 0.653589905727
100.5 0.0471445790089 0.64285380023
99.0 0.044542465895 0.626309075564
97.5 0.0384731454492 0.604540912071
96.0 0.0368268804472 0.578298848878
94.5 0.0374220593061 0.548468164631
93.0 0.0496516784007 0.516036629624
91.5 0.0640031389832 0.482058620969
90.0 0.0764919271411 0.447618572919
88.5 0.0681336137499 0.41379555123
87.0 0.02447476292 0.381630424478
85.5 -0.0326251906601 0.352096700657
84.0 -0.0853726417076 0.326075656005
82.5 -0.11660724309 0.304335957816
81.0 -0.121907016385 0.287517622366
79.5 -0.108951534209 0.276119890184
78.0 -0.0731108621898 0.270492466772
76.5 -0.0181811993618 0.270829572801
75.0 0.0533711443862 0.277166362159
73.5 0.116133965754 0.289377471384
72.0 0.153800778177 0.307177720743
70.5 0.151738747783 0.330125249042
69.0 0.128964974203 0.35762758402
67.5 0.087247466172 0.388951285347
66.0 0.0550388323964 0.423235815985
64.5 0.0324723516463 0.459512182814
63.0 0.0149114282515 0.496726639151
61.5 0.000212804574325 0.533769378275
60.0 -0.0210982353616 0.569507702832
58.5 -0.0300198644606 0.602822677248
57.0 -0.0289038218777 0.632647813739
55.5 -0.0142731334964 0.658007962796
54.0 0.00322769908039 0.678056326303
52.5 0.022497947717 0.692107423763
51.0 0.0339855327398 0.699663940922
49.5 0.046229399193 0.700435676721
48.0 0.0528092419145 0.694349260132
46.5 0.0425931941226 0.681547895172
45.0 0.0277506299829 0.662381057999
43.5 0.0121575530033 0.637384753335
42.0 0.00553372197234 0.607253575504
40.5 0.00728944098465 0.572806354292
39.0 0.0142955883844 0.53494755105
37.5 0.0236060078239 0.494626775728
36.0 0.0244927699073 0.45279880932
34.5 0.0391828393473 0.410386346343
33.0 0.0482843953734 0.368247343719
31.5 0.043027626283 0.327148414511
30.0 0.0144831164928 0.287745184994
28.5 -0.0161262272213 0.250569991719
27.0 -0.0402513174891 0.216026779522
25.5 -0.049924588926 0.184392612307
24.0 -0.0510490571837 0.155824855854
22.5 -0.0562123236228 0.130372853289
21.0 -0.048952811844 0.107992793936
19.5 -0.0302048489917 0.0885644682326
18.0 0.000403473649082 0.0719086892836
16.5 0.0134967806258 0.0578043231679
15.0 0.0156898542166 0.046004080057
13.5 0.0145047252444 0.0362484511906
12.0 0.0225949946991 0.0282774099362
10.5 0.0289107083886 0.0218397098955
9.0 0.0249503763914 0.0166997959327
7.5 0.0121514465522 0.01264248721
6.0 0.0189680917411 0.00947569209039
4.5 0.0299535803502 0.00703147463552
3.0 0.0371229337138 0.00516581614971
1.5 0.0114713431919 0.00375740953483
0.0 -0.0131234846758 0.00270579678536
-1.5 -0.0216148675202 0.0019291183653
-3.0 -0.009581141622 0.0013616943334
-4.5 -0.0169274543516 0.000951606588505
-6.0 -0.0407484749121 0.000658403764983
-7.5 -0.0514475464347 0.000451007980169
-9.0 -0.0258709451676 0.000305867407718
-10.5 0.0131293536886 0.000205371054768
-12.0 0.0333854955493 0.000136521898827
-13.5 0.0255079779505 8.98509062318e-05
-15.0 0.0118887699909 5.854632761e-05
-16.5 0.0123110237754 3.77688629759e-05
-18.0 0.0168202455419 2.41226612372e-05
-19.5 0.0132161740282 1.52536430892e-05
-21.0 0.00747753784055 9.54946404772e-06
-22.5 0.00411793660679 5.9189063811e-06
-24.0 0.0136075515529 3.63212677653e-06
-25.5 0.0343296129471 2.20667097174e-06
-27.0 0.0560671743165 1.32730649746e-06
-28.5 0.0712291949029 7.90427267762e-07
-30.0 0.0738868424991 4.66025480208e-07
-31.5 0.0762540855529 2.72028537441e-07
-33.0 0.0739974208384 1.57208609219e-07
-34.5 0.0639747268199 8.99487722618e-08
-36.0 0.0349610237033 5.0953170115e-08
-37.5 0.00470893256372 2.8576184025e-08
-39.0 -0.023185132601 1.58669814425e-08
-40.5 -0.0280600814612 8.72250945319e-09
-42.0 -0.0346160416221 4.74728864986e-09
-43.5 -0.0335126198742 2.5580373676e-09
-45.0 -0.0365003976608 1.36466227146e-09
-46.5 -0.0322381017696 7.20776370548e-10
-48.0 -0.0480798307789 3.76905913566e-10
-49.5 -0.0713607098414 1.95129268991e-10
-51.0 -0.0954627196891 1.00015875011e-10
-52.5 -0.108263424177 5.07542617702e-11
-54.0 -0.113510692985 2.54995870223e-11
-55.5 -0.117641806044 1.26838422985e-11
-57.0 -0.113955688805 6.24633936254e-12
-58.5 -0.103080043498 3.04549136765e-12
-60.0 -0.0635027353525 1.47009779163e-12
-61.5 -0.0220396327054 7.02574095134e-13
-63.0 0.0159405613415 3.32426085393e-13
-64.5 0.0329189327226 1.55723843176e-13
-66.0 0.0328310798868 7.22224449265e-14
-67.5 0.0183016314452 3.31624275848e-14
-69.0 0.0136769519591 1.50757003988e-14
-70.5 0.00863912319147 6.78524817175e-15
-72.0 -0.00624468458787 3.02350736248e-15
-73.5 -0.026008797661 1.33386961452e-15
-75.0 -0.050268527943 5.82603089887e-16
-76.5 -0.0633561666461 2.5193542755e-16
-78.0 -0.0734453416847 1.07860581534e-16
-79.5 -0.0756356613783 4.57186425569e-17
-81.0 -0.0735553508919 1.91858459063e-17
-82.5 -0.0519908554588 7.97123535535e-18
-84.0 -0.016122554324 3.27889392694e-18
-85.5 0.0234552191544 1.33532247207e-18
-87.0 0.0500576524373 5.38396221583e-19
-88.5 0.0637882865364 2.14919046026e-19
-90.0 0.0712680732695 8.493855339e-20
-91.5 0.0656346183557 3.3234708296e-20
-93.0 0.0566285295255 1.28746650041e-20
-94.5 0.0390941942777 4.93784051927e-21
-96.0 0.0237539254315 1.8749739396e-21
-97.5 0.0195450970712 7.04872338373e-22
-99.0 0.0164318939476 2.62351018609e-22
-100.5 0.00711938802021 9.6674536148e-23
-102.0 -0.0069461383865 3.52694343388e-23
-103.5 -0.0137233716011 1.27391938716e-23
-105.0 -0.0152625308384 4.5555671725e-24
-106.5 -0.0117290675944 1.61287242796e-24
-108.0 -0.010266220337 5.65346406285e-25
-109.5 -0.0106639089573 1.96194265408e-25
-111.0 -0.00892387435883 6.74085581297e-26
-112.5 0.000362362418207 2.29298292838e-26
-114.0 0.0170353543324 7.72224649455e-27
-115.5 0.0319504318344 2.57480031896e-27
-117.0 0.0497239782538 8.49963944818e-28
-118.5 0.0565481942423 2.77788656844e-28
-120.0 0.0581808713513 8.98846574093e-29
-121.5 0.0508906738805 2.87947745293e-29
-123.0 0.052143306266 9.13269285946e-30
-124.5 0.0409112736419 2.86774860592e-30
-126.0 0.0322013211933 8.91539023951e-31
-127.5 0.00521654334489 2.7440795237e-31
-129.0 -0.0234422617671 8.36199847068e-32
-130.5 -0.0615154723489 2.52278668193e-32
-132.0 -0.0880674593262 7.53542984102e-33
-133.5 -0.110940073084 2.22839711172e-33
-135.0 -0.115245675177 6.52430414254e-34
-136.5 -0.105843857801 1.89117999336e-34
-138.0 -0.0829117598405 5.42735946353e-35
-139.5 -0.0540047176909 1.54206032507e-35
-141.0 -0.0331243372764 4.33781669279e-36
-142.5 -0.0194951661377 1.2080866439e-36
-144.0 -0.0129465092108 3.33105670233e-37
-145.5 -0.00710989267383 9.09333148771e-38
-147.0 -0.00107269616804 2.45765589638e-38
-148.5 0.000682775458801 6.57621773441e-39
-150.0 0.00839135864032 1.74216123985e-39
-151.5 0.01105538072 4.5693830418e-40
-153.0 0.0166673070581 1.18654397698e-40
-154.5 0.0196201469667 3.05047287726e-41
-156.0 0.0279626890772 7.76439375875e-42
-157.5 0.0284623724244 1.95661325329e-42
-159.0 0.0257642701292 4.88156959423e-43
-160.5 0.0140308004707 1.20578821446e-43
-162.0 0.00882212212062 2.94876144383e-44
-163.5 0.012216491272 7.13945892238e-45
-165.0 0.0193435208157 1.71138615477e-45
-166.5 0.0185386948688 4.06151240839e-46
-168.0 0.00665238716627 9.54299309902e-47
-169.5 0.000400275626084 2.21992596217e-47
-171.0 5.52708438275e-05 5.11268959162e-48
-172.5 0.00631028644962 1.16578219214e-48
-174.0 0.0135723646328 2.63173685916e-49
-175.5 0.0149536538013 5.88199382669e-50
-177.0 0.0165066801791 1.3015585842e-50
-178.5 0.0186023480459 2.85141173409e-51
-180.0 0.0208464259816 6.1846225456e-52
-181.5 0.0150673791233 1.32807781273e-52
-183.0 0.0065014997024 2.82352019597e-53
-184.5 -0.00349768197793 5.94313137858e-54
-186.0 -0.0110380399524 1.23850230275e-54
-187.5 -0.0169986965635 2.55526155661e-55
-189.0 -0.0210261431609 5.21952472328e-56
-190.5 -0.0216199651883 1.05556167143e-56
-192.0 -0.0243651723381 2.11345653393e-57
-193.5 -0.0270131448623 4.18947963693e-58
-195.0 -0.0326323765811 8.22212173371e-59
-196.5 -0.0330621318146 1.59758795057e-59
-198.0 -0.0300549766428 3.07328407325e-60
-199.5 -0.0193455810326 5.85325829799e-61
-201.0 -0.00722736270545 1.1036966614e-61
-202.5 0.0127141580031 2.06043454871e-62
-204.0 0.0311336573173 3.80824581153e-63
-205.5 0.0514673942554 6.96864238378e-64
-207.0 0.0613692718518 1.2624914281e-64
-208.5 0.058217003488 2.26446573423e-65
-210.0 0.0458348752146 4.02124120261e-66
-211.5 0.0374677330238 7.06987197474e-67
-213.0 0.0213826635199 1.23060883924e-67
-214.5 0.00741422328423 2.12073090936e-68
-216.0 -0.0229608464968 3.61832986997e-69
-217.5 -0.043440392655 6.11206274176e-70
-219.0 -0.0525152081505 1.02217323554e-70
-220.5 -0.0520004578445 1.6924594104e-71
-222.0 -0.0541205373389 2.77439998762e-72
-223.5 -0.0619543173467 4.5027407314e-73
-225.0 -0.0700894676797 7.23505543752e-74
-226.5 -0.0574550242369 1.15096956726e-74
-228.0 -0.0463404891862 1.81277070085e-75
-229.5 -0.0319181861749 2.82669506722e-76
-231.0 -0.0166967454054 4.36387301006e-77
-232.5 -0.0087483857228 6.66994575874e-78
-234.0 0.000649840949957 1.00932157218e-78
-235.5 0.0179570477214 1.51214648412e-79
-237.0 0.0314996725502 2.24292745856e-80
-238.5 0.0548333416758 3.29377285908e-81
-240.0 0.0609320533293 4.78882669746e-82
-241.5 0.0569141726521 6.89321223073e-83
-243.0 0.0375893884221 9.82361275535e-84
-244.5 0.0149015385 1.38604673435e-84
-246.0 -0.00361396548239 1.93616144953e-85
-247.5 -0.00584516556735 2.67770246695e-86
-249.0 -0.00545517248241 3.66640236057e-87
-250.5 0.000128898268468 4.97021280804e-88
-252.0 0.00435435041051 6.67063072798e-89
-253.5 0.00916372779561 8.86371677338e-90
-255.0 0.0245291005413 1.16606268091e-90
-256.5 0.040217394957 1.51874540617e-91
-258.0 0.0454309650966 1.95841674378e-92
-259.5 0.0488622105315 2.50024348888e-93
-261.0 0.0462595109043 3.16021442827e-94
-262.5 0.0408777012902 3.95464818195e-95
-264.0 0.0326692042135 4.89955018373e-96
-265.5 0.0189645800612 6.00982218343e-97
-267.0 0.0192091441871 7.29833997044e-98
-268.5 0.0195560900558 8.7749290219e-99
-270.0 0.018495677485 1.0445282492e-99
-271.5 0.00749183594044 1.23098800984e-100
-273.0 -0.00185966311801 1.43629785155e-101
-274.5 -0.0209077081091 1.65917522468e-102
-276.0 -0.0228377858485 1.89756670905e-103
-277.5 -0.032529031936 2.1486164978e-104
-279.0 -0.0273019864686 2.4086728358e-105
-280.5 -0.0171873308668 2.67333742816e-106
-282.0 -0.00324744043333 2.93756035193e-107
-283.5 0.00694887498332 3.19577998329e-108
-285.0 0.0178988838815 3.44210410876e-109
-286.5 0.0199763230248 3.67052499991e-110
-288.0 0.0267384922956 3.87515810492e-111
-289.5 0.0276619171504 4.05049146404e-112
-291.0 0.0269432618288 4.19163126922e-113
-292.5 0.0191863561119 4.29452837815e-114
-294.0 0.0211566864317 4.35617118028e-115
-295.5 0.0208719456949 4.3747320033e-116
-297.0 0.0290276927171 4.34965712957e-117
-298.5 0.0 4.28169423629e-118
-300.0 0.0 4.17285536181e-119
###
# timestamp: 2455840.6612164
# Gaussian 1 [amp, RV +/- err, wid]: [1.00, 141.66 +/- 0.05, 15.00]
# Gaussian 2 [amp, RV +/- err, wid]: [0.99, 35.00 +/- 0.00, 15.00]
# Uncorrected_RV, BF_amp, Gaussian_fit
###
300.0 0.0 1.82626786374e-10
298.5 0.0 3.5393430554e-10
297.0 -0.0372607533867 6.79106514561e-10
295.5 -0.0376824297502 1.2900608305e-09
294.0 -0.00915224965945 2.42627228244e-09
292.5 0.0083394485835 4.51778896002e-09
291.0 0.0231882118003 8.32855001077e-09
289.5 0.0183538308952 1.52009213228e-08
288.0 0.012275685653 2.74680278874e-08
286.5 0.00187720539277 4.91407865214e-08
285.0 -0.000120815367418 8.70389778301e-08
283.5 0.000404635367256 1.52630917935e-07
282.0 -0.00817663407548 2.64989280094e-07
280.5 -0.00920394626081 4.55481927329e-07
279.0 -0.00330999713669 7.75123759301e-07
277.5 0.00385018459515 1.30595437289e-06
276.0 0.00735036585653 2.17842199759e-06
274.5 0.00982055903925 3.59760169292e-06
273.0 0.0049226743387 5.88221912963e-06
271.5 0.00332780816114 9.52196048001e-06
270.0 0.00956478581645 1.52604944501e-05
268.5 0.0181097091349 2.4214075437e-05
267.0 0.0243707458314 3.80385743902e-05
265.5 0.0414718815312 5.91612890631e-05
264.0 0.065858738431 9.10978399939e-05
262.5 0.063306715029 0.000138878681961
261.0 0.045321920703 0.000209613933538
259.5 0.0203490911456 0.000313228856318
258.0 0.00929561028241 0.000463404702782
256.5 0.0126989382427 0.000678759879818
255.0 0.0129156739863 0.000984303312248
253.5 -0.00161916066771 0.00141318423569
252.0 0.00350839337331 0.00200874901569
250.5 0.0337032029964 0.00282689465668
249.0 0.066816020789 0.00393867936823
247.5 0.0907959309148 0.00543311235827
246.0 0.0996903816992 0.00741999820101
244.5 0.0991927977893 0.0100326570925
243.0 0.076192942327 0.01343028388
241.5 0.0403846057682 0.0177996503657
240.0 -0.00651682062103 0.0233558031325
238.5 -0.0394026776068 0.0303413706144
237.0 -0.0515294924557 0.0390240770043
235.5 -0.0531787001536 0.0496920758819
234.0 -0.0687410453049 0.0626467715231
232.5 -0.087963890073 0.0781928971958
231.0 -0.0961000151446 0.0966257705378
229.5 -0.0904914163663 0.118215844955
228.0 -0.0720240835128 0.143190915709
226.5 -0.054719140066 0.171716606509
225.0 -0.0403990592416 0.203876037139
223.5 -0.0177436568846 0.239649829638
222.0 0.0150059056766 0.278897820896
220.5 0.0490229227862 0.321343983177
219.0 0.0720894272331 0.366566083488
217.5 0.0963900840488 0.41399151622
216.0 0.102555355979 0.462900509201
214.5 0.0972989492647 0.512437531961
213.0 0.0595961359096 0.561631241937
211.5 0.0304478315118 0.609422719775
210.0 0.00531373122019 0.65470111252
208.5 0.00832372152576 0.696345177023
207.0 -0.00414252029421 0.733268654266
205.5 -0.0150598614971 0.764466966178
204.0 -0.0282719099452 0.789062460145
202.5 -0.00482521217249 0.80634536885
201.0 0.0298361805624 0.815807821801
199.5 0.061468069276 0.8171686352
198.0 0.0727833329926 0.810387191832
196.5 0.0560805033841 0.795665454912
195.0 0.0284706677105 0.77343797659
193.5 -0.00675435424977 0.744350590819
192.0 -0.054839385734 0.709229248385
190.5 -0.0903734219353 0.669041092089
189.0 -0.117222570033 0.624850329377
187.5 -0.132028515726 0.577771703917
186.0 -0.141883872876 0.528924384609
184.5 -0.135647259598 0.479388890542
183.0 -0.112991349346 0.430169283911
181.5 -0.0781210003637 0.382162335888
180.0 -0.0693867563683 0.336134759017
178.5 -0.0603871743937 0.292708962913
177.0 -0.068888338393 0.252357184155
175.5 -0.0671258149959 0.215403313597
174.0 -0.0485161141737 0.182031329929
172.5 -0.03389281425 0.152298967637
171.0 -0.0133066808943 0.126155105769
169.5 -0.0104010290448 0.103459353393
168.0 0.00219534238379 0.0840024093688
166.5 0.0135017579533 0.0675259621289
165.0 0.0390401489152 0.0537411399203
163.5 0.0470311713601 0.0423447938236
162.0 0.0579470126031 0.0330331680149
160.5 0.0561143108643 0.025512762438
159.0 0.0837614664207 0.0195084066201
157.5 0.0894044477117 0.0147687305955
156.0 0.0626544348822 0.0110693365727
154.5 0.0295490648615 0.00821404489669
153.0 0.000873658483657 0.00603461554359
151.5 -0.011125673212 0.0043893397394
150.0 -0.0131125128917 0.00316086423215
148.5 -0.0129294973449 0.00225356216346
147.0 -0.000661482028687 0.00159070738692
145.5 0.0242037800904 0.00111165009261
144.0 0.0426806380821 0.000769135707819
142.5 0.0405270769445 0.00052685959701
141.0 0.0401537249678 0.000357308930949
139.5 0.046417204255 0.000239910857447
138.0 0.0700832112761 0.000159482483314
136.5 0.085964643532 0.000104962249861
135.0 0.08389189518 6.8392791185e-05
133.5 0.0752566552338 4.41209220878e-05
132.0 0.0636970468497 2.8179668997e-05
130.5 0.0538441129856 1.78190378351e-05
129.0 0.0246806918838 1.11555161072e-05
127.5 -0.0149150891327 6.91436243361e-06
126.0 -0.0784301902421 4.24298668049e-06
124.5 -0.113606162755 2.57779425595e-06
123.0 -0.126612586455 1.55053612834e-06
121.5 -0.110862417372 9.23363245674e-07
120.0 -0.0981552160321 5.44402777489e-07
118.5 -0.0709496599109 3.17778957651e-07
117.0 -0.0426187774661 1.83648334993e-07
115.5 0.00392436189388 1.05076575277e-07
114.0 0.0445627659698 5.95225980395e-08
112.5 0.058879936793 3.33821960789e-08
111.0 0.0375663972593 1.85355289485e-08
109.5 0.0178361169008 1.01894823393e-08
108.0 0.0200702545151 5.54569932447e-09
106.5 0.0359331718546 2.98825462777e-09
105.0 0.0555164043433 1.59417523169e-09
103.5 0.0669054424354 8.4199999594e-10
102.0 0.0809763312632 4.40298729397e-10
100.5 0.10110342277 2.27955254317e-10
99.0 0.110771705827 1.16856053078e-10
97.5 0.0952482408297 5.93326151159e-11
96.0 0.0721501284737 2.98804626751e-11
94.5 0.0723305639297 1.50160414297e-11
93.0 0.105862879215 7.72167166195e-12
91.5 0.153675062843 4.45550994987e-12
90.0 0.170894228768 3.59598249059e-12
88.5 0.136230541859 4.71257251e-12
87.0 0.0345239554817 8.37054036306e-12
85.5 -0.0857049916883 1.6390614165e-11
84.0 -0.189956568409 3.26703279052e-11
82.5 -0.240780196484 6.48976838457e-11
81.0 -0.253428116005 1.27828041628e-10
79.5 -0.258523717307 2.49363899769e-10
78.0 -0.234627517951 4.81652140795e-10
76.5 -0.16788601715 9.21082718314e-10
75.0 -0.0480541798682 1.74390455913e-09
73.5 0.0730752267717 3.2689199238e-09
72.0 0.152139551139 6.06656711636e-09
70.5 0.151377621625 1.11465074231e-08
69.0 0.126033390629 2.02764384181e-08
67.5 0.0817704872717 3.65175466559e-08
66.0 0.0478844570621 6.51131293439e-08
64.5 0.0213019533753 1.14945665385e-07
63.0 0.00804980376192 2.00897107724e-07
61.5 0.0168733342978 3.47625659062e-07
60.0 0.0107509243649 5.95534631112e-07
58.5 0.0051258613511 1.01008814178e-06
57.0 -0.00902913780268 1.69616688121e-06
55.5 0.00259781345305 2.81990800705e-06
54.0 0.0257584158921 4.64150002914e-06
52.5 0.0571319027162 7.56377897311e-06
51.0 0.0690830351177 1.22032738342e-05
49.5 0.075266939711 1.94926524307e-05
48.0 0.0797164934232 3.082638347e-05
46.5 0.07021993295 4.82648842849e-05
45.0 0.0510978215522 7.48164362e-05
43.5 0.0252023722985 0.000114820602201
42.0 0.0138845237545 0.000174461530683
40.5 0.0144637879162 0.000262443965934
39.0 0.028031106338 0.00039086839962
37.5 0.0416592418491 0.000576343745343
36.0 0.0513289856566 0.000841375115946
34.5 0.0674347177943 0.00121605942366
33.0 0.0720231829245 0.00174011113838
31.5 0.0669411041659 0.00246522311641
30.0 0.0423549807581 0.00345774156989
28.5 -0.00322688065676 0.00480159898262
27.0 -0.0479445279206 0.00660140375886
25.5 -0.0744789494462 0.00898553130102
24.0 -0.0761126095908 0.0121090000732
22.5 -0.0851444005937 0.0161558516798
21.0 -0.0760959349713 0.0213406915257
19.5 -0.0585568583199 0.0279089934795
18.0 -0.0129818560881 0.0361357368876
16.5 0.0185487681483 0.0463219370143
15.0 0.0323959723896 0.0587886602739
13.5 0.0129228007836 0.0738681920992
12.0 0.0371724971306 0.0918921540164
10.5 0.0451733415261 0.113176549433
9.0 0.0533961287369 0.138003951272
7.5 0.0173335474448 0.166603318831
6.0 0.00848094403145 0.199128228956
4.5 0.0298103628242 0.235634604024
3.0 0.0596508060195 0.276059286963
1.5 0.0357351852384 0.320201019281
0.0 -0.0181404094673 0.367705489378
-1.5 -0.0346023540601 0.418056106874
-3.0 -0.03431349203 0.470572003675
-4.5 -0.0277846612002 0.524414455424
-6.0 -0.081331583221 0.578602463652
-7.5 -0.0923334592379 0.632037661796
-9.0 -0.0654482727015 0.683538045345
-10.5 0.0137479640037 0.731879329884
-12.0 0.0392453030189 0.775842071855
-13.5 0.0252066443314 0.814262110428
-15.0 -0.00720197658104 0.846081466008
-16.5 -0.00657530767022 0.870396612165
-18.0 0.00860425305335 0.886501056389
-19.5 0.0170865359882 0.893919432161
-21.0 0.00715997758493 0.892430807306
-22.5 -0.0047216849852 0.882079613925
-24.0 0.00139909157976 0.863173445393
-25.5 0.0330452435408 0.836267872842
-27.0 0.0771963532281 0.802139326949
-28.5 0.111384263579 0.761747891952
-30.0 0.124253074635 0.716192498744
-31.5 0.12515257159 0.666661430874
-33.0 0.113002103806 0.614381241827
-34.5 0.0928517356874 0.560567119022
-36.0 0.0595125098633 0.506377438521
-37.5 0.011444554118 0.452874774139
-39.0 -0.0427236900507 0.400995010193
-40.5 -0.0558480622261 0.351525521902
-42.0 -0.0539260631391 0.305092695617
-43.5 -0.0331395227627 0.262158421652
-45.0 -0.0229689407399 0.223024653052
-46.5 -0.02430078271 0.187844717444
-48.0 -0.0474669414769 0.156639812821
-49.5 -0.0658539560367 0.129319012555
-51.0 -0.0955792309992 0.105701137086
-52.5 -0.129317044144 0.0855369959754
-54.0 -0.142597620385 0.0685307340669
-55.5 -0.137507331368 0.0543592966516
-57.0 -0.125148394311 0.0426893290487
-58.5 -0.117266714233 0.0331911182371
-60.0 -0.0791533728971 0.0255494464355
-61.5 -0.0363337543807 0.0194714440351
-63.0 0.0168300204373 0.0146916942509
-64.5 0.0453467765205 0.0109749527146
-66.0 0.0464134799433 0.00811690548654
-67.5 0.0190325093447 0.0059434056876
-69.0 0.00499130009655 0.00430861131063
-70.5 -0.00966903593266 0.00309240462424
-72.0 -0.0251092894794 0.00219741642314
-73.5 -0.0417149759338 0.00154591450906
-75.0 -0.0641922855744 0.00107675187233
-76.5 -0.0936137598361 0.000742510933734
-78.0 -0.113759808102 0.000506928987394
-79.5 -0.1098147588 0.000342648199301
-81.0 -0.0963820459384 0.000229301468963
-82.5 -0.0641516396879 0.000151922561843
-84.0 -0.0231596393293 9.96540076193e-05
-85.5 0.029613727679 6.47178852041e-05
-87.0 0.0714550285265 4.16112652326e-05
-88.5 0.0919545564863 2.64883301103e-05
-90.0 0.0977697991443 1.6693803391e-05
-91.5 0.0868448070936 1.04162900272e-05
-93.0 0.0708113351798 6.43469384127e-06
-94.5 0.047725653323 3.93549865223e-06
-96.0 0.0300448431725 2.38302557295e-06
-97.5 0.0240602622624 1.42861331328e-06
-99.0 0.0160158244862 8.47925582214e-07
-100.5 0.0152406019183 4.98262082389e-07
-102.0 0.00407051101575 2.89877825196e-07
-103.5 -0.007218225756 1.66966446842e-07
-105.0 -0.0216530947866 9.52139256039e-08
-106.5 -0.0258727599232 5.37562286301e-08
-108.0 -0.0444393068739 3.0047903008e-08
-109.5 -0.042782456546 1.66286349866e-08
-111.0 -0.0404350361772 9.11079106032e-09
-112.5 -0.0308812427831 4.94211251852e-09
-114.0 -0.00402781965367 2.65415465983e-09
-115.5 0.0356484339612 1.4112270043e-09
-117.0 0.0775175194673 7.42890125396e-10
-118.5 0.0901604669375 3.87176819816e-10
-120.0 0.0914631685143 1.9977961236e-10
-121.5 0.0814576994888 1.02058701648e-10
-123.0 0.0902334546098 5.16185697919e-11
-124.5 0.0851030712753 2.58475242007e-11
-126.0 0.0825872264122 1.28141259736e-11
-127.5 0.0433718117551 6.2894994411e-12
-129.0 -0.00341131225558 3.05632991136e-12
-130.5 -0.0656844671715 1.47042011739e-12
-132.0 -0.118076020702 7.00389610346e-13
-133.5 -0.152467172841 3.30289684018e-13
-135.0 -0.164156821479 1.54208168492e-13
-136.5 -0.150613238817 7.1281495702e-14
-138.0 -0.131662107572 3.26214517057e-14
-139.5 -0.0992114256799 1.47804214956e-14
-141.0 -0.0686983849586 6.63021191289e-15
-142.5 -0.0328713103077 2.94459150572e-15
-144.0 -0.0313443565784 1.29473162343e-15
-145.5 -0.0237433122204 5.63626639394e-16
-147.0 -0.0207011550254 2.42918350021e-16
-148.5 -0.0119660251768 1.03654029284e-16
-150.0 0.00884984756767 4.37894116671e-17
-151.5 0.0215689727288 1.83150912547e-17
-153.0 0.0241406104498 7.58413611212e-18
-154.5 0.03461334964 3.10928266547e-18
-156.0 0.0467088348896 1.26203485012e-18
-157.5 0.0401454449692 5.07153637914e-19
-159.0 0.0313352032631 2.01773811381e-19
-160.5 0.0238044750393 7.94780321019e-20
-162.0 0.028264564175 3.09946308484e-20
-163.5 0.0344495199297 1.19669337364e-20
-165.0 0.0369431764448 4.5744233987e-21
-166.5 0.0208601565547 1.7311985828e-21
-168.0 -0.00316298600799 6.48656047616e-22
-169.5 -0.0182772151467 2.40624093243e-22
-171.0 -0.0203452953287 8.83732454036e-23
-172.5 -0.0163246367899 3.21336125865e-23
-174.0 -0.00358514028873 1.15679221624e-23
-175.5 -0.00353823350309 4.12295141611e-24
-177.0 -0.00339228025026 1.45484971025e-24
-178.5 0.00743767171052 5.08259028211e-25
-180.0 0.0255583651614 1.75796055753e-25
-181.5 0.0287611626289 6.01991289141e-26
-183.0 0.012200759568 2.04093109467e-26
-184.5 -0.010571403686 6.85051991238e-27
-186.0 -0.0295095941055 2.27654258586e-27
-187.5 -0.0296559082315 7.49005625867e-28
-189.0 -0.0288274816363 2.43978432012e-28
-190.5 -0.0344149889555 7.86819015459e-29
-192.0 -0.0512876074123 2.51220637696e-29
-193.5 -0.0496185356148 7.94132253884e-30
-195.0 -0.0478313994152 2.48534917145e-30
-196.5 -0.0406655488591 7.70085674038e-31
-198.0 -0.0422650681002 2.3623689808e-31
-199.5 -0.0306241011769 7.17486070353e-32
-201.0 -0.0139326155103 2.15742780408e-32
-202.5 0.0209168101156 6.42267762937e-33
-204.0 0.0466514702241 1.89301054041e-33
-205.5 0.0819130362803 5.52391510279e-34
-207.0 0.101082973696 1.59587184785e-34
-208.5 0.108628459991 4.56463532699e-35
-210.0 0.0921482504066 1.29262102532e-35
-211.5 0.0816555259734 3.6240434802e-36
-213.0 0.05243163226 1.00594129921e-36
-214.5 0.025774471097 2.76445123139e-37
-216.0 -0.0179744856575 7.52146228571e-38
-217.5 -0.0557188467475 2.02606179283e-38
-219.0 -0.0863004890229 5.40331325743e-39
-220.5 -0.0937390819973 1.42667372014e-39
-222.0 -0.0827434487194 3.72946238764e-40
-223.5 -0.0813733737063 9.65216765507e-41
-225.0 -0.0878650544818 2.47320740038e-41
-226.5 -0.0967946706828 6.27412653209e-42
-228.0 -0.0913152770185 1.57580713959e-42
-229.5 -0.0576273282403 3.91841030423e-43
-231.0 -0.00161371736217 9.64658978987e-44
-232.5 0.00745225354419 2.35122812159e-44
-234.0 -0.000576020270516 5.67378374822e-45
-235.5 0.00331008982031 1.35552598014e-45
-237.0 0.0209986495356 3.20626908567e-46
-238.5 0.0606089987151 7.5084301469e-47
-240.0 0.081147682046 1.74082605048e-47
-241.5 0.0846790863221 3.99593729433e-48
-243.0 0.0584139362838 9.08111148061e-49
-244.5 0.0231008891229 2.04322599359e-49
-246.0 -0.00701855772352 4.5514613378e-50
-247.5 -0.0178508006095 1.00378884748e-50
-249.0 -0.0103678682974 2.1917495676e-51
-250.5 -0.00687605958766 4.73801627407e-52
-252.0 -0.0108164491228 1.01404965547e-52
-253.5 -0.00881524604578 2.14871566857e-53
-255.0 0.023201428403 4.50770757706e-54
-256.5 0.0533335447446 9.36245135259e-55
-258.0 0.0748848459471 1.92522046062e-55
-259.5 0.0775040191304 3.91947968865e-56
-261.0 0.0694389286865 7.90011517778e-57
-262.5 0.0677373349143 1.57650547387e-57
-264.0 0.062764566463 3.11468834817e-58
-265.5 0.0509802846773 6.09243309438e-59
-267.0 0.0455408888885 1.17984238575e-59
-268.5 0.0422625923655 2.26211289197e-60
-270.0 0.0440135262047 4.29399575475e-61
-271.5 0.0244563430748 8.06986002589e-62
-273.0 0.00350745360548 1.50150730035e-62
-274.5 -0.043580746202 2.76596034568e-63
-276.0 -0.0642139358699 5.04453925775e-64
-277.5 -0.0698623236422 9.10865216753e-65
-279.0 -0.0571980720478 1.62833510164e-65
-280.5 -0.0467174198341 2.88197697734e-66
-282.0 -0.0248705017725 5.05003379548e-67
-283.5 -0.00569142641132 8.76102898216e-68
-285.0 0.014947241991 1.50477998042e-68
-286.5 0.0395740480682 2.5588683793e-69
-288.0 0.0484977336349 4.3080421689e-70
-289.5 0.0468454960328 7.18073664133e-71
-291.0 0.0366089546965 1.18499115144e-71
-292.5 0.0182986743087 1.93605758696e-72
-294.0 0.0148956651306 3.13168801178e-73
-295.5 0.025483110669 5.01528669059e-74
-297.0 0.0517387993776 7.95188504172e-75
-298.5 0.0 1.24824971997e-75
-300.0 0.0 1.93994723138e-76
###
# timestamp: 2455866.5694892
# Gaussian 1 [amp, RV +/- err, wid]: [1.00, 141.66 +/- 0.05, 15.00]
# Gaussian 2 [amp, RV +/- err, wid]: [0.99, 35.00 +/- 0.00, 15.00]
# Uncorrected_RV, BF_amp, Gaussian_fit
###
300.0 0.0 2.16171316281e-18
298.5 0.0 5.29043798989e-18
297.0 -0.0144141619822 1.28186486736e-17
295.5 -0.00494933429104 3.07503396052e-17
294.0 0.00432480407708 7.30322437082e-17
292.5 0.0146411618249 1.71726146811e-16
291.0 0.0136460363915 3.99774659958e-16
289.5 0.00843669386917 9.21406252421e-16
288.0 0.00607973805639 2.10253920445e-15
286.5 0.00871883058986 4.75000542087e-15
285.0 0.00648950200592 1.06243204942e-14
283.5 -0.000573939843709 2.35269308656e-14
282.0 -0.00581276372317 5.15806065239e-14
280.5 -0.00387802590029 1.11960458436e-13
279.0 0.00154208582346 2.40602395363e-13
277.5 0.00013876315285 5.11908428921e-13
276.0 -0.00457121476271 1.0783051256e-12
274.5 -0.00203936892679 2.24878592186e-12
273.0 0.00623535334574 4.64313823002e-12
271.5 0.0118494618492 9.4914413337e-12
270.0 0.0172742699739 1.92092220783e-11
268.5 0.0264485059135 3.84896925817e-11
267.0 0.0356333276994 7.63547681021e-11
265.5 0.0402599736619 1.49963282425e-10
264.0 0.0336915820481 2.91602181224e-10
262.5 0.0169725859021 5.61375757234e-10
261.0 0.00807773507292 1.06997491184e-09
259.5 -0.00220822688068 2.01906634944e-09
258.0 -0.00294282471671 3.77211254513e-09
256.5 -0.00664085021462 6.97711286337e-09
255.0 0.000227189759526 1.27768533427e-08
253.5 0.0033294595601 2.31648304895e-08
252.0 0.021671936395 4.15806619126e-08
250.5 0.0361977070294 7.38942636141e-08
249.0 0.0538608437814 1.30013098272e-07
247.5 0.0563379604268 2.26475144437e-07
246.0 0.0514116595075 3.90580932496e-07
244.5 0.0320254731701 6.66896726648e-07
243.0 0.00948298058125 1.12736147252e-06
241.5 -0.00944890725802 1.88679556585e-06
240.0 -0.0194995192993 3.12639293268e-06
238.5 -0.0228809806496 5.12884210066e-06
237.0 -0.0162840666868 8.33013716421e-06
235.5 -0.0174061526348 1.3394978827e-05
234.0 -0.0220208881821 2.13249963525e-05
232.5 -0.0261649154226 3.36118916441e-05
231.0 -0.0279608025352 5.2451027374e-05
229.5 -0.0317418179018 8.10348996969e-05
228.0 -0.0249126045758 0.000123950206235
226.5 -0.0211462996016 0.000187706565625
225.0 -0.00691821112959 0.000281428923118
223.5 0.00752439397674 0.000417748644344
222.0 0.0166703478519 0.000613929390491
220.5 0.0260913507651 0.000893261992347
219.0 0.0354018904876 0.00128675641292
217.5 0.0397591713015 0.00183514710288
216.0 0.0350169502038 0.00259120921038
214.5 0.0273117136977 0.00362235600175
213.0 0.0158959012162 0.00501345171707
211.5 0.0142914438271 0.00686972889535
210.0 0.00735401288968 0.00931964598331
208.5 0.00262222496548 0.0125174621738
207.0 -0.00410343319133 0.0166452458872
205.5 0.000492911148864 0.0219139768012
204.0 0.00345753690395 0.0285633561651
202.5 0.0118957141568 0.0368599148944
201.0 0.0117186571962 0.047093012872
199.5 0.0145786706979 0.0595683649279
198.0 0.00997229525855 0.0745988165656
196.5 0.000188196631707 0.0924922302185
195.0 -0.0124791912592 0.113536530908
193.5 -0.0252687764449 0.13798219338
192.0 -0.0361721433656 0.166022719484
190.5 -0.0476077232095 0.197773936457
189.0 -0.0675899207679 0.233253219718
187.5 -0.0827331616297 0.272359978957
186.0 -0.0853221621069 0.314858913031
184.5 -0.0749348135031 0.360367607845
183.0 -0.0617539869909 0.408349997365
181.5 -0.058511622216 0.458117015277
180.0 -0.0650411520139 0.508835429652
178.5 -0.0588218588515 0.559545386019
177.0 -0.0416688096741 0.609186611351
175.5 -0.0235219018749 0.656632593307
174.0 -0.0113837772396 0.700731397652
172.5 -0.00386471067911 0.740351181598
171.0 0.0109343674558 0.774427962068
169.5 0.0248342073932 0.802012860563
168.0 0.030813774771 0.82231591279
166.5 0.0243760284945 0.834743626314
165.0 0.0253925368272 0.838927796154
163.5 0.0299320799532 0.834743626314
162.0 0.035106998227 0.82231591279
160.5 0.0359478909198 0.802012860563
159.0 0.0294416416198 0.774427962068
157.5 0.0291451133035 0.740351181598
156.0 0.0234362378242 0.700731397652
154.5 0.0112738767568 0.656632593307
153.0 -0.00390805460453 0.609186611351
151.5 -0.00677304751299 0.559545386019
150.0 -0.0103870948038 0.508835429652
148.5 0.00100708042415 0.458117015277
147.0 0.0102059222205 0.408349997365
145.5 0.0240619412767 0.360367607845
144.0 0.0422557379457 0.314858913031
142.5 0.053298879127 0.272359978957
141.0 0.0542124046693 0.233253219718
139.5 0.0505246108329 0.197773936457
138.0 0.0416018486792 0.166022719484
136.5 0.0319183282006 0.13798219338
135.0 0.0277287821607 0.113536530908
133.5 0.0238701404722 0.0924922302185
132.0 0.0224944295511 0.0745988165656
130.5 0.00784750791521 0.0595683649279
129.0 -0.00612283408283 0.047093012872
127.5 -0.0315389017129 0.0368599148944
126.0 -0.0499384448902 0.0285633561651
124.5 -0.0538852539692 0.0219139768012
123.0 -0.0568865519803 0.0166452458872
121.5 -0.0576609310704 0.0125174621738
120.0 -0.0455740099832 0.00931964598331
118.5 -0.0269184833912 0.00686972889535
117.0 -0.00979863537264 0.00501345171707
115.5 0.00543869358095 0.00362235600175
114.0 0.00460271940399 0.00259120921038
112.5 0.0106257414916 0.00183514710288
111.0 0.0242668395557 0.00128675641292
109.5 0.0374674027236 0.000893261992347
108.0 0.0425695231362 0.000613929390491
106.5 0.0460624209467 0.000417748644345
105.0 0.0593537606702 0.000281428923119
103.5 0.0769298011906 0.000187706565626
102.0 0.0921805577478 0.000123950206239
100.5 0.0833249126516 8.10348997055e-05
99.0 0.0717610077415 5.24510273931e-05
97.5 0.0594820148901 3.3611891686e-05
96.0 0.0506407294209 2.13249964438e-05
94.5 0.0434131602986 1.33949790239e-05
93.0 0.0400543616675 8.33013758436e-06
91.5 0.0392248544718 5.12884298862e-06
90.0 0.0441974059521 3.12639479065e-06
88.5 0.0274271703545 1.88679941477e-06
87.0 -0.00742866068702 1.12736936653e-06
85.5 -0.0542567363231 6.66912755918e-07
84.0 -0.092996635508 3.90613157019e-07
82.5 -0.120414635519 2.26539282569e-07
81.0 -0.130650183729 1.30139485495e-07
79.5 -0.1234771987 7.41408375088e-08
78.0 -0.0827280956981 4.20569262599e-08
76.5 -0.0247866717448 2.40755950097e-08
75.0 0.0346883984201 1.45011865464e-08
73.5 0.0664936571242 1.02092764515e-08
72.0 0.0670293345473 9.7703344844e-09
70.5 0.0511269755802 1.30397562832e-08
69.0 0.0325204281407 2.11170996025e-08
67.5 0.0228788362985 3.66651375194e-08
66.0 0.0196297175563 6.46655098881e-08
64.5 0.0211468434993 1.13788163412e-07
63.0 0.0163891114979 1.98683960148e-07
61.5 0.0107429716916 3.43694907624e-07
60.0 -0.00437991528218 5.88740982381e-07
58.5 -0.00820866019862 9.98520350166e-07
57.0 -0.00987387831787 1.67669374499e-06
55.5 0.00970448052979 2.78746675501e-06
54.0 0.0319545258105 4.58799892918e-06
52.5 0.0623783958006 7.47642791644e-06
51.0 0.08025356601 1.20620770815e-05
49.5 0.091011267411 1.92666903962e-05
48.0 0.0843424248356 3.04683683405e-05
46.5 0.0653764428086 4.77032899871e-05
45.0 0.0374482797252 7.39442695271e-05
43.5 0.0164598546772 0.000113479592864
42.0 0.00850776815772 0.000172420170475
40.5 0.0133429711238 0.000259367422688
39.0 0.0220024410662 0.000386277878964
37.5 0.028620536761 0.000569562391343
36.0 0.0319750331299 0.0008314570626
34.5 0.0327261149067 0.0012016981809
33.0 0.0259806299808 0.00171952318521
31.5 0.0115129306433 0.00243600246518
30.0 -0.0137898607976 0.00341668126352
28.5 -0.0286946988524 0.00474447610702
27.0 -0.0374083106346 0.00652272572016
25.5 -0.0358987278408 0.00887824294746
24.0 -0.0338087024007 0.0119641538307
22.5 -0.0271336739827 0.0159622462693
21.0 -0.0195496653722 0.0210844890311
19.5 -0.0099446893827 0.0275733294284
18.0 -0.00377090400689 0.0357003434006
16.5 -0.000186758235219 0.0457628046277
15.0 0.000182426747841 0.0580777693032
13.5 0.00289218558594 0.0729733488174
12.0 0.0125414001346 0.0907769698231
10.5 0.0184197429507 0.111800601903
9.0 0.0169105812011 0.136323163848
7.5 0.00825094079272 0.164570590398
6.0 0.00565240385049 0.196694335329
4.5 0.0279436561169 0.232749380333
3.0 0.0403383517482 0.272673083455
1.5 0.0396670829921 0.316266403807
0.0 -0.0046310346604 0.36317914894
-1.5 -0.0166595980934 0.412900879566
-3.0 -0.0306664589359 0.464758952953
-4.5 -0.0134575435312 0.517924882759
-6.0 -0.0397339374805 0.571429745173
-7.5 -0.0418098590921 0.624188791086
-9.0 -0.0509463454811 0.675034769394
-10.5 -0.00724096758508 0.722758778714
-12.0 0.0123877354248 0.766156804512
-13.5 0.0297998970883 0.804079529641
-15.0 0.0184124421822 0.835482589236
-16.5 0.0196624549236 0.859474225348
-18.0 0.0115339420639 0.87535731565
-19.5 0.0183487473856 0.882663014805
-21.0 0.0174360992231 0.881173743695
-22.5 0.0206778044828 0.870933953602
-24.0 0.0211864653667 0.852247922259
-25.5 0.0362546598144 0.82566473426
-27.0 0.0514929061415 0.791951480331
-28.5 0.0681075154457 0.752056500717
-30.0 0.0611523864383 0.707065129361
-31.5 0.0459508703175 0.658150816666
-33.0 0.0229160899547 0.60652469031
-34.5 0.00641344291604 0.5533865509
-36.0 -0.00530473623859 0.499880011046
-37.5 -0.0132921498327 0.447054011784
-39.0 -0.0172326607914 0.395832343409
-40.5 -0.0193598383978 0.346992121024
-42.0 -0.0177417400686 0.301151482128
-43.5 -0.0103597522146 0.258766142309
-45.0 -0.00384674394925 0.220133912796
-46.5 -0.0115327425836 0.185405882817
-48.0 -0.0368740756217 0.154602716996
-49.5 -0.0694791877942 0.127634414121
-51.0 -0.0903036517823 0.104321905615
-52.5 -0.0990357963474 0.0844190166815
-54.0 -0.103693857724 0.0676335403945
-55.5 -0.101398859722 0.0536464526687
-57.0 -0.0943601378625 0.0421285928122
-58.5 -0.0772858389105 0.0327544228454
-60.0 -0.0532112634628 0.0252127376473
-61.5 -0.0225344427167 0.0192144126511
-63.0 -0.000626060739322 0.0144974385728
-64.5 0.0170078698667 0.0108296020047
-66.0 0.0179452491314 0.00800923009379
-67.5 0.0156759335836 0.00586443395838
-69.0 0.0160891952998 0.00425126800686
-70.5 0.0180959238617 0.00305118066906
-72.0 0.00226500659909 0.00216807558664
-73.5 -0.0191465223968 0.00152523923778
-75.0 -0.048085509078 0.00106232786823
-76.5 -0.0651832324481 0.000732548249708
-78.0 -0.075505245267 0.000500116232277
-79.5 -0.0752655803057 0.000338035819017
-81.0 -0.0642146440147 0.000226209868629
-82.5 -0.0355256197249 0.000149870939133
-84.0 -0.00113354820941 9.83060769101e-05
-85.5 0.0331229059182 6.38410993007e-05
-87.0 0.047427827487 4.10466202483e-05
-88.5 0.0494733777191 2.61283211425e-05
-90.0 0.0515801156127 1.64665517146e-05
-91.5 0.0553869652564 1.02742676401e-05
-93.0 0.0579202466988 6.34681942372e-06
-94.5 0.044409849706 3.88166869263e-06
-96.0 0.026431707049 2.35037869958e-06
-97.5 0.00763947748598 1.40901064975e-06
-99.0 -0.00436140552738 8.36272400204e-07
-100.5 -0.0156122302713 4.91403569945e-07
-102.0 -0.0164945008115 2.85881403641e-07
-103.5 -0.0201091687116 1.64660928306e-07
-105.0 -0.0113028931038 9.38971192565e-08
-106.5 -0.00990690632596 5.30116146684e-08
-108.0 -0.00704531907615 2.96310370674e-08
-109.5 -0.00251410164983 1.63975787853e-08
-111.0 0.0173212041502 8.98399819229e-09
-112.5 0.0303573789216 4.87322698812e-09
-114.0 0.0418338422828 2.61710218887e-09
-115.5 0.0410113991258 1.39149540281e-09
-117.0 0.0440734023046 7.32487008229e-10
-118.5 0.04289572172 3.81746559593e-10
-120.0 0.0422889039371 1.96973314307e-10
-121.5 0.0391481741585 1.00622871882e-10
-123.0 0.0366831621903 5.0891245459e-11
-124.5 0.0318951068919 2.54827624487e-11
-126.0 0.0193298554402 1.26330142837e-11
-127.5 -0.00947127906205 6.20046876124e-12
-129.0 -0.0459781407639 3.0129998886e-12
-130.5 -0.0767603778204 1.4495418638e-12
-132.0 -0.0958994110648 6.9042969961e-13
-133.5 -0.103700486095 3.25585625084e-13
-135.0 -0.10384538172 1.52008556417e-13
-136.5 -0.0911308634106 7.02631963388e-14
-138.0 -0.0666253456955 3.21547268944e-14
-139.5 -0.0415804559718 1.45686330086e-14
-141.0 -0.023219903746 6.53506387162e-15
-142.5 -0.0208217471087 2.90227075087e-15
-144.0 -0.0243637306335 1.27609518108e-15
-145.5 -0.0215593441643 5.55501540236e-16
-147.0 -0.0128268821176 2.3941123195e-16
-148.5 0.00104553495873 1.02155282842e-16
-150.0 0.0246350663035 4.31553054565e-17
-151.5 0.0403865737684 1.80494766717e-17
-153.0 0.0492710572866 7.47398271542e-18
-154.5 0.044779645024 3.06405544017e-18
-156.0 0.0360332678455 1.24365008562e-18
-157.5 0.0207383883188 4.99754650709e-19
-159.0 0.00735663510484 1.9882570899e-19
-160.5 -0.0054947492281 7.83150609713e-20
-162.0 -0.00723957368516 3.05404263905e-20
-163.5 -5.76222457728e-05 1.17913072791e-20
-165.0 0.0130642245294 4.50719007481e-21
-166.5 0.01576410931 1.70571647668e-21
-168.0 0.0115884353435 6.39094192557e-22
-169.5 0.00432810973469 2.37071830392e-22
-171.0 0.00342208960739 8.70667011132e-23
-172.5 0.00496738192661 3.16578401413e-23
-174.0 0.0104832509201 1.13963959312e-23
-175.5 0.0159422253021 4.06172794936e-24
-177.0 0.0221297234766 1.43321448577e-24
-178.5 0.0222567314815 5.00689635952e-25
-180.0 0.0262630535249 1.73174152038e-25
-181.5 0.0216917145123 5.92999862817e-26
-183.0 0.0232376398374 2.01040322017e-26
-184.5 0.0256567289393 6.74790259092e-27
-186.0 0.0181655082158 2.24239178339e-27
-187.5 0.00522801883537 7.37753429917e-28
-189.0 -0.00224061009821 2.40307893398e-28
-190.5 -0.0096657974455 7.74964646294e-29
-192.0 -0.010272399675 2.47430253427e-29
-193.5 -0.0153589857995 7.82133278027e-30
-195.0 -0.0228633573647 2.44774281433e-30
-196.5 -0.0225101377148 7.58416650853e-31
-198.0 -0.0182205156023 2.3265210665e-31
-199.5 -0.0173537257958 7.06582984337e-32
-201.0 -0.013908411841 2.12459627255e-32
-202.5 -0.00230222495117 6.32479874581e-33
-204.0 0.0167814008308 1.8641208402e-33
-205.5 0.0387755918603 5.43949357073e-34
-207.0 0.0457092996836 1.57144769034e-34
-208.5 0.033207955255 4.49467656335e-35
-210.0 0.0143760109252 1.27278197711e-35
-211.5 0.0039420815359 3.56834341338e-36
-213.0 -0.00516675566674 9.90458596385e-37
-214.5 -0.0094695443367 2.72184294964e-37
-216.0 -0.0230907822122 7.40537158105e-38
-217.5 -0.0266455768306 1.994746458e-38
-219.0 -0.0196269009293 5.31968118468e-39
-220.5 -0.0164435615215 1.40456086341e-39
-222.0 -0.0211687757955 3.67157645469e-40
-223.5 -0.0353574486765 9.50214480286e-41
-225.0 -0.0433464432951 2.43471296121e-41
-226.5 -0.0436520063971 6.17633645776e-42
-228.0 -0.0420546457212 1.55121208682e-42
-229.5 -0.0429789052211 3.85716723517e-43
-231.0 -0.0309839919511 9.49560877453e-44
-232.5 -0.015457534259 2.31437757388e-44
-234.0 0.00923705210133 5.5847362413e-45
-235.5 0.0251328958348 1.33422224287e-45
-237.0 0.0406185588403 3.15580922497e-46
-238.5 0.0540567851343 7.39010078669e-47
-240.0 0.0549782550352 1.71335373866e-47
-241.5 0.0463321424378 3.93279009088e-48
-243.0 0.0288684054134 8.93740734614e-49
-244.5 0.0112464797741 2.01084869331e-49
-246.0 0.00568306715821 4.47923955018e-50
-247.5 0.00728041715901 9.87839164046e-51
-249.0 0.00658861411597 2.15687634059e-51
-250.5 0.00873950774491 4.66252644469e-52
-252.0 0.00836535088761 9.97871053496e-53
-253.5 0.0142890107638 2.11438756754e-53
-255.0 0.0238184707687 4.43559436955e-54
-256.5 0.0280115549114 9.21247040514e-55
-258.0 0.0228211214818 1.89433787733e-55
-259.5 0.0265310774082 3.85652219926e-56
-261.0 0.0257523965031 7.77304681518e-57
-262.5 0.024342604936 1.55111424491e-57
-264.0 0.0129280914783 3.06445567765e-58
-265.5 -0.000210696873537 5.99404442835e-59
-267.0 -0.00945661718226 1.16076318668e-59
-268.5 -0.00428358091951 2.22548335151e-60
-270.0 -0.00763331108441 4.22437173926e-61
-271.5 -0.00673601287947 7.93883841574e-62
-273.0 -0.00870486761603 1.47709644104e-62
-274.5 -0.0091664091579 2.72093267558e-63
-276.0 -0.0119580899085 4.96230890414e-64
-277.5 -0.0114262760499 8.95997608247e-65
-279.0 -0.0152517034762 1.60172133439e-65
-280.5 -0.00656661010079 2.83481110483e-66
-282.0 0.00466700595663 4.96727661731e-67
-283.5 0.0165577398421 8.61726842083e-68
-285.0 0.02300037739 1.48005533154e-68
-286.5 0.0330670015627 2.51676889319e-69
-288.0 0.033480062341 4.23707136125e-70
-289.5 0.037761602155 7.0622855699e-71
-291.0 0.0346185705968 1.16541828041e-71
-292.5 0.0281011433911 1.90403721502e-72
-294.0 0.0270124986426 3.07982538503e-73
-295.5 0.0312620008749 4.93212200553e-74
-297.0 0.0265001574504 7.81985289389e-75
-298.5 0.0 1.22749691837e-75
-300.0 0.0 1.90765261819e-76
###
# timestamp: 2455851.6488154
# Gaussian 1 [amp, RV +/- err, wid]: [1.00, 141.66 +/- 0.05, 15.00]
# Gaussian 2 [amp, RV +/- err, wid]: [0.99, 35.00 +/- 0.00, 15.00]
# Uncorrected_RV, BF_amp, Gaussian_fit
###
300.0 0.0 6.34353020971e-25
298.5 0.0 1.81389876299e-24
297.0 -0.0154902584006 5.13513815163e-24
295.5 -0.00607544514836 1.43928988921e-23
294.0 0.0170391897532 3.99393941144e-23
292.5 0.0238652749048 1.09726550197e-22
291.0 0.0304447790381 2.98455119774e-22
289.5 0.0163109614412 8.03717447965e-22
288.0 0.00820266046963 2.14281567688e-21
286.5 2.63059081667e-05 5.65618087043e-21
285.0 -0.00276869525616 1.47815105427e-20
283.5 -0.000529103757593 3.82447125842e-20
282.0 -0.00193069747146 9.79672778226e-20
280.5 -0.00227295897446 2.48454996533e-19
279.0 -0.000391489823041 6.23837510227e-19
277.5 0.00457676945289 1.55078749115e-18
276.0 0.00981400647302 3.81671866874e-18
274.5 0.0107987577989 9.30004530596e-18
273.0 0.00600409894687 2.24355662182e-17
271.5 -0.00178047410333 5.35853485516e-17
270.0 -0.00356182748975 1.26710364609e-16
268.5 0.000455799920035 2.96643800414e-16
267.0 0.0151818953598 6.87567701327e-16
265.5 0.0285618392044 1.57780276779e-15
264.0 0.041814737079 3.58465211899e-15
262.5 0.033131490588 8.06303177813e-15
261.0 0.0190429477252 1.79558836728e-14
259.5 -0.00189846389562 3.95887920025e-14
258.0 -0.00687236870211 8.64161218146e-14
256.5 -0.0141522621278 1.86755907927e-13
255.0 -0.0137217124403 3.99586660673e-13
253.5 -0.017123432793 8.46456548969e-13
252.0 -0.00118039606649 1.77523320354e-12
250.5 0.0242149261335 3.68606687513e-12
249.0 0.0553478762956 7.57753696056e-12
247.5 0.0717353800201 1.54223292897e-11
246.0 0.0709505801677 3.10762735185e-11
244.5 0.0532013304024 6.1996183343e-11
243.0 0.0217492711907 1.22449785258e-10
241.5 -0.00835359125248 2.39446314513e-10
240.0 -0.0323664796519 4.63570019613e-10
238.5 -0.0383570919439 8.88545313453e-10
237.0 -0.0352138118673 1.68616812483e-09
235.5 -0.0239811981731 3.16795661246e-09
234.0 -0.0230570801271 5.89270404895e-09
232.5 -0.0192227466234 1.08519326585e-08
231.0 -0.0218603717493 1.97859362486e-08
229.5 -0.0199301336722 3.57160297413e-08
228.0 -0.0164308418235 6.38302876583e-08
226.5 -0.0110817741927 1.12939921751e-07
225.0 -0.00106247955547 1.97845063525e-07
223.5 0.0107396059205 3.43131042547e-07
222.0 0.0137457355413 5.89185236822e-07
220.5 0.0236957155148 1.00161485698e-06
219.0 0.0341028614535 1.6858025817e-06
217.5 0.0426774522234 2.80911634393e-06
216.0 0.0431654598799 4.63436028455e-06
214.5 0.0280709749082 7.56949516692e-06
213.0 0.00274387890915 1.22405545459e-05
211.5 -0.00739472717882 1.95971233501e-05
210.0 -0.012682283513 3.10628009746e-05
208.5 -0.0114233570833 4.8746782665e-05
207.0 -0.011771140341 7.57370448113e-05
205.5 -0.0145533568013 0.000116500505225
204.0 -0.0118679750008 0.000177420711831
202.5 0.00545175953264 0.00026750868169
201.0 0.0177918124434 0.000399326838724
199.5 0.0340539059487 0.000590168702084
198.0 0.0343444461529 0.000863536906516
196.5 0.0170133986394 0.00125095788246
195.0 -0.00306551625233 0.00179416147749
193.5 -0.0229986245855 0.00254763626621
192.0 -0.0377498596258 0.00358154467341
190.5 -0.0433639003206 0.00498494507796
189.0 -0.0555907438131 0.00686922019743
187.5 -0.071402433964 0.00937155274402
186.0 -0.0789985022042 0.0126582224802
184.5 -0.0802168898095 0.0169274270357
183.0 -0.0684317042063 0.0224112578117
181.5 -0.0681219461483 0.0293763996505
180.0 -0.0678006515336 0.0381230781518
178.5 -0.0646136291488 0.0489817622596
177.0 -0.0443560556805 0.0623071530592
175.5 -0.0197128529072 0.0784690626768
174.0 0.00479758007449 0.0978399173468
172.5 0.00876380630912 0.120778809506
171.0 0.020900390778 0.147612272782
169.5 0.0231258627046 0.178612251436
168.0 0.0234322873932 0.213972064905
166.5 0.0177177875166 0.253781503454
165.0 0.0104211182278 0.298002501186
163.5 0.0135112499642 0.346447081918
162.0 0.0270158276525 0.398759425226
160.5 0.0313153086896 0.454403920971
159.0 0.036211944355 0.512660945538
157.5 0.0335598061389 0.572631788566
156.0 0.0233836480513 0.633253688022
154.5 0.0137540276594 0.693325314505
153.0 -0.00516538184053 0.751542321665
151.5 -0.0187531469875 0.806541803442
150.0 -0.0205030117618 0.856953737219
148.5 -0.0147056752984 0.901456817178
147.0 0.00346433971968 0.938835564258
145.5 0.0210600612973 0.96803529797
144.0 0.0418683132594 0.988211513156
142.5 0.0648862854299 0.998770440046
141.0 0.0783860419073 0.999398070276
139.5 0.0767210347733 0.990075669018
138.0 0.0708886681715 0.971080703956
136.5 0.0554745726882 0.94297312682
135.0 0.0486213647943 0.90656795391
133.5 0.0454425081297 0.862896019097
132.0 0.046636784464 0.813155535753
130.5 0.0458833348256 0.758657640205
129.0 0.0340911770485 0.700769359416
127.5 0.00878175675579 0.640857437799
126.0 -0.0209700558383 0.580236187605
124.5 -0.0448688372053 0.520122033716
123.0 -0.0476747351583 0.461596764851
121.5 -0.0413146537192 0.405580748591
120.0 -0.0390337328284 0.352816589471
118.5 -0.025619724257 0.303862975635
117.0 -0.00445743002704 0.259097826864
115.5 0.0150310080203 0.218729366166
114.0 0.0310653324804 0.182813411705
112.5 0.0278579160787 0.151275030386
111.0 0.00942835199884 0.123932697777
109.5 -0.00442155487445 0.100523247118
108.0 -0.008948306488 0.0807261305914
106.5 -0.00196598626823 0.0641858224298
105.0 0.0143845630466 0.0505315298701
103.5 0.0338245737949 0.0393937123288
102.0 0.0572417271586 0.0304172155472
100.5 0.0639082867485 0.0232710875274
99.0 0.0560264421695 0.0176553462619
97.5 0.0245989009233 0.0133051121054
96.0 -0.0168254563416 0.00999260251057
94.5 -0.0343371604444 0.00752752029392
93.0 -0.00742051292012 0.0057563576202
91.5 0.0435681795452 0.00456109635333
90.0 0.0939151003517 0.00385772074103
88.5 0.0946769524949 0.0035948786455
87.0 0.0525884874805 0.00375293892506
85.5 -0.0221194232798 0.00434359939155
84.0 -0.0935587753017 0.00541010461383
82.5 -0.153889913124 0.00702803714641
81.0 -0.191561852163 0.00930655049754
79.5 -0.194582657028 0.0123898185646
78.0 -0.142692376848 0.0164583866065
76.5 -0.0504363678413 0.0217300269132
75.0 0.0502115431713 0.0284596338862
73.5 0.109038597263 0.0369376458735
72.0 0.112040638296 0.0474864639025
70.5 0.0813861522598 0.0604543602347
69.0 0.0456120545805 0.0762064416678
67.5 0.0177257627572 0.0951123609754
66.0 0.00797691888688 0.117530658222
64.5 0.00342867581677 0.14378985997
63.0 0.00372336494703 0.174166759792
61.5 -0.00589499187457 0.208862631547
60.0 -0.0285299153031 0.247978463565
58.5 -0.0444231777632 0.29149061641
57.0 -0.0478523347202 0.339228564213
55.5 -0.029720064916 0.390856543285
54.0 -0.00662647315875 0.445860968246
52.5 0.0287732653687 0.503545359169
51.0 0.0544599366568 0.563034238651
49.5 0.0820198147948 0.623287006334
48.0 0.0818050300306 0.683122198898
46.5 0.060156974677 0.741251832595
45.0 0.0297514758691 0.796324756366
43.5 0.0061708459827 0.84697718164
42.0 -0.00707931056517 0.89188787182
40.5 0.000289804878436 0.929834940404
39.0 0.010990261013 0.959750882656
37.5 0.0288545036935 0.980772395774
36.0 0.0471982355721 0.992281747715
34.5 0.0624916935476 0.993936929554
33.0 0.0691943444729 0.985688537836
31.5 0.0686182832281 0.967782224057
30.0 0.0460020037232 0.940746541819
28.5 0.0286550898255 0.905367030593
27.0 0.0046470633885 0.862648309197
25.5 -0.00450689826009 0.813766730839
24.0 -0.0143451025341 0.760016710204
22.5 -0.0238796013474 0.702754130094
21.0 -0.0245076754835 0.643340255799
19.5 -0.0114747710691 0.58308934215
18.0 0.00334587449187 0.523222648077
16.5 0.0179131237375 0.464830932514
15.0 0.0123652974276 0.408846761733
13.5 0.00547360117169 0.356027183761
12.0 0.0101622112917 0.306946588457
10.5 0.0172834970968 0.261998930096
9.0 0.022860842987 0.221407985276
7.5 0.0194711252971 0.185243977492
6.0 0.0176262100557 0.153444727408
4.5 0.0363195889792 0.125839475005
3.0 0.0442537289267 0.102173643537
1.5 0.0311053938254 0.0821330439911
0.0 0.00182330902193 0.0653663164514
-1.5 -0.027462014328 0.0515047354271
-3.0 -0.0394179214732 0.0401788372383
-4.5 -0.0459306140524 0.0310316324802
-6.0 -0.0619751007314 0.0237284263506
-7.5 -0.0648942643902 0.0179634730324
-9.0 -0.0514595783506 0.0134638334504
-10.5 -0.0106245915384 0.00999089075632
-12.0 0.0244848496108 0.00734001157903
-13.5 0.0480836962096 0.00533883298426
-15.0 0.0420727605287 0.00384461609793
-16.5 0.0289992776862 0.00274104824978
-18.0 0.00754189293906 0.00193480604597
-19.5 0.00848079492618 0.00135212003029
-21.0 0.00633681130652 0.000935513614821
-22.5 0.0141433952424 0.000640828817452
-24.0 0.0164032551206 0.000434601288435
-25.5 0.0290700390144 0.000291807897103
-27.0 0.0408749116666 0.000193981416997
-28.5 0.0529517764171 0.000127667475048
-30.0 0.0561720408851 8.31873837851e-05
-31.5 0.0598844292875 5.36650722259e-05
-33.0 0.0532969971176 3.42754389633e-05
-34.5 0.0470286238963 2.1673616669e-05
-36.0 0.0224188083775 1.35686551704e-05
-37.5 -0.0101772591502 8.41006356705e-06
-39.0 -0.037521646114 5.16082112266e-06
-40.5 -0.0458191480125 3.13541758383e-06
-42.0 -0.0377927484832 1.88594502061e-06
-43.5 -0.0112923351237 1.12310334701e-06
-45.0 0.0106854112065 6.62166903851e-07
-46.5 0.01386436483 3.86520269913e-07
-48.0 -0.00158505602423 2.2337477766e-07
-49.5 -0.0398457816267 1.27806531109e-07
-51.0 -0.0880536504919 7.23984080903e-08
-52.5 -0.12753973415 4.06033663467e-08
-54.0 -0.145879134489 2.25450976856e-08
-55.5 -0.140093587157 1.23936508276e-08
-57.0 -0.123068866338 6.74533380788e-09
-58.5 -0.0909019405196 3.63466753555e-09
-60.0 -0.046898058038 1.93902314246e-09
-61.5 0.00547873461471 1.02413768759e-09
-63.0 0.0391213736359 5.35538575529e-10
-64.5 0.0560142999667 2.77255535129e-10
-66.0 0.0470040380582 1.42110689447e-10
-67.5 0.0354412797583 7.21157829371e-11
-69.0 0.0308662437691 3.62318871076e-11
-70.5 0.0280174295658 1.80222347071e-11
-72.0 0.0149019832167 8.87530697737e-12
-73.5 -0.00679725442622 4.32728182317e-12
-75.0 -0.0366181443001 2.08883450453e-12
-76.5 -0.0730143459126 9.982744143e-13
-78.0 -0.0937724835182 4.72338018142e-13
-79.5 -0.107755784454 2.21265101312e-13
-81.0 -0.101355781086 1.0261952356e-13
-82.5 -0.0808166007846 4.7119874193e-14
-84.0 -0.0417684337983 2.14207812243e-14
-85.5 0.00711551524845 9.64103244262e-15
-87.0 0.0515495585153 4.29604516067e-15
-88.5 0.0759917415125 1.89527043114e-15
-90.0 0.0851828427628 8.27809852875e-16
-91.5 0.0750860818563 3.57970345222e-16
-93.0 0.0600246765911 1.53257086481e-16
-94.5 0.042223637288 6.49607656148e-17
-96.0 0.0231546065115 2.72608102372e-17
-97.5 0.00279753197896 1.13261794887e-17
-99.0 -0.00610867525408 4.65891916189e-18
-100.5 -0.0129508681598 1.8973347693e-18
-102.0 -0.0116514770606 7.6499713907e-19
-103.5 -0.0203595982513 3.05374459832e-19
-105.0 -0.0241280013485 1.20687604659e-19
-106.5 -0.0267254383468 4.72225765061e-20
-108.0 -0.013439753964 1.82933711267e-20
-109.5 0.00136135511615 7.01608540141e-21
-111.0 0.0211081575811 2.6641154639e-21
-112.5 0.0304142297286 1.00153994521e-21
-114.0 0.0416613770915 3.72769664092e-22
-115.5 0.048090999634 1.37363043442e-22
-117.0 0.054864981561 5.01136807507e-23
-118.5 0.0492807829694 1.81008827239e-23
-120.0 0.040799478381 6.47292034026e-24
-121.5 0.0394803127347 2.29170031959e-24
-123.0 0.0390340921747 8.03290153337e-25
-124.5 0.0500284854809 2.78768768655e-25
-126.0 0.0420065210204 9.57795616886e-26
-127.5 0.0100467557839 3.25805663159e-26
-129.0 -0.0386841085448 1.09723958652e-26
-130.5 -0.0805442769396 3.65848570016e-27
-132.0 -0.113076940207 1.20769789986e-27
-133.5 -0.120215570624 3.9470471603e-28
-135.0 -0.118469621778 1.27715431513e-28
-136.5 -0.0988621280119 4.09139575131e-29
-138.0 -0.0613674730295 1.29764727712e-29
-139.5 -0.0221042305077 4.07473045159e-30
-141.0 0.00549379892974 1.26677115357e-30
-142.5 0.0091311526561 3.89901136163e-31
-144.0 -0.0025849247859 1.18814075035e-31
-145.5 -0.0161376826515 3.58458049443e-32
-147.0 -0.0202417795383 1.07069515701e-32
-148.5 -0.0115128807334 3.16628785054e-33
-150.0 0.00368113459736 9.2702619435e-34
-151.5 0.0213303371466 2.68714234311e-34
-153.0 0.0426756157044 7.7116337297e-35
-154.5 0.0547215731937 2.19108472471e-35
-156.0 0.0559455076974 6.16352274917e-36
-157.5 0.0429775706333 1.71654775662e-36
-159.0 0.0171242097855 4.73303627554e-37
-160.5 -0.00285802552427 1.2920544933e-37
-162.0 -0.0120199698017 3.49203737728e-38
-163.5 -0.0144046775066 9.34402499694e-39
-165.0 -0.00326428618119 2.47540437852e-39
-166.5 0.00736097320771 6.49255105099e-40
-168.0 0.0138798844982 1.68593818341e-40
-169.5 0.014018436034 4.33435995715e-41
-171.0 0.0108931317083 1.1032282126e-41
-172.5 0.00566917233401 2.78011524047e-42
-174.0 0.00305430748816 6.93613109464e-43
-175.5 0.00324065601992 1.71328196114e-43
-177.0 0.0108379866134 4.18984008041e-44
-178.5 0.0224364171689 1.01443238849e-44
-180.0 0.0390831591983 2.43167663472e-45
-181.5 0.0389640584791 5.77092715023e-46
-183.0 0.0312398134425 1.3559460721e-46
-184.5 0.0217419596603 3.15425135232e-47
-186.0 0.0166578375173 7.26452518378e-48
-187.5 0.0117910414843 1.65643815096e-48
-189.0 0.0133473337929 3.7393857671e-49
-190.5 0.00509012716792 8.35761520802e-50
-192.0 -0.0039659495806 1.84936029142e-50
-193.5 -0.0130156278292 4.05151769542e-51
-195.0 -0.0227719280497 8.78761470446e-52
-196.5 -0.0331698380878 1.8870409681e-52
-198.0 -0.0314960085198 4.01188712966e-53
-199.5 -0.0298380497794 8.44448441403e-54
-201.0 -0.0223177250755 1.7597647984e-54
-202.5 -0.00770557692039 3.63072343753e-55
-204.0 0.0156844819837 7.41632522768e-56
-205.5 0.0378433728796 1.49982787096e-56
-207.0 0.0595233142542 3.00297092958e-57
-208.5 0.0576064431506 5.95275339603e-58
-210.0 0.0444070595158 1.16826592595e-58
-211.5 0.0237706463673 2.26998289105e-59
-213.0 0.00207918802911 4.36677195964e-60
-214.5 -0.0185798689376 8.3167854318e-61
-216.0 -0.0396618207023 1.56822197951e-61
-217.5 -0.0453277545038 2.92763298073e-62
-219.0 -0.041471276046 5.4110653714e-63
-220.5 -0.0261584503115 9.90161385442e-64
-222.0 -0.0116699419355 1.79385049872e-64
-223.5 -0.011458917958 3.21753708284e-65
-225.0 -0.0263385908628 5.71370654582e-66
-226.5 -0.0402712705309 1.00454490902e-66
-228.0 -0.0491819494405 1.74854912348e-67
-229.5 -0.0451069312378 3.0133069538e-68
-231.0 -0.0364172602331 5.14121735588e-69
-232.5 -0.0351516703218 8.68451583393e-70
-234.0 -0.021209664878 1.4523868658e-70
-235.5 0.00508551793864 2.40478397702e-71
-237.0 0.0474269576576 3.94209314271e-72
-238.5 0.079427077228 6.3978602364e-73
-240.0 0.0852636363213 1.02801551884e-73
-241.5 0.0692157137677 1.63539116883e-74
-243.0 0.0348099971462 2.57573204333e-75
-244.5 -0.000631627687766 4.01639824493e-76
-246.0 -0.0199376321601 6.20054568389e-77
-247.5 -0.0248336328241 9.47720139674e-78
-249.0 -0.0196137933446 1.43412617727e-78
-250.5 -0.00848866230282 2.14858070662e-79
-252.0 -0.00580429959485 3.18693374908e-80
-253.5 0.00733451044434 4.68006035876e-81
-255.0 0.0245101172787 6.80435444419e-82
-256.5 0.0376481967241 9.79443655827e-83
-258.0 0.0424837506384 1.39581879514e-83
-259.5 0.040492273561 1.96940792653e-84
-261.0 0.0355808801415 2.75105565435e-85
-262.5 0.0256244905931 3.804697441e-86
-264.0 0.0124209235363 5.20952266022e-87
-265.5 0.00112731514648 7.06208258212e-88
-267.0 -0.00896485517369 9.47817465674e-89
-268.5 -0.0127785375257 1.25942896724e-89
-270.0 -0.0116513649554 1.65683669223e-90
-271.5 -0.0188407724072 2.15795699175e-91
-273.0 -0.0197277378225 2.78267778643e-92
-274.5 -0.016953939217 3.55254929231e-93
-276.0 -0.0228040010386 4.49028967804e-94
-277.5 -0.0213826505913 5.6190857661e-95
-279.0 -0.0163545714518 6.96167937855e-96
-280.5 -0.0112021205161 8.53924413348e-97
-282.0 0.00853357493562 1.03700749997e-97
-283.5 0.0248676552499 1.24681328141e-98
-285.0 0.0296573928743 1.48415068732e-99
-286.5 0.0379969580463 1.7490878799e-100
-288.0 0.039345658027 2.04080880074e-101
-289.5 0.0352470659061 2.35749109896e-102
-291.0 0.0253227567995 2.6962171082e-103
-292.5 0.0154243051826 3.05292906578e-104
-294.0 0.0105517337479 3.42243826103e-105
-295.5 0.0245133464832 3.79849523887e-106
-297.0 0.0290939309392 4.17392465807e-107
-298.5 0.0 4.54082411114e-108
-300.0 0.0 4.890821462e-109
