#NUMBER OF AGES= 1
#----------------------------------------------------       
#MIX-LEN  Y      Z          Zeff        [Fe/H] [a/Fe]
# 1.9380  0.2741 1.8850E-02 1.8850E-02   0.07   0.00 
#----------------------------------------------------       
#**PHOTOMETRIC SYSTEM**: Bessell UBV(RI)c + 2MASS JHKs + Kep
#----------------------------------------------------       
#AGE= 1.000 EEPS=278
#EEP   M/Mo    LogTeff  LogG   LogL/Lo U       B       V       R       I       J       H       Ks      Kp      D51
   2  0.114865  3.5048  5.2479 -2.7772 16.9343 15.4081 13.8066 12.6898 11.2180  9.7806  9.2455  9.0021 12.6342 14.4630
   3  0.133228  3.5048  5.1838 -2.6487 16.5670 15.0737 13.4848 12.3696 10.8997  9.4594  8.9257  8.6808 12.3145 14.1310
   4  0.169472  3.5075  5.1023 -2.4517 15.9468 14.5121 12.9497 11.8485 10.4005  8.9736  8.4402  8.1955 11.8020 13.5800
   5  0.230876  3.5172  5.0343 -2.2108 15.0816 13.7257 12.2114 11.1509  9.7688  8.3951  7.8557  7.6175 11.1302 12.8220
   6  0.297847  3.5263  4.9847 -2.0141 14.3867 13.0806 11.6050 10.5790  9.2527  7.9261  7.3774  7.1457 10.5789 12.2027
   7  0.314759  3.5284  4.9702 -1.9671 14.2260 12.9296 11.4629 10.4445  9.1302  7.8139  7.2623  7.0321 10.4487 12.0579
   8  0.321278  3.5292  4.9631 -1.9479 14.1622 12.8696 11.4064 10.3907  9.0807  7.7680  7.2152  6.9856 10.3963 12.0002
   9  0.325074  3.5297  4.9579 -1.9359 14.1228 12.8326 11.3715 10.3573  9.0497  7.7389  7.1854  6.9561 10.3638 11.9645
  10  0.328512  3.5301  4.9529 -1.9247 14.0867 12.7986 11.3395 10.3267  9.0211  7.7121  7.1579  6.9289 10.3339 11.9318
  11  0.332249  3.5305  4.9476 -1.9128 14.0480 12.7621 11.3051 10.2938  8.9904  7.6832  7.1283  6.8996 10.3017 11.8967
  12  0.337007  3.5311  4.9415 -1.8982 14.0005 12.7174 11.2629 10.2534  8.9530  7.6482  7.0924  6.8641 10.2623 11.8536
  13  0.344356  3.5320  4.9335 -1.8772 13.9309 12.6514 11.2008 10.1943  8.8987  7.5979  7.0406  6.8129 10.2049 11.7903
  14  0.428941  3.5459  4.8644 -1.6572 13.1699 11.9166 10.5076  9.5427  8.3224  7.0850  6.5048  6.2849  9.5792 11.0918
  15  0.445047  3.5492  4.8495 -1.6129 13.0177 11.7659 10.3642  9.4077  8.2050  6.9837  6.3979  6.1796  9.4503 10.9493
  16  0.462713  3.5532  4.8328 -1.5635 12.8490 11.5968 10.2027  9.2556  8.0740  6.8716  6.2791  6.0628  9.3053 10.7896
  17  0.478337  3.5569  4.8175 -1.5189 12.6971 11.4427 10.0545  9.1163  7.9558  6.7708  6.1720  5.9578  9.1732 10.6439
  18  0.492281  3.5605  4.8038 -1.4784 12.5589 11.3006  9.9172  8.9879  7.8499  6.6801  6.0752  5.8633  9.0522 10.5092
  19  0.505065  3.5640  4.7917 -1.4412 12.4316 11.1680  9.7884  8.8677  7.7528  6.5972  5.9865  5.7771  8.9397 10.3836
  20  0.515529  3.5670  4.7821 -1.4104 12.3258 11.0566  9.6797  8.7664  7.6724  6.5292  5.9135  5.7066  8.8453 10.2781
  21  0.524602  3.5698  4.7739 -1.3835 12.2333 10.9583  9.5834  8.6767  7.6019  6.4701  5.8499  5.6454  8.7618 10.1851
  22  0.533937  3.5728  4.7657 -1.3557 12.1379 10.8560  9.4829  8.5830  7.5289  6.4095  5.7845  5.5830  8.6748 10.0885
  23  0.545411  3.5766  4.7560 -1.3215 12.0206 10.7290  9.3577  8.4662  7.4392  6.3355  5.7046  5.5071  8.5667  9.9687
  24  0.561001  3.5820  4.7431 -1.2750 11.8597 10.5539  9.1842  8.3042  7.3170  6.2355  5.5966  5.4053  8.4172  9.8034
  25  0.580285  3.5890  4.7276 -1.2168 11.6558 10.3302  8.9621  8.0968  7.1641  6.1118  5.4629  5.2807  8.2266  9.5933
  26  0.601235  3.5970  4.7118 -1.1534 11.4400 10.0852  8.7246  7.8764  6.9980  5.9756  5.3170  5.1471  8.0214  9.3716
  27  0.621116  3.6051  4.6984 -1.0935 11.2311  9.8472  8.4973  7.6665  6.8409  5.8472  5.1816  5.0247  7.8251  9.1594
  28  0.644401  3.6151  4.6845 -1.0235 10.9725  9.5602  8.2244  7.4152  6.6587  5.7005  5.0305  4.8885  7.5906  8.9007
  29  0.676189  3.6293  4.6681 -0.9294 10.5989  9.1614  7.8601  7.0850  6.4135  5.5026  4.8366  4.7148  7.2766  8.5437
  30  0.908425  3.7272  4.5800 -0.3215  7.1508  6.5562  5.6946  5.2409  4.8537  4.2987  3.8976  3.8477  5.3983  5.9507
  31  0.925530  3.7330  4.5717 -0.2818  6.9410  6.4107  5.5757  5.1365  4.7586  4.2231  3.8382  3.7894  5.2901  5.8156
  32  0.941992  3.7384  4.5633 -0.2442  6.7498  6.2741  5.4649  5.0389  4.6699  4.1513  3.7797  3.7334  5.1889  5.6914
  33  0.957856  3.7434  4.5547 -0.2084  6.5741  6.1468  5.3614  4.9473  4.5863  4.0829  3.7232  3.6791  5.0939  5.5766
  34  0.972921  3.7480  4.5462 -0.1749  6.4139  6.0295  5.2659  4.8622  4.5084  4.0187  3.6697  3.6275  5.0058  5.4715
  35  0.987968  3.7524  4.5373 -0.1418  6.2600  5.9153  5.1727  4.7789  4.4320  3.9553  3.6163  3.5760  4.9195  5.3696
  36  1.003875  3.7568  4.5276 -0.1073  6.1035  5.7978  5.0765  4.6926  4.3526  3.8889  3.5599  3.5214  4.8301  5.2650
  37  1.020668  3.7613  4.5169 -0.0713  5.9450  5.6773  4.9774  4.6032  4.2703  3.8193  3.5003  3.4635  4.7377  5.1578
  38  1.037889  3.7658  4.5056 -0.0348  5.7892  5.5569  4.8780  4.5133  4.1872  3.7486  3.4393  3.4041  4.6447  5.0509
  39  1.055099  3.7701  4.4937  0.0012  5.6398  5.4398  4.7807  4.4249  4.1054  3.6785  3.3784  3.3446  4.5534  4.9469
  40  1.072236  3.7741  4.4815  0.0367  5.4966  5.3261  4.6858  4.3383  4.0250  3.6090  3.3174  3.2850  4.4640  4.8458
  41  1.089649  3.7781  4.4687  0.0723  5.3564  5.2131  4.5912  4.2517  3.9445  3.5389  3.2555  3.2244  4.3747  4.7453
  42  1.107009  3.7819  4.4558  0.1074  5.2193  5.1002  4.4985  4.1671  3.8664  3.4709  3.1953  3.1658  4.2872  4.6467
  43  1.120421  3.7848  4.4452  0.1348  5.1155  5.0145  4.4273  4.1012  3.8046  3.4165  3.1468  3.1180  4.2192  4.5714
  44  1.136715  3.7883  4.4326  0.1674  5.0018  4.9227  4.3447  4.0217  3.7270  3.3469  3.0846  3.0544  4.1385  4.4856
  45  1.237875  3.8082  4.3581  0.3585  4.3504  4.3580  3.8505  3.5599  3.2921  2.9591  2.7361  2.7075  3.6653  3.9708
  46  1.395878  3.8352  4.2596  0.6173  3.5370  3.5790  3.1815  2.9483  2.7330  2.4633  2.2942  2.2732  3.0323  3.2726
  47  1.442163  3.8427  4.2342  0.6870  3.3344  3.3785  3.0039  2.7838  2.5813  2.3278  2.1733  2.1525  2.8628  3.0885
  48  1.498752  3.8522  4.2098  0.7663  3.1063  3.1488  2.8016  2.5985  2.4132  2.1797  2.0435  2.0230  2.6710  2.8781
  49  1.534784  3.8579  4.1920  0.8172  2.9640  3.0035  2.6721  2.4793  2.3045  2.0827  1.9574  1.9370  2.5478  2.7437
  50  1.587493  3.8660  4.1676  0.8885  2.7676  2.8011  2.4911  2.3130  2.1533  1.9478  1.8376  1.8174  2.3757  2.5558
  51  1.646149  3.8738  4.1378  0.9652  2.5614  2.5868  2.2969  2.1331  1.9886  1.7981  1.7023  1.6822  2.1902  2.3552
  52  1.655891  3.8749  4.1324  0.9778  2.5280  2.5521  2.2651  2.1034  1.9611  1.7728  1.6790  1.6590  2.1596  2.3224
  53  1.665596  3.8760  4.1268  0.9902  2.4952  2.5180  2.2337  2.0740  1.9339  1.7476  1.6557  1.6357  2.1294  2.2901
  54  1.674949  3.8770  4.1212  1.0023  2.4633  2.4847  2.2031  2.0453  1.9072  1.7228  1.6328  1.6128  2.1000  2.2586
  55  1.684827  3.8780  4.1152  1.0148  2.4307  2.4508  2.1717  2.0157  1.8796  1.6970  1.6087  1.5887  2.0696  2.2264
  56  1.694772  3.8790  4.1090  1.0273  2.3980  2.4168  2.1402  1.9859  1.8517  1.6709  1.5843  1.5643  2.0391  2.1940
  57  1.704825  3.8799  4.1026  1.0399  2.3652  2.3827  2.1084  1.9558  1.8235  1.6443  1.5594  1.5394  2.0083  2.1614
  58  1.714863  3.8807  4.0960  1.0525  2.3326  2.3487  2.0767  1.9257  1.7952  1.6176  1.5342  1.5143  1.9776  2.1290
  59  1.725129  3.8816  4.0893  1.0651  2.2998  2.3146  2.0448  1.8955  1.7666  1.5906  1.5087  1.4888  1.9467  2.0963
  60  1.735092  3.8823  4.0824  1.0775  2.2679  2.2814  2.0136  1.8658  1.7385  1.5638  1.4833  1.4634  1.9164  2.0645
  61  1.745205  3.8830  4.0755  1.0898  2.2362  2.2484  1.9825  1.8361  1.7103  1.5369  1.4578  1.4378  1.8861  2.0327
  62  1.754969  3.8837  4.0684  1.1019  2.2054  2.2163  1.9522  1.8070  1.6826  1.5104  1.4323  1.4124  1.8565  2.0018
  63  1.764712  3.8842  4.0610  1.1137  2.1754  2.1851  1.9224  1.7782  1.6550  1.4836  1.4065  1.3866  1.8273  1.9715
  64  1.774206  3.8846  4.0534  1.1253  2.1460  2.1546  1.8931  1.7499  1.6276  1.4570  1.3807  1.3608  1.7986  1.9419
  65  1.783892  3.8849  4.0453  1.1370  2.1164  2.1238  1.8634  1.7209  1.5995  1.4295  1.3539  1.3340  1.7693  1.9118
  66  1.793789  3.8852  4.0369  1.1491  2.0862  2.0924  1.8330  1.6912  1.5706  1.4010  1.3260  1.3061  1.7393  1.8811
  67  1.804111  3.8855  4.0280  1.1616  2.0547  2.0597  1.8013  1.6602  1.5403  1.3713  1.2969  1.2769  1.7080  1.8490
  68  1.815048  3.8858  4.0185  1.1749  2.0215  2.0253  1.7679  1.6275  1.5084  1.3398  1.2660  1.2461  1.6749  1.8153
  69  1.825662  3.8860  4.0086  1.1881  1.9886  1.9910  1.7344  1.5946  1.4761  1.3079  1.2345  1.2146  1.6418  1.7816
  70  1.836678  3.8861  3.9981  1.2016  1.9549  1.9561  1.7001  1.5607  1.4427  1.2746  1.2016  1.1816  1.6078  1.7471
  71  1.847639  3.8861  3.9873  1.2152  1.9215  1.9213  1.6658  1.5267  1.4090  1.2410  1.1681  1.1482  1.5736  1.7127
  72  1.858584  3.8861  3.9761  1.2287  1.8885  1.8870  1.6317  1.4927  1.3752  1.2069  1.1342  1.1141  1.5396  1.6785
  73  1.869328  3.8859  3.9646  1.2419  1.8562  1.8535  1.5982  1.4591  1.3415  1.1729  1.1000  1.0800  1.5060  1.6451
  74  1.879869  3.8856  3.9530  1.2548  1.8251  1.8212  1.5655  1.4261  1.3082  1.1390  1.0658  1.0457  1.4731  1.6126
  75  1.890123  3.8851  3.9411  1.2672  1.7952  1.7903  1.5339  1.3939  1.2754  1.1053  1.0315  1.0114  1.4412  1.5813
  76  1.900133  3.8845  3.9290  1.2792  1.7668  1.7608  1.5033  1.3625  1.2431  1.0719  0.9972  0.9770  1.4101  1.5512
  77  1.909921  3.8838  3.9166  1.2909  1.7394  1.7326  1.4737  1.3317  1.2112  1.0385  0.9628  0.9425  1.3798  1.5221
  78  1.919561  3.8829  3.9040  1.3023  1.7130  1.7054  1.4447  1.3014  1.1794  1.0051  0.9282  0.9078  1.3500  1.4938
  79  1.929010  3.8819  3.8910  1.3135  1.6875  1.6793  1.4164  1.2715  1.1478  0.9716  0.8932  0.8727  1.3208  1.4663
  80  1.938389  3.8808  3.8777  1.3244  1.6630  1.6541  1.3887  1.2419  1.1163  0.9379  0.8578  0.8371  1.2921  1.4395
  81  1.947575  3.8796  3.8641  1.3350  1.6394  1.6298  1.3617  1.2129  1.0852  0.9044  0.8224  0.8016  1.2639  1.4135
  82  1.953461  3.8787  3.8552  1.3418  1.6246  1.6145  1.3446  1.1943  1.0652  0.8827  0.7994  0.7785  1.2459  1.3970
  83  1.959310  3.8778  3.8460  1.3485  1.6101  1.5995  1.3276  1.1758  1.0450  0.8608  0.7760  0.7551  1.2280  1.3808
  84  1.965173  3.8768  3.8367  1.3551  1.5960  1.5849  1.3108  1.1574  1.0250  0.8389  0.7525  0.7315  1.2103  1.3648
  85  1.970993  3.8757  3.8272  1.3616  1.5823  1.5707  1.2942  1.1391  1.0049  0.8167  0.7287  0.7076  1.1927  1.3490
  86  1.976742  3.8746  3.8174  1.3681  1.5689  1.5568  1.2778  1.1209  0.9847  0.7944  0.7046  0.6833  1.1752  1.3335
  87  1.982478  3.8734  3.8075  1.3745  1.5558  1.5433  1.2616  1.1028  0.9646  0.7719  0.6802  0.6589  1.1579  1.3182
  88  1.988178  3.8721  3.7973  1.3808  1.5433  1.5302  1.2457  1.0848  0.9444  0.7493  0.6556  0.6341  1.1407  1.3033
  89  1.993879  3.8707  3.7870  1.3870  1.5313  1.5177  1.2301  1.0671  0.9244  0.7267  0.6309  0.6093  1.1239  1.2888
  90  1.999496  3.8693  3.7764  1.3931  1.5197  1.5056  1.2148  1.0494  0.9043  0.7038  0.6057  0.5839  1.1072  1.2745
  91  2.005056  3.8678  3.7656  1.3992  1.5085  1.4940  1.1996  1.0317  0.8840  0.6805  0.5799  0.5580  1.0905  1.2606
  92  2.010599  3.8663  3.7547  1.4052  1.4977  1.4828  1.1847  1.0141  0.8636  0.6571  0.5538  0.5318  1.0740  1.2469
  93  2.016088  3.8647  3.7434  1.4111  1.4876  1.4724  1.1701  0.9967  0.8433  0.6334  0.5273  0.5051  1.0578  1.2337
  94  2.021565  3.8630  3.7321  1.4168  1.4780  1.4625  1.1560  0.9796  0.8231  0.6097  0.5007  0.4783  1.0419  1.2210
  95  2.026984  3.8612  3.7205  1.4225  1.4689  1.4531  1.1420  0.9626  0.8028  0.5859  0.4738  0.4512  1.0261  1.2085
  96  2.032332  3.8594  3.7087  1.4281  1.4602  1.4440  1.1283  0.9457  0.7826  0.5619  0.4466  0.4239  1.0104  1.1963
  97  2.037607  3.8575  3.6968  1.4337  1.4521  1.4356  1.1149  0.9289  0.7624  0.5378  0.4192  0.3962  0.9950  1.1845
  98  2.042853  3.8556  3.6847  1.4391  1.4444  1.4274  1.1017  0.9125  0.7425  0.5140  0.3920  0.3688  0.9799  1.1729
  99  2.048036  3.8536  3.6726  1.4445  1.4371  1.4195  1.0888  0.8962  0.7227  0.4901  0.3647  0.3413  0.9649  1.1616
 100  2.053164  3.8516  3.6602  1.4499  1.4302  1.4120  1.0760  0.8800  0.7030  0.4662  0.3373  0.3137  0.9500  1.1505
 101  2.058254  3.8496  3.6479  1.4553  1.4235  1.4046  1.0633  0.8637  0.6832  0.4423  0.3097  0.2859  0.9352  1.1394
 102  2.063333  3.8476  3.6355  1.4607  1.4169  1.3971  1.0504  0.8475  0.6634  0.4183  0.2821  0.2581  0.9202  1.1282
 103  2.068394  3.8456  3.6232  1.4663  1.4099  1.3893  1.0372  0.8309  0.6434  0.3942  0.2546  0.2303  0.9050  1.1166
 104  2.073428  3.8438  3.6111  1.4721  1.4024  1.3808  1.0236  0.8140  0.6232  0.3700  0.2270  0.2025  0.8893  1.1045
 105  2.078407  3.8422  3.5994  1.4783  1.3933  1.3707  1.0088  0.7964  0.6027  0.3460  0.2001  0.1754  0.8728  1.0911
 106  2.083194  3.8410  3.5891  1.4849  1.3816  1.3580  0.9928  0.7784  0.5826  0.3233  0.1753  0.1504  0.8556  1.0760
 107  2.087380  3.8405  3.5814  1.4917  1.3666  1.3421  0.9758  0.7606  0.5642  0.3039  0.1551  0.1302  0.8381  1.0594
 108  2.090733  3.8409  3.5770  1.4983  1.3492  1.3241  0.9590  0.7446  0.5489  0.2893  0.1413  0.1164  0.8218  1.0422
 109  2.093186  3.8418  3.5751  1.5042  1.3311  1.3057  0.9434  0.7308  0.5369  0.2793  0.1330  0.1082  0.8073  1.0259
 110  2.095038  3.8431  3.5754  1.5096  1.3128  1.2872  0.9290  0.7188  0.5274  0.2727  0.1290  0.1043  0.7944  1.0102
 111  2.096476  3.8447  3.5769  1.5147  1.2948  1.2690  0.9154  0.7081  0.5197  0.2683  0.1276  0.1030  0.7826  0.9953
 112  2.096724  3.8450  3.5773  1.5157  1.2911  1.2653  0.9127  0.7061  0.5183  0.2676  0.1276  0.1030  0.7803  0.9923
 113  2.096971  3.8455  3.5780  1.5168  1.2867  1.2608  0.9095  0.7037  0.5167  0.2671  0.1278  0.1033  0.7776  0.9888
 114  2.097218  3.8459  3.5785  1.5179  1.2827  1.2568  0.9066  0.7015  0.5153  0.2664  0.1279  0.1035  0.7751  0.9855
 115  2.097464  3.8463  3.5791  1.5190  1.2786  1.2527  0.9037  0.6993  0.5138  0.2658  0.1280  0.1036  0.7726  0.9823
 116  2.097711  3.8467  3.5797  1.5201  1.2745  1.2485  0.9007  0.6970  0.5123  0.2652  0.1282  0.1038  0.7701  0.9789
 117  2.097957  3.8472  3.5806  1.5214  1.2694  1.2434  0.8971  0.6945  0.5108  0.2647  0.1288  0.1044  0.7671  0.9749
 118  2.098203  3.8477  3.5815  1.5227  1.2645  1.2385  0.8936  0.6919  0.5092  0.2643  0.1293  0.1050  0.7642  0.9710
 119  2.098449  3.8483  3.5823  1.5239  1.2596  1.2335  0.8902  0.6894  0.5076  0.2638  0.1298  0.1055  0.7613  0.9671
 120  2.098694  3.8488  3.5833  1.5252  1.2546  1.2284  0.8866  0.6868  0.5061  0.2634  0.1303  0.1062  0.7584  0.9630
 121  2.098939  3.8495  3.5846  1.5268  1.2485  1.2222  0.8824  0.6838  0.5044  0.2631  0.1314  0.1073  0.7549  0.9582
 122  2.099184  3.8502  3.5858  1.5283  1.2426  1.2162  0.8782  0.6809  0.5027  0.2629  0.1324  0.1083  0.7515  0.9535
 123  2.099427  3.8509  3.5871  1.5298  1.2367  1.2102  0.8741  0.6780  0.5011  0.2626  0.1333  0.1094  0.7481  0.9488
 124  2.099670  3.8516  3.5886  1.5315  1.2301  1.2035  0.8696  0.6749  0.4994  0.2625  0.1346  0.1107  0.7444  0.9436
 125  2.099912  3.8525  3.5903  1.5334  1.2226  1.1959  0.8644  0.6713  0.4975  0.2624  0.1362  0.1124  0.7403  0.9377
 126  2.100153  3.8534  3.5920  1.5352  1.2156  1.1887  0.8595  0.6680  0.4957  0.2624  0.1377  0.1140  0.7363  0.9321
 127  2.100391  3.8545  3.5942  1.5374  1.2068  1.1797  0.8535  0.6639  0.4936  0.2625  0.1398  0.1162  0.7314  0.9251
 128  2.100627  3.8556  3.5963  1.5396  1.1982  1.1709  0.8476  0.6599  0.4916  0.2626  0.1419  0.1183  0.7266  0.9183
 129  2.100861  3.8567  3.5987  1.5419  1.1889  1.1614  0.8412  0.6556  0.4895  0.2629  0.1443  0.1209  0.7215  0.9109
 130  2.101092  3.8581  3.6015  1.5446  1.1785  1.1506  0.8340  0.6509  0.4874  0.2636  0.1473  0.1241  0.7159  0.9026
 131  2.101319  3.8595  3.6044  1.5473  1.1677  1.1394  0.8267  0.6461  0.4853  0.2643  0.1507  0.1275  0.7101  0.8941
 132  2.101542  3.8610  3.6078  1.5503  1.1558  1.1270  0.8186  0.6409  0.4832  0.2654  0.1546  0.1316  0.7037  0.8846
 133  2.101760  3.8627  3.6113  1.5534  1.1433  1.1140  0.8101  0.6355  0.4810  0.2666  0.1588  0.1360  0.6970  0.8746
 134  2.101971  3.8645  3.6152  1.5569  1.1297  1.0997  0.8008  0.6296  0.4786  0.2680  0.1635  0.1408  0.6898  0.8638
 135  2.102174  3.8665  3.6194  1.5607  1.1151  1.0844  0.7908  0.6233  0.4761  0.2695  0.1685  0.1460  0.6819  0.8520
 136  2.102368  3.8686  3.6238  1.5647  1.0996  1.0683  0.7803  0.6165  0.4734  0.2710  0.1737  0.1514  0.6736  0.8396
 137  2.102551  3.8709  3.6285  1.5691  1.0832  1.0513  0.7690  0.6093  0.4704  0.2723  0.1789  0.1568  0.6647  0.8264
 138  2.102720  3.8733  3.6334  1.5738  1.0657  1.0333  0.7569  0.6013  0.4668  0.2734  0.1839  0.1621  0.6551  0.8124
 139  2.102873  3.8758  3.6384  1.5788  1.0472  1.0143  0.7440  0.5928  0.4629  0.2742  0.1887  0.1672  0.6447  0.7974
 140  2.103012  3.8783  3.6434  1.5841  1.0281  0.9945  0.7306  0.5839  0.4588  0.2750  0.1937  0.1724  0.6339  0.7818
 141  2.103136  3.8810  3.6485  1.5897  1.0084  0.9739  0.7166  0.5748  0.4547  0.2758  0.1988  0.1778  0.6227  0.7656
 142  2.103244  3.8836  3.6533  1.5955  0.9883  0.9523  0.7022  0.5655  0.4507  0.2769  0.2042  0.1835  0.6112  0.7487
 143  2.103339  3.8863  3.6579  1.6014  0.9679  0.9302  0.6874  0.5559  0.4466  0.2777  0.2094  0.1889  0.5993  0.7314
 144  2.103423  3.8889  3.6623  1.6075  0.9474  0.9081  0.6724  0.5461  0.4421  0.2782  0.2140  0.1939  0.5872  0.7139
 145  2.103497  3.8915  3.6664  1.6137  0.9267  0.8860  0.6573  0.5361  0.4374  0.2783  0.2181  0.1983  0.5750  0.6964
 146  2.103562  3.8940  3.6703  1.6200  0.9060  0.8645  0.6423  0.5258  0.4319  0.2774  0.2210  0.2015  0.5626  0.6791
 147  2.103621  3.8965  3.6738  1.6263  0.8853  0.8433  0.6273  0.5153  0.4259  0.2758  0.2229  0.2037  0.5500  0.6619
 148  2.103674  3.8989  3.6771  1.6327  0.8646  0.8224  0.6123  0.5047  0.4196  0.2738  0.2243  0.2054  0.5374  0.6448
 149  2.103725  3.9013  3.6802  1.6392  0.8440  0.8015  0.5975  0.4941  0.4133  0.2716  0.2253  0.2067  0.5248  0.6279
 150  2.103782  3.9038  3.6837  1.6457  0.8231  0.7802  0.5826  0.4838  0.4074  0.2699  0.2269  0.2086  0.5123  0.6108
 151  2.103874  3.9051  3.6897  1.6449  0.8228  0.7798  0.5856  0.4891  0.4149  0.2797  0.2384  0.2202  0.5165  0.6127
 152  2.103904  3.9040  3.6918  1.6384  0.8408  0.7986  0.6012  0.5026  0.4265  0.2894  0.2467  0.2284  0.5310  0.6293
 153  2.103926  3.9027  3.6934  1.6317  0.8598  0.8183  0.6173  0.5162  0.4377  0.2984  0.2540  0.2355  0.5458  0.6466
 154  2.103944  3.9012  3.6943  1.6250  0.8794  0.8383  0.6335  0.5297  0.4485  0.3067  0.2603  0.2417  0.5606  0.6641
 155  2.103961  3.8996  3.6947  1.6182  0.8992  0.8586  0.6496  0.5429  0.4589  0.3144  0.2658  0.2470  0.5752  0.6816
 156  2.103977  3.8979  3.6944  1.6115  0.9192  0.8790  0.6656  0.5558  0.4686  0.3210  0.2701  0.2510  0.5895  0.6992
 157  2.103994  3.8960  3.6933  1.6049  0.9396  0.8997  0.6815  0.5682  0.4774  0.3265  0.2727  0.2535  0.6035  0.7168
 158  2.104013  3.8937  3.6911  1.5983  0.9604  0.9210  0.6973  0.5800  0.4851  0.3302  0.2733  0.2538  0.6171  0.7346
 159  2.104037  3.8909  3.6864  1.5917  0.9822  0.9438  0.7129  0.5903  0.4900  0.3300  0.2688  0.2490  0.6298  0.7527
 160  2.104076  3.8865  3.6741  1.5864  1.0045  0.9683  0.7255  0.5942  0.4850  0.3167  0.2486  0.2282  0.6376  0.7694
 161  2.104137  3.8809  3.6492  1.5889  1.0105  0.9761  0.7187  0.5767  0.4564  0.2774  0.2003  0.1792  0.6247  0.7677
 162  2.104184  3.8771  3.6248  1.5979  0.9974  0.9622  0.6957  0.5472  0.4201  0.2337  0.1506  0.1291  0.5980  0.7479
 163  2.104257  3.8723  3.5979  1.6059  0.9890  0.9529  0.6754  0.5189  0.3835  0.1881  0.0975  0.0755  0.5730  0.7313
 164  2.104355  3.8668  3.5685  1.6131  0.9859  0.9492  0.6579  0.4918  0.3463  0.1399  0.0401  0.0175  0.5499  0.7185
 165  2.104491  3.8602  3.5369  1.6184  0.9914  0.9548  0.6461  0.4682  0.3103  0.0905 -0.0209 -0.0442  0.5311  0.7124
 166  2.104659  3.8533  3.5060  1.6217  1.0044  0.9674  0.6403  0.4502  0.2794  0.0455 -0.0781 -0.1022  0.5179  0.7124
 167  2.104852  3.8465  3.4775  1.6232  1.0232  0.9849  0.6396  0.4377  0.2547  0.0069 -0.1288 -0.1537  0.5100  0.7173
 168  2.105059  3.8402  3.4520  1.6234  1.0466  1.0059  0.6425  0.4294  0.2350 -0.0266 -0.1740 -0.1998  0.5061  0.7255
 169  2.105275  3.8343  3.4290  1.6227  1.0727  1.0297  0.6480  0.4241  0.2187 -0.0560 -0.2147 -0.2412  0.5050  0.7363
 170  2.105495  3.8287  3.4079  1.6214  1.1011  1.0549  0.6555  0.4212  0.2055 -0.0817 -0.2514 -0.2786  0.5060  0.7486
 171  2.105719  3.8234  3.3887  1.6197  1.1316  1.0808  0.6641  0.4202  0.1950 -0.1043 -0.2843 -0.3123  0.5087  0.7619
 172  2.105946  3.8185  3.3712  1.6176  1.1636  1.1073  0.6736  0.4208  0.1866 -0.1241 -0.3138 -0.3426  0.5126  0.7758
 173  2.106174  3.8138  3.3549  1.6151  1.1971  1.1344  0.6841  0.4227  0.1803 -0.1413 -0.3403 -0.3699  0.5177  0.7903
 174  2.106402  3.8093  3.3399  1.6123  1.2291  1.1593  0.6963  0.4270  0.1770 -0.1551 -0.3628 -0.3932  0.5247  0.8063
 175  2.106630  3.8051  3.3262  1.6091  1.2636  1.1860  0.7092  0.4322  0.1748 -0.1673 -0.3833 -0.4145  0.5326  0.8231
 176  2.106857  3.8012  3.3143  1.6055  1.3038  1.2173  0.7218  0.4372  0.1729 -0.1789 -0.4030 -0.4350  0.5405  0.8398
 177  2.107082  3.7977  3.3041  1.6015  1.3444  1.2461  0.7349  0.4441  0.1738 -0.1869 -0.4179 -0.4509  0.5498  0.8563
 178  2.107303  3.7943  3.2951  1.5971  1.3848  1.2726  0.7492  0.4530  0.1775 -0.1918 -0.4288 -0.4629  0.5606  0.8733
 179  2.107518  3.7910  3.2870  1.5922  1.4261  1.3015  0.7650  0.4632  0.1824 -0.1951 -0.4384 -0.4734  0.5728  0.8921
 180  2.107726  3.7879  3.2799  1.5869  1.4684  1.3332  0.7823  0.4744  0.1881 -0.1974 -0.4473 -0.4829  0.5862  0.9128
 181  2.107925  3.7849  3.2736  1.5812  1.5108  1.3654  0.8008  0.4870  0.1954 -0.1978 -0.4542 -0.4904  0.6009  0.9346
 182  2.108160  3.7814  3.2673  1.5736  1.5622  1.4043  0.8256  0.5049  0.2071 -0.1951 -0.4592 -0.4960  0.6211  0.9632
 183  2.108389  3.7780  3.2622  1.5650  1.6169  1.4453  0.8528  0.5253  0.2216 -0.1895 -0.4612 -0.4987  0.6437  0.9941
 184  2.108611  3.7746  3.2583  1.5555  1.6769  1.4899  0.8822  0.5480  0.2385 -0.1816 -0.4605 -0.4989  0.6687  1.0274
 185  2.108826  3.7713  3.2556  1.5450  1.7405  1.5372  0.9142  0.5733  0.2581 -0.1708 -0.4571 -0.4964  0.6963  1.0633
 186  2.109031  3.7681  3.2542  1.5335  1.8066  1.5867  0.9488  0.6014  0.2806 -0.1571 -0.4508 -0.4908  0.7265  1.1019
 187  2.109227  3.7649  3.2540  1.5212  1.8751  1.6383  0.9858  0.6319  0.3057 -0.1407 -0.4417 -0.4824  0.7591  1.1428
 188  2.109413  3.7618  3.2549  1.5079  1.9466  1.6923  1.0251  0.6648  0.3333 -0.1217 -0.4301 -0.4716  0.7941  1.1862
 189  2.109589  3.7588  3.2569  1.4940  2.0198  1.7477  1.0663  0.6998  0.3631 -0.1003 -0.4158 -0.4581  0.8311  1.2314
 190  2.109757  3.7559  3.2597  1.4795  2.0946  1.8044  1.1091  0.7363  0.3945 -0.0771 -0.3996 -0.4427  0.8695  1.2781
 191  2.109917  3.7530  3.2634  1.4644  2.1709  1.8625  1.1534  0.7745  0.4278 -0.0520 -0.3815 -0.4253  0.9096  1.3264
 192  2.110073  3.7502  3.2676  1.4490  2.2482  1.9213  1.1985  0.8136  0.4620 -0.0259 -0.3622 -0.4069  0.9505  1.3756
 193  2.110223  3.7474  3.2721  1.4332  2.3278  1.9816  1.2449  0.8540  0.4976  0.0014 -0.3419 -0.3874  0.9928  1.4262
 194  2.110373  3.7447  3.2773  1.4171  2.4079  2.0421  1.2920  0.8951  0.5340  0.0297 -0.3204 -0.3667  1.0357  1.4774
 195  2.110522  3.7417  3.2819  1.4007  2.4935  2.1057  1.3409  0.9376  0.5714  0.0581 -0.2993 -0.3466  1.0800  1.5309
 196  2.110682  3.7387  3.2863  1.3845  2.5800  2.1692  1.3896  0.9798  0.6086  0.0862 -0.2786 -0.3270  1.1241  1.5843
 197  2.110848  3.7354  3.2892  1.3684  2.6725  2.2352  1.4391  1.0220  0.6451  0.1126 -0.2605 -0.3101  1.1684  1.6391
 198  2.111037  3.7319  3.2893  1.3540  2.7667  2.2996  1.4856  1.0606  0.6776  0.1339 -0.2481 -0.2992  1.2092  1.6915
 199  2.111251  3.7280  3.2843  1.3435  2.8577  2.3575  1.5239  1.0902  0.7005  0.1444 -0.2474 -0.3002  1.2411  1.7363
 200  2.111490  3.7238  3.2712  1.3400  2.9376  2.4002  1.5460  1.1031  0.7063  0.1366 -0.2657 -0.3204  1.2565  1.7655
 201  2.111721  3.7201  3.2519  1.3444  2.9921  2.4192  1.5471  1.0962  0.6931  0.1110 -0.3004 -0.3571  1.2516  1.7729
 202  2.111928  3.7170  3.2304  1.3538  3.0235  2.4208  1.5343  1.0768  0.6685  0.0760 -0.3427 -0.4011  1.2338  1.7652
 203  2.112117  3.7145  3.2086  1.3655  3.0406  2.4129  1.5140  1.0509  0.6382  0.0370 -0.3881 -0.4479  1.2092  1.7493
 204  2.112298  3.7123  3.1865  1.3787  3.0486  2.3991  1.4892  1.0211  0.6044 -0.0045 -0.4354 -0.4963  1.1806  1.7284
 205  2.112473  3.7103  3.1643  1.3931  3.0499  2.3808  1.4609  0.9884  0.5680 -0.0479 -0.4839 -0.5459  1.1489  1.7038
 206  2.112643  3.7086  3.1425  1.4079  3.0462  2.3595  1.4308  0.9542  0.5306 -0.0915 -0.5322 -0.5952  1.1157  1.6768
 207  2.112807  3.7070  3.1210  1.4231  3.0386  2.3358  1.3991  0.9189  0.4923 -0.1354 -0.5803 -0.6442  1.0811  1.6480
 208  2.112967  3.7055  3.0999  1.4384  3.0287  2.3109  1.3668  0.8832  0.4540 -0.1791 -0.6276 -0.6925  1.0463  1.6183
 209  2.113125  3.7042  3.0789  1.4540  3.0163  2.2843  1.3334  0.8467  0.4149 -0.2231 -0.6752 -0.7409  1.0104  1.5874
 210  2.113281  3.7029  3.0581  1.4697  3.0021  2.2570  1.2995  0.8099  0.3756 -0.2671 -0.7225 -0.7890  0.9742  1.5559
 211  2.113436  3.7016  3.0376  1.4853  2.9868  2.2293  1.2656  0.7731  0.3364 -0.3107 -0.7694 -0.8367  0.9380  1.5241
 212  2.113590  3.7005  3.0171  1.5011  2.9706  2.2011  1.2314  0.7361  0.2972 -0.3544 -0.8163 -0.8843  0.9016  1.4922
 213  2.113736  3.6993  2.9963  1.5172  2.9528  2.1718  1.1962  0.6981  0.2569 -0.3989 -0.8640 -0.9327  0.8642  1.4591
 214  2.113889  3.6981  2.9759  1.5331  2.9346  2.1431  1.1617  0.6609  0.2175 -0.4425 -0.9110 -0.9802  0.8276  1.4268
 215  2.114040  3.6970  2.9555  1.5488  2.9158  2.1143  1.1275  0.6239  0.1782 -0.4859 -0.9578 -1.0273  0.7911  1.3946
 216  2.114191  3.6958  2.9351  1.5647  2.8966  2.0853  1.0929  0.5866  0.1387 -0.5295 -1.0049 -1.0748  0.7544  1.3622
 217  2.114209  3.6957  2.9326  1.5667  2.8942  2.0817  1.0887  0.5821  0.1339 -0.5348 -1.0106 -1.0805  0.7499  1.3582
 218  2.114227  3.6956  2.9301  1.5686  2.8917  2.0781  1.0844  0.5775  0.1290 -0.5401 -1.0163 -1.0863  0.7454  1.3542
 219  2.114244  3.6954  2.9277  1.5706  2.8892  2.0745  1.0802  0.5730  0.1242 -0.5453 -1.0220 -1.0920  0.7409  1.3502
 220  2.114262  3.6953  2.9252  1.5725  2.8869  2.0710  1.0760  0.5685  0.1195 -0.5506 -1.0276 -1.0977  0.7365  1.3463
 221  2.114280  3.6952  2.9228  1.5744  2.8846  2.0675  1.0719  0.5640  0.1147 -0.5558 -1.0333 -1.1033  0.7320  1.3424
 222  2.114298  3.6950  2.9204  1.5763  2.8823  2.0640  1.0678  0.5596  0.1100 -0.5610 -1.0389 -1.1090  0.7277  1.3385
 223  2.114316  3.6949  2.9179  1.5782  2.8800  2.0605  1.0637  0.5552  0.1053 -0.5662 -1.0445 -1.1146  0.7233  1.3347
 224  2.114333  3.6948  2.9155  1.5801  2.8776  2.0571  1.0595  0.5507  0.1006 -0.5714 -1.0501 -1.1202  0.7189  1.3308
 225  2.114351  3.6946  2.9131  1.5820  2.8753  2.0536  1.0554  0.5463  0.0959 -0.5765 -1.0557 -1.1259  0.7145  1.3269
 226  2.114369  3.6945  2.9106  1.5839  2.8731  2.0501  1.0513  0.5419  0.0912 -0.5818 -1.0613 -1.1316  0.7102  1.3231
 227  2.114539  3.6932  2.8876  1.6019  2.8510  2.0170  1.0121  0.4997  0.0465 -0.6310 -1.1144 -1.1851  0.6685  1.2863
 228  2.114694  3.6921  2.8665  1.6184  2.8310  1.9867  0.9763  0.4610  0.0055 -0.6761 -1.1631 -1.2341  0.6304  1.2526
 229  2.114867  3.6908  2.8426  1.6372  2.8083  1.9522  0.9355  0.4171 -0.0410 -0.7274 -1.2183 -1.2898  0.5870  1.2143
 230  2.115014  3.6897  2.8224  1.6530  2.7903  1.9234  0.9013  0.3802 -0.0802 -0.7706 -1.2647 -1.3367  0.5506  1.1822
 231  2.115180  3.6885  2.7993  1.6713  2.7705  1.8902  0.8617  0.3377 -0.1253 -0.8204 -1.3180 -1.3908  0.5086  1.1451
 232  2.115320  3.6875  2.7803  1.6862  2.7547  1.8632  0.8294  0.3029 -0.1622 -0.8612 -1.3616 -1.4351  0.4742  1.1148
 233  2.115462  3.6864  2.7603  1.7021  2.7374  1.8340  0.7948  0.2658 -0.2015 -0.9044 -1.4077 -1.4820  0.4376  1.0823
 234  2.115671  3.6850  2.7323  1.7244  2.7137  1.7933  0.7464  0.2138 -0.2565 -0.9651 -1.4723 -1.5477  0.3862  1.0369
 235  2.115804  3.6841  2.7145  1.7387  2.6970  1.7664  0.7150  0.1802 -0.2919 -1.0038 -1.5133 -1.5895  0.3530  1.0072
 236  2.116005  3.6827  2.6878  1.7598  2.6766  1.7287  0.6697  0.1313 -0.3437 -1.0613 -1.5745 -1.6519  0.3047  0.9649
 237  2.116129  3.6818  2.6709  1.7733  2.6626  1.7040  0.6403  0.0998 -0.3771 -1.0980 -1.6135 -1.6917  0.2736  0.9374
 238  2.116309  3.6806  2.6466  1.7926  2.6433  1.6692  0.5988  0.0551 -0.4245 -1.1503 -1.6692 -1.7485  0.2294  0.8987
 239  2.116498  3.6793  2.6218  1.8124  2.6229  1.6331  0.5559  0.0090 -0.4733 -1.2041 -1.7264 -1.8068  0.1838  0.8586
 240  2.116657  3.6782  2.6004  1.8294  2.6060  1.6024  0.5193 -0.0305 -0.5152 -1.2503 -1.7755 -1.8569  0.1448  0.8244
 241  2.116829  3.6770  2.5769  1.8481  2.5879  1.5689  0.4793 -0.0737 -0.5611 -1.3009 -1.8294 -1.9119  0.1021  0.7872
 242  2.116980  3.6760  2.5566  1.8643  2.5721  1.5399  0.4446 -0.1111 -0.6007 -1.3447 -1.8759 -1.9593  0.0652  0.7549
 243  2.117133  3.6749  2.5361  1.8806  2.5565  1.5107  0.4097 -0.1488 -0.6408 -1.3890 -1.9230 -2.0074  0.0279  0.7225
 244  2.117344  3.6734  2.5075  1.9033  2.5360  1.4706  0.3615 -0.2010 -0.6963 -1.4505 -1.9886 -2.0744 -0.0237  0.6778
 245  2.117508  3.6722  2.4849  1.9210  2.5210  1.4397  0.3241 -0.2416 -0.7396 -1.4987 -2.0400 -2.1269 -0.0639  0.6434
 246  2.117664  3.6710  2.4633  1.9380  2.5068  1.4101  0.2884 -0.2804 -0.7811 -1.5448 -2.0892 -2.1772 -0.1023  0.6105
 247  2.117821  3.6699  2.4418  1.9549  2.4931  1.3809  0.2530 -0.3189 -0.8223 -1.5907 -2.1381 -2.2273 -0.1404  0.5780
 248  2.117980  3.6686  2.4191  1.9726  2.4795  1.3507  0.2162 -0.3590 -0.8653 -1.6387 -2.1894 -2.2797 -0.1801  0.5444
 249  2.118171  3.6671  2.3925  1.9934  2.4638  1.3152  0.1730 -0.4063 -0.9159 -1.6953 -2.2499 -2.3416 -0.2268  0.5050
 250  2.118313  3.6660  2.3725  2.0090  2.4525  1.2890  0.1409 -0.4414 -0.9537 -1.7376 -2.2951 -2.3879 -0.2615  0.4758
 251  2.118486  3.6647  2.3479  2.0282  2.4389  1.2569  0.1015 -0.4847 -1.0002 -1.7897 -2.3510 -2.4451 -0.3043  0.4400
 252  2.118636  3.6634  2.3262  2.0450  2.4278  1.2291  0.0672 -0.5224 -1.0408 -1.8354 -2.4001 -2.4953 -0.3416  0.4091
 253  2.118794  3.6622  2.3034  2.0627  2.4166  1.2002  0.0313 -0.5620 -1.0836 -1.8835 -2.4518 -2.5484 -0.3808  0.3768
 254  2.118945  3.6609  2.2811  2.0800  2.4057  1.1719 -0.0038 -0.6007 -1.1254 -1.9304 -2.5024 -2.6002 -0.4191  0.3454
 255  2.119108  3.6595  2.2572  2.0985  2.3948  1.1421 -0.0410 -0.6420 -1.1700 -1.9807 -2.5566 -2.6557 -0.4599  0.3121
 256  2.119245  3.6584  2.2368  2.1143  2.3861  1.1171 -0.0725 -0.6770 -1.2079 -2.0235 -2.6029 -2.7032 -0.4945  0.2842
 257  2.119413  3.6570  2.2117  2.1337  2.3753  1.0862 -0.1112 -0.7200 -1.2546 -2.0761 -2.6597 -2.7614 -0.5370  0.2498
 258  2.119552  3.6557  2.1907  2.1498  2.3670  1.0609 -0.1432 -0.7557 -1.2934 -2.1200 -2.7072 -2.8101 -0.5723  0.2216
 259  2.119695  3.6545  2.1688  2.1668  2.3582  1.0343 -0.1767 -0.7930 -1.3340 -2.1660 -2.7568 -2.8611 -0.6093  0.1921
 260  2.119836  3.6532  2.1472  2.1834  2.3498  1.0084 -0.2095 -0.8297 -1.3739 -2.2112 -2.8057 -2.9113 -0.6455  0.1632
 261  2.119985  3.6519  2.1244  2.2010  2.3411  0.9811 -0.2440 -0.8683 -1.4160 -2.2587 -2.8571 -2.9642 -0.6837  0.1330
 262  2.120105  3.6509  2.1060  2.2151  2.3349  0.9598 -0.2714 -0.8990 -1.4496 -2.2970 -2.8985 -3.0068 -0.7142  0.1093
 263  2.120254  3.6495  2.0827  2.2331  2.3265  0.9322 -0.3064 -0.9383 -1.4926 -2.3457 -2.9512 -3.0610 -0.7531  0.0788
 264  2.120372  3.6484  2.0641  2.2474  2.3202  0.9106 -0.3339 -0.9693 -1.5266 -2.3842 -2.9929 -3.1039 -0.7838  0.0550
 265  2.120492  3.6473  2.0453  2.2618  2.3140  0.8888 -0.3618 -1.0006 -1.5610 -2.4233 -3.0353 -3.1475 -0.8149  0.0309
 266  2.120608  3.6463  2.0267  2.2761  2.3077  0.8671 -0.3893 -1.0317 -1.5951 -2.4620 -3.0772 -3.1906 -0.8456  0.0070
 267  2.120733  3.6451  2.0068  2.2914  2.3019  0.8445 -0.4183 -1.0645 -1.6313 -2.5032 -3.1218 -3.2367 -0.8782 -0.0179
 268  2.120859  3.6439  1.9866  2.3068  2.2968  0.8221 -0.4474 -1.0975 -1.6680 -2.5450 -3.1672 -3.2835 -0.9110 -0.0426
 269  2.120982  3.6427  1.9668  2.3218  2.2926  0.8007 -0.4754 -1.1294 -1.7035 -2.5857 -3.2115 -3.3292 -0.9427 -0.0663
 270  2.121105  3.6414  1.9471  2.3365  2.2903  0.7807 -0.5022 -1.1603 -1.7382 -2.6257 -3.2552 -3.3744 -0.9733 -0.0885
 271  2.121192  3.6405  1.9332  2.3468  2.2901  0.7675 -0.5203 -1.1815 -1.7621 -2.6536 -3.2859 -3.4061 -0.9943 -0.1032
 272  2.121326  3.6392  1.9121  2.3626  2.2876  0.7461 -0.5491 -1.2146 -1.7994 -2.6967 -3.3328 -3.4547 -1.0273 -0.1270
 273  2.121447  3.6381  1.8929  2.3774  2.2821  0.7245 -0.5768 -1.2460 -1.8344 -2.7365 -3.3759 -3.4992 -1.0586 -0.1507
 274  2.121536  3.6372  1.8778  2.3889  2.2781  0.7078 -0.5983 -1.2704 -1.8617 -2.7676 -3.4095 -3.5340 -1.0829 -0.1690
 275  2.121664  3.6359  1.8582  2.4036  2.2766  0.6884 -0.6244 -1.3006 -1.8961 -2.8074 -3.4531 -3.5791 -1.1130 -0.1903
 276  2.121752  3.6350  1.8445  2.4134  2.2796  0.6778 -0.6402 -1.3197 -1.9186 -2.8342 -3.4829 -3.6101 -1.1321 -0.2023
 277  2.121868  3.6339  1.8300  2.4238  2.2814  0.6657 -0.6576 -1.3404 -1.9429 -2.8629 -3.5145 -3.6430 -1.1528 -0.2159
 278  2.121904  3.6345  1.8332  2.4227  2.2708  0.6614 -0.6595 -1.3405 -1.9411 -2.8590 -3.5089 -3.6368 -1.1529 -0.2200
 279  2.122029  3.6341  1.8274  2.4272  2.2688  0.6547 -0.6679 -1.3500 -1.9517 -2.8709 -3.5218 -3.6502 -1.1624 -0.2273