#NUMBER OF AGES=1 MAGS=10
#----------------------------------------------------       
#MIX-LEN  Y      Z          Zeff        [Fe/H] [a/Fe]
# 1.9380  0.2741 1.8850E-02 1.8850E-02   0.07   0.00
#----------------------------------------------------       
#**PHOTOMETRIC SYSTEM**: Bessell UBV(RI)c + 2MASS JHKs + Kepler (Vega)
#----------------------------------------------------        
#AGE= 7.000 EEPS=270
#EEP   M/Mo    LogTeff  LogG   LogL/Lo U       B       V       R       I       J       H       Ks      Kp      D51     
  10  0.107900  3.5049  5.2743 -2.8304 17.0856 15.5461 13.9396 12.8223 11.3500  9.9140  9.3783  9.1355 12.7665 14.6002
  11  0.125799  3.5048  5.2068 -2.6967 16.7037 15.1985 13.6051 12.4892 11.0186  9.5793  9.0451  8.8007 12.4339 14.2549
  12  0.150685  3.5055  5.1349 -2.5435 16.2498 14.7864 13.2099 12.0991 10.6360  9.1980  8.6651  8.4195 12.0466 13.8475
  13  0.186467  3.5105  5.0751 -2.3710 15.6548 14.2497 12.7039 11.6159 10.1892  8.7791  8.2443  8.0014 11.5778 13.3268
  14  0.213359  3.5148  5.0405 -2.2610 15.2629 13.8939 12.3699 11.2997  9.9016  8.5145  7.9771  7.7370 11.2728 12.9835
  15  0.232702  3.5176  5.0176 -2.1890 15.0083 13.6611 12.1514 11.0928  9.7135  8.3414  7.8018  7.5637 11.0731 12.7591
  16  0.249918  3.5201  4.9988 -2.1292 14.7985 13.4681 11.9702 10.9213  9.5575  8.1982  7.6563  7.4199 10.9074 12.5733
  17  0.271449  3.5230  4.9782 -2.0610 14.5626 13.2486 11.7638 10.7260  9.3795  8.0350  7.4897  7.2555 10.7184 12.3623
  18  0.289855  3.5255  4.9615 -2.0061 14.3742 13.0723 11.5980 10.5690  9.2363  7.9036  7.3552  7.1229 10.5663 12.1931
  19  0.301319  3.5269  4.9503 -1.9722 14.2595 12.9646 11.4966 10.4728  9.1482  7.8225  7.2720  7.0408 10.4730 12.0896
  20  0.308319  3.5278  4.9428 -1.9514 14.1902 12.8993 11.4351 10.4143  9.0943  7.7725  7.2208  6.9902 10.4161 12.0269
  21  0.313262  3.5284  4.9371 -1.9364 14.1410 12.8530 11.3915 10.3726  9.0557  7.7366  7.1839  6.9538 10.3755 11.9823
  22  0.317049  3.5288  4.9326 -1.9249 14.1032 12.8174 11.3579 10.3406  9.0260  7.7089  7.1555  6.9257 10.3443 11.9481
  23  0.320044  3.5291  4.9289 -1.9157 14.0733 12.7892 11.3313 10.3152  9.0024  7.6868  7.1329  6.9033 10.3195 11.9209
  24  0.322512  3.5294  4.9258 -1.9081 14.0484 12.7657 11.3092 10.2941  8.9828  7.6685  7.1141  6.8847 10.2989 11.8983
  25  0.324832  3.5297  4.9231 -1.9012 14.0256 12.7442 11.2889 10.2747  8.9649  7.6519  7.0970  6.8678 10.2801 11.8777
  26  0.327396  3.5300  4.9206 -1.8940 14.0019 12.7217 11.2677 10.2545  8.9464  7.6348  7.0794  6.8504 10.2605 11.8561
  27  0.330708  3.5304  4.9180 -1.8856 13.9735 12.6948 11.2422 10.2304  8.9244  7.6146  7.0586  6.8299 10.2371 11.8302
  28  0.335479  3.5310  4.9151 -1.8742 13.9353 12.6583 11.2078 10.1978  8.8948  7.5876  7.0308  6.8025 10.2056 11.7953
  29  0.343414  3.5319  4.9109 -1.8562 13.8743 12.6000 11.1526 10.1457  8.8478  7.5450  6.9868  6.7591 10.1553 11.7395
  30  0.447883  3.5500  4.8262 -1.5839 12.9356 11.6861 10.2883  9.3334  8.1323  6.9130  6.3243  6.1066  9.3763 10.8720
  31  0.469487  3.5549  4.8051 -1.5226 12.7273 11.4760 10.0870  9.1438  7.9696  6.7740  6.1768  5.9616  9.1959 10.6735
  32  0.486799  3.5593  4.7879 -1.4721 12.5561 11.3003  9.9174  8.9849  7.8370  6.6605  6.0557  5.8433  9.0458 10.5072
  33  0.501559  3.5633  4.7734 -1.4284 12.4074 11.1454  9.7669  8.8444  7.7230  6.5632  5.9515  5.7420  8.9141 10.3604
  34  0.513741  3.5670  4.7618 -1.3919 12.2825 11.0135  9.6381  8.7244  7.6277  6.4826  5.8648  5.6582  8.8022 10.2355
  35  0.524204  3.5703  4.7520 -1.3600 12.1734 10.8970  9.5238  8.6180  7.5442  6.4126  5.7893  5.5858  8.7033 10.1253
  36  0.534901  3.5738  4.7421 -1.3272 12.0612 10.7758  9.4045  8.5067  7.4578  6.3409  5.7119  5.5120  8.6001 10.0109
  37  0.547747  3.5783  4.7305 -1.2876 11.9261 10.6287  9.2592  8.3711  7.3539  6.2552  5.6192  5.4242  8.4746  9.8722
  38  0.563823  3.5841  4.7163 -1.2375 11.7529 10.4393  9.0707  8.1950  7.2226  6.1482  5.5034  5.3154  8.3126  9.6933
  39  0.581776  3.5910  4.7009 -1.1808 11.5548 10.2200  8.8531  7.9921  7.0736  6.0279  5.3733  5.1947  8.1260  9.4883
  40  0.600058  3.5985  4.6861 -1.1227 11.3593  9.9949  8.6365  7.7916  6.9211  5.9021  5.2390  5.0723  7.9385  9.2871
  41  0.617258  3.6059  4.6732 -1.0678 11.1666  9.7759  8.4271  7.5981  6.7775  5.7850  5.1158  4.9610  7.7579  9.0913
  42  0.634428  3.6138  4.6614 -1.0127 10.9622  9.5494  8.2112  7.3993  6.6339  5.6696  4.9972  4.8539  7.5726  8.8865
  43  0.652804  3.6224  4.6497 -0.9539 10.7418  9.3063  7.9853  7.1930  6.4813  5.5452  4.8727  4.7418  7.3776  8.6698
  44  0.671397  3.6316  4.6390 -0.8944 10.4863  9.0461  7.7521  6.9837  6.3256  5.4214  4.7554  4.6370  7.1773  8.4341
  45  0.689923  3.6410  4.6294 -0.8352 10.1923  8.7795  7.5190  6.7778  6.1695  5.3002  4.6489  4.5415  6.9774  8.1820
  46  0.708381  3.6505  4.6203 -0.7767  9.8707  8.5122  7.2915  6.5805  6.0136  5.1809  4.5519  4.4538  6.7820  7.9210
  47  0.725757  3.6596  4.6123 -0.7218  9.5425  8.2590  7.0811  6.4021  5.8674  5.0700  4.4657  4.3764  6.6020  7.6659
  48  0.741836  3.6680  4.6048 -0.6714  9.2344  8.0293  6.8926  6.2443  5.7339  4.9686  4.3895  4.3071  6.4405  7.4309
  49  0.756434  3.6753  4.5974 -0.6261  8.9600  7.8281  6.7277  6.1066  5.6149  4.8777  4.3223  4.2451  6.2987  7.2230
  50  0.769344  3.6817  4.5905 -0.5862  8.7197  7.6549  6.5852  5.9877  5.5111  4.7980  4.2633  4.1902  6.1758  7.0425
  51  0.780351  3.6870  4.5842 -0.5524  8.5196  7.5114  6.4670  5.8890  5.4244  4.7309  4.2131  4.1432  6.0735  6.8934
  52  0.787185  3.6903  4.5802 -0.5317  8.4000  7.4249  6.3955  5.8291  5.3715  4.6897  4.1820  4.1139  6.0113  6.8038
  53  0.793983  3.6934  4.5761 -0.5112  8.2877  7.3414  6.3261  5.7707  5.3196  4.6489  4.1511  4.0847  5.9508  6.7174
  54  0.800726  3.6965  4.5719 -0.4912  8.1797  7.2609  6.2590  5.7140  5.2690  4.6088  4.1205  4.0556  5.8920  6.6344
  55  0.807462  3.6994  4.5676 -0.4715  8.0737  7.1826  6.1938  5.6587  5.2195  4.5695  4.0902  4.0269  5.8346  6.5543
  56  0.814173  3.7023  4.5633 -0.4522  7.9669  7.1060  6.1302  5.6046  5.1712  4.5314  4.0605  3.9988  5.7785  6.4769
  57  0.820840  3.7050  4.5589 -0.4332  7.8621  7.0314  6.0683  5.5517  5.1239  4.4938  4.0311  3.9709  5.7237  6.4022
  58  0.827423  3.7077  4.5545 -0.4145  7.7594  6.9587  6.0081  5.5001  5.0776  4.4571  4.0021  3.9433  5.6702  6.3301
  59  0.833896  3.7104  4.5500 -0.3961  7.6602  6.8881  5.9496  5.4499  5.0324  4.4207  3.9731  3.9157  5.6181  6.2607
  60  0.840236  3.7129  4.5454 -0.3780  7.5635  6.8193  5.8927  5.4007  4.9881  4.3850  3.9444  3.8884  5.5672  6.1936
  61  0.846430  3.7154  4.5407 -0.3602  7.4695  6.7523  5.8372  5.3527  4.9447  4.3498  3.9160  3.8612  5.5175  6.1287
  62  0.852448  3.7178  4.5359 -0.3427  7.3782  6.6871  5.7832  5.3058  4.9021  4.3152  3.8880  3.8345  5.4688  6.0661
  63  0.858303  3.7201  4.5310 -0.3255  7.2892  6.6234  5.7307  5.2599  4.8604  4.2813  3.8605  3.8082  5.4213  6.0054
  64  0.864022  3.7224  4.5261 -0.3087  7.2028  6.5616  5.6795  5.2150  4.8196  4.2480  3.8334  3.7822  5.3749  5.9468
  65  0.869611  3.7246  4.5211 -0.2921  7.1187  6.5016  5.6298  5.1711  4.7794  4.2152  3.8067  3.7563  5.3296  5.8902
  66  0.875089  3.7267  4.5161 -0.2758  7.0364  6.4434  5.5813  5.1281  4.7399  4.1829  3.7806  3.7306  5.2852  5.8353
  67  0.880471  3.7288  4.5109 -0.2597  6.9565  6.3868  5.5341  5.0860  4.7011  4.1511  3.7546  3.7049  5.2418  5.7822
  68  0.885770  3.7308  4.5058 -0.2439  6.8786  6.3314  5.4879  5.0447  4.6630  4.1197  3.7289  3.6795  5.1992  5.7304
  69  0.890996  3.7327  4.5004 -0.2284  6.8034  6.2773  5.4428  5.0042  4.6255  4.0887  3.7031  3.6541  5.1575  5.6801
  70  0.896156  3.7346  4.4951 -0.2130  6.7308  6.2240  5.3985  4.9646  4.5889  4.0580  3.6772  3.6289  5.1166  5.6310
  71  0.901256  3.7364  4.4896 -0.1979  6.6604  6.1719  5.3551  4.9256  4.5529  4.0276  3.6513  3.6038  5.0764  5.5832
  72  0.906307  3.7381  4.4840 -0.1829  6.5919  6.1208  5.3125  4.8872  4.5174  3.9975  3.6254  3.5788  5.0369  5.5363
  73  0.911283  3.7398  4.4784 -0.1682  6.5253  6.0707  5.2707  4.8495  4.4825  3.9677  3.5997  3.5539  4.9980  5.4906
  74  0.916188  3.7414  4.4727 -0.1536  6.4605  6.0218  5.2297  4.8125  4.4480  3.9382  3.5741  3.5291  4.9598  5.4459
  75  0.921021  3.7430  4.4670 -0.1393  6.3975  5.9740  5.1895  4.7760  4.4141  3.9091  3.5488  3.5043  4.9223  5.4023
  76  0.925769  3.7445  4.4612 -0.1252  6.3364  5.9273  5.1502  4.7403  4.3808  3.8803  3.5236  3.4798  4.8856  5.3597
  77  0.930433  3.7460  4.4553 -0.1113  6.2772  5.8818  5.1117  4.7052  4.3480  3.8519  3.4987  3.4555  4.8495  5.3181
  78  0.935013  3.7474  4.4494 -0.0977  6.2197  5.8374  5.0741  4.6709  4.3159  3.8240  3.4740  3.4313  4.8142  5.2776
  79  0.939508  3.7488  4.4435 -0.0843  6.1637  5.7940  5.0373  4.6371  4.2843  3.7964  3.4496  3.4075  4.7795  5.2381
  80  0.943913  3.7501  4.4376 -0.0712  6.1094  5.7517  5.0014  4.6041  4.2533  3.7693  3.4255  3.3839  4.7456  5.1995
  81  0.948221  3.7513  4.4317 -0.0583  6.0568  5.7106  4.9663  4.5718  4.2229  3.7426  3.4016  3.3605  4.7125  5.1620
  82  0.951935  3.7523  4.4265 -0.0472  6.0120  5.6754  4.9362  4.5440  4.1967  3.7194  3.3808  3.3402  4.6839  5.1298
  83  0.955569  3.7533  4.4213 -0.0363  5.9685  5.6411  4.9067  4.5168  4.1710  3.6967  3.3604  3.3201  4.6560  5.0984
  84  0.959133  3.7543  4.4161 -0.0256  5.9262  5.6076  4.8779  4.4901  4.1458  3.6743  3.3402  3.3003  4.6287  5.0678
  85  0.962631  3.7552  4.4108 -0.0151  5.8851  5.5749  4.8497  4.4639  4.1210  3.6522  3.3201  3.2806  4.6018  5.0378
  86  0.966063  3.7561  4.4057 -0.0048  5.8449  5.5428  4.8220  4.4381  4.0967  3.6305  3.3004  3.2612  4.5755  5.0084
  87  0.969442  3.7570  4.4004  0.0054  5.8062  5.5114  4.7948  4.4128  4.0727  3.6089  3.2807  3.2419  4.5496  4.9796
  88  0.972764  3.7578  4.3952  0.0154  5.7684  5.4807  4.7681  4.3879  4.0490  3.5876  3.2612  3.2227  4.5241  4.9513
  89  0.976037  3.7586  4.3900  0.0253  5.7314  5.4505  4.7418  4.3633  4.0257  3.5665  3.2420  3.2037  4.4990  4.9236
  90  0.979251  3.7594  4.3848  0.0350  5.6953  5.4210  4.7160  4.3392  4.0028  3.5457  3.2229  3.1849  4.4743  4.8964
  91  0.982423  3.7601  4.3796  0.0446  5.6601  5.3919  4.6905  4.3154  3.9801  3.5252  3.2040  3.1663  4.4500  4.8696
  92  0.985542  3.7608  4.3744  0.0540  5.6258  5.3635  4.6656  4.2920  3.9578  3.5049  3.1852  3.1478  4.4261  4.8434
  93  0.988620  3.7615  4.3691  0.0633  5.5925  5.3357  4.6410  4.2689  3.9358  3.4847  3.1666  3.1294  4.4026  4.8177
  94  0.991649  3.7622  4.3640  0.0725  5.5598  5.3083  4.6169  4.2462  3.9142  3.4649  3.1482  3.1112  4.3794  4.7924
  95  0.994637  3.7628  4.3588  0.0815  5.5280  5.2816  4.5932  4.2239  3.8928  3.4452  3.1300  3.0932  4.3567  4.7676
  96  0.997585  3.7634  4.3536  0.0904  5.4969  5.2553  4.5699  4.2019  3.8718  3.4259  3.1119  3.0754  4.3343  4.7432
  97  1.000490  3.7640  4.3484  0.0991  5.4667  5.2296  4.5471  4.1803  3.8511  3.4067  3.0941  3.0577  4.3122  4.7194
  98  1.003362  3.7645  4.3433  0.1077  5.4373  5.2046  4.5247  4.1591  3.8306  3.3878  3.0763  3.0401  4.2906  4.6961
  99  1.006202  3.7650  4.3381  0.1161  5.4087  5.1800  4.5026  4.1381  3.8105  3.3691  3.0587  3.0227  4.2693  4.6731
 100  1.009015  3.7655  4.3329  0.1244  5.3808  5.1560  4.4810  4.1175  3.7906  3.3506  3.0413  3.0054  4.2484  4.6507
 101  1.011802  3.7660  4.3278  0.1326  5.3538  5.1325  4.4597  4.0973  3.7711  3.3322  3.0240  2.9882  4.2278  4.6287
 102  1.014562  3.7664  4.3226  0.1407  5.3276  5.1096  4.4389  4.0773  3.7518  3.3141  3.0068  2.9711  4.2076  4.6071
 103  1.017292  3.7668  4.3175  0.1486  5.3019  5.0871  4.4184  4.0578  3.7328  3.2962  2.9898  2.9543  4.1877  4.5859
 104  1.019987  3.7672  4.3123  0.1564  5.2771  5.0652  4.3984  4.0385  3.7141  3.2785  2.9729  2.9375  4.1682  4.5652
 105  1.022636  3.7675  4.3072  0.1640  5.2531  5.0438  4.3787  4.0196  3.6958  3.2610  2.9563  2.9209  4.1490  4.5450
 106  1.025222  3.7679  4.3021  0.1715  5.2297  5.0230  4.3595  4.0010  3.6777  3.2439  2.9398  2.9045  4.1302  4.5252
 107  1.027729  3.7681  4.2970  0.1788  5.2071  5.0026  4.3406  3.9829  3.6600  3.2269  2.9235  2.8883  4.1118  4.5058
 108  1.030152  3.7684  4.2919  0.1860  5.1849  4.9827  4.3222  3.9650  3.6426  3.2103  2.9075  2.8724  4.0938  4.4868
 109  1.032475  3.7687  4.2870  0.1931  5.1632  4.9632  4.3041  3.9476  3.6256  3.1940  2.8919  2.8569  4.0761  4.4683
 110  1.034705  3.7690  4.2822  0.2000  5.1420  4.9441  4.2864  3.9305  3.6089  3.1781  2.8766  2.8417  4.0588  4.4501
 111  1.036868  3.7693  4.2773  0.2067  5.1213  4.9254  4.2690  3.9137  3.5925  3.1624  2.8615  2.8266  4.0418  4.4323
 112  1.038634  3.7695  4.2734  0.2123  5.1042  4.9099  4.2547  3.8999  3.5790  3.1495  2.8491  2.8143  4.0278  4.4176
 113  1.040402  3.7697  4.2693  0.2180  5.0871  4.8944  4.2402  3.8858  3.5653  3.1363  2.8364  2.8016  4.0137  4.4027
 114  1.042173  3.7699  4.2651  0.2237  5.0698  4.8787  4.2256  3.8717  3.5515  3.1230  2.8235  2.7888  3.9993  4.3877
 115  1.043947  3.7701  4.2609  0.2295  5.0524  4.8629  4.2108  3.8573  3.5375  3.1096  2.8105  2.7759  3.9848  4.3726
 116  1.045726  3.7703  4.2566  0.2353  5.0351  4.8470  4.1959  3.8429  3.5233  3.0959  2.7973  2.7627  3.9702  4.3574
 117  1.047507  3.7705  4.2522  0.2412  5.0176  4.8309  4.1809  3.8283  3.5090  3.0821  2.7839  2.7494  3.9555  4.3420
 118  1.049292  3.7707  4.2477  0.2472  5.0002  4.8149  4.1658  3.8136  3.4946  3.0681  2.7704  2.7359  3.9406  4.3265
 119  1.051079  3.7708  4.2432  0.2531  4.9827  4.7987  4.1505  3.7987  3.4800  3.0540  2.7566  2.7222  3.9257  4.3110
 120  1.052869  3.7710  4.2385  0.2592  4.9653  4.7825  4.1352  3.7837  3.4652  3.0397  2.7427  2.7083  3.9105  4.2953
 121  1.054659  3.7712  4.2338  0.2653  4.9480  4.7663  4.1197  3.7686  3.4504  3.0252  2.7286  2.6942  3.8953  4.2796
 122  1.056451  3.7713  4.2290  0.2714  4.9307  4.7500  4.1041  3.7534  3.4354  3.0106  2.7143  2.6799  3.8800  4.2637
 123  1.058193  3.7715  4.2242  0.2776  4.9125  4.7333  4.0882  3.7379  3.4202  2.9959  2.6999  2.6656  3.8643  4.2475
 124  1.059953  3.7717  4.2194  0.2839  4.8946  4.7165  4.0723  3.7223  3.4049  2.9810  2.6855  2.6512  3.8487  4.2313
 125  1.061720  3.7718  4.2145  0.2902  4.8767  4.6998  4.0563  3.7067  3.3896  2.9661  2.6710  2.6367  3.8330  4.2150
 126  1.063492  3.7720  4.2095  0.2965  4.8589  4.6830  4.0403  3.6911  3.3741  2.9511  2.6562  2.6220  3.8172  4.1987
 127  1.065269  3.7721  4.2045  0.3028  4.8412  4.6663  4.0242  3.6753  3.3586  2.9359  2.6414  2.6072  3.8013  4.1824
 128  1.067050  3.7722  4.1993  0.3091  4.8236  4.6496  4.0082  3.6595  3.3430  2.9206  2.6263  2.5922  3.7854  4.1661
 129  1.068831  3.7723  4.1941  0.3155  4.8062  4.6329  3.9920  3.6437  3.3273  2.9051  2.6111  2.5770  3.7695  4.1497
 130  1.070616  3.7724  4.1887  0.3219  4.7889  4.6163  3.9759  3.6277  3.3115  2.8895  2.5957  2.5616  3.7535  4.1334
 131  1.072401  3.7725  4.1833  0.3284  4.7719  4.5997  3.9597  3.6117  3.2955  2.8737  2.5801  2.5460  3.7374  4.1170
 132  1.074184  3.7725  4.1777  0.3348  4.7548  4.5831  3.9434  3.5956  3.2795  2.8578  2.5644  2.5302  3.7212  4.1006
 133  1.075965  3.7726  4.1721  0.3413  4.7379  4.5665  3.9271  3.5794  3.2634  2.8418  2.5484  2.5143  3.7050  4.0842
 134  1.077744  3.7726  4.1664  0.3478  4.7211  4.5500  3.9108  3.5632  3.2472  2.8256  2.5323  2.4982  3.6887  4.0677
 135  1.079521  3.7726  4.1605  0.3544  4.7046  4.5335  3.8944  3.5469  3.2309  2.8092  2.5160  2.4818  3.6724  4.0513
 136  1.081295  3.7726  4.1547  0.3610  4.6879  4.5169  3.8780  3.5305  3.2145  2.7928  2.4996  2.4654  3.6560  4.0347
 137  1.083065  3.7726  4.1486  0.3676  4.6715  4.5004  3.8615  3.5140  3.1979  2.7762  2.4829  2.4487  3.6395  4.0183
 138  1.084832  3.7725  4.1425  0.3742  4.6553  4.4840  3.8450  3.4975  3.1813  2.7594  2.4661  2.4318  3.6230  4.0017
 139  1.086595  3.7724  4.1363  0.3809  4.6391  4.4675  3.8285  3.4808  3.1646  2.7425  2.4491  2.4148  3.6064  3.9852
 140  1.088355  3.7724  4.1300  0.3876  4.6231  4.4511  3.8119  3.4642  3.1478  2.7254  2.4318  2.3975  3.5897  3.9686
 141  1.090111  3.7722  4.1235  0.3943  4.6073  4.4348  3.7953  3.4474  3.1309  2.7082  2.4144  2.3800  3.5730  3.9521
 142  1.091865  3.7721  4.1170  0.4010  4.5916  4.4184  3.7786  3.4306  3.1138  2.6908  2.3968  2.3623  3.5563  3.9355
 143  1.093613  3.7720  4.1103  0.4078  4.5760  4.4020  3.7619  3.4137  3.0967  2.6733  2.3791  2.3445  3.5394  3.9188
 144  1.095361  3.7718  4.1035  0.4146  4.5607  4.3858  3.7452  3.3967  3.0795  2.6555  2.3610  2.3263  3.5225  3.9023
 145  1.097106  3.7716  4.0965  0.4214  4.5460  4.3699  3.7286  3.3797  3.0621  2.6375  2.3425  2.3077  3.5056  3.8858
 146  1.098850  3.7713  4.0894  0.4283  4.5313  4.3538  3.7119  3.3626  3.0446  2.6193  2.3239  2.2891  3.4886  3.8693
 147  1.100593  3.7710  4.0820  0.4352  4.5172  4.3380  3.6952  3.3454  3.0270  2.6009  2.3049  2.2699  3.4716  3.8529
 148  1.102322  3.7707  4.0745  0.4420  4.5035  4.3225  3.6786  3.3282  3.0093  2.5823  2.2857  2.2505  3.4546  3.8366
 149  1.104042  3.7704  4.0668  0.4489  4.4908  4.3075  3.6621  3.3110  2.9915  2.5635  2.2661  2.2308  3.4376  3.8205
 150  1.105757  3.7699  4.0589  0.4557  4.4789  4.2928  3.6457  3.2938  2.9736  2.5443  2.2461  2.2106  3.4206  3.8045
 151  1.107472  3.7694  4.0507  0.4626  4.4676  4.2785  3.6293  3.2766  2.9556  2.5250  2.2257  2.1900  3.4037  3.7887
 152  1.109197  3.7689  4.0423  0.4695  4.4573  4.2646  3.6131  3.2593  2.9374  2.5052  2.2047  2.1689  3.3867  3.7731
 153  1.110936  3.7682  4.0335  0.4764  4.4480  4.2511  3.5969  3.2419  2.9190  2.4850  2.1832  2.1471  3.3698  3.7577
 154  1.112700  3.7674  4.0241  0.4833  4.4405  4.2385  3.5810  3.2245  2.9003  2.4641  2.1607  2.1243  3.3528  3.7427
 155  1.114498  3.7665  4.0143  0.4902  4.4342  4.2265  3.5651  3.2070  2.8814  2.4428  2.1375  2.1008  3.3359  3.7279
 156  1.116343  3.7654  4.0037  0.4972  4.4306  4.2157  3.5497  3.1895  2.8621  2.4205  2.1129  2.0758  3.3190  3.7138
 157  1.118257  3.7642  3.9924  0.5041  4.4298  4.2061  3.5345  3.1719  2.8425  2.3972  2.0870  2.0494  3.3022  3.7003
 158  1.120272  3.7625  3.9797  0.5110  4.4343  4.1994  3.5204  3.1545  2.8225  2.3726  2.0588  2.0205  3.2859  3.6883
 159  1.122426  3.7603  3.9650  0.5176  4.4476  4.1973  3.5083  3.1379  2.8023  2.3460  2.0273  1.9882  3.2707  3.6791
 160  1.124759  3.7572  3.9479  0.5233  4.4759  4.2032  3.5002  3.1237  2.7831  2.3179  1.9925  1.9522  3.2584  3.6753
 161  1.127022  3.7532  3.9295  0.5264  4.5280  4.2212  3.5004  3.1163  2.7696  2.2925  1.9581  1.9167  3.2533  3.6813
 162  1.128395  3.7502  3.9179  0.5267  4.5730  4.2395  3.5057  3.1160  2.7649  2.2787  1.9378  1.8956  3.2547  3.6909
 163  1.129715  3.7466  3.9058  0.5249  4.6334  4.2688  3.5184  3.1215  2.7648  2.2677  1.9184  1.8751  3.2624  3.7092
 164  1.130983  3.7423  3.8933  0.5209  4.7088  4.3100  3.5392  3.1332  2.7694  2.2594  1.8999  1.8550  3.2767  3.7369
 165  1.132180  3.7375  3.8803  0.5148  4.8016  4.3621  3.5678  3.1511  2.7791  2.2541  1.8825  1.8357  3.2976  3.7739
 166  1.133315  3.7321  3.8667  0.5074  4.9100  4.4231  3.6025  3.1736  2.7925  2.2505  1.8654  1.8163  3.3235  3.8185
 167  1.134434  3.7262  3.8511  0.4998  5.0308  4.4900  3.6404  3.1977  2.8065  2.2457  1.8457  1.7937  3.3513  3.8680
 168  1.135593  3.7198  3.8316  0.4944  5.1577  4.5567  3.6760  3.2183  2.8161  2.2344  1.8179  1.7628  3.3757  3.9170
 169  1.136827  3.7134  3.8064  0.4942  5.2770  4.6125  3.7009  3.2275  2.8137  2.2102  1.7763  1.7181  3.3886  3.9565
 170  1.138050  3.7079  3.7779  0.5013  5.3628  4.6432  3.7056  3.2186  2.7948  2.1723  1.7234  1.6623  3.3828  3.9748
 171  1.139086  3.7042  3.7509  0.5138  5.4039  4.6451  3.6904  3.1941  2.7633  2.1276  1.6685  1.6054  3.3602  3.9691
 172  1.139970  3.7017  3.7266  0.5282  5.4170  4.6318  3.6656  3.1630  2.7274  2.0826  1.6164  1.5519  3.3304  3.9508
 173  1.140766  3.6998  3.7041  0.5435  5.4147  4.6106  3.6360  3.1288  2.6895  2.0379  1.5664  1.5010  3.2971  3.9260
 174  1.141505  3.6983  3.6828  0.5592  5.4021  4.5844  3.6035  3.0927  2.6506  1.9936  1.5179  1.4518  3.2617  3.8970
 175  1.142209  3.6971  3.6624  0.5752  5.3822  4.5549  3.5690  3.0554  2.6110  1.9498  1.4706  1.4041  3.2249  3.8652
 176  1.142886  3.6961  3.6425  0.5913  5.3590  4.5236  3.5334  3.0174  2.5710  1.9062  1.4239  1.3571  3.1874  3.8318
 177  1.143546  3.6953  3.6232  0.6075  5.3322  4.4904  3.4967  2.9788  2.5307  1.8629  1.3781  1.3110  3.1490  3.7967
 178  1.144193  3.6946  3.6042  0.6238  5.3031  4.4558  3.4592  2.9397  2.4901  1.8198  1.3329  1.2655  3.1102  3.7605
 179  1.144829  3.6939  3.5856  0.6403  5.2722  4.4204  3.4210  2.9002  2.4494  1.7767  1.2879  1.2203  3.0710  3.7234
 180  1.145457  3.6933  3.5670  0.6567  5.2410  4.3847  3.3828  2.8606  2.4086  1.7337  1.2431  1.1754  3.0316  3.6861
 181  1.146080  3.6928  3.5487  0.6731  5.2083  4.3482  3.3441  2.8208  2.3677  1.6910  1.1988  1.1308  2.9920  3.6481
 182  1.146617  3.6924  3.5331  0.6873  5.1793  4.3163  3.3104  2.7863  2.3324  1.6541  1.1607  1.0926  2.9576  3.6149
 183  1.147153  3.6920  3.5174  0.7017  5.1496  4.2838  3.2763  2.7514  2.2966  1.6169  1.1224  1.0541  2.9228  3.5811
 184  1.147690  3.6917  3.5015  0.7163  5.1190  4.2506  3.2414  2.7158  2.2602  1.5791  1.0835  1.0151  2.8873  3.5466
 185  1.148225  3.6913  3.4854  0.7311  5.0884  4.2172  3.2063  2.6799  2.2236  1.5410  1.0443  0.9757  2.8515  3.5119
 186  1.148760  3.6909  3.4690  0.7461  5.0572  4.1832  3.1705  2.6433  2.1862  1.5021  1.0043  0.9355  2.8151  3.4766
 187  1.149294  3.6905  3.4524  0.7614  5.0252  4.1484  3.1340  2.6061  2.1481  1.4627  0.9638  0.8948  2.7780  3.4404
 188  1.149824  3.6901  3.4354  0.7771  4.9923  4.1127  3.0966  2.5679  2.1091  1.4222  0.9223  0.8531  2.7399  3.4033
 189  1.150347  3.6897  3.4173  0.7938  4.9575  4.0746  3.0566  2.5271  2.0675  1.3791  0.8782  0.8087  2.6992  3.3637
 190  1.150864  3.6893  3.3981  0.8114  4.9213  4.0346  3.0145  2.4841  2.0236  1.3336  0.8315  0.7617  2.6564  3.3220
 191  1.151370  3.6888  3.3776  0.8302  4.8832  3.9922  2.9698  2.4384  1.9769  1.2850  0.7817  0.7115  2.6109  3.2778
 192  1.151867  3.6883  3.3560  0.8500  4.8430  3.9475  2.9227  2.3903  1.9277  1.2339  0.7292  0.6587  2.5629  3.2312
 193  1.152350  3.6878  3.3328  0.8712  4.8003  3.8998  2.8723  2.3387  1.8750  1.1791  0.6730  0.6021  2.5115  3.1815
 194  1.152822  3.6871  3.3084  0.8933  4.7570  3.8506  2.8201  2.2852  1.8201  1.1218  0.6141  0.5427  2.4582  3.1300
 195  1.153287  3.6865  3.2832  0.9160  4.7126  3.8000  2.7662  2.2299  1.7635  1.0627  0.5533  0.4814  2.4032  3.0770
 196  1.153738  3.6858  3.2567  0.9399  4.6672  3.7475  2.7102  2.1722  1.7043  1.0007  0.4895  0.4170  2.3458  3.0219
 197  1.154177  3.6850  3.2291  0.9646  4.6206  3.6933  2.6521  2.1125  1.6429  0.9364  0.4232  0.3500  2.2863  2.9650
 198  1.154604  3.6842  3.2004  0.9901  4.5738  3.6379  2.5925  2.0510  1.5796  0.8699  0.3545  0.2806  2.2251  2.9067
 199  1.155017  3.6833  3.1705  1.0165  4.5266  3.5811  2.5311  1.9875  1.5141  0.8008  0.2831  0.2084  2.1619  2.8468
 200  1.155422  3.6823  3.1400  1.0434  4.4791  3.5235  2.4687  1.9229  1.4475  0.7305  0.2102  0.1347  2.0977  2.7859
 201  1.155810  3.6813  3.1082  1.0712  4.4314  3.4645  2.4044  1.8561  1.3785  0.6574  0.1344  0.0580  2.0313  2.7235
 202  1.156185  3.6802  3.0755  1.0998  4.3828  3.4042  2.3386  1.7878  1.3078  0.5825  0.0566 -0.0208  1.9634  2.6598
 203  1.156549  3.6791  3.0419  1.1289  4.3347  3.3435  2.2720  1.7183  1.2358  0.5061 -0.0230 -0.1013  1.8944  2.5954
 204  1.156895  3.6779  3.0074  1.1588  4.2864  3.2815  2.2038  1.6471  1.1620  0.4275 -0.1049 -0.1842  1.8236  2.5297
 205  1.157228  3.6766  2.9719  1.1892  4.2390  3.2192  2.1348  1.5748  1.0868  0.3471 -0.1888 -0.2692  1.7518  2.4634
 206  1.157549  3.6752  2.9356  1.2202  4.1923  3.1565  2.0650  1.5015  1.0104  0.2654 -0.2744 -0.3559  1.6790  2.3968
 207  1.157852  3.6738  2.8983  1.2518  4.1462  3.0932  1.9941  1.4268  0.9325  0.1817 -0.3620 -0.4448  1.6049  2.3293
 208  1.158143  3.6723  2.8604  1.2839  4.1003  3.0295  1.9226  1.3514  0.8537  0.0970 -0.4509 -0.5350  1.5300  2.2613
 209  1.158420  3.6707  2.8218  1.3163  4.0550  2.9654  1.8504  1.2751  0.7738  0.0109 -0.5412 -0.6267  1.4543  2.1929
 210  1.158685  3.6691  2.7826  1.3492  4.0102  2.9011  1.7778  1.1982  0.6932 -0.0761 -0.6326 -0.7196  1.3780  2.1243
 211  1.158938  3.6675  2.7430  1.3823  3.9661  2.8366  1.7048  1.1208  0.6119 -0.1640 -0.7250 -0.8136  1.3011  2.0554
 212  1.159179  3.6658  2.7028  1.4158  3.9228  2.7722  1.6315  1.0429  0.5300 -0.2528 -0.8184 -0.9086  1.2238  1.9865
 213  1.159410  3.6640  2.6622  1.4495  3.8806  2.7079  1.5582  0.9648  0.4477 -0.3422 -0.9125 -1.0044  1.1462  1.9178
 214  1.159633  3.6622  2.6212  1.4833  3.8397  2.6440  1.4849  0.8865  0.3650 -0.4322 -1.0073 -1.1010  1.0685  1.8494
 215  1.159852  3.6604  2.5800  1.5173  3.8001  2.5806  1.4118  0.8082  0.2822 -0.5225 -1.1027 -1.1982  0.9908  1.7816
 216  1.160081  3.6586  2.5391  1.5510  3.7617  2.5182  1.3397  0.7308  0.2002 -0.6120 -1.1974 -1.2947  0.9139  1.7148
 217  1.160102  3.6584  2.5356  1.5539  3.7582  2.5127  1.3334  0.7240  0.1930 -0.6198 -1.2057 -1.3031  0.9072  1.7090
 218  1.160124  3.6583  2.5321  1.5569  3.7549  2.5073  1.3272  0.7173  0.1859 -0.6275 -1.2138 -1.3114  0.9006  1.7032
 219  1.160147  3.6581  2.5286  1.5597  3.7517  2.5020  1.3211  0.7107  0.1790 -0.6351 -1.2219 -1.3196  0.8941  1.6976
 220  1.160171  3.6580  2.5252  1.5625  3.7485  2.4968  1.3150  0.7043  0.1722 -0.6426 -1.2298 -1.3277  0.8877  1.6920
 221  1.160195  3.6578  2.5218  1.5653  3.7454  2.4917  1.3091  0.6980  0.1654 -0.6499 -1.2375 -1.3356  0.8814  1.6865
 222  1.160220  3.6577  2.5186  1.5680  3.7423  2.4867  1.3034  0.6918  0.1589 -0.6571 -1.2451 -1.3433  0.8752  1.6812
 223  1.160247  3.6575  2.5155  1.5706  3.7393  2.4819  1.2978  0.6858  0.1526 -0.6639 -1.2523 -1.3506  0.8693  1.6760
 224  1.160277  3.6574  2.5126  1.5730  3.7363  2.4773  1.2926  0.6803  0.1467 -0.6703 -1.2590 -1.3575  0.8638  1.6712
 225  1.160310  3.6573  2.5101  1.5750  3.7339  2.4735  1.2882  0.6756  0.1418 -0.6757 -1.2647 -1.3633  0.8591  1.6671
 226  1.160346  3.6573  2.5085  1.5765  3.7316  2.4704  1.2848  0.6720  0.1381 -0.6796 -1.2687 -1.3674  0.8556  1.6638
 227  1.160613  3.6589  2.5374  1.5542  3.7461  2.5063  1.3293  0.7215  0.1917 -0.6192 -1.2035 -1.3005  0.9045  1.7028
 228  1.160935  3.6606  2.5687  1.5300  3.7634  2.5461  1.3782  0.7755  0.2501 -0.5537 -1.1329 -1.2283  0.9580  1.7461
 229  1.161283  3.6571  2.4906  1.5941  3.6931  2.4287  1.2418  0.6288  0.0944 -0.7241 -1.3134 -1.4123  0.8124  1.6203
 230  1.161580  3.6535  2.4154  1.6548  3.6350  2.3219  1.1153  0.4913 -0.0526 -0.8864 -1.4865 -1.5891  0.6760  1.5053
 231  1.161846  3.6498  2.3405  1.7150  3.5810  2.2184  0.9916  0.3563 -0.1977 -1.0471 -1.6582 -1.7648  0.5419  1.3939
 232  1.162075  3.6462  2.2689  1.7723  3.5333  2.1221  0.8757  0.2290 -0.3352 -1.2001 -1.8219 -1.9326  0.4155  1.2902
 233  1.162277  3.6425  2.1981  1.8287  3.4894  2.0291  0.7631  0.1049 -0.4701 -1.3506 -1.9833 -2.0982  0.2920  1.1902
 234  1.162456  3.6389  2.1289  1.8835  3.4504  1.9407  0.6552 -0.0145 -0.6009 -1.4970 -2.1405 -2.2597  0.1731  1.0952
 235  1.162614  3.6353  2.0606  1.9375  3.4147  1.8556  0.5507 -0.1307 -0.7291 -1.6412 -2.2954 -2.4192  0.0571  1.0035
 236  1.162752  3.6318  1.9945  1.9894  3.3833  1.7758  0.4519 -0.2408 -0.8521 -1.7799 -2.4447 -2.5732 -0.0533  0.9176
 237  1.162877  3.6281  1.9281  2.0411  3.3559  1.6986  0.3559 -0.3484 -0.9739 -1.9181 -2.5935 -2.7271 -0.1615  0.8349
 238  1.162987  3.6245  1.8641  2.0907  3.3316  1.6266  0.2658 -0.4497 -1.0904 -2.0510 -2.7366 -2.8753 -0.2640  0.7573
 239  1.163086  3.6208  1.8007  2.1397  3.3083  1.5570  0.1789 -0.5479 -1.2049 -2.1822 -2.8777 -3.0217 -0.3637  0.6823
 240  1.163174  3.6172  1.7382  2.1877  3.2862  1.4905  0.0956 -0.6422 -1.3169 -2.3110 -3.0167 -3.1658 -0.4601  0.6103
 241  1.163253  3.6137  1.6774  2.2344  3.2656  1.4280  0.0172 -0.7313 -1.4250 -2.4361 -3.1519 -3.3062 -0.5519  0.5426
 242  1.163324  3.6102  1.6176  2.2801  3.2449  1.3684 -0.0576 -0.8165 -1.5308 -2.5589 -3.2849 -3.4442 -0.6404  0.4772
 243  1.163389  3.6067  1.5587  2.3251  3.2246  1.3117 -0.1286 -0.8976 -1.6341 -2.6796 -3.4155 -3.5800 -0.7256  0.4144
 244  1.163447  3.6032  1.5010  2.3690  3.2049  1.2584 -0.1951 -0.9740 -1.7348 -2.7979 -3.5436 -3.7132 -0.8069  0.3549
 245  1.163499  3.5998  1.4447  2.4116  3.1888  1.2109 -0.2552 -1.0435 -1.8316 -2.9130 -3.6684 -3.8431 -0.8826  0.3015
 246  1.163547  3.5964  1.3890  2.4536  3.1729  1.1665 -0.3114 -1.1091 -1.9267 -3.0269 -3.7918 -3.9717 -0.9552  0.2511
 247  1.163590  3.5930  1.3350  2.4943  3.1558  1.1255 -0.3632 -1.1701 -2.0181 -3.1370 -3.9112 -4.0964 -1.0239  0.2035
 248  1.163630  3.5897  1.2819  2.5341  3.1365  1.0873 -0.4120 -1.2280 -2.1068 -3.2445 -4.0282 -4.2185 -1.0898  0.1578
 249  1.163666  3.5865  1.2297  2.5732  3.1156  1.0520 -0.4573 -1.2825 -2.1932 -3.3498 -4.1430 -4.3384 -1.1529  0.1142
 250  1.163699  3.5832  1.1787  2.6113  3.0952  1.0208 -0.4969 -1.3313 -2.2765 -3.4526 -4.2550 -4.4555 -1.2117  0.0747
 251  1.163730  3.5800  1.1288  2.6485  3.0754  0.9934 -0.5309 -1.3745 -2.3570 -3.5533 -4.3644 -4.5699 -1.2663  0.0389
 252  1.163757  3.5769  1.0797  2.6850  3.0564  0.9689 -0.5598 -1.4126 -2.4355 -3.6525 -4.4718 -4.6824 -1.3174  0.0062
 253  1.163783  3.5737  1.0318  2.7204  3.0381  0.9489 -0.5828 -1.4452 -2.5106 -3.7492 -4.5763 -4.7919 -1.3642 -0.0225
 254  1.163807  3.5706  0.9849  2.7549  3.0207  0.9341 -0.5990 -1.4719 -2.5823 -3.8434 -4.6782 -4.8987 -1.4065 -0.0468
 255  1.163829  3.5675  0.9385  2.7889  3.0037  0.9246 -0.6084 -1.4928 -2.6515 -3.9364 -4.7789 -5.0043 -1.4449 -0.0671
 256  1.163849  3.5645  0.8932  2.8219  2.9871  0.9206 -0.6102 -1.5068 -2.7176 -4.0272 -4.8772 -5.1074 -1.4785 -0.0828
 257  1.163868  3.5615  0.8490  2.8541  2.9714  0.9224 -0.6043 -1.5147 -2.7797 -4.1157 -4.9732 -5.2080 -1.5074 -0.0934
 258  1.163885  3.5585  0.8055  2.8856  2.9566  0.9302 -0.5904 -1.5168 -2.8380 -4.2027 -5.0675 -5.3069 -1.5320 -0.0987
 259  1.163902  3.5555  0.7630  2.9163  2.9440  0.9441 -0.5689 -1.5138 -2.8919 -4.2876 -5.1596 -5.4035 -1.5523 -0.0991
 260  1.163917  3.5526  0.7214  2.9462  2.9351  0.9644 -0.5405 -1.5066 -2.9414 -4.3705 -5.2494 -5.4977 -1.5689 -0.0951
 261  1.163931  3.5497  0.6804  2.9757  2.9257  0.9918 -0.5012 -1.4919 -2.9863 -4.4523 -5.3380 -5.5908 -1.5801 -0.0839
 262  1.163944  3.5469  0.6404  3.0043  2.9146  1.0258 -0.4503 -1.4691 -3.0259 -4.5320 -5.4244 -5.6815 -1.5856 -0.0650
 263  1.163957  3.5440  0.6011  3.0324  2.9021  1.0715 -0.3812 -1.4333 -3.0596 -4.6114 -5.5096 -5.7709 -1.5826 -0.0338
 264  1.163968  3.5413  0.5628  3.0597  2.8755  1.1251 -0.2894 -1.3798 -3.0862 -4.6878 -5.5929 -5.8584 -1.5697  0.0083
 265  1.163979  3.5386  0.5250  3.0865  2.8464  1.1858 -0.1847 -1.3183 -3.1070 -4.7631 -5.6749 -5.9445 -1.5510  0.0594
 266  1.163990  3.5359  0.4883  3.1125  2.8165  1.2546 -0.0658 -1.2487 -3.1202 -4.8372 -5.7549 -6.0284 -1.5254  0.1211
 267  1.163999  3.5332  0.4521  3.1381  2.7870  1.3385  0.0781 -1.1652 -3.1228 -4.9121 -5.8342 -6.1114 -1.4889  0.2006
 268  1.164009  3.5306  0.4167  3.1629  2.7617  1.4292  0.2337 -1.0802 -3.1153 -4.9859 -5.9116 -6.1923 -1.4470  0.2927
 269  1.164017  3.5280  0.3820  3.1873  2.7426  1.5236  0.3951 -1.0001 -3.0979 -5.0588 -5.9877 -6.2720 -1.4026  0.3968
 270  1.164025  3.5254  0.3480  3.2110  2.7267  1.6139  0.5467 -0.9286 -3.0782 -5.1291 -6.0616 -6.3497 -1.3609  0.4999
 271  1.164033  3.5229  0.3147  3.2343  2.7141  1.6981  0.6841 -0.8674 -3.0580 -5.1967 -6.1336 -6.4254 -1.3235  0.5990
 272  1.164041  3.5204  0.2821  3.2570  2.7050  1.7755  0.8046 -0.8172 -3.0381 -5.2613 -6.2034 -6.4992 -1.2912  0.6926
 273  1.164048  3.5180  0.2502  3.2791  2.6999  1.8425  0.8998 -0.7813 -3.0216 -5.3227 -6.2709 -6.5706 -1.2666  0.7752
 274  1.164054  3.5154  0.2180  3.3008  2.7058  1.9068  0.9693 -0.7566 -3.0053 -5.3808 -6.3370 -6.6407 -1.2463  0.8532
 275  1.164061  3.5129  0.1871  3.3219  2.7120  1.9596  1.0179 -0.7430 -2.9937 -5.4365 -6.4004 -6.7080 -1.2334  0.9182
 276  1.164067  3.5106  0.1571  3.3425  2.7192  2.0060  1.0539 -0.7353 -2.9840 -5.4903 -6.4616 -6.7729 -1.2243  0.9757
 277  1.164072  3.5083  0.1279  3.3625  2.7278  2.0490  1.0818 -0.7304 -2.9745 -5.5423 -6.5210 -6.8358 -1.2164  1.0292
 278  1.164078  3.5061  0.1002  3.3815  2.7360  2.0869  1.1023 -0.7279 -2.9661 -5.5917 -6.5774 -6.8952 -1.2103  1.0764
 279  1.164083  3.5042  0.0772  3.3971  2.7407  2.1159  1.1175 -0.7247 -2.9588 -5.6330 -6.6241 -6.9445 -1.2048  1.1128