#NUMBER OF AGES=1 MAGS=10
#----------------------------------------------------       
#MIX-LEN  Y      Z          Zeff        [Fe/H] [a/Fe]
# 1.9380  0.2741 1.8850E-02 1.8850E-02   0.07   0.00
#----------------------------------------------------       
#**PHOTOMETRIC SYSTEM**: Bessell UBV(RI)c + 2MASS JHKs + Kepler (Vega)
#---------------------------------------------------- 
#AGE=10.000 EEPS=268
#EEP   M/Mo    LogTeff  LogG   LogL/Lo U       B       V       R       I       J       H       Ks      Kp      D51     
  12  0.115639  3.5048  5.2429 -2.7692 16.9103 15.3868 13.7864 12.6697 11.1982  9.7607  9.2257  8.9821 12.6142 14.4419
  13  0.136074  3.5049  5.1728 -2.6280 16.5038 15.0171 13.4309 12.3165 10.8480  9.4080  8.8745  8.6294 12.2619 14.0751
  14  0.162556  3.5067  5.1084 -2.4791 16.0390 14.5966 13.0300 11.9253 10.4716  9.0402  8.5072  8.2620 11.8765 13.6621
  15  0.188899  3.5110  5.0675 -2.3558 15.6009 14.2019 12.6592 11.5734 10.1500  8.7424  8.2075  7.9648 11.5366 13.2805
  16  0.208164  3.5140  5.0408 -2.2749 15.3136 13.9413 12.4146 11.3416  9.9387  8.5475  8.0106  7.7700 11.3128 13.0289
  17  0.223836  3.5164  5.0206 -2.2138 15.0983 13.7448 12.2301 11.1667  9.7793  8.4003  7.8618  7.6227 11.1439 12.8393
  18  0.238666  3.5186  5.0030 -2.1596 14.9076 13.5699 12.0661 11.0113  9.6379  8.2703  7.7299  7.4923 10.9938 12.6709
  19  0.254774  3.5208  4.9855 -2.1047 14.7172 13.3936 11.9004 10.8544  9.4946  8.1385  7.5957  7.3599 10.8419 12.5013
  20  0.275799  3.5237  4.9656 -2.0389 14.4905 13.1822 11.7016 10.6662  9.3230  7.9811  7.4348  7.2012 10.6597 12.2981
  21  0.293362  3.5260  4.9499 -1.9872 14.3136 13.0163 11.5456 10.5184  9.1882  7.8575  7.3081  7.0762 10.5166 12.1389
  22  0.303485  3.5273  4.9403 -1.9578 14.2142 12.9228 11.4575 10.4349  9.1117  7.7871  7.2359  7.0050 10.4355 12.0491
  23  0.310133  3.5281  4.9339 -1.9388 14.1510 12.8632 11.4013 10.3814  9.0625  7.7417  7.1893  6.9589 10.3836 11.9918
  24  0.314982  3.5286  4.9292 -1.9251 14.1055 12.8202 11.3607 10.3428  9.0270  7.7088  7.1555  6.9256 10.3461 11.9505
  25  0.318647  3.5291  4.9256 -1.9147 14.0712 12.7878 11.3302 10.3138  9.0003  7.6840  7.1301  6.9004 10.3178 11.9194
  26  0.321519  3.5294  4.9228 -1.9066 14.0442 12.7623 11.3061 10.2908  8.9792  7.6646  7.1101  6.8806 10.2955 11.8949
  27  0.323970  3.5297  4.9204 -1.8997 14.0212 12.7405 11.2855 10.2713  8.9613  7.6481  7.0931  6.8639 10.2766 11.8740
  28  0.326410  3.5300  4.9182 -1.8930 13.9990 12.7193 11.2656 10.2525  8.9441  7.6322  7.0768  6.8478 10.2583 11.8537
  29  0.329365  3.5304  4.9162 -1.8857 13.9740 12.6956 11.2432 10.2313  8.9248  7.6147  7.0587  6.8300 10.2378 11.8310
  30  0.333164  3.5308  4.9139 -1.8766 13.9432 12.6662 11.2155 10.2050  8.9011  7.5931  7.0364  6.8080 10.2124 11.8029
  31  0.338699  3.5315  4.9111 -1.8641 13.9008 12.6256 11.1771 10.1688  8.8685  7.5636  7.0059  6.7779 10.1775 11.7641
  32  0.347734  3.5326  4.9067 -1.8439 13.8317 12.5595 11.1146 10.1099  8.8156  7.5158  6.9565  6.7293 10.1207 11.7009
  33  0.434415  3.5474  4.8328 -1.6137 13.0398 11.7906 10.3882  9.4270  8.2123  6.9805  6.3958  6.1768  9.4652 10.9706
  34  0.457366  3.5525  4.8105 -1.5489 12.8193 11.5698 10.1772  9.2283  8.0403  6.8328  6.2394  6.0230  9.2756 10.7619
  35  0.476377  3.5571  4.7912 -1.4936 12.6321 11.3792  9.9939  9.0559  7.8939  6.7078  6.1063  5.8925  9.1120 10.5817
  36  0.492095  3.5613  4.7752 -1.4468 12.4734 11.2151  9.8350  8.9073  7.7716  6.6028  5.9941  5.7832  8.9722 10.4261
  37  0.505947  3.5652  4.7614 -1.4051 12.3319 11.0665  9.6902  8.7722  7.6629  6.5102  5.8947  5.6868  8.8458 10.2853
  38  0.517419  3.5687  4.7501 -1.3699 12.2123 10.9393  9.5656  8.6562  7.5712  6.4328  5.8114  5.6065  8.7378 10.1649
  39  0.527936  3.5722  4.7399 -1.3372 12.1009 10.8195  9.4479  8.5464  7.4852  6.3610  5.7339  5.5324  8.6357 10.0518
  40  0.539132  3.5760  4.7292 -1.3020 11.9813 10.6897  9.3197  8.4267  7.3929  6.2844  5.6510  5.4537  8.5249  9.9292
  41  0.552591  3.5808  4.7165 -1.2595 11.8363 10.5311  9.1624  8.2799  7.2814  6.1927  5.5518  5.3601  8.3892  9.7796
  42  0.568077  3.5867  4.7023 -1.2099 11.6639 10.3419  8.9738  8.1037  7.1512  6.0871  5.4374  5.2531  8.2273  9.6010
  43  0.584373  3.5932  4.6878 -1.1568 11.4818 10.1373  8.7725  7.9163  7.0122  5.9740  5.3155  5.1407  8.0542  9.4124
  44  0.600333  3.6000  4.6744 -1.1046 11.3066  9.9346  8.5784  7.7367  6.8753  5.8608  5.1950  5.0312  7.8860  9.2323
  45  0.615384  3.6067  4.6624 -1.0551 11.1309  9.7360  8.3882  7.5610  6.7458  5.7556  5.0847  4.9314  7.7222  9.0539
  46  0.629952  3.6136  4.6516 -1.0067 10.9513  9.5371  8.1986  7.3865  6.6198  5.6542  4.9806  4.8374  7.5594  8.8740
  47  0.644492  3.6206  4.6415 -0.9583 10.7716  9.3379  8.0128  7.2165  6.4941  5.5516  4.8776  4.7445  7.3990  8.6963
  48  0.658767  3.6278  4.6321 -0.9108 10.5771  9.1342  7.8281  7.0497  6.3701  5.4519  4.7814  4.6582  7.2399  8.5130
  49  0.672274  3.6349  4.6239 -0.8655 10.3685  8.9328  7.6499  6.8910  6.2513  5.3586  4.6959  4.5818  7.0871  8.3271
  50  0.685060  3.6417  4.6166 -0.8226 10.1489  8.7389  7.4811  6.7425  6.1378  5.2709  4.6203  4.5138  6.9423  8.1416
  51  0.697134  3.6483  4.6098 -0.7821  9.9274  8.5541  7.3235  6.6056  6.0300  5.1883  4.5530  4.4529  6.8070  7.9613
  52  0.703556  3.6517  4.6062 -0.7607  9.8052  8.4560  7.2410  6.5346  5.9726  5.1445  4.5184  4.4215  6.7360  7.8642
  53  0.709922  3.6552  4.6027 -0.7394  9.6799  8.3584  7.1595  6.4652  5.9158  5.1012  4.4846  4.3910  6.6661  7.7661
  54  0.716235  3.6586  4.5992 -0.7182  9.5527  8.2616  7.0793  6.3973  5.8597  5.0584  4.4514  4.3611  6.5975  7.6678
  55  0.722481  3.6621  4.5958 -0.6973  9.4253  8.1662  7.0006  6.3312  5.8042  5.0162  4.4190  4.3319  6.5301  7.5702
  56  0.728666  3.6654  4.5923 -0.6767  9.2999  8.0725  6.9236  6.2666  5.7494  4.9744  4.3875  4.3032  6.4640  7.4743
  57  0.734792  3.6688  4.5887 -0.6562  9.1764  7.9807  6.8483  6.2036  5.6955  4.9332  4.3567  4.2749  6.3993  7.3802
  58  0.740860  3.6720  4.5851 -0.6360  9.0549  7.8910  6.7748  6.1422  5.6423  4.8925  4.3265  4.2469  6.3360  7.2878
  59  0.746858  3.6752  4.5813 -0.6161  8.9352  7.8038  6.7030  6.0821  5.5901  4.8523  4.2966  4.2192  6.2741  7.1972
  60  0.752806  3.6783  4.5774 -0.5964  8.8177  7.7186  6.6328  6.0234  5.5388  4.8127  4.2670  4.1917  6.2134  7.1085
  61  0.758699  3.6813  4.5734 -0.5768  8.7022  7.6351  6.5638  5.9656  5.4881  4.7734  4.2375  4.1642  6.1537  7.0214
  62  0.764518  3.6843  4.5694 -0.5575  8.5884  7.5533  6.4962  5.9090  5.4383  4.7347  4.2083  4.1368  6.0952  6.9363
  63  0.770269  3.6872  4.5652 -0.5383  8.4777  7.4735  6.4302  5.8536  5.3894  4.6965  4.1792  4.1094  6.0378  6.8535
  64  0.775949  3.6901  4.5609 -0.5195  8.3706  7.3958  6.3657  5.7994  5.3414  4.6587  4.1505  4.0823  5.9816  6.7730
  65  0.781552  3.6928  4.5566 -0.5009  8.2700  7.3208  6.3032  5.7466  5.2943  4.6214  4.1218  4.0551  5.9268  6.6954
  66  0.787093  3.6955  4.5522 -0.4827  8.1729  7.2480  6.2424  5.6951  5.2481  4.5846  4.0934  4.0281  5.8734  6.6204
  67  0.792560  3.6981  4.5477 -0.4648  8.0784  7.1774  6.1833  5.6448  5.2030  4.5485  4.0653  4.0014  5.8213  6.5480
  68  0.797955  3.7006  4.5431 -0.4473  7.9843  7.1087  6.1259  5.5958  5.1591  4.5134  4.0378  3.9752  5.7706  6.4782
  69  0.803278  3.7031  4.5385 -0.4301  7.8915  7.0420  6.0703  5.5481  5.1163  4.4791  4.0107  3.9494  5.7212  6.4111
  70  0.808556  3.7054  4.5339 -0.4133  7.8007  6.9770  6.0161  5.5016  5.0744  4.4456  3.9840  3.9240  5.6730  6.3462
  71  0.813788  3.7077  4.5293 -0.3967  7.7121  6.9138  5.9634  5.4561  5.0335  4.4126  3.9575  3.8987  5.6260  6.2835
  72  0.818946  3.7099  4.5246 -0.3805  7.6266  6.8524  5.9123  5.4119  4.9935  4.3801  3.9312  3.8735  5.5802  6.2231
  73  0.824022  3.7120  4.5198 -0.3645  7.5435  6.7927  5.8625  5.3687  4.9543  4.3481  3.9051  3.8486  5.5356  6.1648
  74  0.829008  3.7141  4.5150 -0.3488  7.4627  6.7346  5.8140  5.3265  4.9160  4.3166  3.8793  3.8238  5.4919  6.1083
  75  0.833896  3.7161  4.5102 -0.3334  7.3841  6.6779  5.7668  5.2852  4.8783  4.2856  3.8538  3.7994  5.4492  6.0536
  76  0.838668  3.7180  4.5052 -0.3182  7.3080  6.6227  5.7207  5.2447  4.8414  4.2551  3.8285  3.7752  5.4074  6.0007
  77  0.843330  3.7199  4.5002 -0.3033  7.2338  6.5689  5.6757  5.2051  4.8052  4.2250  3.8036  3.7512  5.3665  5.9493
  78  0.847865  3.7217  4.4951 -0.2887  7.1618  6.5165  5.6319  5.1663  4.7696  4.1954  3.7790  3.7275  5.3264  5.8995
  79  0.852288  3.7234  4.4899 -0.2742  7.0916  6.4654  5.5891  5.1283  4.7345  4.1662  3.7546  3.7038  5.2872  5.8511
  80  0.856578  3.7251  4.4847 -0.2601  7.0232  6.4159  5.5474  5.0911  4.7001  4.1375  3.7307  3.6804  5.2489  5.8043
  81  0.860772  3.7268  4.4794 -0.2461  6.9565  6.3678  5.5068  5.0546  4.6663  4.1092  3.7071  3.6571  5.2113  5.7588
  82  0.864877  3.7283  4.4741 -0.2324  6.8914  6.3207  5.4670  5.0187  4.6330  4.0813  3.6837  3.6340  5.1745  5.7144
  83  0.868895  3.7299  4.4687 -0.2189  6.8282  6.2747  5.4281  4.9836  4.6002  4.0537  3.6605  3.6109  5.1384  5.6712
  84  0.872830  3.7313  4.4632 -0.2056  6.7668  6.2297  5.3900  4.9490  4.5681  4.0265  3.6373  3.5880  5.1029  5.6290
  85  0.876693  3.7328  4.4577 -0.1925  6.7071  6.1856  5.3526  4.9151  4.5364  3.9995  3.6142  3.5653  5.0681  5.5879
  86  0.880485  3.7341  4.4522 -0.1795  6.6495  6.1422  5.3159  4.8819  4.5054  3.9728  3.5910  3.5426  5.0339  5.5476
  87  0.884205  3.7355  4.4466 -0.1668  6.5933  6.0997  5.2799  4.8492  4.4749  3.9465  3.5681  3.5202  5.0003  5.5083
  88  0.887862  3.7368  4.4409 -0.1543  6.5388  6.0581  5.2446  4.8170  4.4448  3.9204  3.5452  3.4979  4.9673  5.4698
  89  0.891458  3.7380  4.4352 -0.1419  6.4859  6.0175  5.2101  4.7855  4.4153  3.8947  3.5224  3.4757  4.9349  5.4323
  90  0.894987  3.7392  4.4295 -0.1297  6.4347  5.9778  5.1762  4.7545  4.3862  3.8692  3.4997  3.4536  4.9031  5.3956
  91  0.898454  3.7403  4.4237 -0.1177  6.3848  5.9390  5.1430  4.7240  4.3576  3.8440  3.4773  3.4317  4.8718  5.3598
  92  0.901863  3.7414  4.4179 -0.1059  6.3364  5.9011  5.1105  4.6941  4.3295  3.8191  3.4550  3.4099  4.8412  5.3248
  93  0.905201  3.7424  4.4121 -0.0943  6.2894  5.8641  5.0786  4.6648  4.3018  3.7946  3.4330  3.3883  4.8111  5.2906
  94  0.908472  3.7434  4.4062 -0.0830  6.2437  5.8281  5.0475  4.6360  4.2746  3.7704  3.4112  3.3670  4.7816  5.2573
  95  0.911670  3.7444  4.4004 -0.0718  6.1994  5.7928  5.0170  4.6078  4.2479  3.7466  3.3897  3.3458  4.7528  5.2247
  96  0.914801  3.7453  4.3945 -0.0608  6.1565  5.7585  4.9871  4.5801  4.2217  3.7231  3.3683  3.3248  4.7244  5.1929
  97  0.917870  3.7461  4.3887 -0.0500  6.1147  5.7249  4.9579  4.5530  4.1959  3.6999  3.3473  3.3041  4.6967  5.1618
  98  0.920876  3.7470  4.3829 -0.0394  6.0742  5.6922  4.9293  4.5263  4.1706  3.6771  3.3264  3.2836  4.6695  5.1315
  99  0.923828  3.7478  4.3770 -0.0290  6.0350  5.6604  4.9014  4.5002  4.1457  3.6545  3.3057  3.2631  4.6428  5.1019
 100  0.926727  3.7485  4.3712 -0.0188  5.9966  5.6292  4.8740  4.4745  4.1212  3.6323  3.2852  3.2430  4.6166  5.0729
 101  0.929578  3.7492  4.3653 -0.0087  5.9594  5.5988  4.8471  4.4493  4.0971  3.6103  3.2649  3.2229  4.5909  5.0446
 102  0.932391  3.7499  4.3594  0.0012  5.9232  5.5691  4.8208  4.4245  4.0734  3.5885  3.2447  3.2030  4.5656  5.0169
 103  0.935172  3.7506  4.3535  0.0109  5.8881  5.5402  4.7950  4.4001  4.0500  3.5670  3.2246  3.1832  4.5408  4.9897
 104  0.937922  3.7512  4.3476  0.0205  5.8539  5.5118  4.7696  4.3761  4.0269  3.5457  3.2047  3.1634  4.5164  4.9631
 105  0.940652  3.7517  4.3417  0.0300  5.8206  5.4840  4.7447  4.3525  4.0041  3.5245  3.1849  3.1438  4.4923  4.9370
 106  0.943358  3.7523  4.3357  0.0393  5.7884  5.4569  4.7202  4.3291  3.9815  3.5035  3.1651  3.1242  4.4686  4.9114
 107  0.946036  3.7528  4.3297  0.0486  5.7569  5.4302  4.6960  4.3061  3.9592  3.4827  3.1454  3.1048  4.4453  4.8863
 108  0.948670  3.7532  4.3237  0.0577  5.7264  5.4042  4.6723  4.2834  3.9372  3.4620  3.1258  3.0853  4.4222  4.8616
 109  0.951234  3.7537  4.3176  0.0666  5.6965  5.3786  4.6489  4.2610  3.9155  3.4416  3.1063  3.0660  4.3995  4.8373
 110  0.953684  3.7541  4.3117  0.0755  5.6670  5.3534  4.6259  4.2390  3.8941  3.4215  3.0872  3.0470  4.3772  4.8134
 111  0.956057  3.7545  4.3057  0.0842  5.6382  5.3287  4.6033  4.2173  3.8730  3.4016  3.0683  3.0282  4.3552  4.7899
 112  0.957521  3.7548  4.3019  0.0896  5.6204  5.3132  4.5891  4.2037  3.8598  3.3891  3.0564  3.0164  4.3414  4.7753
 113  0.958985  3.7550  4.2980  0.0951  5.6024  5.2977  4.5748  4.1900  3.8464  3.3765  3.0443  3.0043  4.3275  4.7605
 114  0.960445  3.7553  4.2941  0.1007  5.5844  5.2821  4.5604  4.1761  3.8329  3.3636  3.0320  2.9921  4.3135  4.7456
 115  0.961904  3.7555  4.2901  0.1063  5.5665  5.2664  4.5460  4.1621  3.8193  3.3507  3.0196  2.9798  4.2994  4.7306
 116  0.963362  3.7557  4.2860  0.1120  5.5487  5.2507  4.5314  4.1480  3.8055  3.3375  3.0069  2.9672  4.2851  4.7156
 117  0.964816  3.7559  4.2818  0.1177  5.5308  5.2349  4.5167  4.1339  3.7917  3.3243  2.9942  2.9545  4.2708  4.7005
 118  0.966269  3.7561  4.2775  0.1234  5.5130  5.2191  4.5020  4.1196  3.7777  3.3109  2.9813  2.9417  4.2564  4.6853
 119  0.967720  3.7563  4.2732  0.1292  5.4952  5.2032  4.4872  4.1052  3.7637  3.2974  2.9683  2.9287  4.2419  4.6700
 120  0.969168  3.7565  4.2688  0.1350  5.4775  5.1873  4.4723  4.0908  3.7495  3.2838  2.9551  2.9156  4.2273  4.6548
 121  0.970614  3.7567  4.2644  0.1408  5.4599  5.1715  4.4574  4.0763  3.7353  3.2701  2.9417  2.9023  4.2127  4.6394
 122  0.972059  3.7569  4.2598  0.1466  5.4424  5.1556  4.4424  4.0617  3.7210  3.2562  2.9283  2.8889  4.1980  4.6241
 123  0.973464  3.7571  4.2553  0.1526  5.4243  5.1392  4.4271  4.0469  3.7064  3.2422  2.9147  2.8754  4.1830  4.6084
 124  0.974875  3.7573  4.2507  0.1586  5.4061  5.1229  4.4118  4.0321  3.6919  3.2282  2.9012  2.8619  4.1680  4.5927
 125  0.976291  3.7574  4.2461  0.1645  5.3881  5.1066  4.3965  4.0172  3.6773  3.2141  2.8875  2.8483  4.1530  4.5770
 126  0.977708  3.7576  4.2414  0.1705  5.3703  5.0904  4.3812  4.0023  3.6627  3.2000  2.8737  2.8346  4.1380  4.5613
 127  0.979127  3.7578  4.2367  0.1765  5.3526  5.0742  4.3659  3.9874  3.6480  3.1857  2.8598  2.8207  4.1229  4.5457
 128  0.980545  3.7579  4.2318  0.1826  5.3351  5.0581  4.3506  3.9724  3.6332  3.1713  2.8458  2.8067  4.1078  4.5300
 129  0.981963  3.7580  4.2269  0.1886  5.3178  5.0420  4.3352  3.9574  3.6184  3.1568  2.8316  2.7925  4.0927  4.5143
 130  0.983382  3.7581  4.2219  0.1946  5.3007  5.0260  4.3199  3.9423  3.6035  3.1422  2.8172  2.7782  4.0775  4.4987
 131  0.984798  3.7582  4.2168  0.2007  5.2840  5.0102  4.3046  3.9272  3.5885  3.1274  2.8026  2.7636  4.0623  4.4832
 132  0.986211  3.7583  4.2116  0.2068  5.2673  4.9944  4.2892  3.9120  3.5734  3.1125  2.7879  2.7489  4.0471  4.4676
 133  0.987622  3.7583  4.2063  0.2129  5.2510  4.9787  4.2738  3.8968  3.5582  3.0975  2.7730  2.7340  4.0318  4.4520
 134  0.989029  3.7584  4.2009  0.2191  5.2348  4.9630  4.2584  3.8815  3.5430  3.0823  2.7579  2.7189  4.0165  4.4365
 135  0.990432  3.7584  4.1955  0.2252  5.2185  4.9472  4.2430  3.8662  3.5277  3.0671  2.7428  2.7038  4.0012  4.4209
 136  0.991833  3.7584  4.1898  0.2314  5.2029  4.9317  4.2276  3.8508  3.5123  3.0516  2.7273  2.6882  3.9858  4.4054
 137  0.993230  3.7583  4.1842  0.2376  5.1873  4.9162  4.2121  3.8354  3.4968  3.0360  2.7117  2.6726  3.9703  4.3899
 138  0.994623  3.7583  4.1783  0.2438  5.1722  4.9009  4.1967  3.8199  3.4812  3.0202  2.6958  2.6567  3.9548  4.3744
 139  0.996012  3.7582  4.1724  0.2501  5.1571  4.8856  4.1812  3.8043  3.4656  3.0043  2.6798  2.6406  3.9393  4.3589
 140  0.997398  3.7581  4.1663  0.2563  5.1425  4.8704  4.1658  3.7887  3.4498  2.9882  2.6635  2.6243  3.9237  4.3435
 141  0.998780  3.7580  4.1602  0.2626  5.1277  4.8552  4.1502  3.7731  3.4339  2.9721  2.6471  2.6078  3.9081  4.3280
 142  1.000159  3.7579  4.1539  0.2690  5.1137  4.8403  4.1348  3.7573  3.4179  2.9556  2.6304  2.5910  3.8925  4.3126
 143  1.001534  3.7577  4.1474  0.2753  5.0999  4.8254  4.1192  3.7416  3.4019  2.9390  2.6134  2.5740  3.8768  4.2973
 144  1.002908  3.7575  4.1409  0.2817  5.0863  4.8105  4.1037  3.7257  3.3857  2.9223  2.5963  2.5567  3.8610  4.2819
 145  1.004280  3.7572  4.1341  0.2881  5.0733  4.7960  4.0882  3.7098  3.3694  2.9052  2.5787  2.5391  3.8452  4.2667
 146  1.005654  3.7570  4.1272  0.2945  5.0607  4.7815  4.0727  3.6938  3.3530  2.8880  2.5609  2.5212  3.8293  4.2514
 147  1.007026  3.7566  4.1199  0.3010  5.0492  4.7676  4.0573  3.6777  3.3364  2.8704  2.5425  2.5026  3.8135  4.2364
 148  1.008398  3.7562  4.1125  0.3074  5.0382  4.7538  4.0419  3.6616  3.3196  2.8525  2.5239  2.4838  3.7976  4.2215
 149  1.009773  3.7558  4.1048  0.3139  5.0282  4.7404  4.0266  3.6455  3.3028  2.8343  2.5047  2.4644  3.7817  4.2068
 150  1.011152  3.7553  4.0968  0.3204  5.0193  4.7272  4.0114  3.6293  3.2858  2.8158  2.4851  2.4446  3.7658  4.1922
 151  1.012535  3.7547  4.0885  0.3270  5.0117  4.7145  3.9962  3.6132  3.2688  2.7969  2.4649  2.4243  3.7500  4.1778
 152  1.013931  3.7540  4.0799  0.3335  5.0050  4.7022  3.9812  3.5969  3.2516  2.7777  2.4443  2.4035  3.7341  4.1636
 153  1.015336  3.7532  4.0708  0.3400  5.0005  4.6907  3.9664  3.5808  3.2342  2.7579  2.4228  2.3818  3.7184  4.1499
 154  1.016756  3.7523  4.0612  0.3466  4.9980  4.6800  3.9519  3.5646  3.2167  2.7376  2.4005  2.3592  3.7027  4.1366
 155  1.018204  3.7512  4.0511  0.3531  4.9982  4.6705  3.9378  3.5486  3.1991  2.7167  2.3773  2.3357  3.6873  4.1240
 156  1.019687  3.7500  4.0402  0.3595  5.0017  4.6623  3.9243  3.5328  3.1815  2.6950  2.3528  2.3109  3.6721  4.1123
 157  1.021220  3.7484  4.0282  0.3659  5.0105  4.6567  3.9118  3.5174  3.1637  2.6724  2.3267  2.2843  3.6576  4.1021
 158  1.022823  3.7464  4.0148  0.3720  5.0257  4.6552  3.9013  3.5028  3.1460  2.6486  2.2982  2.2552  3.6442  4.0946
 159  1.024513  3.7438  3.9994  0.3775  5.0523  4.6603  3.8941  3.4901  3.1289  2.6236  2.2669  2.2229  3.6331  4.0916
 160  1.026237  3.7403  3.9821  0.3817  5.0958  4.6758  3.8930  3.4814  3.1144  2.5984  2.2333  2.1879  3.6266  4.0963
 161  1.027802  3.7362  3.9643  0.3837  5.1577  4.7022  3.8997  3.4790  3.1051  2.5762  2.2009  2.1537  3.6267  4.1103
 162  1.028989  3.7323  3.9497  0.3831  5.2241  4.7340  3.9127  3.4832  3.1027  2.5616  2.1765  2.1276  3.6333  4.1306
 163  1.030164  3.7276  3.9328  0.3819  5.3079  4.7750  3.9308  3.4904  3.1019  2.5458  2.1490  2.0979  3.6434  4.1578
 164  1.031325  3.7221  3.9134  0.3799  5.4097  4.8252  3.9544  3.5011  3.1030  2.5292  2.1182  2.0645  3.6574  4.1929
 165  1.032486  3.7160  3.8902  0.3790  5.5238  4.8795  3.9793  3.5112  3.1023  2.5078  2.0805  2.0238  3.6711  4.2318
 166  1.033652  3.7097  3.8624  0.3821  5.6349  4.9272  3.9971  3.5131  3.0928  2.4766  2.0320  1.9721  3.6767  4.2652
 167  1.034752  3.7042  3.8313  0.3917  5.7174  4.9525  3.9968  3.4988  3.0681  2.4327  1.9728  1.9099  3.6654  4.2799
 168  1.035711  3.7001  3.8002  0.4070  5.7579  4.9512  3.9771  3.4687  3.0302  2.3803  1.9089  1.8439  3.6374  4.2717
 169  1.036545  3.6973  3.7711  0.4249  5.7654  4.9324  3.9459  3.4301  2.9860  2.3258  1.8460  1.7797  3.6002  4.2485
 170  1.037297  3.6951  3.7439  0.4439  5.7543  4.9038  3.9085  3.3873  2.9390  2.2713  1.7851  1.7181  3.5584  4.2167
 171  1.037998  3.6936  3.7181  0.4636  5.7324  4.8691  3.8670  3.3418  2.8903  2.2169  1.7258  1.6582  3.5136  4.1793
 172  1.038661  3.6923  3.6932  0.4837  5.7038  4.8304  3.8230  3.2946  2.8406  2.1626  1.6675  1.5995  3.4670  4.1383
 173  1.039299  3.6913  3.6691  0.5041  5.6702  4.7888  3.7771  3.2463  2.7902  2.1084  1.6103  1.5418  3.4191  4.0946
 174  1.039917  3.6904  3.6455  0.5246  5.6332  4.7453  3.7299  3.1972  2.7393  2.0545  1.5538  1.4850  3.3703  4.0490
 175  1.040521  3.6897  3.6223  0.5452  5.5941  4.7003  3.6818  3.1476  2.6882  2.0007  1.4980  1.4288  3.3209  4.0021
 176  1.041114  3.6891  3.5995  0.5658  5.5532  4.6543  3.6330  3.0975  2.6369  1.9471  1.4427  1.3732  3.2711  3.9541
 177  1.041700  3.6886  3.5771  0.5864  5.5108  4.6075  3.5839  3.0474  2.5856  1.8938  1.3880  1.3182  3.2210  3.9054
 178  1.042278  3.6881  3.5547  0.6071  5.4676  4.5603  3.5345  2.9971  2.5343  1.8406  1.3335  1.2634  3.1709  3.8564
 179  1.042850  3.6877  3.5326  0.6277  5.4238  4.5127  3.4850  2.9467  2.4830  1.7876  1.2793  1.2089  3.1206  3.8071
 180  1.043416  3.6873  3.5106  0.6483  5.3795  4.4649  3.4353  2.8963  2.4318  1.7347  1.2254  1.1547  3.0703  3.7575
 181  1.043971  3.6869  3.4885  0.6689  5.3351  4.4171  3.3856  2.8459  2.3805  1.6818  1.1714  1.1004  3.0200  3.7079
 182  1.044323  3.6866  3.4743  0.6822  5.3064  4.3863  3.3535  2.8133  2.3474  1.6477  1.1366  1.0654  2.9875  3.6759
 183  1.044674  3.6863  3.4600  0.6957  5.2774  4.3551  3.3210  2.7804  2.3139  1.6132  1.1015  1.0301  2.9547  3.6435
 184  1.045026  3.6861  3.4455  0.7093  5.2479  4.3234  3.2881  2.7470  2.2799  1.5782  1.0659  0.9943  2.9213  3.6106
 185  1.045377  3.6858  3.4307  0.7232  5.2184  4.2915  3.2548  2.7133  2.2456  1.5428  1.0297  0.9579  2.8876  3.5774
 186  1.045727  3.6855  3.4152  0.7375  5.1884  4.2586  3.2205  2.6783  2.2099  1.5059  0.9921  0.9200  2.8528  3.5432
 187  1.046074  3.6852  3.3991  0.7526  5.1562  4.2238  3.1842  2.6415  2.1724  1.4672  0.9527  0.8803  2.8160  3.5070
 188  1.046417  3.6848  3.3820  0.7684  5.1231  4.1876  3.1462  2.6029  2.1331  1.4265  0.9111  0.8384  2.7775  3.4693
 189  1.046755  3.6845  3.3641  0.7851  5.0876  4.1490  3.1060  2.5620  2.0914  1.3835  0.8673  0.7943  2.7367  3.4292
 190  1.047086  3.6841  3.3445  0.8032  5.0504  4.1079  3.0628  2.5180  2.0466  1.3370  0.8197  0.7464  2.6928  3.3863
 191  1.047414  3.6836  3.3242  0.8218  5.0126  4.0658  3.0185  2.4727  2.0003  1.2890  0.7706  0.6968  2.6477  3.3424
 192  1.047735  3.6831  3.3027  0.8415  4.9732  4.0215  2.9717  2.4249  1.9514  1.2382  0.7185  0.6443  2.6000  3.2961
 193  1.048048  3.6826  3.2798  0.8623  4.9324  3.9751  2.9225  2.3746  1.8999  1.1844  0.6633  0.5886  2.5499  3.2476
 194  1.048356  3.6820  3.2563  0.8837  4.8902  3.9272  2.8718  2.3226  1.8467  1.1290  0.6065  0.5313  2.4981  3.1975
 195  1.048656  3.6814  3.2315  0.9060  4.8469  3.8776  2.8190  2.2685  1.7912  1.0710  0.5468  0.4711  2.4441  3.1454
 196  1.048951  3.6807  3.2059  0.9291  4.8028  3.8267  2.7647  2.2127  1.7340  1.0112  0.4852  0.4089  2.3886  3.0921
 197  1.049239  3.6800  3.1794  0.9528  4.7583  3.7747  2.7091  2.1555  1.6751  0.9495  0.4216  0.3447  2.3316  3.0376
 198  1.049518  3.6792  3.1518  0.9774  4.7136  3.7215  2.6518  2.0963  1.6142  0.8855  0.3554  0.2777  2.2728  2.9816
 199  1.049790  3.6784  3.1232  1.0027  4.6682  3.6671  2.5931  2.0356  1.5516  0.8196  0.2872  0.2088  2.2124  2.9244
 200  1.050055  3.6775  3.0939  1.0286  4.6225  3.6117  2.5332  1.9735  1.4875  0.7519  0.2171  0.1380  2.1506  2.8660
 201  1.050313  3.6765  3.0636  1.0552  4.5766  3.5553  2.4719  1.9099  1.4218  0.6825  0.1451  0.0652  2.0873  2.8065
 202  1.050561  3.6755  3.0325  1.0824  4.5305  3.4979  2.4093  1.8449  1.3546  0.6112  0.0711 -0.0097  2.0226  2.7459
 203  1.050801  3.6745  3.0005  1.1103  4.4842  3.4395  2.3454  1.7784  1.2857  0.5382 -0.0048 -0.0865  1.9565  2.6842
 204  1.051034  3.6733  2.9677  1.1386  4.4392  3.3811  2.2811  1.7110  1.2158  0.4637 -0.0825 -0.1652  1.8896  2.6224
 205  1.051257  3.6721  2.9339  1.1676  4.3943  3.3220  2.2156  1.6424  1.1444  0.3874 -0.1621 -0.2459  1.8214  2.5596
 206  1.051471  3.6709  2.8994  1.1972  4.3495  3.2621  2.1491  1.5726  1.0716  0.3096 -0.2434 -0.3283  1.7521  2.4962
 207  1.051678  3.6695  2.8642  1.2271  4.3051  3.2019  2.0820  1.5020  0.9980  0.2306 -0.3261 -0.4122  1.6819  2.4322
 208  1.051875  3.6681  2.8283  1.2576  4.2610  3.1412  2.0141  1.4305  0.9232  0.1503 -0.4102 -0.4976  1.6108  2.3677
 209  1.052064  3.6667  2.7918  1.2885  4.2173  3.0800  1.9455  1.3581  0.8474  0.0688 -0.4956 -0.5844  1.5389  2.3027
 210  1.052246  3.6652  2.7547  1.3197  4.1743  3.0187  1.8766  1.2851  0.7709 -0.0137 -0.5821 -0.6724  1.4664  2.2375
 211  1.052420  3.6637  2.7171  1.3512  4.1318  2.9572  1.8072  1.2116  0.6937 -0.0972 -0.6697 -0.7614  1.3934  2.1721
 212  1.052589  3.6621  2.6791  1.3830  4.0903  2.8958  1.7376  1.1376  0.6159 -0.1813 -0.7581 -0.8514  1.3199  2.1068
 213  1.052752  3.6605  2.6407  1.4151  4.0498  2.8347  1.6680  1.0635  0.5377 -0.2661 -0.8473 -0.9422  1.2463  2.0416
 214  1.052914  3.6589  2.6021  1.4471  4.0104  2.7741  1.5986  0.9893  0.4595 -0.3511 -0.9369 -1.0335  1.1727  1.9770
 215  1.053082  3.6572  2.5638  1.4790  3.9721  2.7143  1.5300  0.9160  0.3819 -0.4354 -1.0259 -1.1241  1.0998  1.9132
 216  1.053323  3.6559  2.5312  1.5064  3.9373  2.6618  1.4705  0.8526  0.3152 -0.5077 -1.1019 -1.2015  1.0368  1.8575
 217  1.053354  3.6560  2.5317  1.5061  3.9364  2.6617  1.4707  0.8530  0.3157 -0.5069 -1.1009 -1.2004  1.0372  1.8574
 218  1.053384  3.6561  2.5336  1.5047  3.9369  2.6638  1.4734  0.8561  0.3191 -0.5030 -1.0966 -1.1960  1.0402  1.8596
 219  1.053410  3.6563  2.5366  1.5024  3.9380  2.6672  1.4778  0.8610  0.3245 -0.4968 -1.0899 -1.1891  1.0451  1.8634
 220  1.053434  3.6565  2.5404  1.4995  3.9401  2.6720  1.4836  0.8675  0.3316 -0.4889 -1.0814 -1.1804  1.0516  1.8686
 221  1.053455  3.6567  2.5446  1.4962  3.9425  2.6774  1.4903  0.8749  0.3395 -0.4801 -1.0718 -1.1706  1.0588  1.8744
 222  1.053474  3.6570  2.5491  1.4927  3.9456  2.6835  1.4976  0.8829  0.3481 -0.4705 -1.0616 -1.1601  1.0668  1.8810
 223  1.053492  3.6572  2.5539  1.4889  3.9488  2.6899  1.5053  0.8914  0.3572 -0.4603 -1.0507 -1.1490  1.0751  1.8879
 224  1.053508  3.6575  2.5588  1.4850  3.9522  2.6966  1.5133  0.9002  0.3667 -0.4498 -1.0394 -1.1375  1.0839  1.8951
 225  1.053523  3.6577  2.5640  1.4809  3.9557  2.7035  1.5216  0.9093  0.3765 -0.4390 -1.0278 -1.1256  1.0929  1.9026
 226  1.053537  3.6580  2.5692  1.4767  3.9594  2.7108  1.5303  0.9187  0.3866 -0.4277 -1.0157 -1.1133  1.1023  1.9104
 227  1.053798  3.6590  2.5841  1.4660  3.9619  2.7258  1.5504  0.9419  0.4123 -0.3979 -0.9830 -1.0796  1.1251  1.9270
 228  1.054068  3.6554  2.5031  1.5327  3.8867  2.6029  1.4082  0.7891  0.2502 -0.5751 -1.1705 -1.2707  0.9733  1.7956
 229  1.054300  3.6518  2.4259  1.5954  3.8235  2.4915  1.2772  0.6470  0.0985 -0.7421 -1.3483 -1.4523  0.8323  1.6762
 230  1.054504  3.6481  2.3502  1.6566  3.7657  2.3852  1.1510  0.5096 -0.0491 -0.9051 -1.5222 -1.6302  0.6958  1.5622
 231  1.054682  3.6445  2.2765  1.7159  3.7139  2.2847  1.0308  0.3780 -0.1913 -1.0630 -1.6909 -1.8031  0.5649  1.4544
 232  1.054838  3.6408  2.2036  1.7742  3.6665  2.1877  0.9140  0.2496 -0.3309 -1.2185 -1.8573 -1.9738  0.4370  1.3504
 233  1.054974  3.6372  2.1334  1.8301  3.6244  2.0969  0.8038  0.1280 -0.4642 -1.3675 -2.0171 -2.1381  0.3157  1.2530
 234  1.055094  3.6336  2.0638  1.8852  3.5863  2.0096  0.6973  0.0098 -0.5950 -1.5144 -2.1748 -2.3004  0.1975  1.1592
 235  1.055198  3.6300  1.9967  1.9382  3.5521  1.9274  0.5964 -0.1023 -0.7204 -1.6556 -2.3265 -2.4569  0.0849  1.0711
 236  1.055293  3.6263  1.9290  1.9910  3.5221  1.8481  0.4983 -0.2120 -0.8450 -1.7969 -2.4785 -2.6140 -0.0256  0.9861
 237  1.055376  3.6226  1.8628  2.0424  3.4947  1.7730  0.4052 -0.3165 -0.9656 -1.9344 -2.6262 -2.7670 -0.1315  0.9054
 238  1.055450  3.6190  1.7982  2.0924  3.4688  1.7017  0.3167 -0.4162 -1.0826 -2.0683 -2.7702 -2.9163 -0.2331  0.8284
 239  1.055516  3.6153  1.7345  2.1416  3.4442  1.6336  0.2321 -0.5119 -1.1970 -2.1999 -2.9121 -3.0634 -0.3312  0.7547
 240  1.055576  3.6117  1.6718  2.1898  3.4206  1.5690  0.1516 -0.6031 -1.3087 -2.3291 -3.0517 -3.2082 -0.4256  0.6844
 241  1.055629  3.6081  1.6107  2.2367  3.3976  1.5081  0.0757 -0.6894 -1.4168 -2.4548 -3.1876 -3.3494 -0.5157  0.6173
 242  1.055677  3.6046  1.5506  2.2826  3.3751  1.4506  0.0042 -0.7710 -1.5224 -2.5782 -3.3212 -3.4881 -0.6019  0.5534
 243  1.055720  3.6011  1.4917  2.3276  3.3541  1.3970 -0.0623 -0.8472 -1.6253 -2.6994 -3.4522 -3.6244 -0.6840  0.4934
 244  1.055759  3.5976  1.4340  2.3712  3.3366  1.3492 -0.1222 -0.9167 -1.7244 -2.8175 -3.5800 -3.7575 -0.7604  0.4396
 245  1.055794  3.5941  1.3771  2.4143  3.3180  1.3044 -0.1785 -0.9825 -1.8215 -2.9341 -3.7062 -3.8891 -0.8340  0.3882
 246  1.055826  3.5907  1.3212  2.4564  3.2976  1.2628 -0.2310 -1.0444 -1.9156 -3.0477 -3.8296 -4.0178 -0.9043  0.3390
 247  1.055855  3.5873  1.2671  2.4971  3.2748  1.2245 -0.2799 -1.1026 -2.0058 -3.1572 -3.9489 -4.1424 -0.9711  0.2922
 248  1.055881  3.5839  1.2136  2.5371  3.2522  1.1900 -0.3234 -1.1556 -2.0938 -3.2652 -4.0664 -4.2651 -1.0340  0.2490
 249  1.055906  3.5806  1.1613  2.5762  3.2302  1.1596 -0.3610 -1.2028 -2.1787 -3.3709 -4.1813 -4.3852 -1.0926  0.2099
 250  1.055928  3.5774  1.1102  2.6142  3.2097  1.1332 -0.3923 -1.2435 -2.2607 -3.4743 -4.2933 -4.5024 -1.1465  0.1750
 251  1.055948  3.5741  1.0595  2.6518  3.1893  1.1106 -0.4181 -1.2792 -2.3407 -3.5767 -4.4039 -4.6183 -1.1970  0.1433
 252  1.055967  3.5709  1.0107  2.6879  3.1703  1.0938 -0.4363 -1.3082 -2.4160 -3.6751 -4.5103 -4.7298 -1.2420  0.1168
 253  1.055984  3.5677  0.9622  2.7235  3.1519  1.0828 -0.4471 -1.3309 -2.4886 -3.7725 -4.6156 -4.8402 -1.2828  0.0948
 254  1.056000  3.5645  0.9146  2.7583  3.1337  1.0778 -0.4497 -1.3463 -2.5584 -3.8681 -4.7191 -4.9486 -1.3186  0.0774
 255  1.056014  3.5613  0.8681  2.7922  3.1165  1.0789 -0.4442 -1.3553 -2.6239 -3.9612 -4.8199 -5.0543 -1.3495  0.0656
 256  1.056028  3.5582  0.8226  2.8252  3.1006  1.0868 -0.4296 -1.3577 -2.6849 -4.0524 -4.9187 -5.1579 -1.3754  0.0598
 257  1.056041  3.5551  0.7781  2.8574  3.0876  1.1017 -0.4069 -1.3546 -2.7410 -4.1412 -5.0150 -5.2588 -1.3966  0.0594
 258  1.056052  3.5521  0.7343  2.8889  3.0776  1.1234 -0.3761 -1.3466 -2.7928 -4.2286 -5.1096 -5.3581 -1.4138  0.0639
 259  1.056063  3.5490  0.6914  2.9198  3.0671  1.1530 -0.3329 -1.3300 -2.8390 -4.3142 -5.2024 -5.4555 -1.4248  0.0768
 260  1.056073  3.5461  0.6497  2.9496  3.0544  1.1897 -0.2773 -1.3047 -2.8794 -4.3976 -5.2926 -5.5502 -1.4295  0.0980
 261  1.056083  3.5432  0.6087  2.9790  3.0371  1.2405 -0.1972 -1.2615 -2.9128 -4.4804 -5.3816 -5.6435 -1.4233  0.1345
 262  1.056092  3.5402  0.5683  3.0077  3.0081  1.3004 -0.0945 -1.2014 -2.9387 -4.5610 -5.4695 -5.7359 -1.4072  0.1830
 263  1.056100  3.5374  0.5289  3.0357  2.9766  1.3643  0.0168 -1.1367 -2.9589 -4.6399 -5.5551 -5.8257 -1.3870  0.2380
 264  1.056108  3.5346  0.4904  3.0630  2.9450  1.4383  0.1448 -1.0629 -2.9705 -4.7178 -5.6390 -5.9137 -1.3590  0.3060
 265  1.056115  3.5318  0.4524  3.0898  2.9150  1.5299  0.3015 -0.9734 -2.9693 -4.7965 -5.7221 -6.0006 -1.3180  0.3949
 266  1.056122  3.5290  0.4153  3.1159  2.8926  1.6289  0.4719 -0.8864 -2.9543 -4.8747 -5.8034 -6.0857 -1.2716  0.5016
 267  1.056129  3.5263  0.3788  3.1414  2.8743  1.7267  0.6377 -0.8065 -2.9343 -4.9508 -5.8830 -6.1691 -1.2260  0.6118
 268  1.056135  3.5236  0.3433  3.1663  2.8595  1.8178  0.7882 -0.7381 -2.9133 -5.0236 -5.9600 -6.2500 -1.1851  0.7178
 269  1.056140  3.5210  0.3085  3.1905  2.8485  1.9019  0.9213 -0.6814 -2.8923 -5.0933 -6.0348 -6.3288 -1.1493  0.8186
 270  1.056146  3.5184  0.2743  3.2143  2.8417  1.9767  1.0316 -0.6384 -2.8732 -5.1600 -6.1074 -6.4055 -1.1205  0.9105
 271  1.056151  3.5158  0.2409  3.2374  2.8429  2.0361  1.0981 -0.6172 -2.8619 -5.2219 -6.1768 -6.4790 -1.1046  0.9829
 272  1.056156  3.5130  0.2071  3.2602  2.8515  2.0983  1.1568 -0.5987 -2.8463 -5.2821 -6.2456 -6.5521 -1.0872  1.0589
 273  1.056161  3.5105  0.1748  3.2822  2.8595  2.1487  1.1960 -0.5900 -2.8355 -5.3398 -6.3114 -6.6217 -1.0769  1.1214
 274  1.056165  3.5080  0.1432  3.3039  2.8680  2.1937  1.2246 -0.5857 -2.8262 -5.3963 -6.3757 -6.6897 -1.0695  1.1774
 275  1.056170  3.5055  0.1122  3.3250  2.8774  2.2360  1.2468 -0.5829 -2.8165 -5.4514 -6.4384 -6.7559 -1.0625  1.2299
 276  1.056174  3.5031  0.0819  3.3456  2.8813  2.2721  1.2663 -0.5776 -2.8071 -5.5060 -6.5002 -6.8207 -1.0550  1.2753
 277  1.056177  3.5007  0.0526  3.3654  2.8833  2.3036  1.2811 -0.5728 -2.7985 -5.5591 -6.5600 -6.8833 -1.0483  1.3150
 278  1.056181  3.4984  0.0245  3.3844  2.8854  2.3326  1.2922 -0.5683 -2.7899 -5.6100 -6.6171 -6.9428 -1.0420  1.3508
 279  1.056211  3.4966  0.0015  3.4000  2.8857  2.3532  1.2976 -0.5665 -2.7847 -5.6522 -6.6638 -6.9913 -1.0387  1.3760