#KIC      BF FRat     +/-     GAIA d     +/-       logg1    +/-      logg2    +/-      p_orb#  Teff1  +/-   Teff2  +/-   ELB off  ASP Teff 1   ASP Teff 2
5285607   0.620       0.027   799.744    13.82     4.0284   0.0131   4.1177   0.0153   3.899   6845   328   6776   478   350      6540         6430

#RV 6 Visits#
# time              phase         adjusted_time    RV1        +/-       RV2         +/-     
2455813.699668200   0.039702841   980.6996682000   41.40434    0.10055   86.61805    0.17314
2455823.726465500   0.611071377   990.7264655000   118.40604   0.06079   -3.96081    0.10792
2455840.661122600   0.953958058   1007.661122600   88.21830    0.06704   31.48074    0.10937
2455849.578349400   0.240777641   1016.578349400   -24.92739   0.05993   162.51528   0.10521
2455851.648742300   0.771729151   1018.648742300   148.08685   0.06007   -39.31835   0.00000
2455866.569448300   0.598138801   1033.569448300   113.10868   0.06348   2.02523     0.11449

#KIC      BF FRat     +/-     GAIA d     +/-       logg1    +/-      logg2    +/-      p_orb#  Teff1  +/-   Teff2  +/-   ELB off  ASP Teff 1   ASP Teff 2
4285087   0.997       0.022   617.665    11.903    4.4543   0.0063   4.4683   0.0073   4.486   5684   146   5694   243   20       5664         5684

#RV 6 Visits#
# time              phase         adjusted_time    RV1        +/-       RV2         +/-     
2455813.699840000   0.863982043   980.699840000   25.29392    0.06085   154.53120   0.06179
2455823.726630000   0.099095789   990.726630000   140.89112   0.05604   43.39777    0.05978
2455840.661270000   0.874067305   1007.66127000   31.32749    0.05846   150.88709   0.05656
2455849.578490000   0.861842156   1016.57849000   25.17360    0.05675   154.49572   0.05569
2455851.648880000   0.323361460   1018.64888000   167.33206   0.06178   17.39695    0.05656
2455866.569550000   0.649390490   1033.56955000   22.21211    0.05717   158.47840   0.05971

#KIC      BF FRat     +/-     GAIA d     +/-       logg1    +/-      logg2    +/-      p_orb#  Teff1  +/-   Teff2  +/-   ELB off  ASP Teff 1   ASP Teff 2
6131659   0.648       0.028   np.nan     np.nan    4.4960   0.0054   4.7052   0.0064   17.527  4845   98    np.nan np.nan 350     4845         np.nan

#RV 27 Visits#
# time              phase         adjusted_time    RV1        +/-       RV2         +/-        RV3        +/-
2456368.998760000   0.384014387   1535.998760000   62.54382    0.04820   125.60411   0.09071   92.70662   0.12112
2456411.919610000   0.832740171   1578.919610000   125.98898   0.04502   41.38220    0.07049   90.92556   0.09485
2456557.732790000   0.151692232   1724.732790000   55.73886    0.04176   134.87940   0.06906   92.31547   0.08764
2456559.722710000   0.265221400   1726.722710000   49.07611    0.04113   145.01218   0.07572   93.01821   0.09641
2456560.720450000   0.322144590   1727.720450000   52.98764    0.04258   140.19075   0.07530   92.61663   0.08323
2456584.631600000   0.686326556   1751.631600000   128.19892   0.04463   39.53054    0.06429   91.10774   0.08598
2456585.630100000   0.743293105   1752.630100000   131.45613   0.04450   35.18289    0.07473   91.69104   0.09262
2456757.892210000   0.571212879   1924.892210000   105.77059   0.04656   67.11551    0.07695   nan        nan
2456758.901570000   0.628799013   1925.901570000   120.00476   0.05205   48.76294    0.08413   88.13110   0.11852
2456760.904990000   0.743098386   1927.904990000   131.10459   0.04437   35.40593    0.09210   91.44461   0.11818
2456761.872090000   0.798273498   1928.872090000   129.46439   0.04781   37.47649    0.07990   91.54368   0.11800
2456762.867880000   0.855085435   1929.867880000   122.80493   0.04168   45.00257    0.09319   nan        nan
2456763.880400000   0.912851855   1930.880400000   111.49136   0.09892   61.30358    0.10543   89.82591   0.21939
2456783.834900000   0.051298523   1950.834900000   78.02656    0.05137   105.67718   0.08620   nan        nan 
2456784.821250000   0.107571888   1951.821250000   63.94525    0.05293   124.18565   0.11147   92.43341   0.14819
2456785.824730000   0.164822556   1952.824730000   54.48114    0.04186   137.80864   0.08855   92.36811   0.11470
2456786.797740000   0.220334847   1953.797740000   49.61991    0.04359   144.06802   0.08904   93.56297   0.13015
2456787.808640000   0.278008842   1954.808640000   49.59966    0.03978   144.49268   0.07777   93.28426   0.09552
2456788.842380000   0.336985907   1955.842380000   54.26875    0.04081   137.91744   0.08172   93.79072   0.09182
2456812.751290000   0.701040077   1979.751290000   129.38920   0.04439   36.99315    0.08944   91.09612   0.11506
2456814.754790000   0.815344013   1981.754790000   127.62554   0.04382   38.64598    0.08503   91.53330   0.11263
2456815.784840000   0.874110557   1982.784840000   119.79722   0.04652   50.10141    0.08307   91.80493   0.12825
2456816.765600000   0.930065001   1983.765600000   105.69443   0.04465   68.14282    0.08930   nan        nan
2456817.761310000   0.986872374   1984.761310000   91.46677    0.04756   301.31792   0.00000   nan        nan
2456818.763900000   0.044072266   1985.763900000   79.39156    0.04649   104.16382   0.00000   nan        nan
2456819.761540000   0.100989750   1986.761540000   65.33752    0.04693   122.38654   0.08596   93.57100   0.10867
2456820.755330000   0.157687583   1987.755330000   55.05358    0.03996   136.79379   0.08807   94.17809   0.10902

#KIC      BF FRat     +/-     GAIA d     +/-       logg1    +/-      logg2    +/-      p_orb#  Teff1  +/-   Teff2  +/-   ELB off  ASP Teff 1   ASP Teff 2
6449358   0.392       0.014   835.143    18.413    np.nan   np.nan   np.nan   np.nan   5.777   6737   178   6733   500   np.nan   np.nan 

#RV 15 Visits#
# time              phase         adjusted_time    RV1        +/-       RV2         +/-     
2456557.732750000   0.430758090   1724.732750000   47.97253    0.09222   74.10895    0.00000
2456559.722680000   0.775227919   1726.722680000   116.33237   0.06617   69.49978    0.08033
2456584.631580000   0.087120557   1751.631580000   44.82762    0.06712   80.17841    0.00000
2456585.630080000   0.259967403   1752.630080000   20.64042    0.05575   73.66072    0.07340
2456757.892240000   0.079667976   1924.892240000   46.40745    0.06928   78.30975    0.00000
2456760.905010000   0.601198063   1927.905010000   96.76565    0.08985   68.51095    0.00000
2456761.872120000   0.768611096   1928.872120000   116.27524   0.06627   71.44267    0.09745
2456763.880430000   0.116262622   1930.880430000   36.02128    0.05592   73.71523    0.00000
2456784.821260000   0.741256529   1951.821260000   115.98654   0.05681   69.45195    0.08756
2456787.808650000   0.258393173   1954.808650000   20.63805    0.05716   73.76453    0.08156
2456815.784830000   0.101251934   1982.784830000   40.47704    0.06901   75.51812    0.13761
2456816.765580000   0.271026139   1983.765580000   21.53826    0.06627   74.88111    0.07829
2456818.763890000   0.616946601   1985.763890000   101.41815   0.06494   70.95334    0.00000
2456819.761520000   0.789642844   1986.761520000   114.48351   0.05977   68.86331    0.08939
         
         
#KIC      BF FRat     +/-     GAIA d     +/-       logg1    +/-      logg2    +/-      p_orb   Teff1  +/-   Teff2  +/-   ELB off  ASP Teff 1   ASP Teff 2
6778289      0.462    0.029   1099.75    26.8496   4.1328   0.0075   4.4785   0.0095   30.13   6822   162   6135   358   250      6572         5910

#RV 21 Visits#
# time              phase         adjusted_time    RV1        +/-       RV2         +/-     
2456557.732610000   0.000054431   1724.732610000   47.22916    0.04496   107.44388   0.04523
2456559.722540000   0.066098908   1726.722540000   38.94120    0.04862   117.68595   0.05431
2456560.720270000   0.099212915   1727.720270000   36.53531    0.04616   122.22614   0.05269
2456584.631450000   0.892809362   1751.631450000   60.40270    0.05882   87.44341    0.05845 
2456585.629960000   0.925949257   1752.629960000   57.48639    0.04676   94.14865    0.05303 
2456757.892370000   0.643226137   1924.892370000   101.53287   0.04836   31.40749    0.05257
2456760.905140000   0.743218006   1927.905140000   85.99298    0.05052   54.70474    0.05644 
2456762.868030000   0.808365043   1929.868030000   72.74346    0.04945   253.43389   0.00000
2456763.880550000   0.841969920   1930.880550000   72.71775    0.05237   253.46836   0.00000
2456783.835020000   0.504245747   1950.835020000   115.03883   0.04857   12.93707    0.05526
2456784.821360000   0.536981728   1951.821360000   113.77112   0.04580   16.02203    0.05458
2456785.824840000   0.570286573   1952.824840000   111.26382   0.04441   18.58074    0.05068
2456786.797850000   0.602580140   1953.797850000   108.11182   0.04538   22.62920    0.04849
2456787.808740000   0.636130919   1954.808740000   102.19856   0.04680   29.24035    0.05030
2456788.842480000   0.670440074   1955.842480000   98.36418    0.04607   36.99518    0.04387 
2456814.754830000   0.530454047   1981.754830000   113.88239   0.04830   15.10880    0.05341
2456815.784870000   0.564640402   1982.784870000   111.32704   0.04669   17.50768    0.05229
2456816.765630000   0.597191186   1983.765630000   107.62158   0.05003   21.51686    0.05181
2456818.763920000   0.663513126   1985.763920000   97.63916    0.04809   35.61748    0.05348 
2456819.761560000   0.696624146   1986.761560000   93.26047    0.04598   42.66913    0.04994 
2456820.755350000   0.729607387   1987.755350000   87.11984    0.04820   50.65684    0.05410 
         
#KIC      BF FRat     +/-     GAIA d     +/-       logg1    +/-      logg2    +/-      p_orb#  Teff1  +/-   Teff2  +/-   ELB off  ASP Teff 1   ASP Teff 2
6781535   0.891       0.073   np.nan     np.nan    4.1609   0.0186   4.2532   0.0208   9.122   5849   125   np.nan np.nan 100     5749         np.nan

#RV 22 Visits#
# time              phase         adjusted_time    RV1        +/-       RV2         +/-     
2456557.733000000   0.852618309 1724.733000000 -37.06854   0.04906   128.94018   0.05710   44.51574   0.04695
2456559.723000000   0.070770176 1726.723000000 69.32931    0.20420   29.46308    0.10863   50.16918   0.13065
2456560.720000000   0.180065357 1727.720000000 85.46367    0.04540   1.98343     0.05725   44.26012   0.04798
2456584.632000000   0.801395725 1751.632000000 -30.42570   0.05214   122.68738   0.06032   44.03335   0.04690
2456585.630000000   0.910800530 1752.630000000 -20.43628   0.04665   109.78390   0.05667   45.50200   0.04131
2456757.892000000   0.794859237 1924.892000000 -29.25349   0.05190   119.30739   0.05984   44.09876   0.04880
2456760.905000000   0.125156510 1927.905000000 75.15562    0.05966   12.36609    0.07641   44.70038   0.05196
2456762.868000000   0.340348527 1929.868000000 92.36491    0.04949   -4.83513    0.06351   44.63914   0.04758
2456763.880000000   0.451288069 1930.880000000 82.60969    0.04868   4.54085     0.06017   44.46811   0.04615
2456783.835000000   0.638836057 1950.835000000 43.81080    0.04089   303.74768   0.00000   nan nan   
2456784.821000000   0.746925374 1951.821000000 -9.57392    0.04923   100.40113   0.05667   43.61616   0.04528
2456785.825000000   0.856987924 1952.825000000 -37.05956   0.04623   128.14300   0.05323   43.92852   0.04557
2456786.798000000   0.963652128 1953.798000000 7.09364     0.05252   82.33185    0.06442   44.33931   0.04800
2456787.809000000   0.074482046 1954.809000000 62.73088    0.11862   23.16547    0.15769   43.37659   0.13650
2456788.842000000   0.187723693 1955.842000000 86.50900    0.04509   1.16913     0.04716   44.84599   0.04647
2456812.751000000   0.808725189 1979.751000000 -33.59730   0.04901   124.32103   0.05631   43.85924   0.04772
2456814.755000000   0.028411792 1981.755000000 43.89621    0.04603   301.18303   0.00000   253.4229    0.34055
2456815.785000000   0.141324567 1982.785000000 79.19199    0.05040   8.64323     0.06828   44.67468   0.04562
2456817.761000000   0.357941697 1984.761000000 92.40950    0.04458   -3.73195    0.05881   43.76396   0.04661
2456818.764000000   0.467894623 1985.764000000 80.12627    0.04876   7.14222     0.06403   44.69952   0.04915
2456819.762000000   0.577299428 1986.762000000 57.62641    0.20373   20.70214    0.35367   41.47969   0.17552
2456820.755000000   0.686156113 1987.755000000 15.88321    0.06122   73.35305    0.07026   43.86462   0.04706

#KIC      BF FRat     +/-     GAIA d     +/-       logg1    +/-      logg2    +/-      p_orb#  Teff1  +/-   Teff2  +/-   ELB off  ASP Teff 1   ASP Teff 2
6864859   0.773       0.021   671.276    10.8597   4.1503   0.0103   4.2444   0.0120   40.878  6497   159   6439   274   80       6460         6360

#RV 19 Visits#
# time              phase         adjusted_time    RV1        +/-       RV2         +/-     
2456557.732630000   0.194248624   1724.732630000   107.49168   0.05754   79.14265    0.00000
2456559.722560000   0.242928541   1726.722560000   110.93948   0.07871   78.67048    0.06944
2456560.720290000   0.267336141   1727.720290000   112.12915   0.06218   77.68282    0.05589
2456584.631470000   0.852278457   1751.631470000   74.81972    0.05973   117.93318   0.06346
2456585.629980000   0.876705137   1752.629980000   133.36562   0.05177   57.22541    0.06403
2456760.905120000   0.164483758   1927.905120000   106.43199   0.07177   80.05135    0.07738
2456761.872220000   0.188142052   1928.872220000   108.90373   0.07290   78.49942    0.07880
2456762.868010000   0.212502193   1929.868010000   109.80030   0.05671   77.23372    0.04809
2456763.880530000   0.237271601   1930.880530000   111.28138   0.05267   76.17500    0.05398
2456787.808720000   0.822630036   1954.808720000   81.57148    0.07806   104.97833   0.09070
2456788.842460000   0.847918552   1955.842460000   76.01093    0.05288   116.93034   0.06181
2456812.751310000   0.432803870   1979.751310000   114.94403   0.05311   73.77881    0.05116
2456814.754800000   0.481815507   1981.754800000   114.25689   0.04889   73.82541    0.04986
2456815.784850000   0.507013754   1982.784850000   113.82540   0.05299   73.89919    0.04878
2456816.765600000   0.531005970   1983.765600000   113.03396   0.06146   73.48040    0.06130
2456817.761310000   0.555364153   1984.761310000   112.44026   0.05648   74.59142    0.04765
2456818.763900000   0.579890643   1985.763900000   111.52272   0.05631   75.49817    0.05426
2456819.761540000   0.604296041   1986.761540000   110.92729   0.05776   75.85114    0.05337
2456820.755330000   0.628607255   1987.755330000   109.04899   0.05899   75.65446    0.06578
