#AGE= 2.500 EEPS=275
#EEP   M/Mo    LogTeff  LogG   LogL/Lo U       B       V       R       I       J       H       Ks      Kp      D51     
   5  0.102790  3.4903  5.2720 -2.9074 16.7803 15.9310 14.4169 13.2023 11.5448 10.0490  9.7099  9.4296 13.0617 15.0479
   6  0.119048  3.4922  5.2124 -2.7764 16.3810 15.5534 14.0633 12.8585 11.2188  9.7295  9.3890  9.1089 12.7260 14.6801
   7  0.139797  3.4945  5.1500 -2.6351 15.9491 15.1436 13.6796 12.4860 10.8661  9.3847  9.0425  8.7633 12.3624 14.2813
   8  0.174514  3.5001  5.0856 -2.4519 15.3538 14.5725 13.1480 11.9802 10.4002  8.9423  8.5956  8.3217 11.8742 13.7305
   9  0.233383  3.5099  5.0210 -2.2219 14.5794 13.8216 12.4529 11.3265  9.8066  8.3889  8.0307  7.7696 11.2457 13.0121
  10  0.280622  3.5161  4.9821 -2.0782 14.1040 13.3571 12.0230 10.9211  9.4345  8.0403  7.6708  7.4198 10.8534 12.5689
  11  0.300652  3.5185  4.9648 -2.0214 13.9191 13.1760 11.8556 10.7627  9.2876  7.9019  7.5270  7.2802 10.6993 12.3963
  12  0.309468  3.5195  4.9553 -1.9953 13.8361 13.0948 11.7806 10.6912  9.2207  7.8381  7.4608  7.2157 10.6295 12.3188
  13  0.314752  3.5201  4.9486 -1.9790 13.7849 13.0449 11.7344 10.6471  9.1790  7.7981  7.4192  7.1752 10.5863 12.2711
  14  0.318282  3.5204  4.9433 -1.9675 13.7493 13.0102 11.7024 10.6162  9.1497  7.7697  7.3897  7.1464 10.5560 12.2379
  15  0.320855  3.5207  4.9390 -1.9586 13.7217 12.9835 11.6778 10.5925  9.1270  7.7476  7.3668  7.1240 10.5326 12.2123
  16  0.322958  3.5209  4.9350 -1.9510 13.6986 12.9611 11.6571 10.5725  9.1078  7.7288  7.3473  7.1050 10.5128 12.1909
  17  0.324872  3.5211  4.9313 -1.9440 13.6774 12.9406 11.6381 10.5541  9.0900  7.7114  7.3293  7.0874 10.4947 12.1711
  18  0.326983  3.5213  4.9277 -1.9367 13.6551 12.9190 11.6182 10.5349  9.0716  7.6935  7.3107  7.0692 10.4757 12.1505
  19  0.329566  3.5216  4.9241 -1.9285 13.6299 12.8944 11.5955 10.5130  9.0508  7.6734  7.2898  7.0488 10.4542 12.1269
  20  0.333201  3.5219  4.9200 -1.9182 13.5974 12.8626 11.5661 10.4850  9.0244  7.6481  7.2633  7.0230 10.4267 12.0966
  21  0.339210  3.5226  4.9149 -1.9028 13.5482 12.8141 11.5213 10.4424  8.9845  7.6103  7.2237  6.9846 10.3852 12.0505
  22  0.481711  3.5469  4.8001 -1.5383 12.2995 11.5578 10.3759  9.3778  8.0124  6.7286  6.2541  6.0506  9.3511 10.8798
  23  0.501178  3.5521  4.7822 -1.4824 12.1054 11.3546 10.1896  9.2073  7.8614  6.5976  6.1022  5.9038  9.1867 10.6930
  24  0.513292  3.5557  4.7715 -1.4470 11.9827 11.2238 10.0687  9.0971  7.7659  6.5161  6.0065  5.8112  9.0812 10.5727
  25  0.522023  3.5585  4.7640 -1.4210 11.8953 11.1286  9.9790  9.0156  7.6976  6.4579  5.9381  5.7449  9.0041 10.4841
  26  0.529791  3.5611  4.7574 -1.3975 11.8180 11.0430  9.8974  8.9417  7.6367  6.4064  5.8774  5.6861  8.9347 10.4042
  27  0.538680  3.5642  4.7502 -1.3707 11.7305 10.9448  9.8028  8.8562  7.5676  6.3484  5.8089  5.6197  8.8549 10.3121
  28  0.550770  3.5685  4.7407 -1.3344 11.6132 10.8111  9.6724  8.7384  7.4745  6.2709  5.7174  5.5310  8.7456 10.1860
  29  0.566038  3.5743  4.7290 -1.2877 11.4641 10.6373  9.4999  8.5831  7.3554  6.1735  5.6025  5.4197  8.6027 10.0212
  30  0.583704  3.5814  4.7160 -1.2328 11.2873 10.4256  9.2855  8.3907  7.2142  6.0616  5.4717  5.2939  8.4276  9.8195
  31  0.604455  3.5901  4.7018 -1.1686 11.0724 10.1619  9.0129  8.1468  7.0437  5.9328  5.3246  5.1547  8.2080  9.5678
  32  0.627370  3.6002  4.6874 -1.0976 10.8272  9.8593  8.6977  7.8648  6.8539  5.7938  5.1704  5.0106  7.9552  9.2802
  33  0.660677  3.6155  4.6689 -0.9954 10.4502  9.4099  8.2394  7.4523  6.5833  5.5977  4.9626  4.8204  7.5834  8.8639
  34  0.818642  3.6912  4.6063 -0.5369  7.9571  7.3127  6.4131  5.8681  5.4023  4.7255  4.2240  4.1596  6.0368  6.8219
  35  0.832245  3.6967  4.6001 -0.5017  7.7625  7.1696  6.2964  5.7692  5.3146  4.6568  4.1710  4.1103  5.9341  6.6747
  36  0.847371  3.7027  4.5929 -0.4626  7.5530  7.0150  6.1698  5.6615  5.2188  4.5813  4.1125  4.0557  5.8221  6.5165
  37  0.865692  3.7101  4.5838 -0.4148  7.3031  6.8302  6.0179  5.5315  5.1027  4.4896  4.0413  3.9887  5.6871  6.3288
  38  0.884175  3.7174  4.5738 -0.3664  7.0583  6.6482  5.8674  5.4019  4.9864  4.3972  3.9688  3.9201  5.5525  6.1463
  39  0.901827  3.7241  4.5635 -0.3207  6.8361  6.4817  5.7288  5.2812  4.8775  4.3098  3.8993  3.8539  5.4274  5.9822
  40  0.918399  3.7301  4.5531 -0.2785  6.6382  6.3321  5.6034  5.1710  4.7777  4.2288  3.8338  3.7911  5.3134  5.8367
  41  0.934056  3.7355  4.5427 -0.2390  6.4591  6.1955  5.4882  5.0689  4.6847  4.1527  3.7716  3.7311  5.2079  5.7055
  42  0.948828  3.7404  4.5322 -0.2020  6.2968  6.0706  5.3821  4.9740  4.5980  4.0811  3.7123  3.6737  5.1101  5.5866
  43  0.961610  3.7445  4.5226 -0.1702  6.1608  5.9647  5.2919  4.8929  4.5236  4.0192  3.6604  3.6233  5.0266  5.4867
  44  0.972262  3.7479  4.5142 -0.1435  6.0500  5.8775  5.2172  4.8254  4.4616  3.9672  3.6164  3.5804  4.9571  5.4049
  45  0.983352  3.7513  4.5052 -0.1161  5.9387  5.7885  5.1411  4.7564  4.3981  3.9136  3.5705  3.5358  4.8862  5.3219
  46  0.998561  3.7557  4.4927 -0.0793  5.7932  5.6709  5.0402  4.6646  4.3133  3.8415  3.5082  3.4753  4.7917  5.2127
  47  1.030876  3.7645  4.4634 -0.0010  5.4972  5.4261  4.8284  4.4704  4.1331  3.6861  3.3716  3.3424  4.5923  4.9862
  48  1.061054  3.7721  4.4337  0.0716  5.2373  5.2053  4.6352  4.2918  3.9665  3.5401  3.2412  3.2148  4.4091  4.7818
  49  1.079052  3.7763  4.4144  0.1150  5.0883  5.0759  4.5208  4.1854  3.8666  3.4514  3.1610  3.1362  4.3002  4.6617
  50  1.113667  3.7839  4.3783  0.1956  4.8179  4.8379  4.3100  3.9889  3.6822  3.2871  3.0118  2.9897  4.0990  4.4409
  51  1.172432  3.7965  4.3182  0.3280  4.3882  4.4508  3.9660  3.6678  3.3806  3.0176  2.7660  2.7483  3.7701  4.0821
  52  1.187906  3.7996  4.3025  0.3619  4.2821  4.3531  3.8787  3.5860  3.3037  2.9485  2.7027  2.6859  3.6864  3.9914
  53  1.198898  3.8016  4.2912  0.3852  4.2102  4.2862  3.8186  3.5295  3.2504  2.9001  2.6581  2.6420  3.6286  3.9291
  54  1.207238  3.8030  4.2824  0.4026  4.1577  4.2370  3.7740  3.4874  3.2105  2.8637  2.6243  2.6086  3.5856  3.8830
  55  1.213944  3.8040  4.2750  0.4165  4.1165  4.1979  3.7384  3.4536  3.1783  2.8341  2.5966  2.5812  3.5512  3.8463
  56  1.219206  3.8048  4.2687  0.4278  4.0835  4.1665  3.7095  3.4261  3.1520  2.8097  2.5737  2.5584  3.5232  3.8166
  57  1.224826  3.8055  4.2621  0.4392  4.0506  4.1350  3.6804  3.3983  3.1253  2.7848  2.5501  2.5351  3.4949  3.7867
  58  1.229660  3.8061  4.2560  0.4494  4.0217  4.1071  3.6545  3.3734  3.1013  2.7623  2.5288  2.5139  3.4696  3.7602
  59  1.234771  3.8066  4.2496  0.4597  3.9925  4.0789  3.6280  3.3480  3.0768  2.7391  2.5067  2.4919  3.4439  3.7332
  60  1.240012  3.8071  4.2431  0.4702  3.9632  4.0505  3.6014  3.3223  3.0520  2.7156  2.4842  2.4696  3.4178  3.7059
  61  1.245506  3.8077  4.2363  0.4810  3.9334  4.0214  3.5740  3.2959  3.0263  2.6912  2.4608  2.4463  3.3911  3.6780
  62  1.251354  3.8082  4.2292  0.4923  3.9024  3.9912  3.5455  3.2683  2.9995  2.6657  2.4363  2.4219  3.3631  3.6489
  63  1.257335  3.8086  4.2217  0.5036  3.8717  3.9610  3.5168  3.2404  2.9724  2.6397  2.4111  2.3968  3.3349  3.6197
  64  1.263299  3.8090  4.2141  0.5147  3.8419  3.9316  3.4887  3.2130  2.9455  2.6138  2.3860  2.3718  3.3073  3.5911
  65  1.269279  3.8093  4.2064  0.5257  3.8130  3.9028  3.4610  3.1859  2.9190  2.5880  2.3608  2.3467  3.2800  3.5631
  66  1.275280  3.8095  4.1987  0.5365  3.7850  3.8747  3.4338  3.1591  2.8926  2.5623  2.3356  2.3215  3.2530  3.5356
  67  1.281272  3.8097  4.1909  0.5471  3.7577  3.8473  3.4070  3.1328  2.8667  2.5368  2.3105  2.2964  3.2266  3.5086
  68  1.287289  3.8099  4.1831  0.5575  3.7310  3.8204  3.3807  3.1068  2.8409  2.5114  2.2855  2.2715  3.2005  3.4821
  69  1.293407  3.8100  4.1753  0.5680  3.7045  3.7936  3.3545  3.0809  2.8152  2.4861  2.2605  2.2465  3.1744  3.4556
  70  1.299639  3.8102  4.1674  0.5784  3.6780  3.7668  3.3282  3.0549  2.7895  2.4607  2.2354  2.2214  3.1483  3.4292
  71  1.306010  3.8103  4.1597  0.5889  3.6514  3.7399  3.3018  3.0289  2.7638  2.4353  2.2103  2.1963  3.1222  3.4026
  72  1.312554  3.8105  4.1520  0.5994  3.6244  3.7127  3.2753  3.0027  2.7379  2.4098  2.1852  2.1713  3.0959  3.3758
  73  1.319220  3.8106  4.1443  0.6099  3.5974  3.6855  3.2487  2.9765  2.7119  2.3843  2.1600  2.1462  3.0695  3.3490
  74  1.325983  3.8108  4.1364  0.6205  3.5707  3.6584  3.2221  2.9502  2.6859  2.3585  2.1346  2.1207  3.0431  3.3223
  75  1.332723  3.8108  4.1284  0.6310  3.5446  3.6318  3.1958  2.9241  2.6599  2.3328  2.1090  2.0951  3.0169  3.2958
  76  1.339547  3.8108  4.1201  0.6414  3.5191  3.6056  3.1697  2.8979  2.6338  2.3066  2.0828  2.0689  2.9908  3.2696
  77  1.346220  3.8107  4.1115  0.6516  3.4948  3.5804  3.1442  2.8723  2.6080  2.2805  2.0565  2.0426  2.9652  3.2442
  78  1.352665  3.8104  4.1027  0.6614  3.4723  3.5566  3.1197  2.8475  2.5828  2.2546  2.0303  2.0163  2.9405  3.2199
  79  1.358834  3.8100  4.0939  0.6708  3.4516  3.5345  3.0965  2.8238  2.5586  2.2295  2.0045  1.9904  2.9170  3.1970
  80  1.364738  3.8096  4.0850  0.6796  3.4328  3.5139  3.0746  2.8011  2.5352  2.2050  1.9793  1.9650  2.8946  3.1755
  81  1.370607  3.8090  4.0760  0.6882  3.4153  3.4945  3.0535  2.7790  2.5123  2.1806  1.9539  1.9395  2.8729  3.1548
  82  1.374124  3.8086  4.0704  0.6933  3.4053  3.4832  3.0410  2.7659  2.4985  2.1659  1.9385  1.9240  2.8599  3.1426
  83  1.377680  3.8082  4.0647  0.6984  3.3954  3.4720  3.0284  2.7526  2.4847  2.1510  1.9228  1.9082  2.8470  3.1305
  84  1.381298  3.8077  4.0588  0.7036  3.3857  3.4608  3.0158  2.7393  2.4706  2.1358  1.9069  1.8921  2.8339  3.1183
  85  1.384984  3.8072  4.0528  0.7088  3.3759  3.4496  3.0031  2.7258  2.4564  2.1204  1.8906  1.8756  2.8207  3.1060
  86  1.388761  3.8067  4.0466  0.7140  3.3664  3.4384  2.9903  2.7121  2.4418  2.1045  1.8738  1.8587  2.8073  3.0936
  87  1.392661  3.8061  4.0402  0.7194  3.3569  3.4272  2.9773  2.6981  2.4270  2.0883  1.8566  1.8413  2.7937  3.0811
  88  1.396669  3.8055  4.0336  0.7249  3.3474  3.4159  2.9640  2.6839  2.4119  2.0717  1.8389  1.8235  2.7798  3.0684
  89  1.400806  3.8049  4.0267  0.7305  3.3377  3.4043  2.9505  2.6693  2.3963  2.0545  1.8207  1.8050  2.7656  3.0554
  90  1.405042  3.8042  4.0196  0.7362  3.3281  3.3927  2.9367  2.6544  2.3804  2.0369  1.8019  1.7860  2.7511  3.0423
  91  1.409364  3.8035  4.0123  0.7419  3.3188  3.3812  2.9229  2.6394  2.3642  2.0190  1.7826  1.7665  2.7365  3.0292
  92  1.413738  3.8027  4.0048  0.7477  3.3097  3.3699  2.9091  2.6243  2.3479  2.0007  1.7630  1.7467  2.7219  3.0161
  93  1.418140  3.8019  3.9971  0.7535  3.3009  3.3587  2.8953  2.6091  2.3315  1.9823  1.7431  1.7265  2.7072  3.0030
  94  1.422555  3.8011  3.9894  0.7592  3.2925  3.3478  2.8817  2.5940  2.3151  1.9638  1.7231  1.7062  2.6927  2.9901
  95  1.426967  3.8002  3.9816  0.7649  3.2844  3.3371  2.8682  2.5791  2.2988  1.9453  1.7030  1.6859  2.6782  2.9774
  96  1.431363  3.7993  3.9737  0.7706  3.2766  3.3266  2.8548  2.5642  2.2826  1.9268  1.6829  1.6655  2.6639  2.9649
  97  1.435736  3.7984  3.9658  0.7762  3.2689  3.3162  2.8415  2.5494  2.2664  1.9084  1.6628  1.6452  2.6496  2.9524
  98  1.440084  3.7975  3.9580  0.7819  3.2612  3.3058  2.8282  2.5345  2.2502  1.8899  1.6427  1.6248  2.6353  2.9399
  99  1.444369  3.7967  3.9502  0.7876  3.2531  3.2950  2.8146  2.5195  2.2338  1.8715  1.6227  1.6046  2.6208  2.9271
 100  1.448488  3.7960  3.9426  0.7935  3.2442  3.2836  2.8007  2.5044  2.2175  1.8532  1.6031  1.5847  2.6061  2.9140
 101  1.452213  3.7954  3.9356  0.7993  3.2342  3.2716  2.7868  2.4895  2.2017  1.8359  1.5847  1.5662  2.5915  2.9006
 102  1.455323  3.7950  3.9296  0.8047  3.2234  3.2595  2.7736  2.4756  2.1873  1.8206  1.5688  1.5501  2.5779  2.8877
 103  1.457733  3.7949  3.9249  0.8096  3.2126  3.2479  2.7615  2.4634  2.1748  1.8077  1.5556  1.5369  2.5657  2.8758
 104  1.459651  3.7949  3.9210  0.8140  3.2018  3.2369  2.7505  2.4524  2.1638  1.7967  1.5446  1.5259  2.5547  2.8647
 105  1.461189  3.7949  3.9179  0.8180  3.1913  3.2264  2.7404  2.4424  2.1540  1.7872  1.5353  1.5166  2.5447  2.8545
 106  1.462376  3.7951  3.9153  0.8216  3.1811  3.2165  2.7311  2.4334  2.1453  1.7789  1.5274  1.5087  2.5356  2.8450
 107  1.463381  3.7953  3.9130  0.8250  3.1711  3.2070  2.7223  2.4250  2.1373  1.7714  1.5203  1.5016  2.5271  2.8360
 108  1.464240  3.7956  3.9110  0.8283  3.1613  3.1977  2.7138  2.4171  2.1297  1.7645  1.5138  1.4953  2.5189  2.8272
 109  1.464982  3.7959  3.9092  0.8314  3.1515  3.1886  2.7057  2.4094  2.1225  1.7580  1.5080  1.4895  2.5111  2.8188
 110  1.465635  3.7961  3.9075  0.8344  3.1420  3.1797  2.6978  2.4021  2.1157  1.7519  1.5024  1.4840  2.5036  2.8106
 111  1.466204  3.7965  3.9060  0.8373  3.1325  3.1710  2.6902  2.3950  2.1091  1.7462  1.4973  1.4790  2.4963  2.8026
 112  1.466535  3.7967  3.9051  0.8392  3.1263  3.1653  2.6852  2.3905  2.1049  1.7425  1.4941  1.4759  2.4916  2.7975
 113  1.466867  3.7969  3.9042  0.8413  3.1193  3.1589  2.6797  2.3854  2.1003  1.7386  1.4906  1.4725  2.4864  2.7917
 114  1.467200  3.7972  3.9032  0.8436  3.1116  3.1519  2.6738  2.3800  2.0953  1.7344  1.4869  1.4689  2.4808  2.7854
 115  1.467534  3.7976  3.9021  0.8460  3.1033  3.1444  2.6674  2.3742  2.0901  1.7299  1.4831  1.4652  2.4748  2.7787
 116  1.467867  3.7979  3.9011  0.8487  3.0941  3.1360  2.6603  2.3678  2.0843  1.7251  1.4790  1.4612  2.4682  2.7712
 117  1.468200  3.7983  3.9000  0.8515  3.0842  3.1271  2.6528  2.3610  2.0782  1.7201  1.4748  1.4571  2.4611  2.7633
 118  1.468532  3.7988  3.8988  0.8546  3.0733  3.1173  2.6445  2.3536  2.0715  1.7146  1.4702  1.4526  2.4534  2.7545
 119  1.468861  3.7994  3.8977  0.8581  3.0610  3.1062  2.6353  2.3454  2.0642  1.7086  1.4653  1.4479  2.4448  2.7448
 120  1.469185  3.8000  3.8964  0.8619  3.0475  3.0941  2.6252  2.3364  2.0561  1.7021  1.4600  1.4427  2.4355  2.7341
 121  1.469504  3.8007  3.8951  0.8661  3.0322  3.0804  2.6139  2.3264  2.0473  1.6951  1.4542  1.4372  2.4250  2.7220
 122  1.469807  3.8015  3.8935  0.8709  3.0148  3.0647  2.6010  2.3149  2.0371  1.6869  1.4476  1.4308  2.4130  2.7083
 123  1.470096  3.8024  3.8918  0.8764  2.9954  3.0473  2.5866  2.3021  2.0258  1.6779  1.4403  1.4238  2.3996  2.6930
 124  1.470368  3.8034  3.8901  0.8823  2.9741  3.0281  2.5708  2.2881  2.0135  1.6681  1.4325  1.4162  2.3850  2.6762
 125  1.470620  3.8045  3.8881  0.8887  2.9510  3.0072  2.5536  2.2729  2.0000  1.6575  1.4239  1.4080  2.3691  2.6579
 126  1.470846  3.8057  3.8859  0.8957  2.9263  2.9847  2.5351  2.2565  1.9855  1.6459  1.4145  1.3989  2.3519  2.6382
 127  1.471048  3.8069  3.8834  0.9032  2.9002  2.9610  2.5154  2.2391  1.9701  1.6335  1.4044  1.3892  2.3336  2.6174
 128  1.471226  3.8082  3.8808  0.9110  2.8728  2.9359  2.4947  2.2206  1.9537  1.6204  1.3937  1.3788  2.3144  2.5954
 129  1.471382  3.8095  3.8780  0.9192  2.8447  2.9102  2.4733  2.2016  1.9368  1.6067  1.3825  1.3680  2.2945  2.5727
 130  1.471520  3.8109  3.8751  0.9275  2.8161  2.8838  2.4513  2.1821  1.9195  1.5927  1.3709  1.3568  2.2740  2.5494
 131  1.471642  3.8122  3.8720  0.9361  2.7872  2.8570  2.4290  2.1621  1.9018  1.5783  1.3589  1.3453  2.2532  2.5258
 132  1.471776  3.8136  3.8690  0.9445  2.7587  2.8305  2.4069  2.1425  1.8843  1.5641  1.3472  1.3339  2.2327  2.5024
 133  1.471887  3.8136  3.8704  0.9433  2.7616  2.8335  2.4100  2.1456  1.8874  1.5672  1.3504  1.3371  2.2357  2.5055
 134  1.471973  3.8132  3.8704  0.9417  2.7679  2.8391  2.4143  2.1492  1.8905  1.5693  1.3518  1.3384  2.2397  2.5102
 135  1.472093  3.8122  3.8599  0.9481  2.7579  2.8266  2.3987  2.1319  1.8716  1.5480  1.3287  1.3150  2.2229  2.4954
 136  1.472230  3.8120  3.8515  0.9559  2.7397  2.8075  2.3792  2.1122  1.8516  1.5277  1.3081  1.2944  2.2033  2.4760
 137  1.472439  3.8119  3.8433  0.9636  2.7220  2.7889  2.3601  2.0929  1.8321  1.5078  1.2880  1.2742  2.1841  2.4570
 138  1.472644  3.8123  3.8386  0.9699  2.7041  2.7713  2.3439  2.0775  1.8174  1.4940  1.2750  1.2613  2.1684  2.4404
 139  1.472720  3.8132  3.8328  0.9796  2.6751  2.7434  2.3191  2.0543  1.7958  1.4747  1.2575  1.2440  2.1446  2.4147
 140  1.472784  3.8132  3.8313  0.9811  2.6711  2.7393  2.3151  2.0504  1.7919  1.4709  1.2536  1.2402  2.1407  2.4107
 141  1.472816  3.8132  3.8314  0.9808  2.6724  2.7405  2.3161  2.0513  1.7927  1.4715  1.2541  1.2407  2.1416  2.4117
 142  1.472864  3.8134  3.8332  0.9799  2.6732  2.7418  2.3181  2.0537  1.7955  1.4749  1.2579  1.2446  2.1439  2.4135
 143  1.472939  3.8123  3.8308  0.9779  2.6843  2.7510  2.3238  2.0574  1.7975  1.4742  1.2553  1.2416  2.1483  2.4202
 144  1.473005  3.8115  3.8283  0.9771  2.6911  2.7562  2.3263  2.0585  1.7972  1.4720  1.2516  1.2377  2.1499  2.4235
 145  1.473120  3.8105  3.8251  0.9766  2.6980  2.7612  2.3283  2.0589  1.7961  1.4685  1.2464  1.2322  2.1509  2.4263
 146  1.473292  3.8099  3.8268  0.9724  2.7120  2.7742  2.3392  2.0686  1.8048  1.4757  1.2525  1.2381  2.1611  2.4379
 147  1.473397  3.8097  3.8297  0.9689  2.7216  2.7837  2.3481  2.0773  1.8132  1.4836  1.2601  1.2457  2.1698  2.4470
 148  1.473424  3.8092  3.8284  0.9682  2.7266  2.7876  2.3504  2.0786  1.8137  1.4829  1.2584  1.2438  2.1715  2.4497
 149  1.473527  3.8077  3.8152  0.9753  2.7183  2.7756  2.3335  2.0592  1.7919  1.4574  1.2303  1.2152  2.1530  2.4342
 150  1.473722  3.8068  3.8115  0.9754  2.7240  2.7792  2.3341  2.0582  1.7894  1.4527  1.2239  1.2086  2.1526  2.4357
 151  1.473938  3.8058  3.8111  0.9719  2.7388  2.7921  2.3437  2.0660  1.7956  1.4564  1.2259  1.2102  2.1611  2.4462
 152  1.474166  3.8050  3.8115  0.9684  2.7524  2.8041  2.3531  2.0740  1.8023  1.4611  1.2291  1.2132  2.1696  2.4564
 153  1.474416  3.8041  3.8113  0.9650  2.7668  2.8166  2.3625  2.0817  1.8086  1.4650  1.2312  1.2151  2.1779  2.4667
 154  1.474766  3.8023  3.8037  0.9655  2.7772  2.8227  2.3627  2.0788  1.8028  1.4548  1.2177  1.2011  2.1761  2.4686
 155  1.475146  3.8010  3.7971  0.9669  2.7830  2.8251  2.3607  2.0744  1.7963  1.4449  1.2054  1.1883  2.1726  2.4678
 156  1.475536  3.8000  3.7925  0.9677  2.7877  2.8273  2.3596  2.0716  1.7919  1.4380  1.1966  1.1793  2.1704  2.4676
 157  1.475929  3.7992  3.7888  0.9683  2.7916  2.8291  2.3587  2.0693  1.7883  1.4325  1.1896  1.1720  2.1686  2.4675
 158  1.476326  3.7985  3.7854  0.9689  2.7951  2.8306  2.3578  2.0673  1.7851  1.4275  1.1833  1.1655  2.1670  2.4674
 159  1.476725  3.7978  3.7824  0.9695  2.7982  2.8320  2.3570  2.0653  1.7821  1.4228  1.1774  1.1594  2.1654  2.4672
 160  1.477127  3.7972  3.7794  0.9701  2.8013  2.8333  2.3562  2.0634  1.7792  1.4183  1.1717  1.1535  2.1639  2.4670
 161  1.477532  3.7966  3.7764  0.9706  2.8044  2.8347  2.3555  2.0616  1.7764  1.4139  1.1661  1.1477  2.1625  2.4669
 162  1.479272  3.7941  3.7643  0.9733  2.8160  2.8390  2.3514  2.0530  1.7638  1.3949  1.1425  1.1233  2.1554  2.4652
 163  1.480958  3.7910  3.7520  0.9739  2.8376  2.8513  2.3532  2.0494  1.7553  1.3786  1.1203  1.1002  2.1537  2.4701
 164  1.482592  3.7874  3.7395  0.9724  2.8698  2.8717  2.3612  2.0508  1.7508  1.3648  1.0998  1.0785  2.1574  2.4817
 165  1.484133  3.7832  3.7274  0.9681  2.9153  2.9026  2.3773  2.0592  1.7524  1.3554  1.0823  1.0595  2.1684  2.5022
 166  1.485533  3.7785  3.7165  0.9605  2.9748  2.9445  2.4026  2.0758  1.7613  1.3518  1.0696  1.0452  2.1879  2.5325
 167  1.486751  3.7735  3.7075  0.9499  3.0465  2.9959  2.4365  2.1006  1.7779  1.3549  1.0627  1.0367  2.2155  2.5718
 168  1.487792  3.7686  3.7013  0.9370  3.1252  3.0534  2.4766  2.1318  1.8011  1.3647  1.0625  1.0350  2.2496  2.6174
 169  1.488684  3.7640  3.6975  0.9225  3.2080  3.1146  2.5211  2.1675  1.8291  1.3798  1.0678  1.0388  2.2880  2.6673
 170  1.489463  3.7595  3.6955  0.9069  3.2933  3.1783  2.5684  2.2063  1.8605  1.3986  1.0771  1.0466  2.3293  2.7200
 171  1.490162  3.7553  3.6949  0.8907  3.3805  3.2436  2.6175  2.2471  1.8941  1.4200  1.0891  1.0572  2.3726  2.7746
 172  1.490809  3.7511  3.6952  0.8741  3.4692  3.3098  2.6679  2.2892  1.9292  1.4432  1.1030  1.0696  2.4171  2.8306
 173  1.491427  3.7471  3.6959  0.8573  3.5599  3.3770  2.7191  2.3322  1.9652  1.4673  1.1180  1.0829  2.4624  2.8877
 174  1.492038  3.7430  3.6966  0.8405  3.6535  3.4452  2.7710  2.3756  2.0015  1.4916  1.1329  1.0961  2.5082  2.9458
 175  1.492665  3.7388  3.6968  0.8238  3.7501  3.5145  2.8234  2.4191  2.0376  1.5152  1.1469  1.1082  2.5541  3.0050
 176  1.493342  3.7344  3.6955  0.8076  3.8510  3.5853  2.8761  2.4621  2.0728  1.5370  1.1582  1.1175  2.5997  3.0654
 177  1.494128  3.7295  3.6915  0.7923  3.9574  3.6571  2.9280  2.5034  2.1055  1.5547  1.1641  1.1211  2.6437  3.1264
 178  1.495142  3.7239  3.6815  0.7801  4.0705  3.7283  2.9760  2.5387  2.1306  1.5621  1.1576  1.1118  2.6821  3.1856
 179  1.496485  3.7177  3.6602  0.7769  4.1736  3.7828  3.0047  2.5530  2.1335  1.5452  1.1248  1.0759  2.6999  3.2279
 180  1.497780  3.7130  3.6330  0.7859  4.2260  3.7969  2.9992  2.5365  2.1084  1.5048  1.0722  1.0210  2.6859  3.2333
 181  1.498859  3.7100  3.6076  0.7996  4.2420  3.7871  2.9767  2.5068  2.0728  1.4593  1.0184  0.9659  2.6577  3.2180
 182  1.499979  3.7075  3.5798  0.8177  4.2399  3.7629  2.9416  2.4657  2.0269  1.4049  0.9572  0.9035  2.6179  3.1889
 183  1.501053  3.7056  3.5528  0.8372  4.2256  3.7308  2.9011  2.4204  1.9777  1.3491  0.8960  0.8414  2.5737  3.1530
 184  1.502102  3.7040  3.5265  0.8574  4.2039  3.6943  2.8574  2.3729  1.9271  1.2929  0.8354  0.7800  2.5270  3.1130
 185  1.503138  3.7026  3.5008  0.8779  4.1777  3.6553  2.8123  2.3244  1.8758  1.2369  0.7756  0.7195  2.4792  3.0708
 186  1.504169  3.7013  3.4756  0.8984  4.1492  3.6150  2.7664  2.2755  1.8244  1.1812  0.7166  0.6598  2.4309  3.0276
 187  1.505199  3.7002  3.4509  0.9189  4.1189  3.5740  2.7201  2.2266  1.7732  1.1261  0.6584  0.6011  2.3825  2.9837
 188  1.506227  3.6992  3.4267  0.9393  4.0876  3.5326  2.6738  2.1778  1.7222  1.0715  0.6009  0.5431  2.3342  2.9395
 189  1.507254  3.6982  3.4028  0.9596  4.0553  3.4908  2.6275  2.1291  1.6715  1.0174  0.5443  0.4859  2.2860  2.8952
 190  1.508280  3.6973  3.3792  0.9798  4.0226  3.4491  2.5813  2.0807  1.6212  0.9638  0.4882  0.4292  2.2380  2.8509
 191  1.509306  3.6964  3.3559  0.9998  3.9896  3.4073  2.5353  2.0325  1.5712  0.9107  0.4326  0.3732  2.1903  2.8067
 192  1.510332  3.6955  3.3328  1.0197  3.9565  3.3657  2.4895  1.9846  1.5215  0.8580  0.3776  0.3177  2.1428  2.7627
 193  1.511355  3.6947  3.3100  1.0396  3.9234  3.3242  2.4438  1.9369  1.4721  0.8057  0.3230  0.2626  2.0956  2.7187
 194  1.512375  3.6939  3.2872  1.0593  3.8903  3.2828  2.3984  1.8894  1.4228  0.7536  0.2687  0.2077  2.0485  2.6749
 195  1.513390  3.6931  3.2645  1.0791  3.8573  3.2415  2.3530  1.8421  1.3737  0.7016  0.2145  0.1531  2.0015  2.6311
 196  1.514401  3.6923  3.2419  1.0987  3.8246  3.2004  2.3078  1.7948  1.3248  0.6498  0.1605  0.0985  1.9547  2.5875
 197  1.515402  3.6914  3.2191  1.1185  3.7917  3.1591  2.2623  1.7474  1.2756  0.5977  0.1061  0.0437  1.9076  2.5437
 198  1.516391  3.6906  3.1962  1.1385  3.7587  3.1174  2.2165  1.6995  1.2259  0.5451  0.0514 -0.0116  1.8601  2.4995
 199  1.517367  3.6898  3.1729  1.1586  3.7257  3.0755  2.1703  1.6512  1.1758  0.4919 -0.0041 -0.0676  1.8122  2.4550
 200  1.518325  3.6889  3.1492  1.1791  3.6924  3.0331  2.1234  1.6021  1.1248  0.4379 -0.0605 -0.1245  1.7636  2.4099
 201  1.519265  3.6880  3.1251  1.2000  3.6589  2.9901  2.0759  1.5524  1.0731  0.3831 -0.1177 -0.1824  1.7142  2.3642
 202  1.520187  3.6871  3.1006  1.2211  3.6252  2.9466  2.0277  1.5019  1.0206  0.3273 -0.1760 -0.2413  1.6641  2.3180
 203  1.521089  3.6862  3.0756  1.2426  3.5914  2.9026  1.9788  1.4506  0.9673  0.2706 -0.2353 -0.3012  1.6133  2.2711
 204  1.521973  3.6852  3.0502  1.2644  3.5575  2.8581  1.9293  1.3986  0.9132  0.2130 -0.2955 -0.3621  1.5618  2.2236
 205  1.522836  3.6842  3.0242  1.2866  3.5234  2.8130  1.8791  1.3459  0.8582  0.1544 -0.3568 -0.4240  1.5094  2.1756
 206  1.523676  3.6832  2.9978  1.3092  3.4895  2.7676  1.8281  1.2923  0.8023  0.0948 -0.4193 -0.4873  1.4563  2.1270
 207  1.524490  3.6821  2.9706  1.3323  3.4563  2.7218  1.7766  1.2379  0.7453  0.0338 -0.4834 -0.5521  1.4024  2.0780
 208  1.525277  3.6809  2.9427  1.3557  3.4234  2.6756  1.7243  1.1825  0.6873 -0.0284 -0.5489 -0.6184  1.3476  2.0286
 209  1.526035  3.6797  2.9142  1.3796  3.3910  2.6290  1.6713  1.1262  0.6284 -0.0918 -0.6156 -0.6861  1.2918  1.9787
 210  1.526768  3.6785  2.8851  1.4039  3.3589  2.5821  1.6177  1.0692  0.5686 -0.1562 -0.6836 -0.7550  1.2354  1.9285
 211  1.527472  3.6772  2.8554  1.4285  3.3274  2.5350  1.5635  1.0115  0.5080 -0.2217 -0.7528 -0.8252  1.1783  1.8780
 212  1.528147  3.6758  2.8251  1.4537  3.2960  2.4873  1.5086  0.9528  0.4463 -0.2884 -0.8235 -0.8968  1.1203  1.8269
 213  1.528795  3.6744  2.7946  1.4788  3.2659  2.4402  1.4540  0.8944  0.3846 -0.3553 -0.8944 -0.9688  1.0625  1.7763
 214  1.529418  3.6730  2.7633  1.5045  3.2355  2.3922  1.3983  0.8347  0.3216 -0.4237 -0.9670 -1.0425  1.0035  1.7248
 215  1.530017  3.6715  2.7316  1.5306  3.2054  2.3439  1.3421  0.7743  0.2578 -0.4931 -1.0406 -1.1173  0.9437  1.6728
 216  1.530593  3.6700  2.6994  1.5569  3.1762  2.2958  1.2857  0.7137  0.1936 -0.5631 -1.1151 -1.1929  0.8838  1.6210
 217  1.530700  3.6697  2.6932  1.5620  3.1707  2.2866  1.2750  0.7021  0.1813 -0.5765 -1.1294 -1.2074  0.8723  1.6111
 218  1.530807  3.6695  2.6870  1.5670  3.1651  2.2773  1.2641  0.6905  0.1690 -0.5899 -1.1437 -1.2220  0.8607  1.6011
 219  1.530913  3.6692  2.6808  1.5721  3.1596  2.2681  1.2533  0.6788  0.1566 -0.6035 -1.1581 -1.2366  0.8492  1.5912
 220  1.531019  3.6689  2.6745  1.5772  3.1541  2.2589  1.2424  0.6671  0.1441 -0.6171 -1.1726 -1.2513  0.8376  1.5812
 221  1.531125  3.6686  2.6682  1.5824  3.1486  2.2495  1.2315  0.6553  0.1316 -0.6307 -1.1871 -1.2661  0.8259  1.5712
 222  1.531230  3.6683  2.6619  1.5875  3.1432  2.2403  1.2206  0.6435  0.1191 -0.6444 -1.2017 -1.2809  0.8143  1.5612
 223  1.531335  3.6680  2.6555  1.5927  3.1377  2.2309  1.2096  0.6317  0.1065 -0.6582 -1.2163 -1.2958  0.8026  1.5511
 224  1.531439  3.6677  2.6492  1.5979  3.1323  2.2216  1.1986  0.6198  0.0939 -0.6720 -1.2311 -1.3108  0.7908  1.5411
 225  1.531543  3.6673  2.6427  1.6031  3.1268  2.2122  1.1875  0.6079  0.0812 -0.6859 -1.2459 -1.3258  0.7790  1.5309
 226  1.531646  3.6670  2.6363  1.6084  3.1213  2.2028  1.1764  0.5959  0.0684 -0.6998 -1.2608 -1.3410  0.7671  1.5208
 227  1.532614  3.6640  2.5730  1.6597  3.0696  2.1115  1.0684  0.4790 -0.0561 -0.8363 -1.4064 -1.4891  0.6514  1.4222
 228  1.533469  3.6611  2.5141  1.7073  3.0260  2.0290  0.9696  0.3715 -0.1711 -0.9628 -1.5416 -1.6268  0.5450  1.3331
 229  1.534248  3.6585  2.4630  1.7483  2.9905  1.9586  0.8847  0.2790 -0.2702 -1.0720 -1.6585 -1.7459  0.4534  1.2572
 230  1.534977  3.6574  2.4343  1.7726  2.9618  1.9133  0.8325  0.2233 -0.3290 -1.1354 -1.7254 -1.8138  0.3982  1.2087
 231  1.535714  3.6580  2.4475  1.7623  2.9699  1.9306  0.8535  0.2463 -0.3041 -1.1079 -1.6959 -1.7838  0.4210  1.2274
 232  1.536539  3.6580  2.4412  1.7685  2.9571  1.9162  0.8385  0.2311 -0.3196 -1.1237 -1.7118 -1.7997  0.4058  1.2122
 233  1.537348  3.6546  2.3775  1.8192  2.9192  1.8326  0.7361  0.1186 -0.4411 -1.2585 -1.8567 -1.9477  0.2944  1.1218
 234  1.538072  3.6510  2.3064  1.8758  2.8778  1.7402  0.6227 -0.0062 -0.5765 -1.4090 -2.0183 -2.1128  0.1706  1.0216
 235  1.538720  3.6473  2.2370  1.9308  2.8405  1.6524  0.5144 -0.1259 -0.7075 -1.5550 -2.1755 -2.2735  0.0516  0.9262
 236  1.539288  3.6438  2.1699  1.9838  2.8071  1.5697  0.4116 -0.2398 -0.8332 -1.6958 -2.3270 -2.4286 -0.0618  0.8360
 237  1.539794  3.6402  2.1041  2.0357  2.7772  1.4907  0.3125 -0.3500 -0.9554 -1.8331 -2.4751 -2.5803 -0.1717  0.7499
 238  1.540246  3.6367  2.0394  2.0864  2.7509  1.4160  0.2178 -0.4559 -1.0743 -1.9673 -2.6200 -2.7290 -0.2775  0.6681
 239  1.540649  3.6332  1.9759  2.1358  2.7284  1.3460  0.1283 -0.5569 -1.1893 -2.0981 -2.7617 -2.8745 -0.3788  0.5912
 240  1.541007  3.6296  1.9141  2.1835  2.7097  1.2815  0.0447 -0.6519 -1.2996 -2.2245 -2.8987 -3.0154 -0.4746  0.5199
 241  1.541332  3.6261  1.8528  2.2307  2.6931  1.2205 -0.0350 -0.7432 -1.4078 -2.3494 -3.0344 -3.1551 -0.5674  0.4520
 242  1.541622  3.6225  1.7931  2.2764  2.6784  1.1641 -0.1094 -0.8291 -1.5117 -2.4702 -3.1659 -3.2906 -0.6551  0.3886
 243  1.541885  3.6190  1.7341  2.3213  2.6638  1.1101 -0.1814 -0.9122 -1.6137 -2.5889 -3.2953 -3.4241 -0.7402  0.3274
 244  1.542121  3.6156  1.6768  2.3649  2.6500  1.0604 -0.2481 -0.9898 -1.7116 -2.7039 -3.4207 -3.5534 -0.8206  0.2704
 245  1.542335  3.6121  1.6206  2.4074  2.6364  1.0141 -0.3101 -1.0628 -1.8063 -2.8162 -3.5431 -3.6799 -0.8971  0.2168
 246  1.542530  3.6087  1.5652  2.4492  2.6228  0.9711 -0.3675 -1.1315 -1.8985 -2.9264 -3.6633 -3.8040 -0.9701  0.1663
 247  1.542708  3.6054  1.5111  2.4900  2.6084  0.9311 -0.4205 -1.1957 -1.9877 -3.0339 -3.7805 -3.9251 -1.0394  0.1188
 248  1.542870  3.6021  1.4583  2.5297  2.5944  0.8950 -0.4684 -1.2549 -2.0737 -3.1387 -3.8946 -4.0432 -1.1046  0.0750
 249  1.543017  3.5989  1.4067  2.5685  2.5796  0.8607 -0.5138 -1.3099 -2.1582 -3.2411 -4.0059 -4.1584 -1.1665  0.0322
 250  1.543153  3.5957  1.3560  2.6064  2.5646  0.8298 -0.5544 -1.3606 -2.2397 -3.3411 -4.1147 -4.2710 -1.2248 -0.0072
 251  1.543277  3.5926  1.3066  2.6434  2.5500  0.8030 -0.5897 -1.4064 -2.3177 -3.4383 -4.2203 -4.3805 -1.2791 -0.0426
 252  1.543391  3.5895  1.2582  2.6796  2.5351  0.7798 -0.6199 -1.4478 -2.3926 -3.5332 -4.3234 -4.4874 -1.3298 -0.0745
 253  1.543496  3.5865  1.2111  2.7148  2.5203  0.7604 -0.6449 -1.4848 -2.4639 -3.6253 -4.4235 -4.5912 -1.3768 -0.1028
 254  1.543593  3.5836  1.1649  2.7492  2.5061  0.7453 -0.6639 -1.5167 -2.5318 -3.7152 -4.5211 -4.6925 -1.4197 -0.1267
 255  1.543683  3.5806  1.1196  2.7829  2.4922  0.7343 -0.6773 -1.5439 -2.5965 -3.8029 -4.6162 -4.7914 -1.4589 -0.1469
 256  1.543767  3.5778  1.0752  2.8158  2.4791  0.7281 -0.6837 -1.5643 -2.6594 -3.8889 -4.7092 -4.8882 -1.4938 -0.1651
 257  1.543844  3.5749  1.0319  2.8478  2.4668  0.7262 -0.6840 -1.5790 -2.7192 -3.9725 -4.7994 -4.9820 -1.5244 -0.1799
 258  1.543916  3.5721  0.9895  2.8790  2.4552  0.7287 -0.6781 -1.5888 -2.7754 -4.0542 -4.8875 -5.0737 -1.5511 -0.1901
 259  1.543983  3.5694  0.9479  2.9095  2.4440  0.7354 -0.6663 -1.5941 -2.8283 -4.1342 -4.9736 -5.1635 -1.5740 -0.1955
 260  1.544045  3.5666  0.9070  2.9394  2.4331  0.7462 -0.6485 -1.5951 -2.8774 -4.2123 -5.0578 -5.2512 -1.5933 -0.1959
 261  1.544104  3.5639  0.8672  2.9684  2.4228  0.7615 -0.6246 -1.5916 -2.9223 -4.2880 -5.1394 -5.3363 -1.6087 -0.1910
 262  1.544159  3.5612  0.8280  2.9969  2.4130  0.7817 -0.5938 -1.5836 -2.9632 -4.3622 -5.2194 -5.4198 -1.6201 -0.1801
 263  1.544210  3.5586  0.7897  3.0247  2.4036  0.8065 -0.5565 -1.5713 -2.9997 -4.4342 -5.2971 -5.5010 -1.6276 -0.1634
 264  1.544258  3.5559  0.7519  3.0519  2.3945  0.8383 -0.5086 -1.5526 -3.0310 -4.5046 -5.3733 -5.5807 -1.6299 -0.1379
 265  1.544303  3.5533  0.7150  3.0784  2.3833  0.8833 -0.4370 -1.5221 -3.0536 -4.5738 -5.4485 -5.6595 -1.6232 -0.0949
 266  1.544346  3.5508  0.6788  3.1044  2.3723  0.9322 -0.3601 -1.4883 -3.0728 -4.6415 -5.5221 -5.7366 -1.6136 -0.0472
 267  1.544386  3.5482  0.6433  3.1298  2.3617  0.9838 -0.2798 -1.4522 -3.0889 -4.7073 -5.5936 -5.8116 -1.6018  0.0038
 268  1.544424  3.5457  0.6084  3.1546  2.3517  1.0387 -0.1956 -1.4136 -3.1017 -4.7715 -5.6633 -5.8848 -1.5873  0.0586
 269  1.544460  3.5433  0.5745  3.1788  2.3422  1.0941 -0.1118 -1.3749 -3.1120 -4.8335 -5.7306 -5.9553 -1.5721  0.1144
 270  1.544494  3.5409  0.5411  3.2025  2.3336  1.1518 -0.0261 -1.3347 -3.1193 -4.8938 -5.7962 -6.0241 -1.5549  0.1731
 271  1.544526  3.5385  0.5087  3.2255  2.3261  1.2102  0.0590 -1.2943 -3.1239 -4.9518 -5.8593 -6.0902 -1.5365  0.2330
 272  1.544556  3.5361  0.4764  3.2482  2.3231  1.2771  0.1531 -1.2467 -3.1212 -5.0060 -5.9184 -6.1524 -1.5113  0.3024
 273  1.544585  3.5339  0.4455  3.2702  2.3213  1.3426  0.2437 -1.2005 -3.1162 -5.0569 -5.9739 -6.2109 -1.4859  0.3711
 274  1.544613  3.5316  0.4149  3.2918  2.3209  1.4100  0.3347 -1.1535 -3.1080 -5.1065 -6.0283 -6.2682 -1.4587  0.4425
 275  1.544639  3.5294  0.3849  3.3129  2.3300  1.4841  0.4204 -1.1050 -3.0838 -5.1508 -6.0781 -6.3211 -1.4229  0.5265
 276  1.544664  3.5272  0.3556  3.3334  2.3412  1.5585  0.5031 -1.0574 -3.0562 -5.1928 -6.1255 -6.3716 -1.3858  0.6119
 277  1.544688  3.5251  0.3272  3.3533  2.3537  1.6330  0.5834 -1.0107 -3.0263 -5.2327 -6.1708 -6.4198 -1.3481  0.6978
 278  1.544711  3.5230  0.3000  3.3722  2.3669  1.7053  0.6592 -0.9663 -2.9956 -5.2700 -6.2132 -6.4650 -1.3112  0.7814
 279  1.544711  3.5213  0.2774  3.3879  2.3790  1.7666  0.7219 -0.9293 -2.9684 -5.3004 -6.2480 -6.5021 -1.2797  0.8524
