#NUMBER OF AGES=16 MAGS=10
#----------------------------------------------------       
#MIX-LEN  Y      Z          Zeff        [Fe/H] [a/Fe]
# 1.9380  0.2451 4.0890E-05 5.3482E-05  -2.51  -0.20
#----------------------------------------------------       
#**PHOTOMETRIC SYSTEM**: Bessell UBV(RI)c + 2MASS JHKs + Kepler (Vega)
#----------------------------------------------------       
#AGE= 1.000 EEPS=277
#EEP   M/Mo    LogTeff  LogG   LogL/Lo U       B       V       R       I       J       H       Ks      Kp      D51     
   2  0.103547  3.5509  5.3985 -2.7885 16.8683 14.6174 12.9063 11.9280 11.0759 10.0495  9.7674  9.6878 12.1078 13.6924
   3  0.112335  3.5622  5.3595 -2.6689 16.0661 14.1645 12.5420 11.6006 10.7946  9.7794  9.4497  9.3543 11.7888 13.2652
   4  0.121693  3.5735  5.3203 -2.5498 15.2952 13.7067 12.1792 11.2791 10.5104  9.5128  9.1388  9.0341 11.4704 12.8303
   5  0.133440  3.5852  5.2780 -2.4204 14.5031 13.2088 11.7816 10.9306 10.1942  9.2213  8.8037  8.6892 11.1206 12.3511
   6  0.151851  3.5977  5.2292 -2.2658 13.7123 12.6435 11.3122 10.5148  9.8080  8.8678  8.4112  8.2857 10.7005 11.8011
   7  0.185500  3.6093  5.1761 -2.0794 12.9452 12.0247 10.7693 10.0192  9.3380  8.4324  7.9510  7.8145 10.2002 11.1933
   8  0.239863  3.6214  5.1162 -1.8592 12.1104 11.3264 10.1399  9.4360  8.7816  7.9147  7.4211  7.2743  9.6121 10.5052
   9  0.278853  3.6280  5.0808 -1.7321 11.6475 10.9323  9.7798  9.0994  8.4597  7.6142  7.1194  6.9692  9.2730 10.1173
  10  0.301850  3.6314  5.0620 -1.6654 11.4081 10.7278  9.5920  8.9233  8.2910  7.4565  6.9623  6.8111  9.0956  9.9162
  11  0.317597  3.6335  5.0513 -1.6241 11.2604 10.6017  9.4760  8.8144  8.1867  7.3591  6.8657  6.7141  8.9860  9.7924
  12  0.330492  3.6351  5.0426 -1.5916 11.1440 10.5022  9.3845  8.7284  8.1043  7.2821  6.7895  6.6378  8.8994  9.6950
  13  0.341743  3.6366  5.0338 -1.5624 11.0399 10.4133  9.3027  8.6513  8.0306  7.2131  6.7212  6.5695  8.8218  9.6079
  14  0.351822  3.6380  5.0243 -1.5348 10.9416 10.3294  9.2253  8.5785  7.9607  7.1477  6.6566  6.5050  8.7484  9.5258
  15  0.360249  3.6391  5.0151 -1.5108 10.8568 10.2568  9.1583  8.5152  7.9000  7.0907  6.6003  6.4487  8.6848  9.4547
  16  0.367417  3.6401  5.0069 -1.4902 10.7848 10.1950  9.1011  8.4612  7.8481  7.0419  6.5521  6.4005  8.6303  9.3942
  17  0.374386  3.6410  4.9993 -1.4707 10.7159 10.1361  9.0467  8.4098  7.7988  6.9956  6.5065  6.3551  8.5786  9.3366
  18  0.382626  3.6421  4.9914 -1.4488 10.6372 10.0693  8.9852  8.3519  7.7434  6.9439  6.4557  6.3046  8.5203  9.2715
  19  0.394737  3.6439  4.9812 -1.4178 10.5227  9.9734  8.8978  8.2700  7.6654  6.8717  6.3851  6.2346  8.4378  9.1784
  20  0.420803  3.6487  4.9596 -1.3493 10.2553  9.7550  8.7015  8.0879  7.4935  6.7147  6.2331  6.0845  8.2540  8.9683
  21  0.452284  3.6561  4.9299 -1.2586  9.8798  9.4548  8.4366  7.8441  7.2655  6.5100  6.0368  5.8927  8.0076  8.6842
  22  0.469649  3.6610  4.9113 -1.2042  9.6447  9.2689  8.2749  7.6961  7.1282  6.3880  5.9205  5.7802  7.8578  8.5113
  23  0.483602  3.6654  4.8958 -1.1585  9.4424  9.1105  8.1385  7.5717  7.0133  6.2865  5.8241  5.6875  7.7318  8.3659
  24  0.495995  3.6695  4.8822 -1.1173  9.2562  8.9658  8.0152  7.4597  6.9102  6.1960  5.7383  5.6055  7.6181  8.2346
  25  0.507070  3.6735  4.8706 -1.0803  9.0852  8.8336  7.9035  7.3586  6.8177  6.1152  5.6619  5.5330  7.5153  8.1158
  26  0.515872  3.6769  4.8616 -1.0503  8.9439  8.7247  7.8122  7.2762  6.7428  6.0502  5.6007  5.4751  7.4316  8.0187
  27  0.523379  3.6799  4.8541 -1.0244  8.8202  8.6294  7.7328  7.2048  6.6781  5.9943  5.5481  5.4257  7.3588  7.9343
  28  0.530867  3.6831  4.8468 -0.9983  8.6951  8.5329  7.6526  7.1330  6.6133  5.9386  5.4959  5.3768  7.2856  7.8493
  29  0.539939  3.6870  4.8385 -0.9669  8.5447  8.4164  7.5563  7.0469  6.5358  5.8723  5.4339  5.3188  7.1976  7.7472
  30  0.552572  3.6925  4.8276 -0.9237  8.3378  8.2566  7.4250  6.9296  6.4305  5.7823  5.3502  5.2408  7.0777  7.6081
  31  0.569563  3.7005  4.8136 -0.8649  8.0584  8.0415  7.2498  6.7731  6.2902  5.6632  5.2406  5.1386  6.9174  7.4225
  32  0.590847  3.7109  4.7975 -0.7910  7.7118  7.7700  7.0295  6.5769  6.1152  5.5160  5.1068  5.0143  6.7160  7.1895
  33  0.615492  3.7229  4.7801 -0.7080  7.3377  7.4692  6.7837  6.3581  5.9203  5.3525  4.9594  4.8771  6.4908  6.9305
  34  0.646445  3.7378  4.7598 -0.6066  6.9196  7.1249  6.4992  6.1030  5.6919  5.1614  4.7889  4.7182  6.2283  6.6317
  35  0.701179  3.7628  4.7252 -0.4369  6.2807  6.5762  6.0364  5.6866  5.3181  4.8471  4.5086  4.4564  5.7993  6.1478
  36  0.880969  3.8303  4.6175  0.0402  4.7784  5.1400  4.7936  4.5565  4.2962  3.9780  3.7418  3.7309  4.6324  4.8582
  37  0.899927  3.8367  4.6072  0.0853  4.6529  5.0074  4.6778  4.4511  4.2011  3.8972  3.6720  3.6641  4.5231  4.7383
  38  0.920751  3.8437  4.5971  0.1333  4.5238  4.8680  4.5558  4.3398  4.1009  3.8128  3.6002  3.5948  4.4078  4.6122
  39  0.943388  3.8513  4.5871  0.1843  4.3879  4.7189  4.4251  4.2209  3.9942  3.7237  3.5256  3.5224  4.2844  4.4770
  40  0.970500  3.8605  4.5763  0.2441  4.2286  4.5421  4.2703  4.0804  3.8690  3.6201  3.4396  3.4389  4.1384  4.3169
  41  0.997517  3.8699  4.5674  0.3025  4.0770  4.3691  4.1200  3.9451  3.7496  3.5221  3.3596  3.3613  3.9971  4.1610
  42  1.022263  3.8790  4.5622  0.3546  3.9447  4.2095  3.9855  3.8270  3.6484  3.4405  3.2950  3.2999  3.8720  4.0203
  43  1.045127  3.8878  4.5599  0.4017  3.8217  4.0706  3.8645  3.7188  3.5546  3.3675  3.2387  3.2446  3.7586  3.8948
  44  1.064699  3.8958  4.5603  0.4413  3.7167  3.9523  3.7621  3.6279  3.4770  3.3089  3.1951  3.2016  3.6629  3.7884
  45  1.082403  3.9033  4.5623  0.4766  3.6237  3.8433  3.6706  3.5488  3.4116  3.2605  3.1605  3.1684  3.5784  3.6924
  46  1.099535  3.9105  4.5643  0.5102  3.5373  3.7432  3.5861  3.4758  3.3513  3.2158  3.1282  3.1372  3.5003  3.6038
  47  1.116183  3.9171  4.5655  0.5420  3.4537  3.6498  3.5071  3.4070  3.2941  3.1728  3.0962  3.1064  3.4269  3.5213
  48  1.131679  3.9231  4.5663  0.5710  3.3769  3.5658  3.4368  3.3456  3.2428  3.1340  3.0665  3.0780  3.3613  3.4479
  49  1.146186  3.9288  4.5675  0.5981  3.3090  3.4897  3.3735  3.2913  3.1980  3.1002  3.0407  3.0528  3.3025  3.3814
  50  1.160336  3.9343  4.5685  0.6247  3.2477  3.4186  3.3152  3.2418  3.1573  3.0691  3.0166  3.0285  3.2483  3.3194
  51  1.174458  3.9401  4.5701  0.6516  3.1866  3.3493  3.2593  3.1948  3.1186  3.0398  2.9939  3.0057  3.1963  3.2599
  52  1.184468  3.9443  4.5713  0.6707  3.1432  3.3018  3.2209  3.1623  3.0918  3.0196  2.9778  2.9898  3.1606  3.2191
  53  1.194069  3.9482  4.5722  0.6889  3.1018  3.2579  3.1851  3.1318  3.0664  3.0002  2.9622  2.9744  3.1271  3.1813
  54  1.203281  3.9518  4.5729  0.7061  3.0624  3.2172  3.1518  3.1031  3.0423  2.9816  2.9468  2.9593  3.0958  3.1461
  55  1.212341  3.9553  4.5734  0.7228  3.0237  3.1785  3.1198  3.0753  3.0188  2.9632  2.9315  2.9444  3.0656  3.1125
  56  1.221345  3.9587  4.5738  0.7393  2.9851  3.1409  3.0884  3.0478  2.9954  2.9448  2.9160  2.9293  3.0359  3.0798
  57  1.230342  3.9621  4.5740  0.7556  2.9466  3.1042  3.0577  3.0206  2.9722  2.9265  2.9004  2.9141  3.0067  3.0478
  58  1.239296  3.9654  4.5742  0.7719  2.9083  3.0685  3.0276  2.9939  2.9493  2.9083  2.8848  2.8991  2.9781  3.0167
  59  1.248123  3.9687  4.5744  0.7879  2.8707  3.0339  2.9985  2.9679  2.9268  2.8904  2.8694  2.8841  2.9504  2.9865
  60  1.256709  3.9719  4.5745  0.8034  2.8341  3.0009  2.9706  2.9429  2.9052  2.8732  2.8544  2.8696  2.9237  2.9576
  61  1.265031  3.9749  4.5746  0.8185  2.7987  2.9695  2.9440  2.9189  2.8844  2.8565  2.8398  2.8555  2.8982  2.9301
  62  1.273147  3.9779  4.5747  0.8332  2.7643  2.9393  2.9184  2.8958  2.8642  2.8402  2.8254  2.8416  2.8737  2.9037
  63  1.281147  3.9809  4.5746  0.8477  2.7305  2.9100  2.8935  2.8731  2.8443  2.8242  2.8112  2.8280  2.8497  2.8780
  64  1.289099  3.9838  4.5746  0.8621  2.6969  2.8813  2.8690  2.8509  2.8247  2.8083  2.7971  2.8143  2.8262  2.8529
  65  1.297087  3.9867  4.5745  0.8766  2.6633  2.8529  2.8448  2.8287  2.8051  2.7924  2.7828  2.8006  2.8028  2.8280
  66  1.305169  3.9896  4.5743  0.8913  2.6292  2.8246  2.8206  2.8065  2.7854  2.7763  2.7683  2.7866  2.7794  2.8032
  67  1.313329  3.9926  4.5741  0.9061  2.5948  2.7963  2.7965  2.7843  2.7655  2.7602  2.7536  2.7726  2.7560  2.7785
  68  1.321468  3.9956  4.5739  0.9209  2.5606  2.7684  2.7727  2.7624  2.7458  2.7440  2.7388  2.7584  2.7329  2.7541
  69  1.329519  3.9985  4.5736  0.9356  2.5266  2.7411  2.7494  2.7408  2.7262  2.7280  2.7241  2.7444  2.7102  2.7303
  70  1.337421  4.0014  4.5733  0.9500  2.4933  2.7146  2.7268  2.7197  2.7072  2.7124  2.7097  2.7306  2.6881  2.7072
  71  1.345138  4.0042  4.5730  0.9641  2.4608  2.6889  2.7049  2.6993  2.6886  2.6971  2.6955  2.7171  2.6667  2.6848
  72  1.352642  4.0070  4.5726  0.9778  2.4292  2.6641  2.6838  2.6795  2.6705  2.6822  2.6817  2.7039  2.6460  2.6633
  73  1.360038  4.0097  4.5722  0.9914  2.3981  2.6399  2.6630  2.6601  2.6527  2.6675  2.6680  2.6908  2.6257  2.6422
  74  1.367352  4.0123  4.5718  1.0048  2.3674  2.6161  2.6426  2.6409  2.6351  2.6529  2.6544  2.6778  2.6056  2.6213
  75  1.374556  4.0150  4.5713  1.0181  2.3372  2.5927  2.6225  2.6220  2.6177  2.6384  2.6409  2.6649  2.5859  2.6009
  76  1.381636  4.0176  4.5708  1.0312  2.3076  2.5699  2.6028  2.6034  2.6006  2.6242  2.6275  2.6522  2.5665  2.5809
  77  1.388560  4.0201  4.5702  1.0441  2.2786  2.5478  2.5836  2.5852  2.5839  2.6102  2.6144  2.6397  2.5477  2.5614
  78  1.395312  4.0226  4.5696  1.0566  2.2503  2.5262  2.5649  2.5675  2.5675  2.5964  2.6015  2.6273  2.5292  2.5423
  79  1.401835  4.0249  4.5690  1.0688  2.2230  2.5054  2.5468  2.5504  2.5517  2.5832  2.5890  2.6153  2.5115  2.5240
  80  1.408106  4.0272  4.5684  1.0805  2.1966  2.4855  2.5295  2.5339  2.5363  2.5703  2.5768  2.6037  2.4944  2.5064
  81  1.414156  4.0294  4.5678  1.0918  2.1712  2.4663  2.5127  2.5180  2.5215  2.5578  2.5650  2.5924  2.4779  2.4894
  82  1.420740  4.0319  4.5670  1.1042  2.1435  2.4455  2.4944  2.5006  2.5053  2.5441  2.5520  2.5800  2.4598  2.4709
  83  1.427198  4.0342  4.5662  1.1164  2.1164  2.4250  2.4764  2.4834  2.4892  2.5305  2.5391  2.5677  2.4420  2.4526
  84  1.433577  4.0365  4.5654  1.1285  2.0895  2.4048  2.4586  2.4664  2.4733  2.5170  2.5263  2.5554  2.4245  2.4346
  85  1.439916  4.0388  4.5645  1.1406  2.0628  2.3848  2.4408  2.4493  2.4573  2.5034  2.5133  2.5430  2.4069  2.4165
  86  1.446234  4.0411  4.5635  1.1526  2.0362  2.3648  2.4230  2.4323  2.4414  2.4898  2.5003  2.5306  2.3893  2.3986
  87  1.452528  4.0434  4.5624  1.1646  2.0096  2.3448  2.4052  2.4152  2.4253  2.4760  2.4871  2.5179  2.3717  2.3805
  88  1.458781  4.0456  4.5613  1.1766  1.9832  2.3249  2.3875  2.3982  2.4092  2.4623  2.4739  2.5053  2.3542  2.3626
  89  1.464948  4.0478  4.5600  1.1885  1.9570  2.3052  2.3698  2.3812  2.3932  2.4484  2.4606  2.4926  2.3367  2.3447
  90  1.471015  4.0500  4.5587  1.2001  1.9312  2.2858  2.3523  2.3644  2.3772  2.4346  2.4474  2.4798  2.3194  2.3271
  91  1.476951  4.0521  4.5573  1.2116  1.9060  2.2667  2.3352  2.3478  2.3615  2.4210  2.4343  2.4673  2.3024  2.3097
  92  1.482756  4.0541  4.5559  1.2228  1.8813  2.2480  2.3182  2.3315  2.3460  2.4075  2.4212  2.4547  2.2856  2.2926
  93  1.488420  4.0560  4.5544  1.2338  1.8572  2.2297  2.3016  2.3155  2.3308  2.3943  2.4084  2.4424  2.2692  2.2759
  94  1.493935  4.0579  4.5529  1.2445  1.8337  2.2118  2.2854  2.2998  2.3158  2.3812  2.3958  2.4302  2.2531  2.2595
  95  1.499310  4.0598  4.5514  1.2549  1.8108  2.1944  2.2695  2.2844  2.3012  2.3684  2.3834  2.4183  2.2373  2.2435
  96  1.504413  4.0615  4.5499  1.2649  1.7890  2.1777  2.2543  2.2696  2.2871  2.3560  2.3714  2.4067  2.2222  2.2281
  97  1.509094  4.0631  4.5483  1.2742  1.7686  2.1620  2.2399  2.2557  2.2738  2.3442  2.3600  2.3957  2.2080  2.2136
  98  1.513496  4.0646  4.5467  1.2831  1.7490  2.1469  2.2260  2.2422  2.2609  2.3328  2.3489  2.3850  2.1942  2.1996
  99  1.517767  4.0661  4.5450  1.2918  1.7299  2.1322  2.2124  2.2290  2.2482  2.3215  2.3380  2.3744  2.1807  2.1859
 100  1.522045  4.0675  4.5433  1.3004  1.7110  2.1174  2.1988  2.2158  2.2355  2.3102  2.3270  2.3637  2.1672  2.1722
 101  1.526445  4.0689  4.5415  1.3091  1.6919  2.1025  2.1850  2.2023  2.2226  2.2987  2.3157  2.3528  2.1535  2.1582
 102  1.531084  4.0703  4.5396  1.3180  1.6723  2.0872  2.1708  2.1885  2.2093  2.2867  2.3041  2.3416  2.1394  2.1439
 103  1.536052  4.0718  4.5377  1.3273  1.6520  2.0712  2.1559  2.1740  2.1953  2.2742  2.2919  2.3297  2.1246  2.1289
 104  1.541391  4.0733  4.5355  1.3370  1.6307  2.0543  2.1402  2.1586  2.1805  2.2608  2.2789  2.3170  2.1089  2.1131
 105  1.547101  4.0749  4.5330  1.3473  1.6080  2.0362  2.1232  2.1420  2.1646  2.2463  2.2647  2.3033  2.0921  2.0960
 106  1.553185  4.0765  4.5301  1.3583  1.5835  2.0165  2.1046  2.1239  2.1470  2.2303  2.2490  2.2879  2.0737  2.0773
 107  1.559643  4.0782  4.5267  1.3703  1.5568  1.9949  2.0842  2.1039  2.1276  2.2125  2.2316  2.2710  2.0534  2.0568
 108  1.565915  4.0799  4.5230  1.3825  1.5297  1.9728  2.0634  2.0834  2.1078  2.1943  2.2137  2.2535  2.0326  2.0358
 109  1.571756  4.0815  4.5195  1.3943  1.5035  1.9515  2.0433  2.0638  2.0887  2.1768  2.1966  2.2368  2.0127  2.0156
 110  1.577140  4.0831  4.5162  1.4055  1.4787  1.9314  2.0243  2.0452  2.0707  2.1603  2.1804  2.2210  1.9938  1.9965
 111  1.582059  4.0845  4.5128  1.4159  1.4556  1.9125  2.0063  2.0276  2.0536  2.1445  2.1649  2.2058  1.9759  1.9785
 112  1.585258  4.0855  4.5104  1.4229  1.4401  1.8997  1.9943  2.0157  2.0421  2.1338  2.1544  2.1956  1.9639  1.9663
 113  1.588357  4.0863  4.5080  1.4296  1.4250  1.8872  1.9824  2.0040  2.0307  2.1232  2.1441  2.1854  1.9521  1.9544
 114  1.591351  4.0872  4.5056  1.4362  1.4103  1.8750  1.9707  1.9925  2.0195  2.1129  2.1338  2.1754  1.9405  1.9427
 115  1.594234  4.0880  4.5032  1.4426  1.3960  1.8630  1.9593  1.9813  2.0086  2.1026  2.1238  2.1656  1.9291  1.9312
 116  1.597006  4.0887  4.5008  1.4488  1.3821  1.8514  1.9481  1.9703  1.9978  2.0926  2.1139  2.1559  1.9180  1.9200
 117  1.599668  4.0894  4.4984  1.4547  1.3686  1.8400  1.9372  1.9596  1.9874  2.0828  2.1043  2.1464  1.9072  1.9091
 118  1.602201  4.0901  4.4960  1.4605  1.3556  1.8290  1.9267  1.9492  1.9772  2.0733  2.0949  2.1372  1.8967  1.8985
 119  1.604597  4.0907  4.4936  1.4661  1.3431  1.8183  1.9164  1.9391  1.9674  2.0640  2.0858  2.1282  1.8865  1.8882
 120  1.606884  4.0913  4.4912  1.4715  1.3308  1.8079  1.9063  1.9292  1.9577  2.0549  2.0767  2.1193  1.8764  1.8780
 121  1.609089  4.0919  4.4888  1.4767  1.3188  1.7975  1.8964  1.9193  1.9480  2.0458  2.0678  2.1105  1.8665  1.8680
 122  1.611236  4.0925  4.4864  1.4820  1.3069  1.7872  1.8864  1.9095  1.9384  2.0367  2.0588  2.1016  1.8566  1.8581
 123  1.613343  4.0930  4.4839  1.4871  1.2951  1.7770  1.8766  1.8998  1.9289  2.0276  2.0498  2.0928  1.8468  1.8482
 124  1.615418  4.0935  4.4814  1.4923  1.2832  1.7667  1.8666  1.8899  1.9192  2.0184  2.0407  2.0839  1.8368  1.8382
 125  1.617482  4.0940  4.4788  1.4975  1.2713  1.7564  1.8566  1.8800  1.9095  2.0092  2.0316  2.0749  1.8269  1.8281
 126  1.619547  4.0945  4.4762  1.5027  1.2594  1.7459  1.8465  1.8700  1.8997  1.9999  2.0224  2.0658  1.8168  1.8180
 127  1.621621  4.0950  4.4735  1.5079  1.2473  1.7354  1.8362  1.8599  1.8897  1.9904  2.0130  2.0565  1.8066  1.8077
 128  1.623715  4.0955  4.4707  1.5132  1.2350  1.7246  1.8258  1.8496  1.8796  1.9807  2.0035  2.0471  1.7962  1.7972
 129  1.625832  4.0960  4.4679  1.5186  1.2226  1.7137  1.8151  1.8391  1.8693  1.9708  1.9937  2.0374  1.7856  1.7866
 130  1.627977  4.0965  4.4650  1.5241  1.2100  1.7026  1.8043  1.8284  1.8588  1.9608  1.9837  2.0276  1.7748  1.7757
 131  1.630149  4.0970  4.4619  1.5296  1.1971  1.6911  1.7932  1.8173  1.8479  1.9504  1.9734  2.0174  1.7637  1.7646
 132  1.632341  4.0974  4.4587  1.5352  1.1839  1.6794  1.7817  1.8060  1.8368  1.9396  1.9627  2.0069  1.7523  1.7531
 133  1.634550  4.0979  4.4553  1.5410  1.1705  1.6673  1.7700  1.7943  1.8252  1.9285  1.9517  1.9960  1.7406  1.7413
 134  1.636779  4.0983  4.4517  1.5468  1.1567  1.6549  1.7578  1.7822  1.8133  1.9170  1.9402  1.9847  1.7284  1.7291
 135  1.639019  4.0987  4.4480  1.5527  1.1427  1.6422  1.7453  1.7698  1.8011  1.9051  1.9285  1.9730  1.7160  1.7166
 136  1.641266  4.0991  4.4441  1.5586  1.1285  1.6291  1.7325  1.7571  1.7885  1.8929  1.9163  1.9609  1.7032  1.7038
 137  1.643514  4.0994  4.4400  1.5647  1.1139  1.6157  1.7193  1.7440  1.7754  1.8802  1.9036  1.9484  1.6900  1.6905
 138  1.645754  4.0997  4.4357  1.5708  1.0991  1.6019  1.7057  1.7305  1.7621  1.8671  1.8906  1.9355  1.6765  1.6770
 139  1.647983  4.1000  4.4312  1.5770  1.0841  1.5879  1.6919  1.7167  1.7484  1.8537  1.8772  1.9222  1.6627  1.6631
 140  1.650188  4.1002  4.4264  1.5831  1.0689  1.5735  1.6776  1.7025  1.7343  1.8398  1.8634  1.9085  1.6484  1.6489
 141  1.652345  4.1004  4.4215  1.5893  1.0537  1.5590  1.6632  1.6881  1.7200  1.8257  1.8493  1.8945  1.6341  1.6345
 142  1.654437  4.1005  4.4164  1.5954  1.0384  1.5443  1.6486  1.6735  1.7054  1.8113  1.8349  1.8802  1.6195  1.6199
 143  1.656462  4.1006  4.4113  1.6015  1.0232  1.5297  1.6340  1.6589  1.6909  1.7969  1.8205  1.8658  1.6049  1.6053
 144  1.658415  4.1006  4.4060  1.6074  1.0082  1.5150  1.6194  1.6443  1.6763  1.7823  1.8059  1.8513  1.5902  1.5907
 145  1.660301  4.1006  4.4007  1.6132  0.9934  1.5005  1.6048  1.6298  1.6618  1.7679  1.7914  1.8368  1.5757  1.5761
 146  1.662116  4.1005  4.3953  1.6189  0.9788  1.4860  1.5904  1.6153  1.6473  1.7534  1.7769  1.8224  1.5612  1.5617
 147  1.663868  4.1004  4.3898  1.6244  0.9644  1.4717  1.5760  1.6009  1.6329  1.7390  1.7624  1.8080  1.5469  1.5474
 148  1.665553  4.1003  4.3844  1.6298  0.9503  1.4576  1.5618  1.5867  1.6186  1.7247  1.7481  1.7936  1.5327  1.5332
 149  1.667178  4.1002  4.3789  1.6350  0.9365  1.4437  1.5478  1.5726  1.6045  1.7105  1.7338  1.7794  1.5187  1.5192
 150  1.668741  4.1000  4.3735  1.6402  0.9230  1.4299  1.5340  1.5587  1.5906  1.6964  1.7196  1.7653  1.5048  1.5054
 151  1.670243  4.0998  4.3681  1.6451  0.9097  1.4164  1.5203  1.5450  1.5768  1.6825  1.7057  1.7514  1.4912  1.4918
 152  1.671692  4.0996  4.3627  1.6500  0.8967  1.4031  1.5069  1.5316  1.5633  1.6688  1.6919  1.7376  1.4778  1.4784
 153  1.673087  4.0993  4.3574  1.6547  0.8840  1.3900  1.4936  1.5183  1.5499  1.6553  1.6783  1.7240  1.4645  1.4652
 154  1.674432  4.0991  4.3521  1.6594  0.8715  1.3771  1.4806  1.5052  1.5368  1.6419  1.6649  1.7106  1.4515  1.4522
 155  1.675729  4.0988  4.3468  1.6639  0.8593  1.3645  1.4678  1.4923  1.5238  1.6288  1.6516  1.6973  1.4386  1.4394
 156  1.676979  4.0985  4.3416  1.6683  0.8473  1.3519  1.4551  1.4795  1.5109  1.6157  1.6384  1.6841  1.4259  1.4267
 157  1.678187  4.0982  4.3362  1.6726  0.8354  1.3394  1.4424  1.4667  1.4980  1.6026  1.6252  1.6709  1.4132  1.4141
 158  1.679352  4.0978  4.3308  1.6768  0.8236  1.3269  1.4297  1.4539  1.4851  1.5893  1.6119  1.6575  1.4004  1.4014
 159  1.680480  4.0974  4.3253  1.6810  0.8119  1.3144  1.4169  1.4410  1.4721  1.5760  1.5984  1.6441  1.3876  1.3887
 160  1.681573  4.0969  4.3196  1.6851  0.8003  1.3018  1.4041  1.4281  1.4590  1.5626  1.5848  1.6305  1.3748  1.3759
 161  1.682630  4.0964  4.3138  1.6891  0.7888  1.2892  1.3911  1.4150  1.4458  1.5489  1.5711  1.6166  1.3618  1.3630
 162  1.683791  4.0958  4.3076  1.6933  0.7764  1.2756  1.3772  1.4010  1.4315  1.5342  1.5562  1.6017  1.3478  1.3491
 163  1.684958  4.0951  4.3008  1.6977  0.7634  1.2611  1.3623  1.3859  1.4163  1.5184  1.5402  1.5856  1.3329  1.3343
 164  1.686130  4.0943  4.2934  1.7022  0.7499  1.2458  1.3466  1.3700  1.4001  1.5016  1.5231  1.5685  1.3172  1.3187
 165  1.687305  4.0934  4.2854  1.7068  0.7358  1.2296  1.3298  1.3530  1.3828  1.4835  1.5048  1.5501  1.3003  1.3020
 166  1.688481  4.0924  4.2768  1.7115  0.7211  1.2125  1.3121  1.3350  1.3644  1.4643  1.4853  1.5305  1.2825  1.2844
 167  1.689655  4.0912  4.2675  1.7163  0.7057  1.1943  1.2932  1.3159  1.3449  1.4438  1.4644  1.5095  1.2636  1.2656
 168  1.690823  4.0898  4.2574  1.7212  0.6896  1.1750  1.2732  1.2956  1.3241  1.4218  1.4421  1.4870  1.2435  1.2457
 169  1.691984  4.0883  4.2466  1.7263  0.6729  1.1546  1.2519  1.2739  1.3019  1.3984  1.4183  1.4630  1.2221  1.2246
 170  1.693134  4.0866  4.2349  1.7314  0.6555  1.1331  1.2293  1.2510  1.2784  1.3734  1.3928  1.4373  1.1994  1.2022
 171  1.694267  4.0846  4.2222  1.7366  0.6373  1.1102  1.2054  1.2266  1.2533  1.3466  1.3656  1.4098  1.1753  1.1784
 172  1.695380  4.0825  4.2086  1.7420  0.6185  1.0861  1.1800  1.2007  1.2267  1.3182  1.3365  1.3804  1.1498  1.1532
 173  1.696468  4.0801  4.1940  1.7474  0.5990  1.0607  1.1532  1.1733  1.1985  1.2879  1.3056  1.3492  1.1228  1.1265
 174  1.697526  4.0775  4.1783  1.7528  0.5788  1.0338  1.1248  1.1443  1.1685  1.2557  1.2726  1.3158  1.0942  1.0984
 175  1.698551  4.0746  4.1616  1.7583  0.5580  1.0056  1.0949  1.1138  1.1370  1.2215  1.2377  1.2805  1.0642  1.0688
 176  1.699535  4.0714  4.1436  1.7638  0.5366  0.9761  1.0636  1.0816  1.1037  1.1854  1.2007  1.2430  1.0326  1.0377
 177  1.700477  4.0680  4.1246  1.7692  0.5149  0.9453  1.0308  1.0480  1.0688  1.1474  1.1617  1.2035  0.9995  1.0051
 178  1.701372  4.0642  4.1044  1.7746  0.4928  0.9133  0.9965  1.0129  1.0323  1.1074  1.1207  1.1618  0.9650  0.9712
 179  1.702219  4.0602  4.0831  1.7799  0.4705  0.8801  0.9609  0.9763  0.9942  1.0656  1.0777  1.1182  0.9291  0.9359
 180  1.703015  4.0558  4.0606  1.7851  0.4481  0.8458  0.9240  0.9384  0.9546  1.0218  1.0327  1.0724  0.8918  0.8994
 181  1.703761  4.0511  4.0370  1.7901  0.4259  0.8106  0.8860  0.8992  0.9137  0.9763  0.9859  1.0247  0.8534  0.8617
 182  1.704077  4.0489  4.0262  1.7923  0.4161  0.7949  0.8689  0.8815  0.8952  0.9557  0.9647  1.0031  0.8361  0.8448
 183  1.704390  4.0467  4.0151  1.7945  0.4062  0.7786  0.8512  0.8633  0.8760  0.9343  0.9426  0.9806  0.8183  0.8273
 184  1.704701  4.0443  4.0034  1.7967  0.3961  0.7618  0.8329  0.8444  0.8562  0.9121  0.9197  0.9572  0.7997  0.8091
 185  1.705010  4.0417  3.9912  1.7989  0.3859  0.7444  0.8139  0.8248  0.8355  0.8889  0.8958  0.9328  0.7806  0.7904
 186  1.705315  4.0391  3.9785  1.8012  0.3754  0.7265  0.7944  0.8046  0.8142  0.8650  0.8710  0.9075  0.7608  0.7711
 187  1.705618  4.0364  3.9653  1.8034  0.3650  0.7081  0.7744  0.7838  0.7922  0.8401  0.8452  0.8812  0.7405  0.7513
 188  1.705918  4.0335  3.9515  1.8056  0.3545  0.6892  0.7537  0.7623  0.7695  0.8144  0.8186  0.8540  0.7195  0.7308
 189  1.706213  4.0304  3.9373  1.8078  0.3439  0.6698  0.7324  0.7402  0.7460  0.7878  0.7910  0.8257  0.6979  0.7098
 190  1.706505  4.0273  3.9225  1.8100  0.3333  0.6499  0.7104  0.7173  0.7217  0.7601  0.7623  0.7964  0.6756  0.6881
 191  1.706793  4.0239  3.9070  1.8122  0.3228  0.6295  0.6878  0.6938  0.6967  0.7315  0.7326  0.7659  0.6527  0.6658
 192  1.707077  4.0205  3.8912  1.8144  0.3124  0.6089  0.6650  0.6699  0.6712  0.7023  0.7022  0.7348  0.6294  0.6432
 193  1.707356  4.0169  3.8747  1.8166  0.3020  0.5878  0.6414  0.6453  0.6448  0.6720  0.6706  0.7024  0.6054  0.6199
 194  1.707630  4.0131  3.8576  1.8187  0.2917  0.5663  0.6173  0.6200  0.6177  0.6406  0.6380  0.6689  0.5809  0.5962
 195  1.707898  4.0092  3.8399  1.8208  0.2817  0.5446  0.5928  0.5943  0.5900  0.6085  0.6045  0.6344  0.5559  0.5720
 196  1.708162  4.0052  3.8218  1.8229  0.2719  0.5228  0.5681  0.5682  0.5618  0.5756  0.5701  0.5991  0.5306  0.5477
 197  1.708420  4.0010  3.8031  1.8249  0.2625  0.5009  0.5430  0.5416  0.5330  0.5419  0.5348  0.5628  0.5049  0.5230
 198  1.708673  3.9967  3.7838  1.8268  0.2533  0.4790  0.5177  0.5147  0.5036  0.5073  0.4985  0.5255  0.4789  0.4981
 199  1.708921  3.9922  3.7642  1.8287  0.2446  0.4572  0.4924  0.4877  0.4739  0.4723  0.4616  0.4875  0.4530  0.4734
 200  1.709162  3.9876  3.7440  1.8306  0.2364  0.4357  0.4671  0.4605  0.4437  0.4365  0.4236  0.4485  0.4268  0.4485
 201  1.709398  3.9829  3.7233  1.8324  0.2288  0.4146  0.4419  0.4332  0.4133  0.4002  0.3851  0.4088  0.4007  0.4239
 202  1.709627  3.9780  3.7022  1.8341  0.2221  0.3940  0.4169  0.4059  0.3827  0.3632  0.3456  0.3683  0.3747  0.3996
 203  1.709851  3.9730  3.6807  1.8357  0.2165  0.3743  0.3923  0.3788  0.3520  0.3259  0.3057  0.3272  0.3489  0.3756
 204  1.710069  3.9679  3.6588  1.8373  0.2118  0.3555  0.3682  0.3520  0.3214  0.2883  0.2653  0.2856  0.3237  0.3524
 205  1.710281  3.9627  3.6365  1.8388  0.2078  0.3377  0.3450  0.3257  0.2908  0.2503  0.2242  0.2434  0.2991  0.3300
 206  1.710488  3.9574  3.6138  1.8402  0.2045  0.3213  0.3228  0.3000  0.2603  0.2121  0.1826  0.2005  0.2752  0.3088
 207  1.710690  3.9520  3.5911  1.8415  0.2016  0.3063  0.3018  0.2752  0.2303  0.1741  0.1408  0.1576  0.2524  0.2890
 208  1.710887  3.9465  3.5680  1.8428  0.1996  0.2930  0.2822  0.2512  0.2004  0.1360  0.0984  0.1140  0.2306  0.2707
 209  1.711079  3.9410  3.5446  1.8439  0.1984  0.2817  0.2640  0.2282  0.1711  0.0979  0.0556  0.0702  0.2099  0.2540
 210  1.711265  3.9353  3.5209  1.8450  0.1983  0.2726  0.2473  0.2062  0.1423  0.0599  0.0123  0.0258  0.1906  0.2390
 211  1.711445  3.9295  3.4969  1.8460  0.1990  0.2658  0.2324  0.1854  0.1140  0.0219 -0.0315 -0.0190  0.1726  0.2259
 212  1.711619  3.9248  3.4771  1.8469  0.2009  0.2637  0.2213  0.1685  0.0906 -0.0100 -0.0683 -0.0567  0.1588  0.2168
 213  1.711788  3.9187  3.4517  1.8477  0.2084  0.2724  0.2098  0.1471  0.0603 -0.0517 -0.1167 -0.1057  0.1432  0.2091
 214  1.711951  3.9125  3.4263  1.8485  0.2171  0.2864  0.2001  0.1261  0.0301 -0.0937 -0.1658 -0.1551  0.1292  0.2039
 215  1.712111  3.9062  3.4005  1.8491  0.2249  0.3005  0.1927  0.1075  0.0014 -0.1346 -0.2149 -0.2045  0.1171  0.2010
 216  1.712266  3.8998  3.3746  1.8496  0.2321  0.3124  0.1875  0.0918 -0.0247 -0.1738 -0.2631 -0.2537  0.1068  0.1997
 217  1.712293  3.8987  3.3699  1.8497  0.2335  0.3144  0.1868  0.0893 -0.0291 -0.1807 -0.2718 -0.2625  0.1052  0.1996
 218  1.712320  3.8975  3.3652  1.8498  0.2349  0.3165  0.1862  0.0868 -0.0336 -0.1877 -0.2806 -0.2715  0.1036  0.1997
 219  1.712347  3.8963  3.3604  1.8499  0.2363  0.3186  0.1857  0.0844 -0.0380 -0.1946 -0.2893 -0.2805  0.1020  0.1998
 220  1.712373  3.8952  3.3556  1.8500  0.2377  0.3208  0.1852  0.0820 -0.0424 -0.2015 -0.2980 -0.2894  0.1006  0.1999
 221  1.712400  3.8940  3.3509  1.8501  0.2392  0.3230  0.1848  0.0798 -0.0466 -0.2084 -0.3068 -0.2984  0.0991  0.2002
 222  1.712427  3.8928  3.3461  1.8502  0.2406  0.3252  0.1844  0.0775 -0.0509 -0.2152 -0.3155 -0.3073  0.0978  0.2005
 223  1.712453  3.8917  3.3413  1.8503  0.2422  0.3277  0.1842  0.0754 -0.0550 -0.2220 -0.3242 -0.3162  0.0965  0.2010
 224  1.712479  3.8905  3.3366  1.8504  0.2439  0.3304  0.1841  0.0733 -0.0592 -0.2287 -0.3329 -0.3252  0.0953  0.2015
 225  1.712505  3.8893  3.3318  1.8505  0.2457  0.3331  0.1840  0.0713 -0.0633 -0.2355 -0.3416 -0.3341  0.0942  0.2022
 226  1.712531  3.8882  3.3270  1.8506  0.2474  0.3360  0.1840  0.0693 -0.0673 -0.2422 -0.3503 -0.3430  0.0931  0.2028
 227  1.712793  3.8753  3.2745  1.8517  0.2662  0.3688  0.1854  0.0490 -0.1107 -0.3153 -0.4461 -0.4415  0.0825  0.2120
 228  1.713065  3.8598  3.2112  1.8532  0.2885  0.4123  0.1908  0.0279 -0.1596 -0.4009 -0.5614 -0.5600  0.0727  0.2269
 229  1.713324  3.8437  3.1459  1.8542  0.3139  0.4625  0.2009  0.0106 -0.2055 -0.4861 -0.6789 -0.6815  0.0664  0.2469
 230  1.713594  3.8260  3.0764  1.8528  0.3581  0.5246  0.2248  0.0069 -0.2394 -0.5663 -0.7969 -0.8038  0.0725  0.2808
 231  1.713850  3.8114  3.0228  1.8481  0.4029  0.5981  0.2523  0.0066 -0.2662 -0.6287 -0.8907 -0.9026  0.0830  0.3191
 232  1.714117  3.7995  2.9838  1.8395  0.4595  0.6665  0.2888  0.0227 -0.2706 -0.6639 -0.9517 -0.9676  0.1060  0.3634
 233  1.714370  3.7900  2.9540  1.8315  0.5093  0.7232  0.3200  0.0377 -0.2715 -0.6890 -0.9972 -1.0166  0.1264  0.4010
 234  1.714643  3.7806  2.9235  1.8246  0.5628  0.7806  0.3509  0.0524 -0.2727 -0.7149 -1.0438 -1.0668  0.1463  0.4384
 235  1.714917  3.7723  2.8980  1.8168  0.6184  0.8367  0.3831  0.0700 -0.2693 -0.7336 -1.0807 -1.1073  0.1684  0.4763
 236  1.715197  3.7650  2.8774  1.8084  0.6722  0.8898  0.4137  0.0876 -0.2639 -0.7468 -1.1088 -1.1395  0.1900  0.5124
 237  1.715466  3.7596  2.8617  1.8025  0.7187  0.9326  0.4367  0.0999 -0.2613 -0.7571 -1.1282 -1.1630  0.2057  0.5401
 238  1.715749  3.7550  2.8447  1.8012  0.7521  0.9605  0.4478  0.1018 -0.2677 -0.7747 -1.1535 -1.1918  0.2104  0.5551
 239  1.716036  3.7515  2.8275  1.8042  0.7673  0.9708  0.4465  0.0940 -0.2815 -0.7980 -1.1838 -1.2243  0.2045  0.5567
 240  1.716326  3.7486  2.8107  1.8097  0.7718  0.9706  0.4374  0.0799 -0.3004 -0.8244 -1.2159 -1.2582  0.1918  0.5497
 241  1.716631  3.7460  2.7934  1.8166  0.7729  0.9667  0.4249  0.0627 -0.3220 -0.8531 -1.2500 -1.2938  0.1760  0.5394
 242  1.716926  3.7440  2.7773  1.8247  0.7674  0.9567  0.4084  0.0426 -0.3455 -0.8821 -1.2832 -1.3281  0.1568  0.5244
 243  1.717220  3.7422  2.7614  1.8338  0.7583  0.9433  0.3893  0.0204 -0.3707 -0.9121 -1.3167 -1.3627  0.1354  0.5067
 244  1.717520  3.7407  2.7455  1.8436  0.7458  0.9268  0.3677 -0.0040 -0.3977 -0.9432 -1.3509 -1.3977  0.1118  0.4863
 245  1.717852  3.7392  2.7285  1.8545  0.7320  0.9085  0.3438 -0.0309 -0.4272 -0.9768 -1.3875 -1.4354  0.0858  0.4638
 246  1.718166  3.7381  2.7129  1.8658  0.7138  0.8868  0.3180 -0.0588 -0.4571 -1.0096 -1.4223 -1.4709  0.0584  0.4390
 247  1.718504  3.7370  2.6965  1.8779  0.6940  0.8632  0.2903 -0.0888 -0.4891 -1.0445 -1.4590 -1.5084  0.0291  0.4123
 248  1.718841  3.7360  2.6803  1.8903  0.6723  0.8380  0.2614 -0.1196 -0.5216 -1.0795 -1.4957 -1.5458 -0.0012  0.3843
 249  1.719181  3.7352  2.6644  1.9030  0.6492  0.8116  0.2318 -0.1509 -0.5545 -1.1146 -1.5323 -1.5829 -0.0321  0.3555
 250  1.719519  3.7344  2.6484  1.9159  0.6250  0.7842  0.2014 -0.1829 -0.5879 -1.1500 -1.5690 -1.6202 -0.0636  0.3258
 251  1.719859  3.7337  2.6324  1.9290  0.6000  0.7561  0.1704 -0.2154 -0.6217 -1.1857 -1.6061 -1.6577 -0.0957  0.2955
 252  1.720200  3.7329  2.6170  1.9416  0.5763  0.7293  0.1407 -0.2466 -0.6542 -1.2201 -1.6416 -1.6938 -0.1265  0.2665
 253  1.720557  3.7322  2.6009  1.9549  0.5509  0.7007  0.1092 -0.2795 -0.6885 -1.2563 -1.6791 -1.7318 -0.1590  0.2358
 254  1.720896  3.7316  2.5858  1.9675  0.5263  0.6732  0.0794 -0.3107 -0.7208 -1.2904 -1.7145 -1.7675 -0.1898  0.2065
 255  1.721252  3.7309  2.5698  1.9808  0.5005  0.6444  0.0479 -0.3434 -0.7548 -1.3262 -1.7517 -1.8051 -0.2222  0.1757
 256  1.721608  3.7302  2.5540  1.9941  0.4745  0.6153  0.0164 -0.3762 -0.7888 -1.3620 -1.7888 -1.8426 -0.2547  0.1448
 257  1.721963  3.7296  2.5382  2.0074  0.4483  0.5862 -0.0151 -0.4090 -0.8226 -1.3977 -1.8258 -1.8798 -0.2871  0.1138
 258  1.722312  3.7290  2.5226  2.0206  0.4223  0.5573 -0.0464 -0.4415 -0.8563 -1.4331 -1.8624 -1.9168 -0.3193  0.0831
 259  1.722665  3.7283  2.5069  2.0339  0.3962  0.5282 -0.0779 -0.4742 -0.8900 -1.4686 -1.8993 -1.9540 -0.3517  0.0522
 260  1.723028  3.7277  2.4906  2.0476  0.3694  0.4983 -0.1103 -0.5079 -0.9249 -1.5054 -1.9376 -1.9927 -0.3850  0.0204
 261  1.723375  3.7270  2.4749  2.0609  0.3433  0.4691 -0.1418 -0.5406 -0.9587 -1.5411 -1.9747 -2.0300 -0.4174 -0.0106
 262  1.723735  3.7264  2.4586  2.0746  0.3163  0.4390 -0.1743 -0.5743 -0.9936 -1.5779 -2.0129 -2.0686 -0.4509 -0.0425
 263  1.724090  3.7257  2.4425  2.0883  0.2896  0.4091 -0.2066 -0.6078 -1.0283 -1.6144 -2.0509 -2.1069 -0.4841 -0.0742
 264  1.724418  3.7251  2.4272  2.1012  0.2644  0.3809 -0.2371 -0.6395 -1.0610 -1.6490 -2.0869 -2.1431 -0.5154 -0.1042
 265  1.724731  3.7245  2.4127  2.1135  0.2402  0.3539 -0.2663 -0.6698 -1.0923 -1.6819 -2.1211 -2.1776 -0.5454 -0.1328
 266  1.725007  3.7240  2.3993  2.1248  0.2181  0.3291 -0.2931 -0.6975 -1.1210 -1.7121 -2.1526 -2.2093 -0.5729 -0.1591
 267  1.725251  3.7235  2.3875  2.1348  0.1985  0.3072 -0.3168 -0.7222 -1.1464 -1.7390 -2.1804 -2.2374 -0.5973 -0.1824
 268  1.725500  3.7230  2.3755  2.1449  0.1792  0.2853 -0.3405 -0.7468 -1.1719 -1.7659 -2.2085 -2.2656 -0.6218 -0.2057
 269  1.725890  3.7223  2.3558  2.1617  0.1462  0.2485 -0.3803 -0.7880 -1.2145 -1.8107 -2.2550 -2.3125 -0.6626 -0.2448
 270  1.726245  3.7216  2.3378  2.1771  0.1160  0.2146 -0.4168 -0.8258 -1.2534 -1.8516 -2.2975 -2.3553 -0.7000 -0.2806
 271  1.726581  3.7210  2.3204  2.1920  0.0870  0.1820 -0.4519 -0.8622 -1.2910 -1.8912 -2.3386 -2.3967 -0.7361 -0.3152
 272  1.727105  3.7204  2.3066  2.2037  0.0642  0.1563 -0.4798 -0.8911 -1.3208 -1.9226 -2.3713 -2.4296 -0.7647 -0.3425
 273  1.727511  3.7196  2.2850  2.2223  0.0280  0.1156 -0.5236 -0.9365 -1.3676 -1.9719 -2.4224 -2.4811 -0.8098 -0.3856
 274  1.727779  3.7191  2.2705  2.2346  0.0042  0.0888 -0.5527 -0.9667 -1.3988 -2.0047 -2.4565 -2.5154 -0.8397 -0.4141
 275  1.728119  3.7184  2.2516  2.2508 -0.0273  0.0534 -0.5909 -1.0062 -1.4396 -2.0475 -2.5010 -2.5602 -0.8789 -0.4517
 276  1.728360  3.7179  2.2383  2.2621 -0.0488  0.0288 -0.6176 -1.0339 -1.4682 -2.0777 -2.5324 -2.5918 -0.9063 -0.4779
 277  1.728662  3.7172  2.2211  2.2769 -0.0772 -0.0033 -0.6523 -1.0699 -1.5054 -2.1168 -2.5730 -2.6327 -0.9420 -0.5120
 278  1.728946  3.7166  2.2049  2.2908 -0.1038 -0.0334 -0.6850 -1.1038 -1.5403 -2.1536 -2.6112 -2.6711 -0.9756 -0.5441