#NUMBER OF AGES=1 MAGS=10
#----------------------------------------------------       
#MIX-LEN  Y      Z          Zeff        [Fe/H] [a/Fe]
# 1.9380  0.2537 5.3740E-03 5.3740E-03  -0.50   0.00
#----------------------------------------------------       
#**PHOTOMETRIC SYSTEM**: Bessell UBV(RI)c + 2MASS JHKs + Kepler (Vega)
#----------------------------------------------------       
#AGE=10.000 EEPS=269
#EEP   M/Mo    LogTeff  LogG   LogL/Lo U       B       V       R       I       J       H       Ks      Kp      D51     
  11  0.102348  3.5162  5.3391 -2.8729 17.3379 15.4903 13.7564 12.6935 11.3851 10.0873  9.5037  9.2836 12.7111 14.5392
  12  0.116233  3.5178  5.2761 -2.7481 16.9213 15.1285 13.4133 12.3602 11.0705  9.7802  9.1978  8.9757 12.3848 14.1857
  13  0.132947  3.5196  5.2108 -2.6173 16.4874 14.7493 13.0538 12.0107 10.7407  9.4584  8.8773  8.6533 12.0426 13.8152
  14  0.154713  3.5227  5.1489 -2.4771 16.0012 14.3252 12.6539 11.6248 10.3845  9.1167  8.5367  8.3114 11.6675 13.4029
  15  0.179567  3.5281  5.1048 -2.3468 15.5029 13.8933 12.2521 11.2427 10.0480  8.8056  8.2263  8.0015 11.3017 12.9875
  16  0.199971  3.5328  5.0758 -2.2523 15.1334 13.5709 11.9535 10.9595  9.8025  8.5819  8.0028  7.7788 11.0316 12.6789
  17  0.216627  3.5363  5.0529 -2.1804 14.8588 13.3286 11.7289 10.7458  9.6164  8.4118  7.8327  7.6095 10.8272 12.4473
  18  0.231696  3.5395  5.0341 -2.1198 14.6277 13.1233 11.5387 10.5648  9.4592  8.2688  7.6895  7.4670 10.6541 12.2512
  19  0.245966  3.5423  5.0177 -2.0663 14.4269 12.9435 11.3719 10.4057  9.3208  8.1427  7.5631  7.3413 10.5016 12.0794
  20  0.260885  3.5450  5.0025 -2.0147 14.2367 12.7719 11.2122 10.2531  9.1875  8.0212  7.4411  7.2200 10.3551 11.9151
  21  0.276739  3.5476  4.9880 -1.9641 14.0539 12.6053 11.0567 10.1039  9.0568  7.9019  7.3212  7.1007 10.2118 11.7552
  22  0.290740  3.5498  4.9753 -1.9212 13.9010 12.4651 10.9256  9.9780  8.9463  7.8009  7.2195  6.9995 10.0906 11.6205
  23  0.301359  3.5515  4.9654 -1.8891 13.7876 12.3607 10.8280  9.8841  8.8637  7.7253  7.1433  6.9237 10.0002 11.5201
  24  0.309033  3.5526  4.9582 -1.8664 13.7087 12.2878 10.7596  9.8183  8.8056  7.6720  7.0895  6.8701  9.9367 11.4499
  25  0.314763  3.5534  4.9530 -1.8499 13.6514 12.2348 10.7099  9.7704  8.7633  7.6331  7.0504  6.8312  9.8905 11.3988
  26  0.319249  3.5541  4.9491 -1.8373 13.6073 12.1940 10.6716  9.7335  8.7309  7.6034  7.0204  6.8013  9.8550 11.3595
  27  0.322812  3.5546  4.9458 -1.8270 13.5717 12.1609 10.6405  9.7036  8.7045  7.5792  6.9959  6.7770  9.8261 11.3276
  28  0.326154  3.5551  4.9428 -1.8175 13.5384 12.1301 10.6117  9.6759  8.6802  7.5570  6.9735  6.7547  9.7994 11.2979
  29  0.329762  3.5557  4.9398 -1.8076 13.5033 12.0976 10.5812  9.6467  8.6547  7.5338  6.9500  6.7313  9.7713 11.2666
  30  0.333969  3.5563  4.9365 -1.7962 13.4634 12.0605 10.5465  9.6133  8.6256  7.5072  6.9232  6.7047  9.7391 11.2310
  31  0.339188  3.5571  4.9326 -1.7823 13.4140 12.0147 10.5036  9.5722  8.5899  7.4748  6.8904  6.6721  9.6996 11.1869
  32  0.345944  3.5582  4.9271 -1.7641 13.3495 11.9547 10.4473  9.5183  8.5431  7.4322  6.8473  6.6293  9.6478 11.1291
  33  0.377744  3.5640  4.8969 -1.6724 13.0200 11.6482 10.1608  9.2445  8.3083  7.2204  6.6321  6.4159  9.3852 10.8343
  34  0.415559  3.5725  4.8546 -1.5546 12.5896 11.2457  9.7856  8.8880  8.0068  6.9517  6.3578  6.1453  9.0436 10.4484
  35  0.429785  3.5761  4.8371 -1.5080 12.4182 11.0849  9.6360  8.7464  7.8877  6.8462  6.2496  6.0392  8.9078 10.2945
  36  0.442122  3.5795  4.8215 -1.4665 12.2641 10.9404  9.5021  8.6200  7.7817  6.7528  6.1535  5.9456  8.7864 10.1566
  37  0.454654  3.5832  4.8057 -1.4237 12.1007 10.7889  9.3623  8.4888  7.6722  6.6570  6.0545  5.8499  8.6603 10.0120
  38  0.467522  3.5873  4.7892 -1.3787 11.9272 10.6281  9.2146  8.3508  7.5572  6.5567  5.9504  5.7502  8.5273  9.8589
  39  0.480196  3.5917  4.7731 -1.3335 11.7523 10.4646  9.0657  8.2124  7.4415  6.4561  5.8452  5.6507  8.3936  9.7050
  40  0.492100  3.5961  4.7583 -1.2904 11.5888 10.3074  8.9241  8.0817  7.3309  6.3599  5.7440  5.5563  8.2665  9.5604
  41  0.503346  3.6006  4.7449 -1.2495 11.4334 10.1565  8.7894  7.9583  7.2261  6.2686  5.6473  5.4674  8.1459  9.4230
  42  0.513560  3.6049  4.7332 -1.2119 11.2866 10.0153  8.6643  7.8445  7.1300  6.1852  5.5583  5.3864  8.0345  9.2943
  43  0.523519  3.6093  4.7222 -1.1747 11.1378  9.8734  8.5396  7.7317  7.0354  6.1034  5.4705  5.3071  7.9240  9.1648
  44  0.534000  3.6143  4.7112 -1.1352 10.9781  9.7197  8.4059  7.6120  6.9352  6.0167  5.3776  5.2240  7.8062  9.0259
  45  0.545509  3.6201  4.7000 -1.0915 10.8014  9.5459  8.2567  7.4796  6.8245  5.9210  5.2761  5.1337  7.6753  8.8719
  46  0.558208  3.6270  4.6890 -1.0429 10.6055  9.3467  8.0879  7.3314  6.7010  5.8147  5.1662  5.0363  7.5281  8.6993
  47  0.571245  3.6348  4.6796 -0.9922 10.3887  9.1293  7.9065  7.1748  6.5718  5.7051  5.0572  4.9397  7.3716  8.5117
  48  0.584147  3.6431  4.6719 -0.9416 10.1374  8.9030  7.7210  7.0177  6.4429  5.5985  4.9566  4.8501  7.2133  8.3080
  49  0.596667  3.6513  4.6650 -0.8928  9.8669  8.6793  7.5394  6.8661  6.3168  5.4973  4.8680  4.7707  7.0588  8.0972
  50  0.608737  3.6591  4.6583 -0.8461  9.5880  8.4658  7.3666  6.7233  6.1958  5.4022  4.7893  4.6997  6.9119  7.8863
  51  0.620271  3.6667  4.6523 -0.8015  9.3070  8.2632  7.2021  6.5882  6.0798  5.3130  4.7199  4.6368  6.7721  7.6785
  52  0.625791  3.6703  4.6494 -0.7803  9.1710  8.1679  7.1243  6.5244  6.0244  5.2708  4.6884  4.6079  6.7058  7.5790
  53  0.631282  3.6739  4.6465 -0.7592  9.0365  8.0745  7.0479  6.4616  5.9696  5.2291  4.6576  4.5796  6.6406  7.4811
  54  0.636749  3.6775  4.6435 -0.7382  8.9042  7.9831  6.9731  6.3999  5.9155  5.1879  4.6272  4.5515  6.5764  7.3853
  55  0.642208  3.6810  4.6403 -0.7174  8.7738  7.8936  6.8996  6.3392  5.8620  5.1470  4.5971  4.5235  6.5132  7.2916
  56  0.647670  3.6844  4.6369 -0.6967  8.6445  7.8057  6.8275  6.2794  5.8090  5.1066  4.5672  4.4958  6.4509  7.2000
  57  0.653123  3.6877  4.6334 -0.6761  8.5180  7.7197  6.7568  6.2205  5.7568  5.0664  4.5373  4.4680  6.3895  7.1109
  58  0.658541  3.6910  4.6297 -0.6557  8.3961  7.6358  6.6877  6.1627  5.7054  5.0266  4.5072  4.4401  6.3293  7.0249
  59  0.663920  3.6942  4.6259 -0.6356  8.2806  7.5540  6.6204  6.1059  5.6549  4.9870  4.4768  4.4117  6.2703  6.9423
  60  0.669246  3.6974  4.6221 -0.6156  8.1682  7.4744  6.5547  6.0502  5.6053  4.9480  4.4467  4.3834  6.2125  6.8626
  61  0.674512  3.7005  4.6181 -0.5959  8.0568  7.3969  6.4907  5.9957  5.5565  4.9097  4.4173  4.3556  6.1559  6.7856
  62  0.679709  3.7035  4.6141 -0.5765  7.9462  7.3215  6.4284  5.9423  5.5086  4.8720  4.3887  4.3283  6.1005  6.7113
  63  0.684836  3.7064  4.6100 -0.5574  7.8381  7.2481  6.3678  5.8900  5.4615  4.8351  4.3607  4.3014  6.0463  6.6396
  64  0.689886  3.7092  4.6058 -0.5386  7.7338  7.1769  6.3088  5.8387  5.4151  4.7987  4.3334  4.2749  5.9933  6.5707
  65  0.694858  3.7120  4.6015 -0.5201  7.6328  7.1077  6.2514  5.7885  5.3694  4.7629  4.3068  4.2489  5.9414  6.5042
  66  0.699757  3.7147  4.5971 -0.5019  7.5349  7.0404  6.1955  5.7394  5.3247  4.7277  4.2803  4.2231  5.8907  6.4401
  67  0.704566  3.7173  4.5927 -0.4840  7.4397  6.9747  6.1413  5.6917  5.2813  4.6932  4.2535  4.1971  5.8414  6.3783
  68  0.709292  3.7199  4.5882 -0.4665  7.3470  6.9105  6.0886  5.6453  5.2392  4.6593  4.2265  4.1712  5.7934  6.3185
  69  0.713922  3.7224  4.5837 -0.4492  7.2572  6.8480  6.0374  5.6002  5.1981  4.6260  4.1996  4.1454  5.7467  6.2607
  70  0.718482  3.7248  4.5791 -0.4322  7.1703  6.7870  5.9874  5.5560  5.1579  4.5932  4.1728  4.1197  5.7010  6.2048
  71  0.722965  3.7271  4.5744 -0.4155  7.0863  6.7276  5.9387  5.5127  5.1183  4.5609  4.1464  4.0943  5.6563  6.1505
  72  0.727371  3.7294  4.5697 -0.3991  7.0050  6.6696  5.8911  5.4703  5.0796  4.5290  4.1201  4.0690  5.6125  6.0979
  73  0.731713  3.7316  4.5648 -0.3828  6.9261  6.6130  5.8446  5.4286  5.0414  4.4975  4.0940  4.0438  5.5695  6.0467
  74  0.735991  3.7337  4.5599 -0.3668  6.8494  6.5575  5.7990  5.3877  5.0039  4.4664  4.0681  4.0188  5.5273  5.9966
  75  0.740208  3.7358  4.5549 -0.3510  6.7749  6.5031  5.7542  5.3474  4.9669  4.4356  4.0423  3.9939  5.4858  5.9477
  76  0.744381  3.7378  4.5497 -0.3353  6.7022  6.4498  5.7102  5.3078  4.9304  4.4051  4.0165  3.9689  5.4448  5.8998
  77  0.748500  3.7398  4.5444 -0.3198  6.6310  6.3974  5.6670  5.2687  4.8944  4.3748  3.9909  3.9441  5.4046  5.8528
  78  0.752578  3.7417  4.5389 -0.3045  6.5607  6.3459  5.6245  5.2302  4.8588  4.3447  3.9652  3.9192  5.3649  5.8067
  79  0.756607  3.7435  4.5334 -0.2892  6.4912  6.2949  5.5826  5.1922  4.8236  4.3148  3.9396  3.8945  5.3257  5.7613
  80  0.760577  3.7453  4.5277 -0.2741  6.4234  6.2448  5.5414  5.1548  4.7888  4.2852  3.9141  3.8698  5.2871  5.7168
  81  0.764504  3.7470  4.5219 -0.2591  6.3573  6.1956  5.5007  5.1176  4.7543  4.2557  3.8885  3.8450  5.2488  5.6730
  82  0.769135  3.7491  4.5149 -0.2413  6.2815  6.1380  5.4527  5.0737  4.7133  4.2204  3.8577  3.8151  5.2036  5.6216
  83  0.773707  3.7510  4.5076 -0.2237  6.2091  6.0817  5.4053  5.0301  4.6726  4.1851  3.8267  3.7849  5.1588  5.5712
  84  0.778219  3.7529  4.5002 -0.2063  6.1391  6.0265  5.3586  4.9870  4.6324  4.1500  3.7956  3.7546  5.1146  5.5217
  85  0.782664  3.7547  4.4926 -0.1891  6.0715  5.9725  5.3127  4.9445  4.5926  4.1150  3.7645  3.7242  5.0710  5.4732
  86  0.787040  3.7564  4.4850 -0.1721  6.0058  5.9195  5.2675  4.9026  4.5533  4.0804  3.7336  3.6940  5.0281  5.4256
  87  0.791344  3.7580  4.4772 -0.1553  5.9419  5.8677  5.2232  4.8613  4.5146  4.0461  3.7028  3.6638  4.9858  5.3790
  88  0.795572  3.7596  4.4694 -0.1388  5.8799  5.8170  5.1796  4.8208  4.4765  4.0123  3.6723  3.6340  4.9443  5.3333
  89  0.799727  3.7612  4.4615 -0.1226  5.8200  5.7675  5.1369  4.7810  4.4389  3.9787  3.6418  3.6042  4.9036  5.2886
  90  0.803814  3.7626  4.4535 -0.1066  5.7622  5.7192  5.0950  4.7418  4.4018  3.9454  3.6115  3.5744  4.8635  5.2448
  91  0.807847  3.7640  4.4454 -0.0908  5.7059  5.6718  5.0538  4.7031  4.3652  3.9124  3.5813  3.5447  4.8239  5.2018
  92  0.811815  3.7653  4.4373 -0.0752  5.6513  5.6253  5.0132  4.6649  4.3290  3.8796  3.5513  3.5151  4.7849  5.1595
  93  0.815714  3.7666  4.4290 -0.0599  5.5983  5.5798  4.9732  4.6272  4.2933  3.8470  3.5213  3.4856  4.7465  5.1180
  94  0.819537  3.7678  4.4207 -0.0447  5.5467  5.5353  4.9339  4.5900  4.2579  3.8146  3.4914  3.4561  4.7086  5.0772
  95  0.823278  3.7689  4.4123 -0.0297  5.4964  5.4915  4.8952  4.5534  4.2230  3.7826  3.4617  3.4268  4.6712  5.0370
  96  0.826931  3.7700  4.4038 -0.0149  5.4475  5.4486  4.8571  4.5172  4.1884  3.7508  3.4321  3.3975  4.6344  4.9976
  97  0.830496  3.7711  4.3953 -0.0004  5.3997  5.4066  4.8196  4.4816  4.1544  3.7193  3.4027  3.3685  4.5981  4.9588
  98  0.833970  3.7720  4.3867  0.0140  5.3529  5.3653  4.7827  4.4465  4.1208  3.6882  3.3736  3.3397  4.5624  4.9207
  99  0.837351  3.7730  4.3780  0.0281  5.3075  5.3249  4.7464  4.4119  4.0876  3.6573  3.3445  3.3110  4.5273  4.8834
 100  0.840639  3.7739  4.3694  0.0420  5.2630  5.2852  4.7107  4.3778  4.0548  3.6268  3.3158  3.2826  4.4926  4.8466
 101  0.843833  3.7747  4.3608  0.0558  5.2196  5.2463  4.6756  4.3443  4.0226  3.5966  3.2873  3.2545  4.4586  4.8105
 102  0.846939  3.7755  4.3520  0.0693  5.1776  5.2083  4.6412  4.3113  3.9907  3.5667  3.2589  3.2264  4.4250  4.7751
 103  0.849956  3.7763  4.3434  0.0825  5.1363  5.1709  4.6073  4.2788  3.9594  3.5372  3.2310  3.1988  4.3920  4.7403
 104  0.852891  3.7770  4.3347  0.0956  5.0964  5.1345  4.5740  4.2468  3.9285  3.5080  3.2032  3.1712  4.3596  4.7062
 105  0.855752  3.7777  4.3259  0.1084  5.0576  5.0989  4.5414  4.2153  3.8980  3.4792  3.1757  3.1439  4.3277  4.6728
 106  0.858553  3.7783  4.3172  0.1211  5.0198  5.0640  4.5093  4.1844  3.8681  3.4507  3.1484  3.1169  4.2964  4.6400
 107  0.861295  3.7789  4.3085  0.1335  4.9830  5.0299  4.4778  4.1540  3.8385  3.4225  3.1214  3.0901  4.2656  4.6078
 108  0.863988  3.7794  4.2998  0.1457  4.9472  4.9965  4.4469  4.1240  3.8094  3.3946  3.0946  3.0635  4.2353  4.5762
 109  0.866630  3.7799  4.2911  0.1577  4.9125  4.9639  4.4164  4.0945  3.7805  3.3670  3.0679  3.0369  4.2054  4.5452
 110  0.869177  3.7804  4.2824  0.1695  4.8785  4.9319  4.3865  4.0654  3.7522  3.3397  3.0416  3.0108  4.1760  4.5147
 111  0.871592  3.7809  4.2740  0.1811  4.8447  4.9002  4.3571  4.0369  3.7245  3.3132  3.0161  2.9854  4.1472  4.4847
 112  0.872664  3.7811  4.2702  0.1864  4.8296  4.8860  4.3439  4.0241  3.7119  3.3012  3.0045  2.9739  4.1342  4.4712
 113  0.873737  3.7813  4.2663  0.1916  4.8145  4.8717  4.3305  4.0111  3.6993  3.2890  2.9928  2.9623  4.1211  4.4576
 114  0.874808  3.7815  4.2622  0.1970  4.7995  4.8574  4.3170  3.9980  3.6865  3.2766  2.9808  2.9503  4.1079  4.4439
 115  0.875878  3.7817  4.2581  0.2023  4.7843  4.8429  4.3034  3.9847  3.6735  3.2641  2.9686  2.9382  4.0945  4.4301
 116  0.876947  3.7818  4.2539  0.2078  4.7691  4.8283  4.2897  3.9713  3.6603  3.2513  2.9562  2.9258  4.0809  4.4161
 117  0.878015  3.7820  4.2496  0.2133  4.7538  4.8137  4.2758  3.9577  3.6470  3.2384  2.9436  2.9133  4.0672  4.4020
 118  0.879083  3.7822  4.2451  0.2188  4.7386  4.7990  4.2618  3.9440  3.6335  3.2252  2.9307  2.9004  4.0534  4.3879
 119  0.880149  3.7823  4.2407  0.2245  4.7233  4.7842  4.2477  3.9302  3.6199  3.2119  2.9177  2.8875  4.0395  4.3736
 120  0.881215  3.7824  4.2361  0.2301  4.7080  4.7693  4.2334  3.9162  3.6061  3.1985  2.9045  2.8743  4.0254  4.3591
 121  0.882279  3.7826  4.2314  0.2358  4.6926  4.7543  4.2191  3.9020  3.5922  3.1848  2.8912  2.8610  4.0112  4.3446
 122  0.883344  3.7827  4.2266  0.2416  4.6772  4.7392  4.2046  3.8878  3.5781  3.1710  2.8776  2.8475  3.9969  4.3300
 123  0.884406  3.7828  4.2218  0.2474  4.6616  4.7240  4.1900  3.8734  3.5639  3.1571  2.8639  2.8338  3.9824  4.3152
 124  0.885459  3.7829  4.2169  0.2533  4.6459  4.7086  4.1752  3.8588  3.5495  3.1429  2.8500  2.8199  3.9677  4.3003
 125  0.886515  3.7830  4.2119  0.2592  4.6302  4.6932  4.1603  3.8441  3.5350  3.1286  2.8359  2.8059  3.9530  4.2852
 126  0.887574  3.7831  4.2069  0.2651  4.6144  4.6777  4.1453  3.8294  3.5204  3.1143  2.8218  2.7917  3.9381  4.2701
 127  0.888632  3.7832  4.2018  0.2711  4.5987  4.6621  4.1303  3.8145  3.5057  3.0997  2.8074  2.7774  3.9232  4.2550
 128  0.889691  3.7833  4.1965  0.2772  4.5831  4.6466  4.1151  3.7995  3.4908  3.0850  2.7928  2.7628  3.9081  4.2397
 129  0.890750  3.7833  4.1912  0.2832  4.5674  4.6311  4.0999  3.7844  3.4758  3.0700  2.7780  2.7480  3.8930  4.2244
 130  0.891807  3.7834  4.1857  0.2894  4.5519  4.6155  4.0846  3.7692  3.4607  3.0549  2.7630  2.7330  3.8777  4.2090
 131  0.892865  3.7834  4.1801  0.2955  4.5364  4.5999  4.0692  3.7539  3.4454  3.0396  2.7477  2.7177  3.8624  4.1936
 132  0.893920  3.7834  4.1744  0.3017  4.5211  4.5843  4.0537  3.7384  3.4299  3.0241  2.7322  2.7022  3.8469  4.1781
 133  0.894973  3.7833  4.1686  0.3079  4.5058  4.5687  4.0381  3.7228  3.4143  3.0083  2.7164  2.6863  3.8313  4.1625
 134  0.896024  3.7833  4.1626  0.3142  4.4906  4.5532  4.0225  3.7071  3.3985  2.9924  2.7004  2.6703  3.8156  4.1469
 135  0.897071  3.7832  4.1564  0.3205  4.4756  4.5376  4.0068  3.6913  3.3826  2.9762  2.6840  2.6539  3.7998  4.1313
 136  0.898116  3.7831  4.1501  0.3269  4.4607  4.5222  3.9910  3.6753  3.3664  2.9597  2.6673  2.6371  3.7839  4.1155
 137  0.899156  3.7829  4.1436  0.3333  4.4460  4.5067  3.9751  3.6593  3.3502  2.9431  2.6504  2.6202  3.7679  4.0998
 138  0.900194  3.7828  4.1370  0.3397  4.4313  4.4912  3.9592  3.6431  3.3338  2.9262  2.6332  2.6029  3.7518  4.0840
 139  0.901225  3.7826  4.1302  0.3462  4.4170  4.4759  3.9432  3.6268  3.3172  2.9090  2.6157  2.5853  3.7356  4.0681
 140  0.902250  3.7823  4.1232  0.3527  4.4029  4.4607  3.9271  3.6104  3.3004  2.8916  2.5977  2.5672  3.7193  4.0523
 141  0.903269  3.7820  4.1160  0.3592  4.3892  4.4457  3.9111  3.5938  3.2834  2.8738  2.5794  2.5488  3.7030  4.0365
 142  0.904281  3.7817  4.1086  0.3658  4.3757  4.4307  3.8950  3.5772  3.2663  2.8558  2.5607  2.5300  3.6866  4.0207
 143  0.905286  3.7813  4.1010  0.3723  4.3624  4.4158  3.8788  3.5605  3.2491  2.8376  2.5418  2.5110  3.6700  4.0049
 144  0.906285  3.7809  4.0931  0.3789  4.3498  4.4014  3.8628  3.5437  3.2316  2.8189  2.5223  2.4912  3.6535  3.9892
 145  0.907276  3.7804  4.0850  0.3856  4.3375  4.3870  3.8466  3.5268  3.2140  2.8001  2.5025  2.4713  3.6369  3.9735
 146  0.908261  3.7798  4.0767  0.3922  4.3255  4.3728  3.8305  3.5098  3.1962  2.7809  2.4823  2.4508  3.6202  3.9579
 147  0.909238  3.7793  4.0683  0.3989  4.3138  4.3587  3.8144  3.4928  3.1783  2.7616  2.4618  2.4302  3.6035  3.9423
 148  0.910208  3.7786  4.0594  0.4055  4.3031  4.3452  3.7984  3.4757  3.1602  2.7417  2.4406  2.4087  3.5867  3.9269
 149  0.911171  3.7779  4.0504  0.4122  4.2926  4.3318  3.7824  3.4585  3.1420  2.7216  2.4192  2.3871  3.5700  3.9115
 150  0.912128  3.7772  4.0412  0.4189  4.2824  4.3184  3.7663  3.4413  3.1237  2.7014  2.3976  2.3652  3.5531  3.8962
 151  0.913079  3.7764  4.0317  0.4256  4.2731  4.3056  3.7504  3.4241  3.1052  2.6809  2.3754  2.3427  3.5363  3.8810
 152  0.914024  3.7755  4.0219  0.4323  4.2648  4.2933  3.7347  3.4068  3.0865  2.6598  2.3525  2.3195  3.5196  3.8661
 153  0.914967  3.7745  4.0116  0.4390  4.2573  4.2815  3.7190  3.3895  3.0677  2.6384  2.3291  2.2957  3.5028  3.8514
 154  0.915906  3.7733  4.0008  0.4457  4.2516  4.2706  3.7037  3.3722  3.0487  2.6163  2.3047  2.2709  3.4862  3.8372
 155  0.916846  3.7720  3.9894  0.4523  4.2474  4.2607  3.6886  3.3550  3.0295  2.5937  2.2794  2.2451  3.4697  3.8234
 156  0.917789  3.7705  3.9773  0.4589  4.2454  4.2520  3.6741  3.3379  3.0100  2.5703  2.2528  2.2181  3.4535  3.8103
 157  0.918745  3.7689  3.9646  0.4654  4.2450  4.2443  3.6599  3.3209  2.9905  2.5464  2.2253  2.1901  3.4374  3.7977
 158  0.919720  3.7670  3.9511  0.4718  4.2474  4.2381  3.6464  3.3042  2.9709  2.5217  2.1966  2.1608  3.4218  3.7861
 159  0.920723  3.7647  3.9364  0.4780  4.2543  4.2346  3.6339  3.2879  2.9512  2.4960  2.1661  2.1296  3.4068  3.7759
 160  0.921759  3.7619  3.9199  0.4838  4.2690  4.2355  3.6235  3.2727  2.9316  2.4688  2.1329  2.0955  3.3931  3.7683
 161  0.922822  3.7584  3.9011  0.4888  4.2954  4.2431  3.6163  3.2593  2.9126  2.4402  2.0964  2.0578  3.3817  3.7649
 162  0.923622  3.7552  3.8860  0.4916  4.3249  4.2548  3.6145  3.2519  2.9001  2.4190  2.0682  2.0284  3.3760  3.7665
 163  0.924419  3.7514  3.8689  0.4940  4.3643  4.2716  3.6152  3.2458  2.8881  2.3964  2.0371  1.9959  3.3721  3.7715
 164  0.925211  3.7470  3.8499  0.4958  4.4161  4.2942  3.6185  3.2410  2.8765  2.3723  2.0030  1.9602  3.3698  3.7802
 165  0.925999  3.7422  3.8287  0.4979  4.4793  4.3207  3.6228  3.2361  2.8640  2.3457  1.9651  1.9203  3.3677  3.7909
 166  0.926777  3.7370  3.8050  0.5013  4.5449  4.3470  3.6256  3.2289  2.8485  2.3149  1.9220  1.8752  3.3634  3.8006
 167  0.927532  3.7320  3.7792  0.5074  4.6029  4.3662  3.6225  3.2162  2.8278  2.2790  1.8735  1.8247  3.3535  3.8044
 168  0.928231  3.7276  3.7526  0.5168  4.6451  4.3726  3.6101  3.1958  2.8005  2.2377  1.8201  1.7702  3.3352  3.7982
 169  0.928853  3.7241  3.7268  0.5289  4.6687  4.3670  3.5893  3.1683  2.7675  2.1934  1.7662  1.7152  3.3095  3.7824
 170  0.929405  3.7214  3.7026  0.5427  4.6772  4.3525  3.5627  3.1363  2.7309  2.1483  1.7141  1.6619  3.2789  3.7598
 171  0.929905  3.7193  3.6796  0.5574  4.6745  4.3317  3.5324  3.1016  2.6926  2.1032  1.6635  1.6103  3.2453  3.7327
 172  0.930367  3.7176  3.6578  0.5727  4.6638  4.3064  3.4995  3.0652  2.6533  2.0584  1.6143  1.5602  3.2099  3.7023
 173  0.930802  3.7162  3.6369  0.5883  4.6472  4.2781  3.4649  3.0277  2.6134  2.0139  1.5663  1.5115  3.1731  3.6698
 174  0.931215  3.7151  3.6166  0.6042  4.6263  4.2474  3.4291  2.9895  2.5732  1.9698  1.5191  1.4638  3.1355  3.6356
 175  0.931612  3.7141  3.5969  0.6202  4.6018  4.2149  3.3922  2.9507  2.5326  1.9260  1.4728  1.4169  3.0971  3.6002
 176  0.931997  3.7133  3.5776  0.6363  4.5753  4.1813  3.3549  2.9116  2.4920  1.8825  1.4269  1.3707  3.0585  3.5640
 177  0.932372  3.7125  3.5586  0.6525  4.5464  4.1465  3.3169  2.8722  2.4512  1.8393  1.3818  1.3252  3.0194  3.5270
 178  0.932738  3.7119  3.5401  0.6687  4.5156  4.1109  3.2786  2.8326  2.4105  1.7963  1.3371  1.2802  2.9800  3.4894
 179  0.933098  3.7113  3.5217  0.6850  4.4837  4.0746  3.2399  2.7927  2.3696  1.7535  1.2927  1.2356  2.9405  3.4514
 180  0.933452  3.7108  3.5034  0.7012  4.4514  4.0382  3.2011  2.7529  2.3287  1.7108  1.2486  1.1911  2.9009  3.4132
 181  0.933803  3.7103  3.4853  0.7175  4.4181  4.0013  3.1621  2.7130  2.2879  1.6682  1.2047  1.1470  2.8612  3.3748
 182  0.934114  3.7099  3.4691  0.7321  4.3884  3.9684  3.1273  2.6773  2.2514  1.6302  1.1655  1.1076  2.8257  3.3404
 183  0.934425  3.7094  3.4528  0.7468  4.3581  3.9349  3.0920  2.6412  2.2145  1.5918  1.1259  1.0678  2.7898  3.3056
 184  0.934737  3.7090  3.4365  0.7617  4.3270  3.9008  3.0562  2.6046  2.1771  1.5530  1.0861  1.0278  2.7534  3.2702
 185  0.935048  3.7086  3.4200  0.7767  4.2953  3.8664  3.0201  2.5677  2.1395  1.5141  1.0461  0.9876  2.7167  3.2345
 186  0.935359  3.7083  3.4034  0.7919  4.2627  3.8311  2.9833  2.5303  2.1014  1.4746  1.0056  0.9470  2.6793  3.1981
 187  0.935669  3.7079  3.3866  0.8074  4.2292  3.7951  2.9458  2.4921  2.0625  1.4345  0.9645  0.9057  2.6413  3.1609
 188  0.935979  3.7075  3.3696  0.8231  4.1954  3.7588  2.9079  2.4535  2.0233  1.3940  0.9230  0.8641  2.6029  3.1234
 189  0.936288  3.7072  3.3523  0.8391  4.1612  3.7217  2.8693  2.4142  1.9833  1.3526  0.8806  0.8215  2.5637  3.0851
 190  0.936595  3.7068  3.3346  0.8554  4.1264  3.6840  2.8300  2.3741  1.9425  1.3105  0.8374  0.7781  2.5238  3.0461
 191  0.936902  3.7064  3.3166  0.8719  4.0914  3.6458  2.7901  2.3335  1.9012  1.2677  0.7935  0.7341  2.4834  3.0067
 192  0.937204  3.7060  3.2976  0.8894  4.0537  3.6052  2.7478  2.2905  1.8574  1.2225  0.7472  0.6876  2.4405  2.9647
 193  0.937501  3.7056  3.2778  0.9077  4.0140  3.5624  2.7034  2.2454  1.8115  1.1752  0.6987  0.6390  2.3956  2.9207
 194  0.937789  3.7051  3.2563  0.9274  3.9724  3.5170  2.6559  2.1970  1.7622  1.1241  0.6463  0.5864  2.3474  2.8737
 195  0.938069  3.7046  3.2338  0.9481  3.9284  3.4692  2.6061  2.1462  1.7106  1.0707  0.5913  0.5314  2.2968  2.8243
 196  0.938340  3.7040  3.2098  0.9699  3.8830  3.4191  2.5537  2.0927  1.6561  1.0141  0.5331  0.4729  2.2435  2.7725
 197  0.938605  3.7034  3.1849  0.9925  3.8366  3.3677  2.4996  2.0375  1.5997  0.9554  0.4725  0.4123  2.1885  2.7191
 198  0.938865  3.7027  3.1593  1.0156  3.7889  3.3149  2.4442  1.9809  1.5419  0.8953  0.4105  0.3501  2.1322  2.6643
 199  0.939117  3.7021  3.1330  1.0395  3.7398  3.2605  2.3870  1.9224  1.4823  0.8333  0.3464  0.2859  2.0740  2.6078
 200  0.939361  3.7014  3.1055  1.0640  3.6902  3.2049  2.3283  1.8624  1.4208  0.7691  0.2800  0.2193  2.0142  2.5500
 201  0.939601  3.7006  3.0776  1.0891  3.6397  3.1483  2.2686  1.8012  1.3583  0.7039  0.2124  0.1516  1.9534  2.4911
 202  0.939832  3.6998  3.0486  1.1149  3.5886  3.0905  2.2073  1.7383  1.2939  0.6364  0.1423  0.0813  1.8908  2.4308
 203  0.940056  3.6989  3.0188  1.1412  3.5368  3.0319  2.1450  1.6742  1.2282  0.5675  0.0706  0.0095  1.8271  2.3695
 204  0.940272  3.6979  2.9882  1.1681  3.4836  2.9727  2.0816  1.6088  1.1610  0.4969 -0.0030 -0.0643  1.7621  2.3073
 205  0.940481  3.6969  2.9567  1.1956  3.4306  2.9131  2.0173  1.5424  1.0924  0.4247 -0.0784 -0.1400  1.6961  2.2444
 206  0.940684  3.6958  2.9247  1.2235  3.3770  2.8528  1.9521  1.4748  1.0228  0.3513 -0.1551 -0.2170  1.6290  2.1806
 207  0.940877  3.6947  2.8918  1.2519  3.3233  2.7918  1.8859  1.4061  0.9518  0.2763 -0.2335 -0.2959  1.5608  2.1159
 208  0.941063  3.6935  2.8583  1.2807  3.2696  2.7304  1.8188  1.3365  0.8798  0.2001 -0.3134 -0.3762  1.4917  2.0506
 209  0.941242  3.6923  2.8241  1.3100  3.2162  2.6686  1.7511  1.2659  0.8068  0.1227 -0.3946 -0.4579  1.4217  1.9847
 210  0.941413  3.6910  2.7894  1.3397  3.1632  2.6063  1.6826  1.1945  0.7328  0.0442 -0.4770 -0.5408  1.3509  1.9182
 211  0.941577  3.6897  2.7541  1.3697  3.1116  2.5438  1.6135  1.1223  0.6579 -0.0355 -0.5607 -0.6251  1.2792  1.8511
 212  0.941734  3.6883  2.7184  1.4000  3.0619  2.4810  1.5438  1.0494  0.5822 -0.1162 -0.6452 -0.7106  1.2070  1.7836
 213  0.941883  3.6869  2.6822  1.4307  3.0129  2.4179  1.4734  0.9757  0.5058 -0.1977 -0.7307 -0.7970  1.1340  1.7157
 214  0.942026  3.6854  2.6455  1.4616  2.9648  2.3548  1.4028  0.9016  0.4288 -0.2801 -0.8172 -0.8845  1.0606  1.6475
 215  0.942163  3.6840  2.6085  1.4928  2.9173  2.2915  1.3317  0.8270  0.3512 -0.3632 -0.9044 -0.9728  0.9867  1.5790
 216  0.942293  3.6824  2.5710  1.5242  2.8705  2.2280  1.2603  0.7520  0.2732 -0.4470 -0.9925 -1.0619  0.9124  1.5103
 217  0.942312  3.6822  2.5654  1.5290  2.8634  2.2184  1.2495  0.7407  0.2614 -0.4596 -1.0058 -1.0753  0.9012  1.4999
 218  0.942331  3.6820  2.5597  1.5338  2.8564  2.2088  1.2386  0.7292  0.2495 -0.4724 -1.0193 -1.0890  0.8898  1.4894
 219  0.942350  3.6817  2.5539  1.5386  2.8493  2.1991  1.2277  0.7178  0.2376 -0.4852 -1.0327 -1.1026  0.8785  1.4789
 220  0.942369  3.6815  2.5482  1.5434  2.8423  2.1894  1.2168  0.7063  0.2257 -0.4981 -1.0463 -1.1163  0.8671  1.4684
 221  0.942388  3.6813  2.5424  1.5483  2.8352  2.1796  1.2058  0.6947  0.2136 -0.5110 -1.0600 -1.1301  0.8556  1.4578
 222  0.942407  3.6810  2.5366  1.5531  2.8281  2.1699  1.1949  0.6832  0.2016 -0.5239 -1.0736 -1.1439  0.8443  1.4473
 223  0.942426  3.6808  2.5307  1.5580  2.8210  2.1601  1.1839  0.6716  0.1895 -0.5369 -1.0873 -1.1577  0.8328  1.4367
 224  0.942445  3.6805  2.5249  1.5629  2.8136  2.1502  1.1727  0.6600  0.1774 -0.5500 -1.1011 -1.1716  0.8212  1.4260
 225  0.942463  3.6803  2.5190  1.5678  2.8066  2.1403  1.1617  0.6483  0.1652 -0.5631 -1.1150 -1.1857  0.8096  1.4154
 226  0.942482  3.6801  2.5131  1.5727  2.7994  2.1304  1.1505  0.6366  0.1530 -0.5763 -1.1289 -1.1996  0.7980  1.4047
 227  0.942654  3.6776  2.4566  1.6195  2.7343  2.0377  1.0457  0.5260  0.0375 -0.7013 -1.2616 -1.3333  0.6885  1.3043
 228  0.942805  3.6754  2.4063  1.6609  2.6792  1.9567  0.9535  0.4285 -0.0646 -0.8121 -1.3796 -1.4522  0.5918  1.2164
 229  0.942950  3.6736  2.3655  1.6946  2.6346  1.8911  0.8787  0.3492 -0.1476 -0.9022 -1.4753 -1.5488  0.5133  1.1450
 230  0.943087  3.6734  2.3561  1.7032  2.6186  1.8722  0.8585  0.3284 -0.1689 -0.9244 -1.4982 -1.5718  0.4926  1.1252
 231  0.943236  3.6761  2.4056  1.6648  2.6540  1.9399  0.9401  0.4168 -0.0748 -0.8195 -1.3846 -1.4569  0.5799  1.2011
 232  0.943408  3.6740  2.3583  1.7039  2.6019  1.8636  0.8531  0.3248 -0.1711 -0.9239 -1.4955 -1.5688  0.4887  1.1181
 233  0.943565  3.6706  2.2860  1.7627  2.5316  1.7530  0.7245  0.1875 -0.3155 -1.0818 -1.6638 -1.7393  0.3529  0.9965
 234  0.943705  3.6673  2.2155  1.8198  2.4668  1.6476  0.6004  0.0545 -0.4558 -1.2354 -1.8276 -1.9059  0.2214  0.8797
 235  0.943827  3.6640  2.1481  1.8742  2.4087  1.5491  0.4835 -0.0713 -0.5888 -1.3815 -1.9835 -2.0647  0.0971  0.7701
 236  0.943936  3.6607  2.0811  1.9280  2.3547  1.4530  0.3687 -0.1951 -0.7200 -1.5259 -2.1377 -2.2219 -0.0253  0.6632
 237  0.944032  3.6574  2.0158  1.9803  2.3057  1.3610  0.2582 -0.3148 -0.8473 -1.6664 -2.2878 -2.3750 -0.1437  0.5607
 238  0.944116  3.6542  1.9525  2.0305  2.2647  1.2754  0.1539 -0.4285 -0.9687 -1.8013 -2.4325 -2.5228 -0.2562  0.4651
 239  0.944193  3.6508  1.8895  2.0802  2.2290  1.1927  0.0520 -0.5403 -1.0885 -1.9351 -2.5766 -2.6701 -0.3667  0.3726
 240  0.944261  3.6475  1.8278  2.1286  2.1983  1.1143 -0.0457 -0.6481 -1.2046 -2.0653 -2.7173 -2.8140 -0.4733  0.2849
 241  0.944322  3.6442  1.7674  2.1758  2.1714  1.0396 -0.1398 -0.7526 -1.3175 -2.1923 -2.8548 -2.9548 -0.5766  0.2010
 242  0.944377  3.6409  1.7077  2.2224  2.1480  0.9677 -0.2313 -0.8547 -1.4283 -2.3175 -2.9904 -3.0939 -0.6776  0.1203
 243  0.944426  3.6376  1.6493  2.2677  2.1285  0.8995 -0.3191 -0.9533 -1.5358 -2.4392 -3.1226 -3.2297 -0.7751  0.0439
 244  0.944470  3.6344  1.5924  2.3118  2.1121  0.8348 -0.4033 -1.0484 -1.6399 -2.5574 -3.2513 -3.3619 -0.8693 -0.0288
 245  0.944510  3.6312  1.5368  2.3547  2.0990  0.7735 -0.4840 -1.1401 -1.7407 -2.6724 -3.3767 -3.4910 -0.9601 -0.0977
 246  0.944547  3.6280  1.4814  2.3973  2.0888  0.7145 -0.5630 -1.2303 -1.8405 -2.7866 -3.5015 -3.6198 -1.0495 -0.1643
 247  0.944580  3.6248  1.4271  2.4387  2.0832  0.6598 -0.6378 -1.3166 -1.9367 -2.8974 -3.6230 -3.7453 -1.1352 -0.2262
 248  0.944610  3.6217  1.3743  2.4789  2.0803  0.6082 -0.7092 -1.3996 -2.0298 -3.0050 -3.7409 -3.8675 -1.2177 -0.2845
 249  0.944638  3.6185  1.3218  2.5188  2.0800  0.5586 -0.7786 -1.4809 -2.1217 -3.1115 -3.8578 -3.9887 -1.2986 -0.3403
 250  0.944663  3.6154  1.2708  2.5574  2.0813  0.5120 -0.8447 -1.5588 -2.2104 -3.2146 -3.9710 -4.1063 -1.3762 -0.3930
 251  0.944686  3.6124  1.2208  2.5952  2.0844  0.4678 -0.9081 -1.6339 -2.2969 -3.3154 -4.0819 -4.2214 -1.4514 -0.4432
 252  0.944707  3.6093  1.1715  2.6325  2.0887  0.4256 -0.9696 -1.7072 -2.3819 -3.4148 -4.1911 -4.3351 -1.5249 -0.4916
 253  0.944727  3.6064  1.1236  2.6686  2.0942  0.3861 -1.0278 -1.7770 -2.4639 -3.5109 -4.2968 -4.4452 -1.5951 -0.5371
 254  0.944745  3.6035  1.0767  2.7039  2.1009  0.3492 -1.0832 -1.8439 -2.5436 -3.6047 -4.4002 -4.5530 -1.6627 -0.5801
 255  0.944761  3.6006  1.0306  2.7386  2.1079  0.3138 -1.1367 -1.9086 -2.6218 -3.6970 -4.5017 -4.6588 -1.7285 -0.6214
 256  0.944777  3.5978  0.9856  2.7724  2.1152  0.2805 -1.1876 -1.9707 -2.6977 -3.7869 -4.6005 -4.7620 -1.7918 -0.6607
 257  0.944791  3.5950  0.9414  2.8054  2.1240  0.2500 -1.2355 -2.0296 -2.7712 -3.8746 -4.6972 -4.8629 -1.8524 -0.6975
 258  0.944804  3.5923  0.8980  2.8377  2.1337  0.2219 -1.2806 -2.0857 -2.8430 -3.9607 -4.7921 -4.9622 -1.9106 -0.7319
 259  0.944816  3.5895  0.8553  2.8695  2.1441  0.1962 -1.3232 -2.1389 -2.9129 -4.0450 -4.8854 -5.0598 -1.9664 -0.7644
 260  0.944828  3.5868  0.8137  2.9003  2.1557  0.1732 -1.3626 -2.1888 -2.9807 -4.1271 -4.9764 -5.1552 -2.0193 -0.7942
 261  0.944838  3.5841  0.7728  2.9305  2.1677  0.1527 -1.3991 -2.2356 -3.0465 -4.2075 -5.0656 -5.2487 -2.0697 -0.8215
 262  0.944848  3.5815  0.7330  2.9599  2.1796  0.1343 -1.4327 -2.2792 -3.1103 -4.2858 -5.1524 -5.3397 -2.1175 -0.8465
 263  0.944857  3.5790  0.6939  2.9886  2.1909  0.1178 -1.4639 -2.3201 -3.1724 -4.3626 -5.2374 -5.4290 -2.1632 -0.8695
 264  0.944866  3.5764  0.6554  3.0168  2.2027  0.1038 -1.4921 -2.3581 -3.2329 -4.4380 -5.3211 -5.5169 -2.2064 -0.8899
 265  0.944874  3.5738  0.6174  3.0446  2.2135  0.0917 -1.5176 -2.3931 -3.2921 -4.5122 -5.4033 -5.6033 -2.2475 -0.9088
 266  0.944882  3.5714  0.5807  3.0714  2.2234  0.0818 -1.5398 -2.4246 -3.3488 -4.5841 -5.4829 -5.6869 -2.2857 -0.9256
 267  0.944889  3.5689  0.5443  3.0979  2.2324  0.0740 -1.5590 -2.4530 -3.4044 -4.6552 -5.5615 -5.7695 -2.3218 -0.9406
 268  0.944896  3.5665  0.5090  3.1237  2.2402  0.0679 -1.5752 -2.4778 -3.4582 -4.7245 -5.6378 -5.8498 -2.3553 -0.9540
 269  0.944902  3.5641  0.4741  3.1489  2.2488  0.0656 -1.5869 -2.4984 -3.5106 -4.7930 -5.7129 -5.9287 -2.3857 -0.9640
 270  0.944908  3.5618  0.4402  3.1735  2.2559  0.0653 -1.5953 -2.5158 -3.5610 -4.8598 -5.7860 -6.0055 -2.4138 -0.9723
 271  0.944914  3.5595  0.4070  3.1977  2.2619  0.0672 -1.6003 -2.5299 -3.6097 -4.9254 -5.8576 -6.0808 -2.4396 -0.9788
 272  0.944919  3.5572  0.3745  3.2212  2.2666  0.0712 -1.6016 -2.5406 -3.6564 -4.9895 -5.9275 -6.1542 -2.4629 -0.9834
 273  0.944924  3.5550  0.3426  3.2442  2.2704  0.0765 -1.6005 -2.5487 -3.7017 -5.0524 -5.9960 -6.2261 -2.4844 -0.9871
 274  0.944929  3.5528  0.3114  3.2667  2.2738  0.0841 -1.5958 -2.5534 -3.7451 -5.1140 -6.0629 -6.2964 -2.5036 -0.9889
 275  0.944934  3.5507  0.2809  3.2887  2.2756  0.0931 -1.5882 -2.5556 -3.7867 -5.1743 -6.1282 -6.3649 -2.5209 -0.9892
 276  0.944938  3.5486  0.2512  3.3101  2.2765  0.1046 -1.5764 -2.5542 -3.8260 -5.2328 -6.1917 -6.4314 -2.5356 -0.9871
 277  0.944943  3.5466  0.2222  3.3308  2.2765  0.1190 -1.5598 -2.5488 -3.8629 -5.2898 -6.2536 -6.4963 -2.5476 -0.9821
 278  0.944947  3.5444  0.1935  3.3507  2.2787  0.1425 -1.5313 -2.5335 -3.8953 -5.3451 -6.3141 -6.5599 -2.5526 -0.9684
 279  0.944949  3.5428  0.1703  3.3675  2.2729  0.1599 -1.5065 -2.5195 -3.9223 -5.3911 -6.3641 -6.6123 -2.5570 -0.9589