#AGE= 3.000 EEPS=273
#EEP   M/Mo    LogTeff  LogG   LogL/Lo U       B       V       R       I       J       H       Ks      Kp      D51     
   6  0.106100  3.4908  5.2593 -2.8792 16.6938 15.8493 14.3404 13.1280 11.4745  9.9802  9.6408  9.3605 12.9892 14.9683
   7  0.122906  3.4927  5.1994 -2.7479 16.2942 15.4712 13.9864 12.7837 11.1478  9.6599  9.3190  9.0390 12.6529 14.6001
   8  0.145747  3.4953  5.1354 -2.5994 15.8376 15.0374 13.5803 12.3903 10.7764  9.2979  8.9552  8.6764 12.2694 14.1782
   9  0.184280  3.5020  5.0730 -2.4080 15.2043 14.4280 13.0142 11.8547 10.2871  8.8373  8.4890  8.2172 11.7541 13.5921
  10  0.239220  3.5107  5.0142 -2.2011 14.5107 13.7549 12.3913 11.2683  9.7531  8.3386  7.9790  7.7192 11.1894 12.9484
  11  0.278355  3.5158  4.9813 -2.0820 14.1179 13.3711 12.0361 10.9331  9.4450  8.0495  7.6806  7.4291 10.8648 12.5821
  12  0.297960  3.5182  4.9643 -2.0260 13.9357 13.1926 11.8710 10.7769  9.3002  7.9130  7.5388  7.2914 10.7129 12.4120
  13  0.307147  3.5192  4.9545 -1.9988 13.8486 13.1075 11.7925 10.7021  9.2302  7.8464  7.4696  7.2241 10.6399 12.3308
  14  0.312846  3.5198  4.9474 -1.9814 13.7939 13.0541 11.7430 10.6548  9.1856  7.8036  7.4251  7.1807 10.5935 12.2797
  15  0.316699  3.5203  4.9420 -1.9690 13.7552 13.0165 11.7083 10.6214  9.1540  7.7731  7.3934  7.1498 10.5608 12.2437
  16  0.319526  3.5205  4.9374 -1.9594 13.7258 12.9879 11.6819 10.5960  9.1297  7.7495  7.3689  7.1259 10.5358 12.2164
  17  0.321754  3.5208  4.9334 -1.9515 13.7017 12.9646 11.6604 10.5752  9.1097  7.7299  7.3487  7.1061 10.5152 12.1940
  18  0.323756  3.5210  4.9298 -1.9444 13.6799 12.9434 11.6408 10.5563  9.0916  7.7123  7.3304  7.0883 10.4966 12.1737
  19  0.325764  3.5212  4.9264 -1.9374 13.6587 12.9228 11.6218 10.5379  9.0740  7.6952  7.3126  7.0709 10.4785 12.1540
  20  0.328091  3.5214  4.9229 -1.9300 13.6356 12.9003 11.6011 10.5180  9.0550  7.6768  7.2935  7.0522 10.4589 12.1325
  21  0.331239  3.5217  4.9193 -1.9209 13.6072 12.8726 11.5754 10.4935  9.0318  7.6545  7.2703  7.0296 10.4348 12.1060
  22  0.336091  3.5222  4.9152 -1.9084 13.5672 12.8332 11.5390 10.4589  8.9994  7.6238  7.2381  6.9984 10.4010 12.0685
  23  0.345349  3.5233  4.9089 -1.8862 13.4949 12.7618 11.4731 10.3966  8.9416  7.5696  7.1809  6.9431 10.3404 12.0007
  24  0.496079  3.5507  4.7850 -1.4952 12.1514 11.4035 10.2347  9.2480  7.8965  6.6270  6.1370  5.9373  9.2256 10.7378
  25  0.510140  3.5548  4.7725 -1.4543 12.0096 11.2531 10.0960  9.1215  7.7861  6.5324  6.0263  5.8302  9.1042 10.5995
  26  0.519683  3.5578  4.7642 -1.4260 11.9133 11.1488  9.9983  9.0328  7.7109  6.4685  5.9510  5.7574  9.0200 10.5029
  27  0.527638  3.5604  4.7574 -1.4019 11.8339 11.0613  9.9150  8.9573  7.6485  6.4156  5.8887  5.6969  8.9489 10.4211
  28  0.536183  3.5634  4.7503 -1.3761 11.7494 10.9667  9.8242  8.8751  7.5818  6.3594  5.8224  5.6326  8.8721 10.3325
  29  0.547339  3.5674  4.7415 -1.3425 11.6405 10.8430  9.7039  8.7665  7.4954  6.2874  5.7373  5.5502  8.7711 10.2160
  30  0.562067  3.5728  4.7300 -1.2976 11.4968 10.6764  9.5393  8.6181  7.3807  6.1931  5.6261  5.4424  8.6343 10.0583
  31  0.578973  3.5796  4.7174 -1.2450 11.3288 10.4766  9.3381  8.4374  7.2465  6.0855  5.4997  5.3205  8.4694  9.8681
  32  0.598665  3.5879  4.7036 -1.1836 11.1248 10.2271  9.0810  8.2073  7.0841  5.9619  5.3577  5.1858  8.2619  9.6300
  33  0.620564  3.5974  4.6893 -1.1156 10.8923  9.9400  8.7821  7.9399  6.9024  5.8278  5.2077  5.0451  8.0221  9.3566
  34  0.648642  3.6102  4.6728 -1.0286 10.5794  9.5608  8.3917  7.5892  6.6711  5.6599  5.0270  4.8786  7.7069  9.0026
  35  0.685244  3.6278  4.6544 -0.9162 10.1225  9.0522  7.8888  7.1369  6.3760  5.4470  4.8122  4.6849  7.2943  8.5347
  36  0.812477  3.6896  4.6047 -0.5451  8.0094  7.3496  6.4422  5.8920  5.4227  4.7402  4.2339  4.1685  6.0618  6.8598
  37  0.826420  3.6953  4.5982 -0.5084  7.8061  7.2002  6.3205  5.7888  5.3315  4.6688  4.1789  4.1174  5.9547  6.7061
  38  0.839585  3.7006  4.5918 -0.4740  7.6205  7.0633  6.2084  5.6935  5.2466  4.6019  4.1271  4.0690  5.8556  6.5657
  39  0.854610  3.7066  4.5840 -0.4346  7.4130  6.9098  6.0821  5.5856  5.1503  4.5258  4.0678  4.0133  5.7436  6.4092
  40  0.870364  3.7130  4.5755 -0.3926  7.1979  6.7502  5.9505  5.4726  5.0491  4.4454  4.0051  3.9540  5.6262  6.2479
  41  0.885741  3.7190  4.5665 -0.3517  6.9943  6.5982  5.8244  5.3635  4.9509  4.3670  3.9432  3.8953  5.5130  6.0964
  42  0.900343  3.7246  4.5573 -0.3132  6.8093  6.4592  5.7083  5.2622  4.8594  4.2932  3.8840  3.8389  5.4080  5.9597
  43  0.914027  3.7296  4.5482 -0.2776  6.6433  6.3334  5.6028  5.1693  4.7751  4.2246  3.8283  3.7855  5.3120  5.8374
  44  0.927025  3.7341  4.5391 -0.2441  6.4911  6.2173  5.5048  5.0824  4.6959  4.1597  3.7752  3.7343  5.2222  5.7255
  45  0.939306  3.7383  4.5300 -0.2125  6.3519  6.1102  5.4139  5.0013  4.6218  4.0985  3.7246  3.6852  5.1386  5.6234
  46  0.950894  3.7422  4.5210 -0.1829  6.2246  6.0114  5.3297  4.9256  4.5524  4.0408  3.6763  3.6383  5.0606  5.5297
  47  0.960872  3.7454  4.5128 -0.1574  6.1176  5.9275  5.2579  4.8607  4.4928  3.9909  3.6341  3.5973  4.9939  5.4506
  48  0.969383  3.7480  4.5055 -0.1355  6.0276  5.8563  5.1967  4.8053  4.4418  3.9479  3.5975  3.5615  4.9369  5.3838
  49  0.977773  3.7506  4.4981 -0.1140  5.9412  5.7870  5.1373  4.7514  4.3920  3.9056  3.5611  3.5262  4.8814  5.3191
  50  0.987154  3.7534  4.4897 -0.0904  5.8478  5.7115  5.0724  4.6923  4.3373  3.8590  3.5208  3.4870  4.8207  5.2488
  51  0.999666  3.7570  4.4785 -0.0595  5.7279  5.6137  4.9880  4.6152  4.2659  3.7978  3.4674  3.4351  4.7415  5.1579
  52  1.014810  3.7611  4.4640 -0.0218  5.5861  5.4963  4.8862  4.5217  4.1791  3.7227  3.4012  3.3706  4.6456  5.0491
  53  1.032558  3.7658  4.4456  0.0230  5.4227  5.3590  4.7664  4.4111  4.0759  3.6326  3.3210  3.2923  4.5321  4.9218
  54  1.048326  3.7698  4.4286  0.0625  5.2828  5.2395  4.6614  4.3138  3.9849  3.5524  3.2491  3.2218  4.4324  4.8109
  55  1.060845  3.7728  4.4146  0.0936  5.1754  5.1466  4.5793  4.2374  3.9131  3.4887  3.1914  3.1653  4.3542  4.7246
  56  1.073128  3.7755  4.4001  0.1240  5.0726  5.0567  4.4993  4.1626  3.8427  3.4256  3.1339  3.1088  4.2778  4.6408
  57  1.087479  3.7787  4.3832  0.1593  4.9556  4.9533  4.4071  4.0763  3.7613  3.3525  3.0670  3.0430  4.1896  4.5445
  58  1.105934  3.7826  4.3619  0.2037  4.8093  4.8234  4.2912  3.9678  3.6590  3.2606  2.9828  2.9603  4.0786  4.4234
  59  1.129728  3.7877  4.3350  0.2599  4.6267  4.6597  4.1450  3.8310  3.5301  3.1446  2.8765  2.8558  3.9387  4.2710
  60  1.149496  3.7917  4.3131  0.3053  4.4817  4.5283  4.0273  3.7206  3.4259  3.0507  2.7901  2.7708  3.8258  4.1486
  61  1.164167  3.7944  4.2964  0.3386  4.3778  4.4328  3.9414  3.6397  3.3495  2.9812  2.7259  2.7075  3.7432  4.0595
  62  1.176566  3.7966  4.2821  0.3664  4.2925  4.3536  3.8698  3.5722  3.2854  2.9227  2.6716  2.6540  3.6743  3.9854
  63  1.187532  3.7984  4.2694  0.3902  4.2206  4.2864  3.8086  3.5142  3.2302  2.8721  2.6244  2.6072  3.6152  3.9222
  64  1.196941  3.7997  4.2584  0.4100  4.1623  4.2312  3.7579  3.4659  3.1840  2.8292  2.5840  2.5673  3.5661  3.8700
  65  1.204882  3.8007  4.2488  0.4263  4.1153  4.1863  3.7163  3.4260  3.1457  2.7932  2.5499  2.5334  3.5255  3.8273
  66  1.211386  3.8014  4.2404  0.4397  4.0777  4.1500  3.6823  3.3932  3.1139  2.7631  2.5211  2.5048  3.4923  3.7925
  67  1.217591  3.8019  4.2322  0.4520  4.0437  4.1169  3.6509  3.3628  3.0842  2.7347  2.4937  2.4775  3.4615  3.7606
  68  1.223502  3.8022  4.2242  0.4636  4.0128  4.0863  3.6216  3.3342  3.0562  2.7076  2.4672  2.4512  3.4327  3.7308
  69  1.229323  3.8025  4.2161  0.4748  3.9836  4.0573  3.5934  3.3065  3.0290  2.6810  2.4411  2.4251  3.4048  3.7023
  70  1.235108  3.8026  4.2078  0.4857  3.9556  4.0292  3.5659  3.2794  3.0021  2.6545  2.4150  2.3991  3.3776  3.6746
  71  1.240976  3.8027  4.1994  0.4966  3.9281  4.0014  3.5386  3.2522  2.9752  2.6278  2.3886  2.3727  3.3504  3.6471
  72  1.247074  3.8028  4.1906  0.5076  3.9005  3.9733  3.5108  3.2246  2.9476  2.6004  2.3613  2.3454  3.3227  3.6192
  73  1.253409  3.8028  4.1815  0.5189  3.8727  3.9449  3.4825  3.1963  2.9194  2.5722  2.3331  2.3172  3.2944  3.5908
  74  1.259658  3.8027  4.1723  0.5299  3.8463  3.9177  3.4550  3.1688  2.8918  2.5443  2.3052  2.2892  3.2669  3.5634
  75  1.265699  3.8025  4.1632  0.5404  3.8218  3.8921  3.4289  3.1424  2.8651  2.5172  2.2777  2.2617  3.2406  3.5373
  76  1.271697  3.8022  4.1539  0.5506  3.7985  3.8675  3.4035  3.1166  2.8389  2.4903  2.2505  2.2343  3.2150  3.5122
  77  1.277592  3.8019  4.1447  0.5605  3.7765  3.8440  3.3790  3.0916  2.8134  2.4640  2.2235  2.2073  3.1901  3.4879
  78  1.283563  3.8015  4.1353  0.5703  3.7552  3.8212  3.3549  3.0668  2.7880  2.4375  2.1964  2.1800  3.1656  3.4641
  79  1.289576  3.8010  4.1258  0.5799  3.7345  3.7987  3.3310  3.0423  2.7628  2.4112  2.1693  2.1527  3.1413  3.4406
  80  1.295691  3.8005  4.1163  0.5896  3.7140  3.7763  3.3072  3.0177  2.7375  2.3847  2.1420  2.1253  3.1169  3.4172
  81  1.301991  3.8001  4.1067  0.5994  3.6932  3.7537  3.2830  2.9927  2.7118  2.3578  2.1143  2.0974  3.0923  3.3935
  82  1.305804  3.7998  4.1010  0.6053  3.6807  3.7401  3.2686  2.9779  2.6966  2.3419  2.0979  2.0809  3.0776  3.3793
  83  1.309688  3.7995  4.0952  0.6112  3.6684  3.7267  3.2542  2.9630  2.6812  2.3257  2.0812  2.0641  3.0629  3.3651
  84  1.313668  3.7992  4.0894  0.6170  3.6563  3.7133  3.2399  2.9481  2.6658  2.3096  2.0645  2.0473  3.0482  3.3510
  85  1.317680  3.7988  4.0836  0.6228  3.6443  3.7001  3.2255  2.9332  2.6504  2.2933  2.0477  2.0304  3.0335  3.3370
  86  1.321712  3.7985  4.0777  0.6286  3.6324  3.6869  3.2113  2.9184  2.6351  2.2772  2.0309  2.0135  3.0189  3.3231
  87  1.325737  3.7981  4.0718  0.6344  3.6209  3.6741  3.1973  2.9038  2.6199  2.2610  2.0141  1.9965  3.0045  3.3094
  88  1.329758  3.7977  4.0659  0.6400  3.6101  3.6617  3.1836  2.8894  2.6049  2.2450  1.9973  1.9796  2.9904  3.2961
  89  1.333752  3.7972  4.0599  0.6455  3.5997  3.6498  3.1702  2.8753  2.5901  2.2290  1.9806  1.9627  2.9765  3.2831
  90  1.337701  3.7968  4.0538  0.6509  3.5899  3.6383  3.1572  2.8614  2.5755  2.2132  1.9638  1.9458  2.9629  3.2705
  91  1.341593  3.7962  4.0477  0.6562  3.5808  3.6273  3.1444  2.8478  2.5610  2.1973  1.9470  1.9289  2.9496  3.2583
  92  1.345424  3.7957  4.0414  0.6614  3.5723  3.6168  3.1321  2.8344  2.5467  2.1816  1.9302  1.9119  2.9366  3.2464
  93  1.349196  3.7950  4.0351  0.6664  3.5646  3.6070  3.1201  2.8214  2.5328  2.1660  1.9135  1.8949  2.9240  3.2351
  94  1.352898  3.7944  4.0287  0.6713  3.5575  3.5976  3.1085  2.8087  2.5190  2.1505  1.8967  1.8780  2.9116  3.2242
  95  1.356539  3.7937  4.0223  0.6761  3.5508  3.5885  3.0971  2.7961  2.5053  2.1351  1.8801  1.8611  2.8995  3.2134
  96  1.360137  3.7930  4.0159  0.6809  3.5444  3.5797  3.0860  2.7837  2.4918  2.1198  1.8634  1.8442  2.8875  3.2029
  97  1.363693  3.7922  4.0094  0.6857  3.5382  3.5709  3.0748  2.7713  2.4783  2.1044  1.8467  1.8272  2.8755  3.1924
  98  1.367207  3.7915  4.0027  0.6905  3.5319  3.5619  3.0634  2.7586  2.4645  2.0887  1.8297  1.8100  2.8633  3.1818
  99  1.370639  3.7908  3.9959  0.6955  3.5254  3.5528  3.0518  2.7458  2.4504  2.0728  1.8124  1.7925  2.8508  3.1709
 100  1.373906  3.7901  3.9893  0.7005  3.5181  3.5431  3.0398  2.7326  2.4363  2.0570  1.7954  1.7752  2.8381  3.1596
 101  1.376857  3.7896  3.9830  0.7056  3.5098  3.5327  3.0277  2.7196  2.4225  2.0418  1.7792  1.7589  2.8254  3.1480
 102  1.379311  3.7893  3.9777  0.7104  3.5007  3.5222  3.0161  2.7074  2.4097  2.0282  1.7651  1.7446  2.8134  3.1367
 103  1.381265  3.7891  3.9733  0.7148  3.4911  3.5118  3.0053  2.6963  2.3984  2.0165  1.7531  1.7325  2.8024  3.1259
 104  1.382838  3.7891  3.9696  0.7188  3.4814  3.5019  2.9952  2.6862  2.3882  2.0062  1.7428  1.7222  2.7923  3.1159
 105  1.384058  3.7891  3.9666  0.7225  3.4718  3.4923  2.9859  2.6771  2.3792  1.9974  1.7341  1.7136  2.7831  3.1065
 106  1.385066  3.7893  3.9640  0.7259  3.4623  3.4831  2.9772  2.6686  2.3710  1.9895  1.7264  1.7060  2.7745  3.0976
 107  1.385920  3.7895  3.9617  0.7292  3.4528  3.4741  2.9688  2.6606  2.3632  1.9822  1.7195  1.6991  2.7664  3.0890
 108  1.386654  3.7897  3.9597  0.7323  3.4434  3.4653  2.9607  2.6529  2.3559  1.9754  1.7132  1.6928  2.7586  3.0807
 109  1.387295  3.7899  3.9578  0.7353  3.4341  3.4566  2.9529  2.6455  2.3489  1.9691  1.7073  1.6870  2.7511  3.0726
 110  1.387847  3.7902  3.9561  0.7382  3.4249  3.4481  2.9453  2.6384  2.3422  1.9631  1.7018  1.6816  2.7438  3.0647
 111  1.388335  3.7904  3.9545  0.7410  3.4157  3.4398  2.9379  2.6316  2.3358  1.9573  1.6966  1.6765  2.7367  3.0570
 112  1.388723  3.7907  3.9532  0.7437  3.4070  3.4319  2.9310  2.6252  2.3299  1.9521  1.6919  1.6719  2.7302  3.0498
 113  1.389107  3.7910  3.9518  0.7465  3.3976  3.4233  2.9236  2.6184  2.3236  1.9467  1.6871  1.6672  2.7232  3.0420
 114  1.389486  3.7914  3.9503  0.7495  3.3873  3.4141  2.9156  2.6111  2.3169  1.9409  1.6820  1.6622  2.7156  3.0337
 115  1.389856  3.7918  3.9488  0.7528  3.3760  3.4040  2.9070  2.6031  2.3096  1.9347  1.6766  1.6569  2.7074  3.0245
 116  1.390218  3.7923  3.9472  0.7564  3.3636  3.3929  2.8975  2.5946  2.3018  1.9281  1.6709  1.6514  2.6986  3.0146
 117  1.390569  3.7928  3.9456  0.7602  3.3500  3.3808  2.8873  2.5853  2.2934  1.9210  1.6648  1.6455  2.6889  3.0038
 118  1.390906  3.7934  3.9439  0.7644  3.3351  3.3676  2.8761  2.5752  2.2842  1.9135  1.6585  1.6393  2.6785  2.9920
 119  1.391227  3.7941  3.9421  0.7690  3.3190  3.3532  2.8640  2.5643  2.2744  1.9053  1.6516  1.6327  2.6672  2.9792
 120  1.391529  3.7948  3.9402  0.7739  3.3016  3.3377  2.8510  2.5526  2.2639  1.8967  1.6444  1.6256  2.6550  2.9654
 121  1.391806  3.7956  3.9382  0.7791  3.2828  3.3210  2.8370  2.5401  2.2526  1.8875  1.6367  1.6182  2.6420  2.9506
 122  1.392058  3.7965  3.9361  0.7847  3.2628  3.3032  2.8221  2.5267  2.2407  1.8777  1.6286  1.6103  2.6281  2.9348
 123  1.392274  3.7974  3.9338  0.7907  3.2416  3.2842  2.8062  2.5125  2.2279  1.8672  1.6198  1.6019  2.6133  2.9180
 124  1.392464  3.7983  3.9315  0.7968  3.2197  3.2646  2.7898  2.4978  2.2147  1.8565  1.6109  1.5932  2.5980  2.9006
 125  1.392632  3.7993  3.9292  0.8031  3.1974  3.2445  2.7730  2.4827  2.2012  1.8455  1.6018  1.5844  2.5823  2.8828
 126  1.392773  3.8002  3.9266  0.8096  3.1747  3.2240  2.7559  2.4673  2.1874  1.8341  1.5923  1.5751  2.5663  2.8646
 127  1.392894  3.8012  3.9240  0.8161  3.1520  3.2034  2.7385  2.4517  2.1734  1.8226  1.5826  1.5658  2.5501  2.8463
 128  1.392998  3.8022  3.9213  0.8227  3.1293  3.1828  2.7211  2.4361  2.1593  1.8109  1.5728  1.5562  2.5338  2.8279
 129  1.393088  3.8031  3.9185  0.8293  3.1068  3.1621  2.7037  2.4204  2.1451  1.7991  1.5628  1.5465  2.5175  2.8096
 130  1.393167  3.8041  3.9157  0.8360  3.0843  3.1415  2.6862  2.4046  2.1308  1.7872  1.5526  1.5366  2.5011  2.7911
 131  1.393237  3.8050  3.9124  0.8428  3.0616  3.1205  2.6683  2.3882  2.1160  1.7746  1.5417  1.5260  2.4841  2.7723
 132  1.393298  3.8059  3.9092  0.8496  3.0393  3.0998  2.6505  2.3721  2.1013  1.7621  1.5309  1.5154  2.4674  2.7537
 133  1.393353  3.8067  3.9060  0.8563  3.0176  3.0796  2.6331  2.3562  2.0868  1.7497  1.5201  1.5049  2.4510  2.7354
 134  1.393404  3.8075  3.9027  0.8629  2.9960  3.0594  2.6157  2.3403  2.0722  1.7372  1.5092  1.4942  2.4345  2.7172
 135  1.393458  3.8083  3.8991  0.8696  2.9746  3.0394  2.5983  2.3243  2.0575  1.7245  1.4979  1.4831  2.4180  2.6990
 136  1.393524  3.8090  3.8962  0.8753  2.9566  3.0224  2.5837  2.3109  2.0452  1.7138  1.4885  1.4739  2.4042  2.6837
 137  1.393627  3.8086  3.8984  0.8715  2.9685  3.0337  2.5935  2.3200  2.0536  1.7212  1.4951  1.4803  2.4135  2.6939
 138  1.393668  3.8075  3.9015  0.8640  2.9938  3.0570  2.6132  2.3377  2.0695  1.7344  1.5063  1.4912  2.4320  2.7147
 139  1.393711  3.8062  3.9019  0.8582  3.0164  3.0770  2.6287  2.3509  2.0806  1.7421  1.5115  1.4961  2.4460  2.7315
 140  1.393811  3.8037  3.8903  0.8601  3.0273  3.0820  2.6258  2.3438  2.0696  1.7251  1.4901  1.4739  2.4404  2.7309
 141  1.393914  3.8025  3.8783  0.8671  3.0187  3.0698  2.6096  2.3253  2.0492  1.7015  1.4642  1.4477  2.4228  2.7158
 142  1.394079  3.8013  3.8671  0.8736  3.0108  3.0585  2.5943  2.3081  2.0301  1.6794  1.4399  1.4230  2.4062  2.7016
 143  1.394335  3.8004  3.8617  0.8758  3.0110  3.0564  2.5896  2.3019  2.0226  1.6699  1.4289  1.4118  2.4006  2.6977
 144  1.394466  3.8005  3.8562  0.8816  2.9964  3.0415  2.5749  2.2874  2.0083  1.6557  1.4148  1.3977  2.3860  2.6829
 145  1.394577  3.8004  3.8615  0.8758  3.0112  3.0565  2.5895  2.3017  2.0224  1.6695  1.4284  1.4113  2.4004  2.6976
 146  1.394689  3.7994  3.8639  0.8694  3.0338  3.0769  2.6065  2.3169  2.0359  1.6805  1.4375  1.4200  2.4163  2.7157
 147  1.395050  3.7968  3.8533  0.8697  3.0518  3.0877  2.6084  2.3142  2.0290  1.6669  1.4190  1.4008  2.4152  2.7202
 148  1.395453  3.7952  3.8462  0.8705  3.0613  3.0926  2.6080  2.3109  2.0232  1.6570  1.4060  1.3873  2.4129  2.7213
 149  1.395863  3.7941  3.8415  0.8712  3.0676  3.0957  2.6075  2.3086  2.0192  1.6503  1.3974  1.3783  2.4113  2.7219
 150  1.396271  3.7933  3.8375  0.8721  3.0713  3.0970  2.6061  2.3059  2.0152  1.6443  1.3898  1.3705  2.4090  2.7213
 151  1.396679  3.7927  3.8341  0.8731  3.0737  3.0974  2.6043  2.3029  2.0112  1.6386  1.3830  1.3635  2.4064  2.7201
 152  1.397085  3.7921  3.8309  0.8740  3.0757  3.0975  2.6025  2.3000  2.0074  1.6334  1.3766  1.3569  2.4039  2.7188
 153  1.397489  3.7916  3.8279  0.8750  3.0774  3.0975  2.6006  2.2972  2.0037  1.6283  1.3706  1.3507  2.4014  2.7175
 154  1.397887  3.7911  3.8253  0.8758  3.0795  3.0979  2.5993  2.2950  2.0007  1.6240  1.3653  1.3453  2.3995  2.7167
 155  1.398283  3.7905  3.8226  0.8764  3.0819  3.0985  2.5982  2.2929  1.9977  1.6197  1.3600  1.3398  2.3977  2.7161
 156  1.398678  3.7900  3.8199  0.8771  3.0844  3.0992  2.5970  2.2908  1.9948  1.6154  1.3547  1.3343  2.3960  2.7155
 157  1.399072  3.7894  3.8171  0.8778  3.0874  3.1003  2.5961  2.2889  1.9919  1.6110  1.3493  1.3287  2.3944  2.7151
 158  1.399466  3.7888  3.8143  0.8783  3.0907  3.1016  2.5954  2.2871  1.9891  1.6067  1.3439  1.3231  2.3929  2.7150
 159  1.399859  3.7882  3.8114  0.8788  3.0944  3.1032  2.5949  2.2854  1.9865  1.6025  1.3385  1.3175  2.3917  2.7151
 160  1.400251  3.7876  3.8086  0.8792  3.0986  3.1051  2.5946  2.2840  1.9841  1.5984  1.3332  1.3120  2.3907  2.7155
 161  1.400640  3.7869  3.8057  0.8795  3.1033  3.1075  2.5946  2.2828  1.9818  1.5944  1.3278  1.3064  2.3899  2.7162
 162  1.402141  3.7839  3.7942  0.8796  3.1277  3.1213  2.5981  2.2810  1.9751  1.5800  1.3078  1.2854  2.3898  2.7228
 163  1.403589  3.7803  3.7826  0.8773  3.1642  3.1443  2.6085  2.2847  1.9730  1.5684  1.2894  1.2656  2.3958  2.7369
 164  1.404946  3.7761  3.7713  0.8723  3.2140  3.1775  2.6269  2.2955  1.9770  1.5612  1.2740  1.2488  2.4091  2.7599
 165  1.406172  3.7716  3.7615  0.8644  3.2755  3.2199  2.6535  2.3138  1.9879  1.5599  1.2636  1.2370  2.4300  2.7914
 166  1.407256  3.7672  3.7543  0.8541  3.3446  3.2689  2.6866  2.3386  2.0054  1.5651  1.2596  1.2316  2.4574  2.8296
 167  1.408203  3.7627  3.7490  0.8420  3.4200  3.3232  2.7248  2.3685  2.0280  1.5753  1.2604  1.2309  2.4898  2.8731
 168  1.409038  3.7584  3.7454  0.8286  3.4993  3.3808  2.7665  2.4019  2.0542  1.5893  1.2651  1.2342  2.5257  2.9201
 169  1.409791  3.7543  3.7432  0.8144  3.5813  3.4406  2.8106  2.4379  2.0832  1.6062  1.2728  1.2405  2.5640  2.9697
 170  1.410488  3.7502  3.7419  0.7996  3.6655  3.5019  2.8563  2.4755  2.1138  1.6251  1.2825  1.2487  2.6039  3.0211
 171  1.411153  3.7462  3.7410  0.7846  3.7521  3.5646  2.9032  2.5141  2.1456  1.6450  1.2933  1.2579  2.6449  3.0738
 172  1.411809  3.7421  3.7402  0.7695  3.8416  3.6285  2.9509  2.5534  2.1778  1.6652  1.3043  1.2671  2.6865  3.1279
 173  1.412481  3.7380  3.7389  0.7544  3.9340  3.6936  2.9992  2.5928  2.2100  1.6850  1.3145  1.2754  2.7283  3.1831
 174  1.413203  3.7337  3.7365  0.7396  4.0306  3.7601  3.0480  2.6322  2.2417  1.7035  1.3226  1.2816  2.7702  3.2397
 175  1.414045  3.7289  3.7319  0.7256  4.1327  3.8283  3.0968  2.6705  2.2716  1.7188  1.3264  1.2831  2.8112  3.2975
 176  1.415125  3.7236  3.7218  0.7146  4.2380  3.8938  3.1404  2.7021  2.2936  1.7241  1.3185  1.2726  2.8458  3.3521
 177  1.416401  3.7183  3.7041  0.7115  4.3266  3.9411  3.1658  2.7153  2.2971  1.7108  1.2917  1.2431  2.8619  3.3892
 178  1.417698  3.7137  3.6823  0.7156  4.3889  3.9663  3.1721  2.7107  2.2841  1.6829  1.2519  1.2011  2.8598  3.4064
 179  1.418962  3.7102  3.6587  0.7254  4.4231  3.9704  3.1613  2.6913  2.2580  1.6451  1.2044  1.1519  2.8423  3.4045
 180  1.420084  3.7078  3.6364  0.7382  4.4328  3.9587  3.1390  2.6631  2.2251  1.6039  1.1565  1.1029  2.8154  3.3885
 181  1.421119  3.7059  3.6153  0.7523  4.4301  3.9394  3.1117  2.6312  2.1896  1.5621  1.1096  1.0550  2.7845  3.3658
 182  1.422205  3.7043  3.5928  0.7686  4.4184  3.9128  3.0780  2.5935  2.1486  1.5155  1.0585  1.0031  2.7476  3.3361
 183  1.423277  3.7029  3.5705  0.7857  4.4005  3.8822  3.0412  2.5533  2.1056  1.4678  1.0069  0.9509  2.7081  3.3026
 184  1.424340  3.7017  3.5483  0.8033  4.3786  3.8489  3.0025  2.5117  2.0616  1.4195  0.9553  0.8987  2.6671  3.2667
 185  1.425397  3.7006  3.5263  0.8213  4.3535  3.8136  2.9623  2.4689  2.0166  1.3708  0.9036  0.8464  2.6249  3.2290
 186  1.426449  3.6996  3.5044  0.8396  4.3262  3.7768  2.9210  2.4253  1.9709  1.3217  0.8517  0.7941  2.5817  3.1898
 187  1.427497  3.6987  3.4825  0.8581  4.2976  3.7392  2.8790  2.3810  1.9247  1.2722  0.7996  0.7415  2.5378  3.1497
 188  1.428540  3.6978  3.4605  0.8769  4.2675  3.7005  2.8362  2.3360  1.8779  1.2223  0.7473  0.6887  2.4933  3.1088
 189  1.429579  3.6969  3.4384  0.8959  4.2364  3.6611  2.7926  2.2904  1.8305  1.1719  0.6946  0.6355  2.4481  3.0671
 190  1.430613  3.6961  3.4161  0.9151  4.2045  3.6210  2.7485  2.2441  1.7825  1.1210  0.6414  0.5818  2.4023  3.0247
 191  1.431638  3.6953  3.3935  0.9347  4.1716  3.5799  2.7034  2.1971  1.7338  1.0693  0.5875  0.5274  2.3556  2.9813
 192  1.432655  3.6944  3.3706  0.9546  4.1380  3.5381  2.6575  2.1492  1.6841  1.0167  0.5326  0.4721  2.3081  2.9371
 193  1.433660  3.6936  3.3473  0.9750  4.1035  3.4952  2.6106  2.1002  1.6334  0.9632  0.4768  0.4158  2.2596  2.8918
 194  1.434654  3.6928  3.3235  0.9957  4.0682  3.4515  2.5627  2.0503  1.5817  0.9085  0.4199  0.3583  2.2101  2.8456
 195  1.435636  3.6919  3.2992  1.0169  4.0323  3.4069  2.5139  1.9994  1.5290  0.8528  0.3619  0.2998  2.1596  2.7985
 196  1.436603  3.6911  3.2744  1.0386  3.9955  3.3612  2.4639  1.9473  1.4751  0.7958  0.3026  0.2399  2.1079  2.7502
 197  1.437555  3.6902  3.2490  1.0608  3.9581  3.3147  2.4129  1.8941  1.4199  0.7375  0.2419  0.1787  2.0550  2.7009
 198  1.438490  3.6893  3.2229  1.0834  3.9201  3.2671  2.3607  1.8397  1.3635  0.6779  0.1798  0.1160  2.0011  2.6505
 199  1.439406  3.6883  3.1962  1.1067  3.8815  3.2186  2.3074  1.7840  1.3058  0.6168  0.1162  0.0518  1.9458  2.5991
 200  1.440303  3.6874  3.1689  1.1304  3.8425  3.1692  2.2530  1.7272  1.2468  0.5544  0.0511 -0.0140  1.8895  2.5467
 201  1.441182  3.6864  3.1409  1.1546  3.8032  3.1190  2.1976  1.6693  1.1867  0.4906 -0.0154 -0.0811  1.8320  2.4934
 202  1.442039  3.6853  3.1122  1.1794  3.7636  3.0681  2.1412  1.6102  1.1253  0.4255 -0.0834 -0.1499  1.7734  2.4393
 203  1.442875  3.6842  3.0829  1.2047  3.7236  3.0162  2.0838  1.5500  1.0627  0.3590 -0.1529 -0.2201  1.7137  2.3841
 204  1.443688  3.6831  3.0529  1.2304  3.6837  2.9638  2.0255  1.4888  0.9989  0.2911 -0.2239 -0.2919  1.6530  2.3283
 205  1.444476  3.6819  3.0221  1.2567  3.6438  2.9107  1.9662  1.4264  0.9339  0.2218 -0.2964 -0.3652  1.5912  2.2716
 206  1.445239  3.6807  2.9907  1.2834  3.6043  2.8571  1.9060  1.3631  0.8678  0.1512 -0.3705 -0.4402  1.5284  2.2145
 207  1.445978  3.6794  2.9585  1.3107  3.5659  2.8033  1.8453  1.2988  0.8006  0.0792 -0.4462 -0.5168  1.4647  2.1572
 208  1.446690  3.6780  2.9256  1.3383  3.5279  2.7491  1.7838  1.2336  0.7324  0.0060 -0.5233 -0.5949  1.4002  2.0994
 209  1.447377  3.6766  2.8920  1.3664  3.4903  2.6947  1.7217  1.1677  0.6633 -0.0684 -0.6017 -0.6744  1.3349  2.0412
 210  1.448017  3.6751  2.8575  1.3952  3.4530  2.6394  1.6585  1.1003  0.5925 -0.1447 -0.6823 -0.7562  1.2682  1.9821
 211  1.448649  3.6736  2.8227  1.4241  3.4165  2.5844  1.5953  1.0329  0.5216 -0.2213 -0.7633 -0.8383  1.2015  1.9232
 212  1.449260  3.6721  2.7875  1.4533  3.3809  2.5294  1.5319  0.9652  0.4502 -0.2987 -0.8453 -0.9214  1.1344  1.8643
 213  1.449846  3.6705  2.7517  1.4827  3.3461  2.4745  1.4682  0.8969  0.3781 -0.3769 -0.9283 -1.0057  1.0669  1.8054
 214  1.450407  3.6688  2.7155  1.5125  3.3118  2.4194  1.4042  0.8283  0.3054 -0.4560 -1.0121 -1.0909  0.9989  1.7463
 215  1.450947  3.6671  2.6789  1.5425  3.2787  2.3647  1.3401  0.7593  0.2323 -0.5357 -1.0970 -1.1770  0.9306  1.6874
 216  1.451465  3.6654  2.6419  1.5728  3.2461  2.3099  1.2759  0.6901  0.1587 -0.6160 -1.1824 -1.2639  0.8621  1.6285
 217  1.451548  3.6651  2.6358  1.5778  3.2409  2.3010  1.2654  0.6788  0.1466 -0.6292 -1.1965 -1.2782  0.8508  1.6189
 218  1.451631  3.6648  2.6296  1.5828  3.2357  2.2920  1.2548  0.6674  0.1345 -0.6425 -1.2106 -1.2926  0.8396  1.6092
 219  1.451714  3.6645  2.6235  1.5878  3.2304  2.2830  1.2442  0.6560  0.1223 -0.6558 -1.2248 -1.3070  0.8282  1.5995
 220  1.451796  3.6642  2.6172  1.5929  3.2253  2.2740  1.2336  0.6445  0.1100 -0.6692 -1.2392 -1.3216  0.8168  1.5898
 221  1.451877  3.6639  2.6110  1.5980  3.2200  2.2648  1.2228  0.6328  0.0976 -0.6828 -1.2536 -1.3363  0.8053  1.5799
 222  1.451957  3.6636  2.6046  1.6032  3.2147  2.2556  1.2119  0.6210  0.0851 -0.6966 -1.2683 -1.3512  0.7936  1.5700
 223  1.452037  3.6633  2.5982  1.6084  3.2094  2.2463  1.2009  0.6092  0.0724 -0.7105 -1.2831 -1.3662  0.7819  1.5600
 224  1.452118  3.6630  2.5918  1.6135  3.2043  2.2372  1.1902  0.5975  0.0599 -0.7241 -1.2977 -1.3811  0.7703  1.5501
 225  1.452200  3.6627  2.5856  1.6186  3.1991  2.2281  1.1795  0.5859  0.0476 -0.7376 -1.3121 -1.3957  0.7588  1.5404
 226  1.452281  3.6624  2.5793  1.6238  3.1940  2.2190  1.1686  0.5742  0.0352 -0.7512 -1.3266 -1.4105  0.7473  1.5306
 227  1.453014  3.6597  2.5236  1.6689  3.1509  2.1397  1.0741  0.4717 -0.0741 -0.8710 -1.4544 -1.5407  0.6458  1.4453
 228  1.453695  3.6579  2.4849  1.7005  3.1209  2.0843  1.0083  0.4003 -0.1504 -0.9546 -1.5436 -1.6314  0.5751  1.3858
 229  1.454364  3.6587  2.4976  1.6914  3.1218  2.0964  1.0249  0.4196 -0.1289 -0.9297 -1.5161 -1.6032  0.5940  1.3991
 230  1.455115  3.6600  2.5202  1.6742  3.1313  2.1231  1.0589  0.4575 -0.0876 -0.8834 -1.4657 -1.5517  0.6315  1.4282
 231  1.455919  3.6570  2.4576  1.7251  3.0840  2.0346  0.9532  0.3427 -0.2103 -1.0180 -1.6094 -1.6981  0.5177  1.3329
 232  1.456642  3.6534  2.3849  1.7832  3.0376  1.9374  0.8351  0.2133 -0.3499 -1.1725 -1.7750 -1.8671  0.3895  1.2280
 233  1.457279  3.6498  2.3146  1.8393  2.9950  1.8453  0.7226  0.0897 -0.4841 -1.3215 -1.9349 -2.0304  0.2668  1.1282
 234  1.457848  3.6462  2.2456  1.8943  2.9561  1.7571  0.6142 -0.0298 -0.6150 -1.4672 -2.0915 -2.1905  0.1479  1.0324
 235  1.458343  3.6427  2.1795  1.9466  2.9216  1.6749  0.5126 -0.1422 -0.7390 -1.6059 -2.2408 -2.3432  0.0359  0.9430
 236  1.458793  3.6392  2.1135  1.9988  2.8901  1.5951  0.4128 -0.2530 -0.8620 -1.7439 -2.3894 -2.4955 -0.0746  0.8560
 237  1.459189  3.6358  2.0490  2.0494  2.8625  1.5201  0.3183 -0.3586 -0.9807 -1.8779 -2.5340 -2.6438 -0.1803  0.7740
 238  1.459544  3.6322  1.9848  2.0996  2.8380  1.4487  0.2274 -0.4609 -1.0974 -2.0105 -2.6773 -2.7910 -0.2830  0.6956
 239  1.459862  3.6286  1.9215  2.1486  2.8172  1.3820  0.1416 -0.5583 -1.2107 -2.1403 -2.8180 -2.9356 -0.3814  0.6220
 240  1.460147  3.6250  1.8594  2.1965  2.7990  1.3200  0.0611 -0.6505 -1.3204 -2.2669 -2.9554 -3.0771 -0.4753  0.5529
 241  1.460403  3.6214  1.7982  2.2434  2.7823  1.2617 -0.0157 -0.7388 -1.4273 -2.3908 -3.0902 -3.2160 -0.5654  0.4873
 242  1.460632  3.6179  1.7388  2.2887  2.7661  1.2072 -0.0880 -0.8221 -1.5301 -2.5106 -3.2207 -3.3505 -0.6511  0.4254
 243  1.460842  3.6144  1.6796  2.3338  2.7507  1.1558 -0.1563 -0.9018 -1.6313 -2.6297 -3.3504 -3.4843 -0.7339  0.3665
 244  1.461030  3.6109  1.6221  2.3774  2.7354  1.1086 -0.2191 -0.9759 -1.7283 -2.7447 -3.4758 -3.6137 -0.8118  0.3116
 245  1.461200  3.6074  1.5658  2.4199  2.7202  1.0650 -0.2768 -1.0450 -1.8221 -2.8570 -3.5981 -3.7401 -0.8857  0.2604
 246  1.461355  3.6040  1.5105  2.4617  2.7042  1.0243 -0.3302 -1.1099 -1.9132 -2.9670 -3.7178 -3.8638 -0.9561  0.2119
 247  1.461496  3.6007  1.4568  2.5021  2.6884  0.9873 -0.3787 -1.1693 -2.0012 -3.0738 -3.8340 -3.9839 -1.0221  0.1666
 248  1.461625  3.5974  1.4035  2.5421  2.6720  0.9525 -0.4243 -1.2249 -2.0881 -3.1794 -3.9487 -4.1027 -1.0852  0.1230
 249  1.461742  3.5942  1.3521  2.5807  2.6558  0.9221 -0.4639 -1.2750 -2.1705 -3.2811 -4.0592 -4.2171 -1.1436  0.0838
 250  1.461850  3.5910  1.3013  2.6188  2.6396  0.8954 -0.4985 -1.3208 -2.2503 -3.3812 -4.1679 -4.3297 -1.1987  0.0481
 251  1.461949  3.5878  1.2518  2.6558  2.6235  0.8728 -0.5274 -1.3616 -2.3263 -3.4783 -4.2733 -4.4390 -1.2496  0.0164
 252  1.462040  3.5848  1.2037  2.6918  2.6077  0.8545 -0.5504 -1.3974 -2.3983 -3.5724 -4.3754 -4.5450 -1.2962 -0.0110
 253  1.462124  3.5818  1.1565  2.7270  2.5924  0.8407 -0.5672 -1.4281 -2.4670 -3.6643 -4.4750 -4.6484 -1.3388 -0.0341
 254  1.462201  3.5788  1.1101  2.7614  2.5779  0.8319 -0.5770 -1.4524 -2.5327 -3.7542 -4.5723 -4.7496 -1.3769 -0.0538
 255  1.462273  3.5759  1.0646  2.7952  2.5641  0.8277 -0.5799 -1.4701 -2.5968 -3.8426 -4.6677 -4.8488 -1.4109 -0.0715
 256  1.462340  3.5729  1.0202  2.8280  2.5512  0.8283 -0.5764 -1.4824 -2.6568 -3.9284 -4.7601 -4.9450 -1.4403 -0.0842
 257  1.462402  3.5701  0.9767  2.8600  2.5387  0.8331 -0.5667 -1.4900 -2.7130 -4.0122 -4.8504 -5.0390 -1.4659 -0.0920
 258  1.462459  3.5672  0.9343  2.8910  2.5268  0.8427 -0.5504 -1.4926 -2.7650 -4.0935 -4.9380 -5.1302 -1.4872 -0.0942
 259  1.462512  3.5644  0.8924  2.9216  2.5154  0.8572 -0.5272 -1.4905 -2.8132 -4.1736 -5.0242 -5.2201 -1.5045 -0.0908
 260  1.462562  3.5616  0.8514  2.9515  2.5046  0.8767 -0.4969 -1.4835 -2.8568 -4.2514 -5.1081 -5.3076 -1.5176 -0.0810
 261  1.462609  3.5589  0.8116  2.9804  2.4941  0.9008 -0.4602 -1.4721 -2.8957 -4.3266 -5.1891 -5.3922 -1.5266 -0.0654
 262  1.462653  3.5561  0.7722  3.0088  2.4844  0.9321 -0.4131 -1.4543 -2.9294 -4.4002 -5.2687 -5.4755 -1.5302 -0.0410
 263  1.462694  3.5534  0.7335  3.0367  2.4724  0.9787 -0.3387 -1.4228 -2.9534 -4.4730 -5.3479 -5.5584 -1.5236  0.0037
 264  1.462732  3.5507  0.6956  3.0638  2.4606  1.0291 -0.2592 -1.3882 -2.9737 -4.5439 -5.4248 -5.6391 -1.5140  0.0529
 265  1.462768  3.5481  0.6587  3.0902  2.4493  1.0827 -0.1756 -1.3507 -2.9903 -4.6126 -5.4995 -5.7173 -1.5016  0.1061
 266  1.462802  3.5455  0.6223  3.1161  2.4387  1.1397 -0.0882 -1.3107 -3.0036 -4.6797 -5.5724 -5.7938 -1.4867  0.1632
 267  1.462835  3.5429  0.5866  3.1415  2.4286  1.1982  0.0002 -1.2699 -3.0141 -4.7448 -5.6432 -5.8680 -1.4705  0.2223
 268  1.462865  3.5403  0.5517  3.1662  2.4202  1.2602  0.0917 -1.2265 -3.0205 -4.8077 -5.7117 -5.9398 -1.4512  0.2857
 269  1.462894  3.5378  0.5174  3.1903  2.4130  1.3241  0.1838 -1.1822 -3.0236 -4.8687 -5.7781 -6.0095 -1.4302  0.3515
 270  1.462921  3.5354  0.4844  3.2139  2.4076  1.3871  0.2730 -1.1388 -3.0237 -4.9255 -5.8398 -6.0744 -1.4084  0.4171
 271  1.462946  3.5330  0.4517  3.2369  2.4068  1.4591  0.3714 -1.0879 -3.0161 -4.9788 -5.8982 -6.1358 -1.3795  0.4929
 272  1.462971  3.5306  0.4197  3.2594  2.4101  1.5323  0.4646 -1.0381 -3.0012 -5.0290 -5.9536 -6.1944 -1.3476  0.5728
 273  1.462994  3.5283  0.3883  3.2815  2.4206  1.6101  0.5527 -0.9880 -2.9742 -5.0748 -6.0053 -6.2493 -1.3095  0.6617
 274  1.463016  3.5260  0.3577  3.3029  2.4327  1.6880  0.6380 -0.9388 -2.9444 -5.1184 -6.0545 -6.3017 -1.2706  0.7513
 275  1.463037  3.5237  0.3276  3.3239  2.4465  1.7672  0.7222 -0.8896 -2.9116 -5.1602 -6.1020 -6.3523 -1.2304  0.8429
 276  1.463057  3.5215  0.2984  3.3444  2.4608  1.8441  0.8015 -0.8434 -2.8785 -5.2002 -6.1475 -6.4008 -1.1914  0.9320
 277  1.463077  3.5193  0.2698  3.3642  2.4762  1.9212  0.8786 -0.7980 -2.8437 -5.2384 -6.1911 -6.4473 -1.1521  1.0212
 278  1.463095  3.5173  0.2426  3.3830  2.4914  1.9942  0.9497 -0.7564 -2.8102 -5.2746 -6.2323 -6.4912 -1.1153  1.1058
