#NUMBER OF AGES=1 MAGS=10
#----------------------------------------------------       
#MIX-LEN  Y      Z          Zeff        [Fe/H] [a/Fe]
# 1.9380  0.2864 2.5583E-02 2.5583E-02   0.21   0.00
#----------------------------------------------------       
#**PHOTOMETRIC SYSTEM**: Bessell UBV(RI)c + 2MASS JHKs + Kepler (Vega)
#----------------------------------------------------       
#AGE= 1.000 EEPS=278
#EEP   M/Mo    LogTeff  LogG   LogL/Lo U       B       V       R       I       J       H       Ks      Kp      D51     
   2  0.109512  3.4999  5.2516 -2.8213 17.0799 15.6027 14.0200 12.8791 11.3635  9.8684  9.3485  9.0995 12.8035 14.6506
   3  0.131446  3.4999  5.1768 -2.6670 16.6380 15.1998 13.6324 12.4935 10.9810  9.4826  8.9641  8.7136 12.4190 14.2505
   4  0.166484  3.5021  5.0980 -2.4767 16.0521 14.6669 13.1233 11.9957 10.5001  9.0122  8.4939  8.2436 11.9280 13.7262
   5  0.229379  3.5111  5.0271 -2.2309 15.1924 13.8824 12.3846 11.2950  9.8555  8.4189  7.8939  7.6507 11.2497 12.9677
   6  0.297842  3.5197  4.9761 -2.0319 14.5002 13.2384 11.7795 10.7234  9.3325  7.9421  7.4062  7.1707 10.6966 12.3480
   7  0.317470  3.5220  4.9579 -1.9769 14.3155 13.0652 11.6168 10.5689  9.1893  7.8098  7.2702  7.0367 10.5462 12.1814
   8  0.327411  3.5231  4.9462 -1.9474 14.2189 12.9746 11.5317 10.4878  9.1132  7.7388  7.1971  6.9646 10.4668 12.0942
   9  0.336272  3.5241  4.9350 -1.9207 14.1319 12.8929 11.4550 10.4145  9.0443  7.6742  7.1306  6.8989 10.3950 12.0155
  10  0.346875  3.5253  4.9226 -1.8898 14.0301 12.7970 11.3650 10.3288  8.9644  7.6000  7.0538  6.8233 10.3114 11.9233
  11  0.359792  3.5271  4.9105 -1.8548 13.9117 12.6848 11.2599 10.2297  8.8732  7.5168  6.9673  6.7382 10.2150 11.8161
  12  0.373608  3.5291  4.9007 -1.8206 13.7922 12.5709 11.1534 10.1299  8.7830  7.4362  6.8829  6.6554 10.1186 11.7079
  13  0.388423  3.5314  4.8914 -1.7850 13.6660 12.4497 11.0401 10.0245  8.6887  7.3532  6.7954  6.5697 10.0171 11.5931
  14  0.409113  3.5350  4.8768 -1.7335 13.4842 12.2740 10.8758  9.8715  8.5526  7.2334  6.6686  6.4453  9.8700 11.4269
  15  0.443071  3.5418  4.8481 -1.6430 13.1683 11.9645 10.5853  9.6012  8.3138  7.0248  6.4461  6.2271  9.6105 11.1347
  16  0.464396  3.5466  4.8294 -1.5847 12.9673 11.7636 10.3953  9.4241  8.1586  6.8916  6.3033  6.0870  9.4409 10.9456
  17  0.479720  3.5503  4.8155 -1.5418 12.8219 11.6159 10.2547  9.2926  8.0440  6.7946  6.1989  5.9847  9.3153 10.8070
  18  0.493723  3.5539  4.8027 -1.5024 12.6891 11.4792 10.1236  9.1701  7.9384  6.7058  6.1031  5.8911  9.1987 10.6786
  19  0.507766  3.5577  4.7903 -1.4627 12.5554 11.3393  9.9887  9.0444  7.8325  6.6169  6.0070  5.7976  9.0797 10.5472
  20  0.520176  3.5612  4.7797 -1.4272 12.4356 11.2121  9.8651  8.9297  7.7387  6.5382  5.9217  5.7150  8.9722 10.4274
  21  0.532084  3.5648  4.7697 -1.3930 12.3202 11.0875  9.7432  8.8170  7.6484  6.4628  5.8397  5.6360  8.8670 10.3100
  22  0.545202  3.5690  4.7590 -1.3552 12.1930 10.9483  9.6061  8.6901  7.5484  6.3798  5.7496  5.5496  8.7492 10.1788
  23  0.560709  3.5740  4.7465 -1.3103 12.0434 10.7819  9.4409  8.5369  7.4292  6.2820  5.6433  5.4484  8.6074 10.0220
  24  0.577593  3.5798  4.7331 -1.2610 11.8784 10.5958  9.2543  8.3639  7.2978  6.1754  5.5277  5.3393  8.4482  9.8466
  25  0.596898  3.5868  4.7187 -1.2044 11.6839 10.3746  9.0300  8.1556  7.1464  6.0560  5.3988  5.2186  8.2584  9.6376
  26  0.618945  3.5953  4.7037 -1.1397 11.4625 10.1161  8.7712  7.9161  6.9729  5.9193  5.2531  5.0845  8.0394  9.4000
  27  0.646064  3.6065  4.6875 -1.0600 11.1840  9.7888  8.4496  7.6192  6.7599  5.7517  5.0793  4.9269  7.7662  9.1059
  28  0.680405  3.6216  4.6704 -0.9601 10.8098  9.3645  8.0387  7.2405  6.4950  5.5456  4.8748  4.7425  7.4166  8.7223
  29  0.898568  3.7119  4.5857 -0.3933  7.7055  6.8930  5.9379  5.4312  5.0170  4.4121  3.9771  3.9183  5.6031  6.2597
  30  0.914599  3.7176  4.5785 -0.3557  7.4983  6.7463  5.8181  5.3288  4.9253  4.3395  3.9198  3.8642  5.4967  6.1175
  31  0.930617  3.7231  4.5711 -0.3187  7.2981  6.6047  5.7024  5.2289  4.8354  4.2683  3.8639  3.8110  5.3931  5.9825
  32  0.946297  3.7283  4.5636 -0.2830  7.1072  6.4715  5.5933  5.1336  4.7489  4.1997  3.8101  3.7585  5.2943  5.8569
  33  0.961112  3.7331  4.5562 -0.2496  6.9320  6.3489  5.4932  5.0456  4.6687  4.1359  3.7595  3.7091  5.2032  5.7430
  34  0.975200  3.7376  4.5491 -0.2183  6.7723  6.2344  5.4002  4.9639  4.5945  4.0759  3.7106  3.6622  5.1185  5.6383
  35  0.989749  3.7420  4.5414 -0.1863  6.6140  6.1194  5.3068  4.8814  4.5193  4.0146  3.6600  3.6136  5.0330  5.5342
  36  1.005634  3.7467  4.5324 -0.1518  6.4488  5.9981  5.2076  4.7932  4.4386  3.9482  3.6045  3.5600  4.9417  5.4247
  37  1.020806  3.7509  4.5232 -0.1191  6.2963  5.8847  5.1147  4.7103  4.3624  3.8848  3.5509  3.5082  4.8558  5.3230
  38  1.038351  3.7556  4.5122 -0.0820  6.1271  5.7577  5.0106  4.6169  4.2764  3.8127  3.4893  3.4487  4.7591  5.2095
  39  1.080167  3.7661  4.4846  0.0044  5.7517  5.4698  4.7728  4.4022  4.0781  3.6441  3.3436  3.3069  4.5372  4.9525
  40  1.116821  3.7744  4.4588  0.0781  5.4501  5.2316  4.5740  4.2213  3.9101  3.4990  3.2161  3.1824  4.3504  4.7399
  41  1.132530  3.7778  4.4462  0.1103  5.3247  5.1298  4.4882  4.1426  3.8367  3.4346  3.1585  3.1260  4.2693  4.6487
  42  1.240992  3.7991  4.3699  0.3116  4.5906  4.5225  3.9640  3.6535  3.3745  3.0250  2.7925  2.7611  3.7678  4.0983
  43  1.303295  3.8098  4.3263  0.4192  4.2262  4.1992  3.6846  3.3948  3.1331  2.8093  2.5973  2.5682  3.5017  3.8067
  44  1.335883  3.8150  4.3029  0.4742  4.0461  4.0352  3.5430  3.2634  3.0105  2.6990  2.4968  2.4690  3.3664  3.6592
  45  1.370966  3.8207  4.2808  0.5303  3.8657  3.8690  3.3986  3.1297  2.8864  2.5878  2.3963  2.3695  3.2288  3.5091
  46  1.413341  3.8274  4.2570  0.5942  3.6635  3.6765  3.2332  2.9786  2.7482  2.4653  2.2870  2.2619  3.0723  3.3365
  47  1.459254  3.8338  4.2291  0.6617  3.4584  3.4708  3.0571  2.8196  2.6054  2.3381  2.1735  2.1512  2.9070  3.1525
  48  1.492248  3.8378  4.2056  0.7109  3.3174  3.3325  2.9321  2.7019  2.4945  2.2359  2.0790  2.0569  2.7865  3.0238
  49  1.573794  3.8495  4.1699  0.8166  3.0074  3.0260  2.6622  2.4533  2.2671  2.0332  1.8987  1.8770  2.5297  2.7437
  50  1.628722  3.8563  4.1393  0.8891  2.8046  2.8218  2.4779  2.2816  2.1080  1.8880  1.7662  1.7448  2.3531  2.5535
  51  1.680523  3.8616  4.1076  0.9557  2.6239  2.6373  2.3091  2.1229  1.9597  1.7505  1.6388  1.6175  2.1904  2.3800
  52  1.684831  3.8616  4.1026  0.9618  2.6088  2.6216  2.2936  2.1075  1.9443  1.7351  1.6234  1.6022  2.1749  2.3645
  53  1.690080  3.8618  4.0973  0.9690  2.5909  2.6031  2.2755  2.0897  1.9269  1.7179  1.6066  1.5853  2.1570  2.3463
  54  1.696735  3.8621  4.0917  0.9777  2.5685  2.5800  2.2535  2.0685  1.9065  1.6981  1.5875  1.5662  2.1355  2.3240
  55  1.705316  3.8628  4.0856  0.9886  2.5395  2.5503  2.2258  2.0421  1.8814  1.6744  1.5651  1.5438  2.1086  2.2956
  56  1.716249  3.8638  4.0788  1.0024  2.5027  2.5124  2.1910  2.0093  1.8507  1.6457  1.5384  1.5171  2.0750  2.2599
  57  1.728324  3.8651  4.0716  1.0176  2.4617  2.4703  2.1524  1.9731  1.8169  1.6144  1.5093  1.4881  2.0378  2.2203
  58  1.740499  3.8662  4.0642  1.0328  2.4211  2.4285  2.1140  1.9369  1.7832  1.5829  1.4800  1.4588  2.0007  2.1808
  59  1.751754  3.8671  4.0569  1.0465  2.3850  2.3914  2.0794  1.9041  1.7522  1.5536  1.4525  1.4313  1.9672  2.1455
  60  1.761774  3.8678  4.0499  1.0584  2.3538  2.3592  2.0491  1.8751  1.7245  1.5272  1.4272  1.4061  1.9377  2.1146
  61  1.771335  3.8683  4.0430  1.0698  2.3246  2.3290  2.0205  1.8475  1.6980  1.5017  1.4027  1.3815  1.9097  2.0856
  62  1.780885  3.8687  4.0360  1.0810  2.2957  2.2991  1.9921  1.8201  1.6717  1.4762  1.3782  1.3570  1.8819  2.0567
  63  1.790751  3.8692  4.0287  1.0926  2.2659  2.2684  1.9629  1.7918  1.6445  1.4499  1.3528  1.3316  1.8532  2.0270
  64  1.801269  3.8698  4.0210  1.1049  2.2342  2.2355  1.9316  1.7617  1.6155  1.4219  1.3258  1.3046  1.8226  1.9953
  65  1.812179  3.8702  4.0125  1.1180  2.2008  2.2010  1.8986  1.7297  1.5845  1.3919  1.2967  1.2755  1.7902  1.9619
  66  1.823567  3.8707  4.0033  1.1318  2.1657  2.1648  1.8639  1.6959  1.5518  1.3600  1.2658  1.2446  1.7560  1.9267
  67  1.835246  3.8711  3.9935  1.1460  2.1297  2.1276  1.8280  1.6609  1.5178  1.3267  1.2334  1.2121  1.7207  1.8904
  68  1.846879  3.8714  3.9833  1.1603  2.0937  2.0903  1.7918  1.6255  1.4833  1.2927  1.2001  1.1789  1.6850  1.8539
  69  1.858633  3.8717  3.9725  1.1746  2.0579  2.0532  1.7556  1.5898  1.4482  1.2580  1.1659  1.1446  1.6491  1.8174
  70  1.870140  3.8718  3.9616  1.1887  2.0230  2.0171  1.7200  1.5547  1.4135  1.2235  1.1317  1.1104  1.6138  1.7818
  71  1.881405  3.8718  3.9506  1.2023  1.9896  1.9824  1.6857  1.5205  1.3795  1.1894  1.0978  1.0765  1.5795  1.7473
  72  1.892252  3.8716  3.9396  1.2152  1.9581  1.9497  1.6529  1.4876  1.3467  1.1563  1.0646  1.0432  1.5467  1.7146
  73  1.902575  3.8714  3.9287  1.2274  1.9288  1.9193  1.6221  1.4565  1.3153  1.1243  1.0323  1.0109  1.5157  1.6840
  74  1.912389  3.8710  3.9178  1.2389  1.9016  1.8911  1.5931  1.4270  1.2852  1.0934  1.0009  0.9794  1.4864  1.6552
  75  1.921857  3.8704  3.9069  1.2499  1.8761  1.8645  1.5654  1.3986  1.2560  1.0632  0.9700  0.9484  1.4583  1.6279
  76  1.930988  3.8698  3.8960  1.2603  1.8520  1.8394  1.5390  1.3712  1.2277  1.0336  0.9395  0.9178  1.4313  1.6019
  77  1.939855  3.8691  3.8850  1.2704  1.8290  1.8155  1.5134  1.3446  1.1999  1.0045  0.9092  0.8875  1.4051  1.5770
  78  1.948519  3.8683  3.8739  1.2802  1.8072  1.7927  1.4888  1.3185  1.1726  0.9754  0.8789  0.8571  1.3797  1.5529
  79  1.957040  3.8674  3.8626  1.2898  1.7861  1.7707  1.4646  1.2929  1.1455  0.9465  0.8486  0.8267  1.3547  1.5295
  80  1.965442  3.8664  3.8512  1.2992  1.7657  1.7494  1.4409  1.2677  1.1185  0.9176  0.8182  0.7961  1.3300  1.5065
  81  1.973788  3.8653  3.8395  1.3085  1.7460  1.7288  1.4176  1.2426  1.0916  0.8885  0.7874  0.7652  1.3057  1.4841
  82  1.979428  3.8646  3.8314  1.3147  1.7329  1.7151  1.4020  1.2257  1.0734  0.8687  0.7663  0.7440  1.2893  1.4691
  83  1.985146  3.8637  3.8230  1.3210  1.7198  1.7014  1.3862  1.2085  1.0547  0.8484  0.7447  0.7223  1.2727  1.4540
  84  1.991036  3.8629  3.8145  1.3274  1.7068  1.6878  1.3704  1.1911  1.0358  0.8277  0.7226  0.7001  1.2559  1.4388
  85  1.996944  3.8619  3.8055  1.3338  1.6940  1.6742  1.3543  1.1734  1.0164  0.8063  0.6995  0.6769  1.2389  1.4236
  86  2.002915  3.8608  3.7960  1.3403  1.6812  1.6608  1.3381  1.1553  0.9965  0.7842  0.6756  0.6529  1.2216  1.4082
  87  2.008956  3.8597  3.7862  1.3469  1.6687  1.6475  1.3218  1.1371  0.9762  0.7616  0.6511  0.6282  1.2041  1.3929
  88  2.015070  3.8585  3.7762  1.3534  1.6565  1.6345  1.3056  1.1187  0.9557  0.7386  0.6261  0.6030  1.1866  1.3777
  89  2.021299  3.8572  3.7660  1.3600  1.6446  1.6218  1.2895  1.1004  0.9351  0.7154  0.6008  0.5776  1.1692  1.3626
  90  2.027434  3.8559  3.7553  1.3665  1.6331  1.6095  1.2734  1.0820  0.9143  0.6918  0.5748  0.5514  1.1518  1.3477
  91  2.033559  3.8544  3.7443  1.3729  1.6222  1.5975  1.2576  1.0636  0.8934  0.6679  0.5484  0.5248  1.1344  1.3331
  92  2.039679  3.8529  3.7331  1.3794  1.6116  1.5859  1.2419  1.0453  0.8724  0.6437  0.5216  0.4979  1.1171  1.3186
  93  2.045817  3.8513  3.7217  1.3857  1.6017  1.5749  1.2265  1.0272  0.8515  0.6195  0.4947  0.4708  1.1001  1.3046
  94  2.051925  3.8496  3.7102  1.3919  1.5925  1.5645  1.2115  1.0093  0.8307  0.5953  0.4676  0.4435  1.0833  1.2910
  95  2.057960  3.8479  3.6984  1.3980  1.5840  1.5547  1.1968  0.9916  0.8099  0.5709  0.4401  0.4158  1.0668  1.2777
  96  2.063943  3.8461  3.6864  1.4041  1.5759  1.5452  1.1822  0.9738  0.7890  0.5463  0.4124  0.3879  1.0503  1.2646
  97  2.069861  3.8443  3.6743  1.4100  1.5688  1.5366  1.1681  0.9565  0.7684  0.5216  0.3845  0.3597  1.0342  1.2520
  98  2.075714  3.8424  3.6621  1.4159  1.5623  1.5286  1.1544  0.9393  0.7478  0.4969  0.3563  0.3313  1.0184  1.2399
  99  2.081499  3.8404  3.6497  1.4217  1.5564  1.5210  1.1408  0.9223  0.7272  0.4721  0.3280  0.3027  1.0027  1.2279
 100  2.087208  3.8385  3.6373  1.4274  1.5510  1.5136  1.1274  0.9053  0.7067  0.4472  0.2996  0.2740  0.9871  1.2162
 101  2.092850  3.8365  3.6247  1.4332  1.5461  1.5066  1.1141  0.8884  0.6862  0.4224  0.2711  0.2452  0.9716  1.2047
 102  2.098470  3.8345  3.6122  1.4390  1.5412  1.4994  1.1007  0.8715  0.6658  0.3975  0.2426  0.2165  0.9560  1.1930
 103  2.104075  3.8326  3.5998  1.4450  1.5358  1.4916  1.0868  0.8542  0.6452  0.3727  0.2142  0.1879  0.9401  1.1808
 104  2.109671  3.8308  3.5876  1.4512  1.5293  1.4826  1.0723  0.8366  0.6245  0.3480  0.1862  0.1597  0.9236  1.1678
 105  2.115184  3.8293  3.5760  1.4578  1.5209  1.4720  1.0568  0.8183  0.6035  0.3236  0.1589  0.1323  0.9064  1.1536
 106  2.120378  3.8282  3.5657  1.4649  1.5094  1.4585  1.0399  0.7995  0.5829  0.3005  0.1338  0.1070  0.8883  1.1376
 107  2.124864  3.8278  3.5579  1.4720  1.4940  1.4421  1.0222  0.7812  0.5640  0.2807  0.1133  0.0865  0.8703  1.1203
 108  2.128354  3.8281  3.5533  1.4787  1.4759  1.4238  1.0051  0.7648  0.5482  0.2656  0.0989  0.0721  0.8536  1.1029
 109  2.130924  3.8290  3.5511  1.4847  1.4566  1.4050  0.9892  0.7505  0.5355  0.2548  0.0898  0.0630  0.8387  1.0862
 110  2.132856  3.8302  3.5507  1.4902  1.4369  1.3861  0.9744  0.7379  0.5251  0.2471  0.0845  0.0577  0.8253  1.0703
 111  2.134367  3.8316  3.5515  1.4954  1.4172  1.3674  0.9604  0.7266  0.5164  0.2415  0.0817  0.0550  0.8129  1.0551
 112  2.134635  3.8319  3.5517  1.4964  1.4132  1.3635  0.9576  0.7244  0.5148  0.2405  0.0813  0.0547  0.8105  1.0520
 113  2.134903  3.8323  3.5522  1.4976  1.4082  1.3588  0.9542  0.7218  0.5130  0.2396  0.0812  0.0546  0.8076  1.0483
 114  2.135172  3.8326  3.5526  1.4987  1.4037  1.3546  0.9512  0.7194  0.5113  0.2387  0.0810  0.0544  0.8050  1.0449
 115  2.135440  3.8330  3.5530  1.4998  1.3991  1.3503  0.9481  0.7170  0.5096  0.2378  0.0808  0.0543  0.8023  1.0415
 116  2.135707  3.8334  3.5534  1.5010  1.3945  1.3459  0.9450  0.7146  0.5078  0.2369  0.0807  0.0542  0.7996  1.0380
 117  2.135975  3.8339  3.5542  1.5023  1.3887  1.3404  0.9412  0.7118  0.5060  0.2362  0.0810  0.0545  0.7964  1.0337
 118  2.136242  3.8344  3.5549  1.5037  1.3829  1.3350  0.9374  0.7090  0.5041  0.2354  0.0812  0.0548  0.7933  1.0296
 119  2.136508  3.8349  3.5556  1.5050  1.3773  1.3296  0.9337  0.7062  0.5023  0.2347  0.0814  0.0550  0.7901  1.0254
 120  2.136775  3.8354  3.5564  1.5064  1.3714  1.3241  0.9299  0.7034  0.5004  0.2340  0.0817  0.0554  0.7869  1.0211
 121  2.137040  3.8361  3.5575  1.5080  1.3643  1.3173  0.9254  0.7001  0.4984  0.2335  0.0825  0.0562  0.7832  1.0159
 122  2.137306  3.8367  3.5586  1.5096  1.3573  1.3108  0.9209  0.6969  0.4964  0.2329  0.0832  0.0570  0.7795  1.0109
 123  2.137570  3.8374  3.5596  1.5112  1.3504  1.3042  0.9165  0.6937  0.4945  0.2324  0.0839  0.0578  0.7758  1.0059
 124  2.137834  3.8381  3.5609  1.5129  1.3428  1.2970  0.9117  0.6903  0.4924  0.2320  0.0849  0.0589  0.7718  1.0004
 125  2.138096  3.8390  3.5626  1.5149  1.3339  1.2885  0.9061  0.6864  0.4902  0.2318  0.0864  0.0605  0.7673  0.9941
 126  2.138357  3.8399  3.5641  1.5168  1.3256  1.2807  0.9009  0.6827  0.4881  0.2315  0.0876  0.0618  0.7630  0.9881
 127  2.138617  3.8409  3.5660  1.5190  1.3157  1.2712  0.8947  0.6784  0.4858  0.2313  0.0894  0.0638  0.7580  0.9810
 128  2.138874  3.8420  3.5681  1.5214  1.3053  1.2612  0.8882  0.6740  0.4833  0.2313  0.0914  0.0659  0.7528  0.9735
 129  2.139128  3.8431  3.5702  1.5238  1.2947  1.2510  0.8815  0.6694  0.4809  0.2313  0.0934  0.0681  0.7474  0.9659
 130  2.139379  3.8445  3.5729  1.5266  1.2822  1.2390  0.8737  0.6641  0.4782  0.2315  0.0962  0.0709  0.7411  0.9569
 131  2.139625  3.8458  3.5755  1.5294  1.2699  1.2271  0.8659  0.6589  0.4755  0.2316  0.0988  0.0737  0.7348  0.9479
 132  2.139868  3.8474  3.5788  1.5326  1.2558  1.2134  0.8570  0.6529  0.4725  0.2320  0.1021  0.0772  0.7278  0.9377
 133  2.140104  3.8490  3.5821  1.5358  1.2416  1.1995  0.8480  0.6469  0.4695  0.2324  0.1054  0.0807  0.7205  0.9273
 134  2.140334  3.8509  3.5858  1.5395  1.2259  1.1841  0.8380  0.6402  0.4662  0.2328  0.1091  0.0846  0.7125  0.9157
 135  2.140556  3.8528  3.5898  1.5434  1.2092  1.1678  0.8272  0.6330  0.4627  0.2334  0.1131  0.0889  0.7040  0.9033
 136  2.140768  3.8549  3.5940  1.5476  1.1917  1.1504  0.8159  0.6255  0.4591  0.2340  0.1175  0.0934  0.6949  0.8901
 137  2.140968  3.8572  3.5986  1.5521  1.1730  1.1318  0.8036  0.6174  0.4553  0.2347  0.1222  0.0984  0.6851  0.8760
 138  2.141154  3.8596  3.6034  1.5570  1.1531  1.1118  0.7906  0.6088  0.4513  0.2357  0.1274  0.1039  0.6747  0.8608
 139  2.141324  3.8621  3.6083  1.5622  1.1322  1.0906  0.7767  0.5996  0.4470  0.2365  0.1327  0.1095  0.6636  0.8447
 140  2.141476  3.8647  3.6132  1.5678  1.1106  1.0686  0.7621  0.5899  0.4424  0.2371  0.1379  0.1149  0.6519  0.8278
 141  2.141610  3.8674  3.6180  1.5736  1.0883  1.0459  0.7468  0.5797  0.4373  0.2373  0.1427  0.1200  0.6396  0.8103
 142  2.141727  3.8701  3.6227  1.5797  1.0657  1.0229  0.7312  0.5689  0.4317  0.2370  0.1469  0.1245  0.6268  0.7923
 143  2.141829  3.8727  3.6272  1.5859  1.0428  0.9999  0.7152  0.5578  0.4256  0.2360  0.1503  0.1282  0.6137  0.7741
 144  2.141919  3.8754  3.6315  1.5923  1.0199  0.9768  0.6991  0.5464  0.4192  0.2346  0.1532  0.1314  0.6003  0.7557
 145  2.141999  3.8781  3.6357  1.5987  0.9971  0.9537  0.6829  0.5350  0.4127  0.2331  0.1559  0.1344  0.5868  0.7372
 146  2.142070  3.8807  3.6396  1.6053  0.9743  0.9305  0.6666  0.5235  0.4062  0.2314  0.1582  0.1370  0.5732  0.7186
 147  2.142132  3.8832  3.6431  1.6119  0.9517  0.9068  0.6501  0.5119  0.3998  0.2298  0.1607  0.1398  0.5594  0.6998
 148  2.142188  3.8857  3.6464  1.6186  0.9292  0.8831  0.6335  0.5003  0.3933  0.2279  0.1628  0.1422  0.5456  0.6809
 149  2.142238  3.8881  3.6492  1.6254  0.9069  0.8597  0.6169  0.4885  0.3864  0.2256  0.1642  0.1439  0.5317  0.6620
 150  2.142288  3.8907  3.6521  1.6330  0.8821  0.8336  0.5984  0.4753  0.3785  0.2225  0.1651  0.1453  0.5160  0.6410
 151  2.142369  3.8936  3.6568  1.6397  0.8592  0.8102  0.5826  0.4649  0.3736  0.2226  0.1694  0.1499  0.5032  0.6226
 152  2.142442  3.8942  3.6622  1.6370  0.8642  0.8156  0.5896  0.4730  0.3829  0.2332  0.1810  0.1615  0.5108  0.6290
 153  2.142471  3.8927  3.6642  1.6290  0.8874  0.8393  0.6092  0.4898  0.3969  0.2446  0.1901  0.1705  0.5289  0.6500
 154  2.142490  3.8911  3.6654  1.6212  0.9105  0.8631  0.6284  0.5057  0.4094  0.2541  0.1972  0.1773  0.5463  0.6708
 155  2.142507  3.8894  3.6661  1.6136  0.9333  0.8870  0.6472  0.5210  0.4211  0.2626  0.2031  0.1830  0.5632  0.6913
 156  2.142522  3.8876  3.6664  1.6061  0.9559  0.9107  0.6657  0.5359  0.4323  0.2705  0.2081  0.1878  0.5797  0.7115
 157  2.142534  3.8857  3.6662  1.5988  0.9784  0.9343  0.6838  0.5502  0.4426  0.2773  0.2120  0.1914  0.5957  0.7314
 158  2.142548  3.8838  3.6659  1.5914  1.0010  0.9581  0.7021  0.5645  0.4530  0.2841  0.2157  0.1949  0.6118  0.7515
 159  2.142568  3.8813  3.6637  1.5838  1.0258  0.9842  0.7212  0.5788  0.4622  0.2887  0.2163  0.1952  0.6282  0.7728
 160  2.142597  3.8779  3.6573  1.5765  1.0522  1.0112  0.7392  0.5905  0.4674  0.2876  0.2098  0.1883  0.6427  0.7939
 161  2.142648  3.8727  3.6388  1.5744  1.0711  1.0295  0.7444  0.5867  0.4542  0.2646  0.1787  0.1567  0.6426  0.8033
 162  2.142695  3.8685  3.6122  1.5839  1.0598  1.0164  0.7206  0.5555  0.4154  0.2175  0.1248  0.1022  0.6145  0.7830
 163  2.142761  3.8637  3.5839  1.5931  1.0518  1.0069  0.6982  0.5246  0.3755  0.1680  0.0673  0.0441  0.5871  0.7647
 164  2.142847  3.8584  3.5539  1.6019  1.0473  1.0007  0.6772  0.4941  0.3351  0.1167  0.0069 -0.0170  0.5606  0.7483
 165  2.142969  3.8521  3.5218  1.6091  1.0511  1.0020  0.6612  0.4670  0.2967  0.0656 -0.0550 -0.0796  0.5380  0.7375
 166  2.143129  3.8452  3.4905  1.6128  1.0683  1.0156  0.6550  0.4485  0.2657  0.0202 -0.1125 -0.1380  0.5243  0.7370
 167  2.143319  3.8383  3.4615  1.6142  1.0945  1.0368  0.6552  0.4362  0.2408 -0.0197 -0.1649 -0.1915  0.5169  0.7431
 168  2.143528  3.8320  3.4361  1.6142  1.1249  1.0620  0.6596  0.4287  0.2214 -0.0531 -0.2104 -0.2378  0.5140  0.7531
 169  2.143748  3.8262  3.4139  1.6133  1.1577  1.0884  0.6665  0.4248  0.2069 -0.0807 -0.2491 -0.2773  0.5142  0.7652
 170  2.143973  3.8209  3.3943  1.6117  1.1924  1.1155  0.6749  0.4234  0.1958 -0.1042 -0.2829 -0.3120  0.5164  0.7783
 171  2.144203  3.8160  3.3768  1.6097  1.2282  1.1430  0.6843  0.4237  0.1874 -0.1240 -0.3121 -0.3421  0.5202  0.7922
 172  2.144435  3.8115  3.3614  1.6073  1.2631  1.1691  0.6951  0.4262  0.1821 -0.1397 -0.3363 -0.3672  0.5257  0.8069
 173  2.144669  3.8074  3.3480  1.6044  1.2965  1.1934  0.7071  0.4309  0.1797 -0.1516 -0.3560 -0.3878  0.5329  0.8226
 174  2.144903  3.8036  3.3358  1.6013  1.3343  1.2217  0.7194  0.4357  0.1776 -0.1631 -0.3753 -0.4078  0.5404  0.8388
 175  2.145134  3.7999  3.3247  1.5977  1.3763  1.2524  0.7319  0.4409  0.1762 -0.1737 -0.3934 -0.4267  0.5484  0.8552
 176  2.145362  3.7964  3.3145  1.5938  1.4192  1.2795  0.7449  0.4481  0.1778 -0.1810 -0.4068 -0.4414  0.5577  0.8714
 177  2.145586  3.7930  3.3055  1.5894  1.4622  1.3062  0.7592  0.4569  0.1816 -0.1858 -0.4173 -0.4532  0.5685  0.8885
 178  2.145805  3.7899  3.2979  1.5847  1.5050  1.3360  0.7750  0.4669  0.1861 -0.1892 -0.4269 -0.4636  0.5806  0.9077
 179  2.146017  3.7869  3.2912  1.5795  1.5477  1.3674  0.7923  0.4781  0.1920 -0.1909 -0.4349 -0.4722  0.5939  0.9283
 180  2.146222  3.7841  3.2854  1.5739  1.5904  1.3988  0.8109  0.4908  0.1996 -0.1908 -0.4409 -0.4787  0.6087  0.9502
 181  2.146418  3.7813  3.2804  1.5679  1.6328  1.4300  0.8306  0.5049  0.2087 -0.1887 -0.4448 -0.4831  0.6246  0.9731
 182  2.146642  3.7781  3.2754  1.5602  1.6851  1.4682  0.8555  0.5232  0.2214 -0.1843 -0.4472 -0.4863  0.6451  1.0018
 183  2.146859  3.7750  3.2713  1.5517  1.7421  1.5096  0.8824  0.5435  0.2362 -0.1780 -0.4477 -0.4877  0.6676  1.0326
 184  2.147070  3.7718  3.2681  1.5424  1.8024  1.5534  0.9114  0.5660  0.2533 -0.1694 -0.4459 -0.4868  0.6923  1.0656
 185  2.147274  3.7687  3.2660  1.5322  1.8654  1.5993  0.9428  0.5909  0.2728 -0.1583 -0.4417 -0.4834  0.7193  1.1010
 186  2.147469  3.7657  3.2649  1.5212  1.9309  1.6473  0.9765  0.6182  0.2947 -0.1448 -0.4351 -0.4776  0.7486  1.1386
 187  2.147657  3.7627  3.2649  1.5094  1.9986  1.6972  1.0122  0.6475  0.3189 -0.1289 -0.4261 -0.4693  0.7800  1.1784
 188  2.147835  3.7598  3.2658  1.4969  2.0682  1.7486  1.0498  0.6788  0.3451 -0.1108 -0.4147 -0.4587  0.8133  1.2201
 189  2.148006  3.7570  3.2676  1.4838  2.1395  1.8016  1.0890  0.7119  0.3733 -0.0907 -0.4013 -0.4461  0.8483  1.2635
 190  2.148168  3.7542  3.2702  1.4701  2.2127  1.8561  1.1298  0.7466  0.4030 -0.0689 -0.3863 -0.4319  0.8849  1.3084
 191  2.148324  3.7515  3.2733  1.4560  2.2875  1.9119  1.1721  0.7827  0.4343 -0.0457 -0.3697 -0.4161  0.9228  1.3548
 192  2.148473  3.7487  3.2771  1.4413  2.3639  1.9690  1.2157  0.8202  0.4671 -0.0210 -0.3515 -0.3988  0.9622  1.4027
 193  2.148618  3.7460  3.2816  1.4261  2.4422  2.0277  1.2609  0.8594  0.5016  0.0055 -0.3317 -0.3797  1.0032  1.4522
 194  2.148763  3.7433  3.2867  1.4100  2.5242  2.0890  1.3084  0.9008  0.5382  0.0338 -0.3101 -0.3591  1.0463  1.5041
 195  2.148911  3.7405  3.2921  1.3933  2.6104  2.1531  1.3582  0.9442  0.5768  0.0636 -0.2872 -0.3372  1.0916  1.5586
 196  2.149066  3.7375  3.2976  1.3761  2.7008  2.2195  1.4098  0.9891  0.6166  0.0943 -0.2637 -0.3149  1.1384  1.6151
 197  2.149232  3.7344  3.3020  1.3593  2.7938  2.2866  1.4610  1.0333  0.6555  0.1235 -0.2422 -0.2946  1.1846  1.6716
 198  2.149415  3.7311  3.3033  1.3447  2.8860  2.3502  1.5077  1.0724  0.6889  0.1462 -0.2276 -0.2816  1.2257  1.7241
 199  2.149614  3.7276  3.2990  1.3350  2.9702  2.4035  1.5433  1.1000  0.7104  0.1563 -0.2262 -0.2818  1.2555  1.7658
 200  2.149813  3.7242  3.2893  1.3311  3.0395  2.4417  1.5643  1.1134  0.7179  0.1525 -0.2385 -0.2957  1.2708  1.7930
 201  2.150003  3.7210  3.2765  1.3314  3.0953  2.4670  1.5744  1.1166  0.7157  0.1397 -0.2590 -0.3178  1.2757  1.8085
 202  2.150189  3.7180  3.2617  1.3343  3.1427  2.4845  1.5776  1.1133  0.7073  0.1210 -0.2849 -0.3453  1.2740  1.8170
 203  2.150382  3.7151  3.2447  1.3395  3.1843  2.4965  1.5753  1.1045  0.6932  0.0967 -0.3164 -0.3785  1.2666  1.8200
 204  2.150586  3.7122  3.2253  1.3473  3.2205  2.5032  1.5671  1.0895  0.6730  0.0662 -0.3546 -0.4183  1.2533  1.8175
 205  2.150790  3.7095  3.2047  1.3572  3.2473  2.5028  1.5531  1.0691  0.6476  0.0313 -0.3965 -0.4617  1.2343  1.8087
 206  2.150978  3.7072  3.1834  1.3694  3.2609  2.4932  1.5318  1.0425  0.6168 -0.0078 -0.4415 -0.5080  1.2089  1.7919
 207  2.151149  3.7053  3.1620  1.3833  3.2637  2.4760  1.5051  1.0113  0.5820 -0.0495 -0.4880 -0.5558  1.1786  1.7688
 208  2.151309  3.7037  3.1406  1.3981  3.2593  2.4543  1.4751  0.9775  0.5449 -0.0926 -0.5353 -0.6042  1.1456  1.7420
 209  2.151460  3.7022  3.1196  1.4133  3.2504  2.4303  1.4436  0.9426  0.5072 -0.1357 -0.5821 -0.6520  1.1114  1.7133
 210  2.151605  3.7009  3.0996  1.4280  3.2397  2.4059  1.4126  0.9084  0.4703 -0.1774 -0.6273 -0.6980  1.0778  1.6848
 211  2.151748  3.6996  3.0798  1.4429  3.2275  2.3809  1.3811  0.8739  0.4334 -0.2190 -0.6722 -0.7438  1.0439  1.6558
 212  2.151890  3.6984  3.0598  1.4580  3.2130  2.3545  1.3487  0.8385  0.3956 -0.2612 -0.7177 -0.7899  1.0092  1.6257
 213  2.152029  3.6972  3.0398  1.4734  3.1970  2.3274  1.3158  0.8028  0.3575 -0.3036 -0.7634 -0.8361  0.9740  1.5951
 214  2.152170  3.6961  3.0200  1.4886  3.1812  2.3006  1.2831  0.7673  0.3197 -0.3456 -0.8088 -0.8821  0.9390  1.5648
 215  2.152312  3.6949  3.0002  1.5038  3.1653  2.2737  1.2506  0.7319  0.2820 -0.3875 -0.8541 -0.9278  0.9042  1.5345
 216  2.152452  3.6938  2.9806  1.5190  3.1487  2.2464  1.2178  0.6965  0.2443 -0.4292 -0.8992 -0.9733  0.8692  1.5040
 217  2.152465  3.6937  2.9788  1.5204  3.1473  2.2439  1.2149  0.6932  0.2408 -0.4331 -0.9033 -0.9775  0.8660  1.5012
 218  2.152479  3.6936  2.9769  1.5218  3.1459  2.2415  1.2119  0.6900  0.2374 -0.4369 -0.9075 -0.9817  0.8628  1.4985
 219  2.152492  3.6935  2.9751  1.5232  3.1445  2.2391  1.2089  0.6868  0.2339 -0.4408 -0.9116 -0.9859  0.8596  1.4957
 220  2.152506  3.6934  2.9733  1.5246  3.1430  2.2365  1.2059  0.6835  0.2305 -0.4446 -0.9157 -0.9900  0.8564  1.4929
 221  2.152519  3.6933  2.9715  1.5260  3.1415  2.2341  1.2029  0.6803  0.2270 -0.4484 -0.9199 -0.9942  0.8533  1.4902
 222  2.152532  3.6932  2.9697  1.5274  3.1400  2.2316  1.2000  0.6770  0.2236 -0.4523 -0.9240 -0.9984  0.8500  1.4874
 223  2.152546  3.6931  2.9679  1.5287  3.1387  2.2292  1.1970  0.6738  0.2201 -0.4561 -0.9282 -1.0026  0.8469  1.4847
 224  2.152559  3.6930  2.9661  1.5301  3.1373  2.2267  1.1940  0.6706  0.2167 -0.4599 -0.9323 -1.0068  0.8437  1.4819
 225  2.152572  3.6929  2.9643  1.5315  3.1358  2.2243  1.1911  0.6674  0.2132 -0.4638 -0.9365 -1.0110  0.8405  1.4792
 226  2.152586  3.6928  2.9625  1.5329  3.1344  2.2218  1.1881  0.6641  0.2098 -0.4676 -0.9406 -1.0151  0.8373  1.4764
 227  2.152778  3.6912  2.9335  1.5556  3.1091  2.1808  1.1392  0.6113  0.1537 -0.5295 -1.0072 -1.0824  0.7852  1.4307
 228  2.152908  3.6902  2.9155  1.5695  3.0950  2.1562  1.1096  0.5792  0.1194 -0.5677 -1.0484 -1.1241  0.7535  1.4032
 229  2.153031  3.6892  2.8988  1.5824  3.0827  2.1335  1.0819  0.5492  0.0874 -0.6033 -1.0866 -1.1630  0.7239  1.3776
 230  2.153208  3.6878  2.8724  1.6031  3.0617  2.0963  1.0374  0.5011  0.0363 -0.6599 -1.1472 -1.2246  0.6764  1.3360
 231  2.153325  3.6869  2.8561  1.6159  3.0496  2.0738  1.0102  0.4716  0.0049 -0.6948 -1.1846 -1.2626  0.6473  1.3108
 232  2.153490  3.6855  2.8314  1.6352  3.0304  2.0391  0.9686  0.4267 -0.0429 -0.7478 -1.2411 -1.3201  0.6029  1.2719
 233  2.153607  3.6847  2.8153  1.6478  3.0188  2.0169  0.9417  0.3976 -0.0739 -0.7822 -1.2780 -1.3577  0.5742  1.2470
 234  2.153756  3.6835  2.7936  1.6649  3.0023  1.9863  0.9051  0.3580 -0.1160 -0.8289 -1.3277 -1.4085  0.5351  1.2129
 235  2.153945  3.6820  2.7663  1.6864  2.9821  1.9482  0.8592  0.3084 -0.1688 -0.8874 -1.3901 -1.4721  0.4860  1.1703
 236  2.154046  3.6813  2.7522  1.6975  2.9717  1.9284  0.8354  0.2827 -0.1961 -0.9177 -1.4224 -1.5051  0.4607  1.1482
 237  2.154226  3.6799  2.7260  1.7182  2.9523  1.8916  0.7912  0.2349 -0.2470 -0.9741 -1.4824 -1.5663  0.4134  1.1073
 238  2.154388  3.6787  2.7031  1.7363  2.9360  1.8599  0.7528  0.1932 -0.2914 -1.0233 -1.5349 -1.6199  0.3723  1.0718
 239  2.154523  3.6776  2.6825  1.7526  2.9213  1.8313  0.7183  0.1558 -0.3313 -1.0675 -1.5820 -1.6680  0.3353  1.0400
 240  2.154678  3.6764  2.6604  1.7700  2.9054  1.8005  0.6812  0.1156 -0.3741 -1.1149 -1.6324 -1.7196  0.2955  1.0057
 241  2.154827  3.6753  2.6395  1.7866  2.8904  1.7713  0.6461  0.0776 -0.4147 -1.1598 -1.6802 -1.7684  0.2579  0.9733
 242  2.155001  3.6740  2.6150  1.8059  2.8736  1.7376  0.6054  0.0333 -0.4619 -1.2123 -1.7360 -1.8255  0.2141  0.9358
 243  2.155148  3.6729  2.5936  1.8229  2.8587  1.7079  0.5696 -0.0056 -0.5034 -1.2583 -1.7849 -1.8756  0.1757  0.9028
 244  2.155319  3.6716  2.5689  1.8424  2.8415  1.6737  0.5283 -0.0504 -0.5512 -1.3112 -1.8413 -1.9332  0.1314  0.8649
 245  2.155468  3.6705  2.5475  1.8593  2.8271  1.6442  0.4929 -0.0889 -0.5924 -1.3570 -1.8900 -1.9830  0.0932  0.8323
 246  2.155631  3.6693  2.5242  1.8777  2.8112  1.6120  0.4542 -0.1309 -0.6373 -1.4068 -1.9429 -2.0371  0.0517  0.7968
 247  2.155761  3.6683  2.5055  1.8925  2.7991  1.5864  0.4234 -0.1645 -0.6733 -1.4469 -1.9855 -2.0807  0.0184  0.7686
 248  2.155924  3.6670  2.4816  1.9112  2.7841  1.5541  0.3845 -0.2069 -0.7188 -1.4976 -2.0396 -2.1361 -0.0237  0.7331
 249  2.156093  3.6656  2.4569  1.9307  2.7687  1.5208  0.3442 -0.2509 -0.7661 -1.5503 -2.0957 -2.1935 -0.0673  0.6964
 250  2.156256  3.6643  2.4328  1.9495  2.7551  1.4890  0.3055 -0.2933 -0.8117 -1.6014 -2.1503 -2.2494 -0.1092  0.6614
 251  2.156395  3.6632  2.4124  1.9654  2.7442  1.4626  0.2731 -0.3290 -0.8502 -1.6446 -2.1965 -2.2968 -0.1446  0.6322
 252  2.156554  3.6619  2.3888  1.9838  2.7320  1.4323  0.2358 -0.3701 -0.8946 -1.6944 -2.2499 -2.3515 -0.1853  0.5987
 253  2.156702  3.6606  2.3661  2.0014  2.7215  1.4039  0.2004 -0.4093 -0.9371 -1.7422 -2.3014 -2.4042 -0.2241  0.5673
 254  2.156869  3.6592  2.3409  2.0209  2.7104  1.3728  0.1616 -0.4525 -0.9839 -1.7950 -2.3584 -2.4626 -0.2668  0.5329
 255  2.157013  3.6579  2.3190  2.0379  2.7005  1.3455  0.1276 -0.4903 -1.0250 -1.8413 -2.4082 -2.5137 -0.3042  0.5028
 256  2.157164  3.6566  2.2957  2.0558  2.6912  1.3174  0.0922 -0.5298 -1.0680 -1.8900 -2.4608 -2.5677 -0.3433  0.4717
 257  2.157295  3.6554  2.2754  2.0715  2.6831  1.2929  0.0613 -0.5642 -1.1056 -1.9325 -2.5068 -2.6149 -0.3774  0.4446
 258  2.157413  3.6544  2.2570  2.0858  2.6757  1.2707  0.0333 -0.5955 -1.1398 -1.9711 -2.5485 -2.6577 -0.4084  0.4200
 259  2.157577  3.6529  2.2314  2.1054  2.6666  1.2406 -0.0048 -0.6383 -1.1867 -2.0244 -2.6061 -2.7169 -0.4508  0.3868
 260  2.157721  3.6515  2.2085  2.1230  2.6583  1.2137 -0.0390 -0.6766 -1.2288 -2.0721 -2.6577 -2.7700 -0.4888  0.3572
 261  2.157850  3.6504  2.1879  2.1389  2.6508  1.1894 -0.0698 -0.7112 -1.2668 -2.1152 -2.7042 -2.8179 -0.5231  0.3305
 262  2.158003  3.6489  2.1632  2.1579  2.6423  1.1607 -0.1062 -0.7522 -1.3120 -2.1666 -2.7597 -2.8751 -0.5639  0.2990
 263  2.158120  3.6478  2.1444  2.1723  2.6363  1.1391 -0.1338 -0.7834 -1.3464 -2.2057 -2.8022 -2.9188 -0.5948  0.2752
 264  2.158241  3.6467  2.1248  2.1874  2.6298  1.1165 -0.1625 -0.8158 -1.3822 -2.2465 -2.8462 -2.9642 -0.6270  0.2505
 265  2.158383  3.6453  2.1008  2.2058  2.6215  1.0888 -0.1977 -0.8554 -1.4261 -2.2963 -2.9000 -3.0196 -0.6664  0.2202
 266  2.158507  3.6441  2.0802  2.2217  2.6150  1.0652 -0.2277 -0.8893 -1.4638 -2.3392 -2.9465 -3.0675 -0.7002  0.1944
 267  2.158638  3.6428  2.0583  2.2384  2.6084  1.0406 -0.2592 -0.9249 -1.5035 -2.3845 -2.9955 -3.1181 -0.7356  0.1675
 268  2.158769  3.6415  2.0361  2.2554  2.6026  1.0161 -0.2907 -0.9608 -1.5437 -2.4304 -3.0453 -3.1696 -0.7714  0.1407
 269  2.158880  3.6403  2.0171  2.2697  2.5993  0.9964 -0.3167 -0.9906 -1.5774 -2.4693 -3.0876 -3.2133 -0.8011  0.1190
 270  2.158975  3.6393  2.0012  2.2814  2.5986  0.9814 -0.3371 -1.0144 -1.6048 -2.5012 -3.1226 -3.2496 -0.8249  0.1024
 271  2.159114  3.6378  1.9783  2.2985  2.5964  0.9589 -0.3673 -1.0494 -1.6449 -2.5478 -3.1735 -3.3024 -0.8599  0.0777
 272  2.159227  3.6367  1.9585  2.3138  2.5898  0.9364 -0.3958 -1.0815 -1.6811 -2.5890 -3.2178 -3.3482 -0.8921  0.0531
 273  2.159346  3.6355  1.9374  2.3303  2.5808  0.9111 -0.4272 -1.1165 -1.7203 -2.6332 -3.2653 -3.3972 -0.9271  0.0258
 274  2.159444  3.6344  1.9189  2.3445  2.5756  0.8908 -0.4532 -1.1459 -1.7538 -2.6716 -3.3067 -3.4400 -0.9567  0.0036
 275  2.159564  3.6331  1.8985  2.3597  2.5731  0.8708 -0.4796 -1.1765 -1.7894 -2.7128 -3.3516 -3.4867 -0.9875 -0.0182
 276  2.159633  3.6323  1.8864  2.3684  2.5749  0.8612 -0.4935 -1.1931 -1.8094 -2.7367 -3.3779 -3.5142 -1.0043 -0.0288
 277  2.159749  3.6312  1.8704  2.3802  2.5745  0.8466 -0.5134 -1.2163 -1.8369 -2.7690 -3.4132 -3.5510 -1.0277 -0.0447
 278  2.159840  3.6304  1.8577  2.3897  2.5727  0.8341 -0.5298 -1.2351 -1.8591 -2.7947 -3.4411 -3.5800 -1.0468 -0.0583
 279  2.159906  3.6304  1.8556  2.3919  2.5669  0.8282 -0.5358 -1.2409 -1.8648 -2.8003 -3.4465 -3.5854 -1.0526 -0.0646