#AGE= 2.000 EEPS=276
#EEP   M/Mo    LogTeff  LogG   LogL/Lo U       B       V       R       I       J       H       Ks      Kp      D51     
   4  0.102294  3.4903  5.2740 -2.9118 16.7938 15.9437 14.4288 13.2138 11.5557 10.0597  9.7206  9.4402 13.0729 15.0602
   5  0.118385  3.4922  5.2148 -2.7815 16.3964 15.5680 14.0770 12.8718 11.2315  9.7420  9.4015  9.1214 12.7391 14.6943
   6  0.138720  3.4944  5.1528 -2.6419 15.9703 15.1637 13.6984 12.5041 10.8831  9.4012  9.0591  8.7797 12.3801 14.3008
   7  0.172954  3.4998  5.0878 -2.4593 15.3791 14.5970 13.1706 12.0014 10.4194  8.9600  8.6137  8.3394 11.8945 13.7539
   8  0.237027  3.5104  5.0188 -2.2110 14.5426 13.7856 12.4195 11.2952  9.7781  8.3625  8.0035  7.7432 11.2155 12.9777
   9  0.288199  3.5170  4.9787 -2.0596 14.0420 13.2959 11.9664 10.8680  9.3860  7.9954  7.6240  7.3745 10.8021 12.5108
  10  0.305502  3.5191  4.9634 -2.0108 13.8834 13.1405 11.8227 10.7319  9.2597  7.8761  7.5000  7.2541 10.6696 12.3627
  11  0.313157  3.5199  4.9548 -1.9881 13.8114 13.0702 11.7578 10.6700  9.2015  7.8206  7.4424  7.1980 10.6091 12.2956
  12  0.317637  3.5204  4.9488 -1.9741 13.7675 13.0274 11.7182 10.6321  9.1657  7.7861  7.4065  7.1630 10.5719 12.2546
  13  0.320620  3.5207  4.9441 -1.9640 13.7365 12.9973 11.6904 10.6053  9.1401  7.7613  7.3807  7.1379 10.5455 12.2258
  14  0.322911  3.5209  4.9399 -1.9558 13.7117 12.9732 11.6682 10.5838  9.1194  7.7411  7.3598  7.1174 10.5243 12.2027
  15  0.324935  3.5211  4.9360 -1.9484 13.6891 12.9514 11.6480 10.5643  9.1007  7.7228  7.3408  7.0988 10.5051 12.1817
  16  0.327034  3.5213  4.9322 -1.9410 13.6665 12.9295 11.6278 10.5447  9.0819  7.7044  7.3218  7.0802 10.4857 12.1607
  17  0.329449  3.5216  4.9282 -1.9329 13.6418 12.9055 11.6056 10.5233  9.0614  7.6844  7.3010  7.0599 10.4646 12.1377
  18  0.332872  3.5219  4.9240 -1.9227 13.6099 12.8744 11.5769 10.4958  9.0353  7.6594  7.2749  7.0345 10.4376 12.1080
  19  0.338133  3.5225  4.9188 -1.9085 13.5648 12.8300 11.5359 10.4568  8.9987  7.6244  7.2384  6.9990 10.3995 12.0658
  20  0.349454  3.5238  4.9100 -1.8802 13.4728 12.7393 11.4523 10.3777  8.9252  7.5553  7.1655  6.9285 10.3224 11.9797
  21  0.493902  3.5501  4.7908 -1.5054 12.1829 11.4357 10.2642  9.2759  7.9227  6.6515  6.1644  5.9640  9.2531 10.7678
  22  0.508517  3.5542  4.7777 -1.4631 12.0363 11.2807 10.1214  9.1456  7.8087  6.5535  6.0499  5.8533  9.1279 10.6253
  23  0.518229  3.5573  4.7693 -1.4344 11.9381 11.1749 10.0227  9.0558  7.7321  6.4884  5.9733  5.7791  9.0424 10.5275
  24  0.526047  3.5598  4.7626 -1.4110 11.8605 11.0895  9.9417  8.9823  7.6711  6.4365  5.9123  5.7200  8.9732 10.4478
  25  0.534006  3.5625  4.7560 -1.3870 11.7818 11.0019  9.8578  8.9064  7.6092  6.3842  5.8507  5.6602  8.9021 10.3658
  26  0.544062  3.5661  4.7481 -1.3568 11.6837 10.8911  9.7504  8.8094  7.5316  6.3194  5.7741  5.5859  8.8118 10.2616
  27  0.557886  3.5711  4.7373 -1.3152 11.5500 10.7373  9.5993  8.6730  7.4251  6.2313  5.6701  5.4852  8.6857 10.1162
  28  0.574325  3.5775  4.7250 -1.2646 11.3886 10.5468  9.4086  8.5016  7.2961  6.1270  5.5474  5.3667  8.5288  9.9352
  29  0.593624  3.5854  4.7114 -1.2048 11.1922 10.3086  9.1646  8.2830  7.1396  6.0060  5.4074  5.2331  8.3310  9.7079
  30  0.615622  3.5948  4.6969 -1.1371 10.9628 10.0258  8.8708  8.0201  6.9591  5.8718  5.2560  5.0905  8.0949  9.4382
  31  0.643070  3.6071  4.6808 -1.0527 10.6636  9.6601  8.4926  7.6808  6.7341  5.7082  5.0781  4.9259  7.7904  9.0948
  32  0.691604  3.6300  4.6571 -0.9058 10.0675  8.9966  7.8364  7.0908  6.3483  5.4296  4.7963  4.6715  7.2521  8.4841
  33  0.841286  3.6994  4.6007 -0.4870  7.6760  7.1074  6.2466  5.7277  5.2784  4.6296  4.1513  4.0924  5.8907  6.6111
  34  0.861695  3.7075  4.5912 -0.4347  7.3985  6.9026  6.0787  5.5846  5.1510  4.5294  4.0738  4.0197  5.7420  6.4024
  35  0.884098  3.7163  4.5800 -0.3769  7.1025  6.6832  5.8978  5.4293  5.0119  4.4192  3.9880  3.9387  5.5806  6.1815
  36  0.905848  3.7245  4.5681 -0.3217  6.8324  6.4812  5.7299  5.2833  4.8804  4.3139  3.9045  3.8593  5.4293  5.9823
  37  0.926373  3.7318  4.5559 -0.2706  6.5930  6.3003  5.5784  5.1501  4.7597  4.2162  3.8256  3.7837  5.2915  5.8067
  38  0.945859  3.7384  4.5434 -0.2228  6.3775  6.1358  5.4395  5.0267  4.6474  4.1242  3.7503  3.7109  5.1641  5.6495
  39  0.962934  3.7439  4.5317 -0.1812  6.1974  5.9965  5.3211  4.9205  4.5503  4.0439  3.6835  3.6461  5.0547  5.5177
  40  0.977189  3.7483  4.5212 -0.1466  6.0523  5.8826  5.2239  4.8329  4.4698  3.9768  3.6270  3.5911  4.9644  5.4109
  41  0.995405  3.7537  4.5075 -0.1033  5.8766  5.7422  5.1040  4.7244  4.3700  3.8926  3.5550  3.5214  4.8526  5.2804
  42  1.040912  3.7662  4.4695  0.0039  5.4668  5.4049  4.8133  4.4585  4.1239  3.6816  3.3706  3.3420  4.5794  4.9687
  43  1.070803  3.7736  4.4422  0.0731  5.2188  5.1942  4.6294  4.2888  3.9658  3.5434  3.2476  3.2218  4.4052  4.7742
  44  1.097811  3.7798  4.4164  0.1345  5.0067  5.0102  4.4675  4.1385  3.8253  3.4194  3.1359  3.1124  4.2512  4.6041
  45  1.159142  3.7933  4.3591  0.2695  4.5571  4.6114  4.1155  3.8113  3.5192  3.1481  2.8904  2.8717  3.9157  4.2355
  46  1.198794  3.8018  4.3236  0.3538  4.2857  4.3643  3.8971  3.6083  3.3294  2.9798  2.7380  2.7220  3.7073  4.0077
  47  1.219032  3.8056  4.3039  0.3958  4.1564  4.2439  3.7890  3.5068  3.2338  2.8935  2.6588  2.6439  3.6034  3.8957
  48  1.231892  3.8078  4.2903  0.4227  4.0759  4.1680  3.7202  3.4418  3.1721  2.8373  2.6066  2.5922  3.5371  3.8246
  49  1.242716  3.8095  4.2785  0.4451  4.0099  4.1054  3.6631  3.3876  3.1206  2.7900  2.5626  2.5485  3.4818  3.7657
  50  1.253843  3.8111  4.2668  0.4674  3.9447  4.0433  3.6062  3.3336  3.0692  2.7427  2.5184  2.5047  3.4268  3.7071
  51  1.265213  3.8127  4.2546  0.4896  3.8805  3.9817  3.5495  3.2796  3.0175  2.6948  2.4734  2.4601  3.3718  3.6489
  52  1.271272  3.8134  4.2480  0.5013  3.8473  3.9496  3.5198  3.2512  2.9904  2.6695  2.4495  2.4364  3.3429  3.6184
  53  1.277310  3.8141  4.2415  0.5128  3.8149  3.9182  3.4907  3.2234  2.9636  2.6445  2.4259  2.4129  3.3146  3.5886
  54  1.283335  3.8148  4.2349  0.5240  3.7834  3.8875  3.4622  3.1960  2.9373  2.6198  2.4024  2.3896  3.2868  3.5593
  55  1.289370  3.8155  4.2285  0.5351  3.7524  3.8573  3.4341  3.1691  2.9115  2.5955  2.3793  2.3666  3.2595  3.5306
  56  1.295425  3.8161  4.2222  0.5459  3.7221  3.8277  3.4065  3.1426  2.8860  2.5716  2.3566  2.3440  3.2326  3.5024
  57  1.301529  3.8167  4.2161  0.5567  3.6921  3.7984  3.3792  3.1165  2.8609  2.5480  2.3342  2.3218  3.2060  3.4745
  58  1.307690  3.8174  4.2101  0.5673  3.6625  3.7695  3.3524  3.0908  2.8362  2.5249  2.3122  2.2999  3.1799  3.4470
  59  1.313939  3.8180  4.2043  0.5778  3.6330  3.7407  3.3258  3.0653  2.8118  2.5021  2.2906  2.2785  3.1540  3.4197
  60  1.320321  3.8187  4.1986  0.5883  3.6035  3.7119  3.2991  3.0398  2.7874  2.4792  2.2690  2.2571  3.1281  3.3924
  61  1.326821  3.8194  4.1928  0.5988  3.5740  3.6831  3.2723  3.0142  2.7628  2.4562  2.2472  2.2354  3.1020  3.3650
  62  1.333463  3.8200  4.1868  0.6094  3.5445  3.6541  3.2454  2.9884  2.7380  2.4329  2.2250  2.2134  3.0758  3.3374
  63  1.340193  3.8205  4.1805  0.6201  3.5152  3.6251  3.2183  2.9623  2.7129  2.4091  2.2022  2.1907  3.0493  3.3097
  64  1.346964  3.8210  4.1738  0.6309  3.4864  3.5964  3.1911  2.9361  2.6874  2.3847  2.1787  2.1673  3.0227  3.2821
  65  1.353716  3.8214  4.1667  0.6416  3.4583  3.5682  3.1642  2.9098  2.6617  2.3599  2.1545  2.1433  2.9962  3.2548
  66  1.360341  3.8216  4.1594  0.6520  3.4313  3.5409  3.1378  2.8839  2.6363  2.3350  2.1301  2.1190  2.9701  3.2281
  67  1.366808  3.8218  4.1519  0.6622  3.4055  3.5147  3.1121  2.8586  2.6113  2.3104  2.1058  2.0947  2.9447  3.2023
  68  1.373054  3.8218  4.1443  0.6721  3.3810  3.4895  3.0874  2.8341  2.5870  2.2862  2.0818  2.0707  2.9201  3.1774
  69  1.379267  3.8218  4.1366  0.6818  3.3570  3.4649  3.0630  2.8098  2.5628  2.2620  2.0577  2.0467  2.8958  3.1529
  70  1.385564  3.8218  4.1287  0.6915  3.3334  3.4405  3.0386  2.7855  2.5384  2.2376  2.0332  2.0222  2.8714  3.1285
  71  1.391941  3.8217  4.1206  0.7012  3.3099  3.4161  3.0141  2.7610  2.5139  2.2129  2.0085  1.9974  2.8469  3.1041
  72  1.398542  3.8216  4.1123  0.7112  3.2861  3.3913  2.9892  2.7360  2.4888  2.1875  1.9830  1.9719  2.8220  3.0791
  73  1.405351  3.8215  4.1037  0.7214  3.2618  3.3661  2.9637  2.7104  2.4630  2.1614  1.9567  1.9456  2.7964  3.0537
  74  1.412369  3.8213  4.0946  0.7318  3.2373  3.3404  2.9375  2.6840  2.4364  2.1343  1.9293  1.9182  2.7701  3.0276
  75  1.419499  3.8210  4.0852  0.7424  3.2127  3.3145  2.9110  2.6571  2.4092  2.1065  1.9011  1.8899  2.7433  3.0013
  76  1.426917  3.8207  4.0752  0.7533  3.1878  3.2881  2.8838  2.6295  2.3811  2.0776  1.8717  1.8604  2.7159  2.9743
  77  1.434498  3.8203  4.0648  0.7643  3.1629  3.2617  2.8563  2.6014  2.3525  2.0480  1.8415  1.8301  2.6880  2.9471
  78  1.442116  3.8198  4.0543  0.7752  3.1386  3.2357  2.8290  2.5735  2.3239  2.0183  1.8110  1.7995  2.6603  2.9201
  79  1.449932  3.8193  4.0436  0.7861  3.1148  3.2100  2.8019  2.5456  2.2952  1.9883  1.7802  1.7685  2.6327  2.8934
  80  1.457706  3.8187  4.0330  0.7968  3.0918  3.1852  2.7755  2.5183  2.2671  1.9589  1.7498  1.7380  2.6057  2.8675
  81  1.465453  3.8181  4.0224  0.8071  3.0698  3.1613  2.7498  2.4916  2.2395  1.9297  1.7196  1.7077  2.5794  2.8422
  82  1.470178  3.8176  4.0159  0.8134  3.0567  3.1470  2.7343  2.4755  2.2228  1.9121  1.7013  1.6892  2.5635  2.8270
  83  1.474885  3.8172  4.0094  0.8196  3.0440  3.1330  2.7190  2.4595  2.2062  1.8944  1.6829  1.6707  2.5478  2.8121
  84  1.479611  3.8167  4.0028  0.8256  3.0317  3.1193  2.7040  2.4438  2.1897  1.8768  1.6645  1.6522  2.5324  2.7975
  85  1.484331  3.8162  3.9961  0.8317  3.0197  3.1059  2.6891  2.4281  2.1733  1.8592  1.6461  1.6336  2.5169  2.7830
  86  1.489061  3.8157  3.9894  0.8377  3.0079  3.0927  2.6743  2.4125  2.1569  1.8416  1.6276  1.6149  2.5017  2.7687
  87  1.493784  3.8151  3.9825  0.8436  2.9967  3.0800  2.6598  2.3970  2.1405  1.8238  1.6088  1.5961  2.4866  2.7547
  88  1.498513  3.8145  3.9756  0.8495  2.9858  3.0675  2.6454  2.3816  2.1242  1.8060  1.5899  1.5770  2.4715  2.7408
  89  1.503268  3.8138  3.9684  0.8553  2.9751  3.0551  2.6310  2.3661  2.1077  1.7879  1.5708  1.5576  2.4564  2.7270
  90  1.508063  3.8131  3.9610  0.8613  2.9646  3.0428  2.6166  2.3505  2.0910  1.7695  1.5512  1.5378  2.4413  2.7131
  91  1.512903  3.8124  3.9535  0.8672  2.9542  3.0306  2.6021  2.3348  2.0742  1.7509  1.5313  1.5177  2.4260  2.6993
  92  1.517744  3.8116  3.9459  0.8732  2.9442  3.0186  2.5877  2.3191  2.0572  1.7321  1.5112  1.4974  2.4108  2.6855
  93  1.522595  3.8108  3.9382  0.8791  2.9343  3.0067  2.5733  2.3034  2.0404  1.7134  1.4910  1.4770  2.3956  2.6719
  94  1.527406  3.8100  3.9304  0.8849  2.9251  2.9953  2.5593  2.2880  2.0237  1.6946  1.4708  1.4565  2.3807  2.6586
  95  1.532212  3.8092  3.9226  0.8906  2.9161  2.9842  2.5455  2.2728  2.0072  1.6761  1.4508  1.4363  2.3660  2.6456
  96  1.536974  3.8083  3.9149  0.8963  2.9074  2.9732  2.5319  2.2577  1.9907  1.6576  1.4308  1.4160  2.3515  2.6327
  97  1.541656  3.8074  3.9070  0.9020  2.8988  2.9623  2.5182  2.2425  1.9742  1.6389  1.4106  1.3956  2.3368  2.6198
  98  1.546271  3.8066  3.8992  0.9077  2.8902  2.9514  2.5045  2.2274  1.9578  1.6203  1.3905  1.3752  2.3222  2.6069
  99  1.550764  3.8057  3.8913  0.9134  2.8815  2.9404  2.4909  2.2123  1.9414  1.6019  1.3705  1.3550  2.3077  2.5940
 100  1.555104  3.8049  3.8836  0.9192  2.8723  2.9291  2.4770  2.1971  1.9250  1.5835  1.3508  1.3350  2.2930  2.5809
 101  1.559183  3.8043  3.8762  0.9251  2.8622  2.9171  2.4629  2.1819  1.9087  1.5655  1.3316  1.3156  2.2781  2.5673
 102  1.562769  3.8038  3.8696  0.9308  2.8512  2.9046  2.4490  2.1672  1.8933  1.5490  1.3142  1.2981  2.2637  2.5538
 103  1.565516  3.8036  3.8644  0.9360  2.8398  2.8924  2.4361  2.1540  1.8798  1.5350  1.2999  1.2837  2.2507  2.5411
 104  1.567672  3.8036  3.8602  0.9407  2.8284  2.8806  2.4243  2.1422  1.8680  1.5231  1.2880  1.2718  2.2389  2.5293
 105  1.569400  3.8037  3.8568  0.9450  2.8170  2.8693  2.4133  2.1315  1.8575  1.5129  1.2781  1.2619  2.2281  2.5182
 106  1.570794  3.8039  3.8540  0.9490  2.8060  2.8584  2.4032  2.1217  1.8480  1.5039  1.2694  1.2533  2.2181  2.5078
 107  1.571947  3.8041  3.8516  0.9527  2.7950  2.8479  2.3935  2.1125  1.8392  1.4958  1.2619  1.2458  2.2088  2.4979
 108  1.572913  3.8045  3.8496  0.9563  2.7842  2.8376  2.3843  2.1039  1.8311  1.4885  1.2552  1.2392  2.2000  2.4884
 109  1.573737  3.8048  3.8479  0.9597  2.7733  2.8273  2.3754  2.0957  1.8235  1.4819  1.2493  1.2334  2.1915  2.4790
 110  1.574434  3.8052  3.8463  0.9630  2.7630  2.8177  2.3669  2.0879  1.8163  1.4756  1.2436  1.2279  2.1834  2.4702
 111  1.575036  3.8056  3.8450  0.9661  2.7526  2.8080  2.3586  2.0803  1.8095  1.4698  1.2386  1.2229  2.1756  2.4615
 112  1.575340  3.8059  3.8443  0.9679  2.7468  2.8026  2.3541  2.0762  1.8057  1.4666  1.2359  1.2203  2.1713  2.4567
 113  1.575644  3.8061  3.8436  0.9698  2.7403  2.7966  2.3490  2.0717  1.8017  1.4633  1.2331  1.2176  2.1666  2.4514
 114  1.575946  3.8064  3.8429  0.9716  2.7340  2.7909  2.3442  2.0673  1.7977  1.4600  1.2303  1.2149  2.1621  2.4463
 115  1.576248  3.8068  3.8422  0.9738  2.7267  2.7841  2.3386  2.0623  1.7933  1.4564  1.2273  1.2120  2.1568  2.4403
 116  1.576547  3.8071  3.8415  0.9760  2.7190  2.7771  2.3327  2.0571  1.7886  1.4526  1.2242  1.2090  2.1514  2.4342
 117  1.576844  3.8075  3.8408  0.9784  2.7106  2.7694  2.3263  2.0514  1.7836  1.4486  1.2210  1.2059  2.1455  2.4274
 118  1.577135  3.8080  3.8400  0.9810  2.7013  2.7609  2.3194  2.0453  1.7782  1.4443  1.2174  1.2025  2.1390  2.4200
 119  1.577419  3.8085  3.8392  0.9840  2.6909  2.7515  2.3116  2.0384  1.7722  1.4396  1.2137  1.1989  2.1318  2.4117
 120  1.577700  3.8090  3.8385  0.9871  2.6800  2.7415  2.3035  2.0313  1.7660  1.4347  1.2099  1.1952  2.1244  2.4031
 121  1.577974  3.8096  3.8378  0.9903  2.6684  2.7310  2.2950  2.0239  1.7596  1.4298  1.2060  1.1916  2.1165  2.3940
 122  1.578241  3.8103  3.8372  0.9937  2.6556  2.7194  2.2857  2.0159  1.7527  1.4246  1.2022  1.1879  2.1081  2.3841
 123  1.578497  3.8111  3.8366  0.9974  2.6423  2.7074  2.2761  2.0076  1.7456  1.4194  1.1983  1.1842  2.0993  2.3737
 124  1.578743  3.8119  3.8361  1.0013  2.6278  2.6943  2.2658  1.9987  1.7381  1.4139  1.1944  1.1806  2.0899  2.3626
 125  1.578975  3.8129  3.8358  1.0054  2.6124  2.6804  2.2549  1.9895  1.7304  1.4084  1.1905  1.1769  2.0800  2.3508
 126  1.579193  3.8139  3.8356  1.0097  2.5960  2.6656  2.2433  1.9797  1.7222  1.4027  1.1866  1.1733  2.0696  2.3384
 127  1.579388  3.8149  3.8353  1.0143  2.5786  2.6498  2.2311  1.9693  1.7136  1.3966  1.1824  1.1695  2.0585  2.3251
 128  1.579561  3.8161  3.8349  1.0193  2.5602  2.6331  2.2180  1.9582  1.7043  1.3901  1.1778  1.1652  2.0467  2.3110
 129  1.579718  3.8173  3.8346  1.0244  2.5412  2.6157  2.2044  1.9468  1.6948  1.3834  1.1733  1.1611  2.0344  2.2963
 130  1.579860  3.8185  3.8343  1.0296  2.5216  2.5978  2.1905  1.9351  1.6851  1.3767  1.1688  1.1569  2.0219  2.2813
 131  1.579987  3.8198  3.8341  1.0350  2.5015  2.5795  2.1762  1.9231  1.6752  1.3698  1.1641  1.1526  2.0090  2.2658
 132  1.580096  3.8211  3.8336  1.0406  2.4812  2.5606  2.1615  1.9106  1.6648  1.3624  1.1590  1.1478  1.9957  2.2500
 133  1.580194  3.8224  3.8314  1.0482  2.4557  2.5366  2.1417  1.8932  1.6496  1.3504  1.1494  1.1386  1.9774  2.2290
 134  1.580282  3.8239  3.8298  1.0559  2.4293  2.5117  2.1216  1.8758  1.6346  1.3390  1.1406  1.1302  1.9589  2.2076
 135  1.580357  3.8256  3.8306  1.0620  2.4058  2.4902  2.1055  1.8626  1.6243  1.3327  1.1374  1.1274  1.9446  2.1899
 136  1.580421  3.8272  3.8308  1.0680  2.3839  2.4698  2.0899  1.8498  1.6140  1.3260  1.1333  1.1238  1.9307  2.1730
 137  1.580471  3.8286  3.8305  1.0741  2.3619  2.4491  2.0738  1.8362  1.6028  1.3183  1.1281  1.1190  1.9161  2.1556
 138  1.580519  3.8300  3.8298  1.0805  2.3398  2.4280  2.0572  1.8220  1.5910  1.3097  1.1220  1.1132  1.9010  2.1377
 139  1.580586  3.8314  3.8296  1.0863  2.3195  2.4088  2.0422  1.8095  1.5807  1.3027  1.1174  1.1089  1.8875  2.1216
 140  1.580688  3.8318  3.8302  1.0873  2.3151  2.4048  2.0395  1.8075  1.5794  1.3023  1.1177  1.1094  1.8852  2.1185
 141  1.580737  3.8314  3.8302  1.0857  2.3208  2.4102  2.0436  1.8109  1.5821  1.3040  1.1187  1.1103  1.8889  2.1229
 142  1.580807  3.8308  3.8307  1.0826  2.3316  2.4205  2.0518  1.8179  1.5880  1.3084  1.1219  1.1133  1.8964  2.1318
 143  1.580851  3.8293  3.8303  1.0769  2.3523  2.4399  2.0666  1.8301  1.5977  1.3146  1.1255  1.1165  1.9096  2.1478
 144  1.580927  3.8266  3.8227  1.0738  2.3724  2.4569  2.0754  1.8343  1.5976  1.3083  1.1147  1.1050  1.9156  2.1589
 145  1.580993  3.8249  3.8140  1.0761  2.3749  2.4570  2.0704  1.8266  1.5873  1.2941  1.0977  1.0876  1.9089  2.1553
 146  1.581080  3.8232  3.8021  1.0809  2.3717  2.4509  2.0590  1.8122  1.5702  1.2729  1.0736  1.0629  1.8957  2.1454
 147  1.581201  3.8219  3.7904  1.0874  2.3628  2.4394  2.0435  1.7944  1.5503  1.2499  1.0483  1.0373  1.8788  2.1310
 148  1.581429  3.8200  3.7784  1.0921  2.3609  2.4343  2.0326  1.7805  1.5334  1.2287  1.0239  1.0124  1.8660  2.1217
 149  1.581619  3.8185  3.7746  1.0899  2.3740  2.4452  2.0388  1.7841  1.5346  1.2263  1.0189  1.0070  1.8706  2.1292
 150  1.581878  3.8164  3.7665  1.0897  2.3860  2.4537  2.0406  1.7822  1.5294  1.2161  1.0051  0.9925  1.8702  2.1329
 151  1.582118  3.8151  3.7585  1.0923  2.3871  2.4522  2.0349  1.7742  1.5192  1.2027  0.9893  0.9763  1.8630  2.1283
 152  1.582360  3.8138  3.7550  1.0908  2.3981  2.4610  2.0395  1.7766  1.5195  1.1999  0.9843  0.9709  1.8662  2.1341
 153  1.582607  3.8126  3.7518  1.0892  2.4089  2.4697  2.0443  1.7792  1.5202  1.1977  0.9799  0.9662  1.8697  2.1400
 154  1.582912  3.8111  3.7462  1.0892  2.4174  2.4754  2.0454  1.7779  1.5166  1.1906  0.9702  0.9561  1.8692  2.1424
 155  1.583232  3.8099  3.7408  1.0899  2.4228  2.4783  2.0445  1.7748  1.5116  1.1827  0.9602  0.9457  1.8669  2.1425
 156  1.583557  3.8090  3.7364  1.0905  2.4273  2.4808  2.0438  1.7724  1.5077  1.1763  0.9521  0.9373  1.8652  2.1428
 157  1.583885  3.8081  3.7326  1.0909  2.4313  2.4830  2.0432  1.7704  1.5043  1.1709  0.9451  0.9301  1.8637  2.1430
 158  1.584213  3.8073  3.7292  1.0914  2.4350  2.4850  2.0427  1.7686  1.5012  1.1659  0.9388  0.9236  1.8624  2.1432
 159  1.584543  3.8066  3.7260  1.0918  2.4385  2.4869  2.0423  1.7669  1.4984  1.1613  0.9329  0.9174  1.8611  2.1434
 160  1.584873  3.8059  3.7229  1.0922  2.4419  2.4888  2.0419  1.7653  1.4957  1.1569  0.9272  0.9115  1.8600  2.1437
 161  1.585204  3.8052  3.7199  1.0925  2.4454  2.4908  2.0416  1.7638  1.4931  1.1526  0.9216  0.9058  1.8589  2.1440
 162  1.586558  3.8026  3.7082  1.0940  2.4589  2.4981  2.0401  1.7577  1.4827  1.1356  0.8998  0.8831  1.8545  2.1450
 163  1.587880  3.7995  3.6962  1.0940  2.4797  2.5113  2.0431  1.7552  1.4752  1.1204  0.8788  0.8613  1.8539  2.1509
 164  1.589168  3.7960  3.6840  1.0925  2.5082  2.5306  2.0505  1.7563  1.4707  1.1069  0.8588  0.8402  1.8573  2.1618
 165  1.590408  3.7920  3.6718  1.0889  2.5467  2.5578  2.0639  1.7625  1.4703  1.0962  0.8405  0.8206  1.8660  2.1792
 166  1.591577  3.7875  3.6603  1.0827  2.5970  2.5942  2.0846  1.7750  1.4755  1.0898  0.8255  0.8041  1.8813  2.2045
 167  1.592646  3.7826  3.6501  1.0737  2.6595  2.6402  2.1135  1.7948  1.4873  1.0889  0.8153  0.7922  1.9042  2.2384
 168  1.593592  3.7775  3.6420  1.0619  2.7323  2.6945  2.1499  1.8220  1.5062  1.0944  0.8109  0.7862  1.9345  2.2802
 169  1.594412  3.7726  3.6363  1.0479  2.8128  2.7548  2.1926  1.8555  1.5315  1.1061  0.8125  0.7862  1.9709  2.3282
 170  1.595119  3.7678  3.6329  1.0322  2.8980  2.8189  2.2397  1.8938  1.5619  1.1232  0.8196  0.7919  2.0119  2.3807
 171  1.595736  3.7632  3.6317  1.0154  2.9858  2.8856  2.2898  1.9353  1.5958  1.1444  0.8312  0.8021  2.0561  2.4362
 172  1.596285  3.7589  3.6319  0.9979  3.0752  2.9542  2.3421  1.9791  1.6323  1.1685  0.8459  0.8152  2.1024  2.4937
 173  1.596786  3.7547  3.6334  0.9799  3.1660  3.0238  2.3957  2.0245  1.6705  1.1948  0.8629  0.8308  2.1502  2.5527
 174  1.597256  3.7506  3.6355  0.9617  3.2584  3.0943  2.4502  2.0709  1.7099  1.2224  0.8814  0.8477  2.1989  2.6129
 175  1.597711  3.7466  3.6379  0.9433  3.3528  3.1655  2.5055  2.1179  1.7499  1.2507  0.9006  0.8653  2.2483  2.6739
 176  1.598167  3.7425  3.6401  0.9249  3.4503  3.2377  2.5614  2.1652  1.7901  1.2788  0.9194  0.8824  2.2980  2.7360
 177  1.598643  3.7383  3.6415  0.9067  3.5514  3.3112  2.6177  2.2125  1.8299  1.3059  0.9367  0.8977  2.3477  2.7991
 178  1.599170  3.7337  3.6409  0.8892  3.6577  3.3863  2.6741  2.2590  1.8683  1.3304  0.9504  0.9093  2.3968  2.8634
 179  1.599808  3.7285  3.6363  0.8731  3.7716  3.4631  2.7295  2.3029  1.9029  1.3489  0.9562  0.9126  2.4436  2.9283
 180  1.600696  3.7221  3.6217  0.8623  3.8933  3.5367  2.7766  2.3355  1.9239  1.3498  0.9411  0.8944  2.4798  2.9881
 181  1.601754  3.7159  3.5928  0.8668  3.9782  3.5725  2.7865  2.3312  1.9081  1.3141  0.8896  0.8398  2.4789  3.0115
 182  1.602611  3.7121  3.5630  0.8814  4.0053  3.5670  2.7646  2.3001  1.8698  1.2630  0.8281  0.7766  2.4499  2.9983
 183  1.603369  3.7093  3.5339  0.8997  4.0062  3.5439  2.7297  2.2587  1.8230  1.2070  0.7647  0.7119  2.4099  2.9696
 184  1.604069  3.7072  3.5057  0.9196  3.9934  3.5120  2.6886  2.2125  1.7727  1.1496  0.7015  0.6477  2.3648  2.9333
 185  1.604738  3.7054  3.4783  0.9402  3.9731  3.4756  2.6444  2.1641  1.7208  1.0917  0.6388  0.5841  2.3173  2.8929
 186  1.605388  3.7039  3.4513  0.9612  3.9481  3.4364  2.5984  2.1145  1.6681  1.0337  0.5767  0.5213  2.2684  2.8502
 187  1.606027  3.7025  3.4249  0.9824  3.9202  3.3956  2.5514  2.0642  1.6151  0.9760  0.5153  0.4592  2.2188  2.8060
 188  1.606661  3.7013  3.3989  1.0035  3.8904  3.3539  2.5039  2.0137  1.5621  0.9187  0.4546  0.3978  2.1689  2.7612
 189  1.607294  3.7001  3.3733  1.0247  3.8593  3.3116  2.4562  1.9632  1.5092  0.8618  0.3945  0.3372  2.1190  2.7158
 190  1.607926  3.6990  3.3480  1.0457  3.8274  3.2690  2.4084  1.9128  1.4566  0.8053  0.3351  0.2772  2.0691  2.6702
 191  1.608559  3.6980  3.3230  1.0667  3.7950  3.2264  2.3608  1.8626  1.4042  0.7494  0.2763  0.2178  2.0195  2.6248
 192  1.609193  3.6970  3.2984  1.0876  3.7622  3.1837  2.3132  1.8127  1.3522  0.6939  0.2181  0.1590  1.9700  2.5794
 193  1.609830  3.6960  3.2740  1.1083  3.7292  3.1411  2.2660  1.7630  1.3006  0.6389  0.1605  0.1008  1.9209  2.5340
 194  1.610469  3.6951  3.2498  1.1288  3.6965  3.0989  2.2190  1.7137  1.2493  0.5843  0.1034  0.0431  1.8720  2.4891
 195  1.611109  3.6941  3.2258  1.1493  3.6640  3.0569  2.1724  1.6648  1.1984  0.5301  0.0466 -0.0142  1.8236  2.4444
 196  1.611753  3.6932  3.2020  1.1695  3.6322  3.0155  2.1263  1.6164  1.1480  0.4764 -0.0096 -0.0710  1.7756  2.4003
 197  1.612398  3.6923  3.1783  1.1896  3.6006  2.9743  2.0805  1.5683  1.0979  0.4230 -0.0655 -0.1275  1.7279  2.3564
 198  1.613045  3.6914  3.1548  1.2096  3.5694  2.9336  2.0351  1.5205  1.0482  0.3701 -0.1210 -0.1835  1.6807  2.3129
 199  1.613692  3.6904  3.1314  1.2295  3.5386  2.8931  1.9900  1.4731  0.9988  0.3174 -0.1761 -0.2393  1.6337  2.2697
 200  1.614339  3.6895  3.1082  1.2493  3.5082  2.8530  1.9451  1.4260  0.9497  0.2650 -0.2310 -0.2948  1.5870  2.2269
 201  1.614988  3.6886  3.0850  1.2689  3.4783  2.8133  1.9007  1.3792  0.9010  0.2130 -0.2856 -0.3499  1.5407  2.1845
 202  1.615636  3.6877  3.0620  1.2884  3.4489  2.7740  1.8566  1.3328  0.8525  0.1612 -0.3399 -0.4049  1.4947  2.1424
 203  1.616283  3.6867  3.0390  1.3079  3.4200  2.7350  1.8128  1.2866  0.8043  0.1097 -0.3940 -0.4596  1.4489  2.1006
 204  1.616928  3.6858  3.0160  1.3273  3.3915  2.6963  1.7693  1.2407  0.7562  0.0583 -0.4480 -0.5142  1.4034  2.0592
 205  1.617573  3.6849  2.9931  1.3465  3.3639  2.6581  1.7262  1.1951  0.7085  0.0071 -0.5018 -0.5687  1.3583  2.0182
 206  1.618217  3.6839  2.9702  1.3657  3.3369  2.6203  1.6834  1.1498  0.6611 -0.0439 -0.5555 -0.6230  1.3134  1.9777
 207  1.618860  3.6829  2.9474  1.3848  3.3109  2.5832  1.6411  1.1049  0.6140 -0.0946 -0.6089 -0.6772  1.2690  1.9378
 208  1.619501  3.6819  2.9246  1.4038  3.2854  2.5464  1.5991  1.0602  0.5670 -0.1451 -0.6623 -0.7312  1.2248  1.8982
 209  1.620140  3.6809  2.9017  1.4227  3.2607  2.5100  1.5573  1.0157  0.5203 -0.1956 -0.7157 -0.7854  1.1807  1.8590
 210  1.620773  3.6799  2.8787  1.4417  3.2363  2.4736  1.5154  0.9711  0.4734 -0.2463 -0.7693 -0.8397  1.1366  1.8200
 211  1.621401  3.6788  2.8556  1.4609  3.2125  2.4373  1.4735  0.9263  0.4263 -0.2973 -0.8233 -0.8945  1.0923  1.7810
 212  1.622022  3.6777  2.8320  1.4803  3.1889  2.4008  1.4312  0.8811  0.3786 -0.3489 -0.8780 -0.9500  1.0476  1.7417
 213  1.622632  3.6766  2.8081  1.4999  3.1654  2.3639  1.3884  0.8352  0.3303 -0.4014 -0.9337 -1.0065  1.0023  1.7021
 214  1.623229  3.6755  2.7835  1.5201  3.1418  2.3265  1.3448  0.7884  0.2809 -0.4551 -0.9907 -1.0644  0.9560  1.6618
 215  1.623812  3.6743  2.7584  1.5406  3.1180  2.2884  1.3004  0.7407  0.2305 -0.5099 -1.0489 -1.1235  0.9089  1.6207
 216  1.624384  3.6731  2.7329  1.5616  3.0944  2.2498  1.2554  0.6924  0.1794 -0.5656 -1.1081 -1.1836  0.8610  1.5792
 217  1.624490  3.6729  2.7279  1.5656  3.0897  2.2424  1.2466  0.6830  0.1694 -0.5764 -1.1196 -1.1953  0.8517  1.5712
 218  1.624596  3.6726  2.7229  1.5697  3.0852  2.2349  1.2379  0.6736  0.1595 -0.5873 -1.1312 -1.2070  0.8424  1.5631
 219  1.624701  3.6724  2.7179  1.5738  3.0805  2.2273  1.2291  0.6641  0.1495 -0.5981 -1.1428 -1.2188  0.8331  1.5550
 220  1.624806  3.6722  2.7129  1.5779  3.0761  2.2198  1.2203  0.6546  0.1394 -0.6091 -1.1544 -1.2306  0.8237  1.5469
 221  1.624911  3.6719  2.7079  1.5820  3.0714  2.2123  1.2114  0.6451  0.1294 -0.6200 -1.1660 -1.2424  0.8143  1.5387
 222  1.625015  3.6717  2.7028  1.5862  3.0669  2.2047  1.2026  0.6356  0.1193 -0.6311 -1.1778 -1.2543  0.8049  1.5306
 223  1.625118  3.6715  2.6977  1.5903  3.0622  2.1971  1.1937  0.6260  0.1091 -0.6421 -1.1895 -1.2662  0.7954  1.5224
 224  1.625222  3.6712  2.6926  1.5945  3.0576  2.1895  1.1848  0.6164  0.0990 -0.6532 -1.2013 -1.2782  0.7859  1.5142
 225  1.625325  3.6710  2.6875  1.5986  3.0529  2.1818  1.1758  0.6068  0.0888 -0.6643 -1.2131 -1.2902  0.7764  1.5059
 226  1.625427  3.6707  2.6824  1.6028  3.0484  2.1742  1.1669  0.5972  0.0786 -0.6754 -1.2249 -1.3022  0.7669  1.4977
 227  1.626399  3.6684  2.6321  1.6441  3.0027  2.0987  1.0786  0.5023 -0.0220 -0.7850 -1.3414 -1.4205  0.6729  1.4164
 228  1.627326  3.6661  2.5824  1.6850  2.9577  2.0241  0.9914  0.4086 -0.1214 -0.8932 -1.4564 -1.5374  0.5801  1.3360
 229  1.628206  3.6640  2.5373  1.7215  2.9214  1.9593  0.9146  0.3254 -0.2100 -0.9904 -1.5601 -1.6429  0.4978  1.2659
 230  1.629033  3.6621  2.5000  1.7517  2.8930  1.9065  0.8516  0.2571 -0.2831 -1.0707 -1.6459 -1.7302  0.4301  1.2088
 231  1.629863  3.6617  2.4914  1.7591  2.8848  1.8930  0.8358  0.2401 -0.3010 -1.0901 -1.6664 -1.7510  0.4133  1.1943
 232  1.630742  3.6628  2.5084  1.7465  2.8896  1.9117  0.8604  0.2678 -0.2707 -1.0556 -1.6288 -1.7125  0.4406  1.2149
 233  1.631700  3.6606  2.4637  1.7827  2.8567  1.8487  0.7849  0.1858 -0.3582 -1.1518 -1.7315 -1.8171  0.3594  1.1470
 234  1.632604  3.6568  2.3908  1.8406  2.8135  1.7530  0.6674  0.0566 -0.4974 -1.3062 -1.8975 -1.9866  0.2317  1.0432
 235  1.633393  3.6530  2.3192  1.8973  2.7733  1.6606  0.5535 -0.0688 -0.6333 -1.4573 -2.0600 -2.1526  0.1074  0.9429
 236  1.634088  3.6494  2.2505  1.9516  2.7372  1.5738  0.4461 -0.1876 -0.7628 -1.6018 -2.2156 -2.3117 -0.0104  0.8485
 237  1.634698  3.6459  2.1849  2.0035  2.7049  1.4927  0.3452 -0.2994 -0.8857 -1.7394 -2.3638 -2.4634 -0.1217  0.7601
 238  1.635257  3.6423  2.1190  2.0552  2.6757  1.4140  0.2463 -0.4095 -1.0078 -1.8766 -2.5119 -2.6150 -0.2314  0.6741
 239  1.635749  3.6388  2.0552  2.1052  2.6502  1.3398  0.1522 -0.5148 -1.1252 -2.0091 -2.6550 -2.7618 -0.3363  0.5929
 240  1.636195  3.6353  1.9923  2.1541  2.6279  1.2696  0.0623 -0.6158 -1.2395 -2.1387 -2.7953 -2.9059 -0.4375  0.5159
 241  1.636596  3.6318  1.9304  2.2019  2.6100  1.2046 -0.0222 -0.7118 -1.3501 -2.2653 -2.9327 -3.0472 -0.5340  0.4441
 242  1.636957  3.6282  1.8699  2.2484  2.5941  1.1436 -0.1020 -0.8031 -1.4571 -2.3885 -3.0666 -3.1850 -0.6263  0.3765
 243  1.637280  3.6248  1.8110  2.2935  2.5804  1.0872 -0.1764 -0.8890 -1.5600 -2.5079 -3.1965 -3.3188 -0.7137  0.3133
 244  1.637575  3.6213  1.7530  2.3377  2.5676  1.0339 -0.2476 -0.9713 -1.6603 -2.6248 -3.3239 -3.4502 -0.7978  0.2531
 245  1.637840  3.6179  1.6964  2.3807  2.5549  0.9838 -0.3150 -1.0494 -1.7572 -2.7381 -3.4477 -3.5779 -0.8782  0.1960
 246  1.638080  3.6145  1.6412  2.4224  2.5427  0.9374 -0.3776 -1.1228 -1.8507 -2.8485 -3.5681 -3.7022 -0.9544  0.1425
 247  1.638301  3.6111  1.5868  2.4635  2.5308  0.8942 -0.4359 -1.1920 -1.9418 -2.9568 -3.6864 -3.8244 -1.0272  0.0922
 248  1.638503  3.6078  1.5335  2.5036  2.5181  0.8539 -0.4900 -1.2570 -2.0299 -3.0626 -3.8018 -3.9437 -1.0966  0.0446
 249  1.638685  3.6046  1.4818  2.5425  2.5055  0.8172 -0.5391 -1.3170 -2.1145 -3.1650 -3.9135 -4.0592 -1.1617  0.0006
 250  1.638855  3.6014  1.4307  2.5808  2.4927  0.7832 -0.5845 -1.3731 -2.1975 -3.2663 -4.0238 -4.1734 -1.2239 -0.0410
 251  1.639008  3.5983  1.3814  2.6177  2.4791  0.7514 -0.6268 -1.4247 -2.2777 -3.3637 -4.1299 -4.2832 -1.2823 -0.0809
 252  1.639151  3.5952  1.3328  2.6541  2.4655  0.7229 -0.6647 -1.4724 -2.3554 -3.4594 -4.2339 -4.3910 -1.3375 -0.1177
 253  1.639283  3.5922  1.2851  2.6897  2.4518  0.6978 -0.6978 -1.5159 -2.4302 -3.5530 -4.3357 -4.4965 -1.3893 -0.1511
 254  1.639404  3.5892  1.2386  2.7244  2.4383  0.6764 -0.7260 -1.5550 -2.5017 -3.6439 -4.4346 -4.5991 -1.4375 -0.1809
 255  1.639515  3.5864  1.1935  2.7580  2.4249  0.6588 -0.7489 -1.5895 -2.5694 -3.7317 -4.5300 -4.6981 -1.4816 -0.2069
 256  1.639620  3.5835  1.1489  2.7912  2.4118  0.6449 -0.7667 -1.6198 -2.6347 -3.8183 -4.6240 -4.7958 -1.5226 -0.2295
 257  1.639716  3.5807  1.1056  2.8233  2.3990  0.6349 -0.7791 -1.6455 -2.6962 -3.9019 -4.7148 -4.8902 -1.5598 -0.2483
 258  1.639806  3.5780  1.0632  2.8547  2.3871  0.6294 -0.7849 -1.6647 -2.7560 -3.9839 -4.8035 -4.9825 -1.5928 -0.2651
 259  1.639889  3.5752  1.0218  2.8853  2.3757  0.6276 -0.7854 -1.6788 -2.8132 -4.0637 -4.8896 -5.0721 -1.6220 -0.2793
 260  1.639967  3.5725  0.9810  2.9153  2.3650  0.6299 -0.7801 -1.6884 -2.8675 -4.1422 -4.9743 -5.1603 -1.6478 -0.2893
 261  1.640040  3.5699  0.9410  2.9446  2.3546  0.6360 -0.7694 -1.6938 -2.9184 -4.2189 -5.0570 -5.2465 -1.6701 -0.2949
 262  1.640108  3.5672  0.9018  2.9732  2.3446  0.6462 -0.7530 -1.6951 -2.9659 -4.2939 -5.1378 -5.3307 -1.6888 -0.2957
 263  1.640172  3.5646  0.8636  3.0011  2.3351  0.6603 -0.7310 -1.6923 -3.0095 -4.3665 -5.2161 -5.4124 -1.7040 -0.2917
 264  1.640232  3.5620  0.8258  3.0286  2.3259  0.6788 -0.7029 -1.6855 -3.0496 -4.4379 -5.2931 -5.4928 -1.7157 -0.2825
 265  1.640289  3.5595  0.7888  3.0553  2.3172  0.7015 -0.6688 -1.6746 -3.0857 -4.5073 -5.3681 -5.5711 -1.7237 -0.2680
 266  1.640342  3.5570  0.7527  3.0814  2.3089  0.7288 -0.6284 -1.6595 -3.1176 -4.5747 -5.4409 -5.6472 -1.7280 -0.2477
 267  1.640392  3.5545  0.7172  3.1069  2.2993  0.7686 -0.5663 -1.6333 -3.1416 -4.6410 -5.5129 -5.7227 -1.7239 -0.2112
 268  1.640440  3.5520  0.6823  3.1319  2.2890  0.8143 -0.4941 -1.6017 -3.1611 -4.7062 -5.5838 -5.7970 -1.7155 -0.1670
 269  1.640484  3.5495  0.6481  3.1564  2.2789  0.8625 -0.4188 -1.5681 -3.1779 -4.7697 -5.6527 -5.8693 -1.7051 -0.1198
 270  1.640527  3.5471  0.6147  3.1802  2.2693  0.9135 -0.3401 -1.5322 -3.1914 -4.8313 -5.7196 -5.9395 -1.6923 -0.0693
 271  1.640567  3.5448  0.5820  3.2035  2.2601  0.9661 -0.2600 -1.4952 -3.2025 -4.8912 -5.7847 -6.0078 -1.6782 -0.0167
 272  1.640605  3.5425  0.5501  3.2262  2.2514  1.0192 -0.1801 -1.4581 -3.2114 -4.9492 -5.8477 -6.0738 -1.6632  0.0369
 273  1.640641  3.5402  0.5187  3.2485  2.2440  1.0751 -0.0977 -1.4191 -3.2171 -5.0056 -5.9091 -6.1381 -1.6458  0.0939
 274  1.640676  3.5380  0.4879  3.2703  2.2391  1.1350 -0.0117 -1.3767 -3.2183 -5.0589 -5.9672 -6.1992 -1.6250  0.1554
 275  1.640708  3.5358  0.4579  3.2915  2.2371  1.1985  0.0774 -1.3312 -3.2146 -5.1085 -6.0213 -6.2562 -1.6004  0.2215
 276  1.640739  3.5336  0.4287  3.3122  2.2360  1.2619  0.1646 -1.2864 -3.2088 -5.1564 -6.0736 -6.3113 -1.5753  0.2880
 277  1.640769  3.5315  0.4002  3.3323  2.2359  1.3251  0.2496 -1.2424 -3.2008 -5.2025 -6.1241 -6.3645 -1.5498  0.3550
 278  1.640798  3.5295  0.3729  3.3515  2.2447  1.3931  0.3277 -1.1979 -3.1779 -5.2426 -6.1693 -6.4126 -1.5165  0.4324
 279  1.641195  3.5279  0.3506  3.3673  2.2524  1.4484  0.3895 -1.1627 -3.1582 -5.2751 -6.2059 -6.4515 -1.4895  0.4958
