###
# timestamp: 2455813.6996682
# Gaussian 1 [amp, RV +/- err, wid]: [1.04, 128.14 +/- 0.06, 15.00]
# Gaussian 2 [amp, RV +/- err, wid]: [0.60, 16.92 +/- 0.10, 15.00]
# Uncorrected_RV, BF_amp, Gaussian_fit
###
400.0 0.0 4.37688753537e-90
398.0 0.0 6.46549930657e-89
396.0 0.000900165814077 9.38248676859e-88
394.0 -0.000139080824906 1.33755934826e-86
392.0 -0.000204036335429 1.87321389499e-85
390.0 -0.000269116305217 2.57715707649e-84
388.0 -9.00606226847e-05 3.48316154826e-83
386.0 -0.000639596665243 4.62472117958e-82
384.0 -0.00149855210458 6.03221345563e-81
382.0 -0.0013815369894 7.72942267206e-80
380.0 -0.000569802607848 9.72963664017e-79
378.0 3.24948146938e-05 1.2031655701e-77
376.0 0.000619409248208 1.4616163042e-76
374.0 2.55717616968e-05 1.74429755233e-75
372.0 -0.0011190000753 2.04497014991e-74
370.0 -0.00184553568373 2.35522598366e-73
368.0 -0.00190029656053 2.66475572598e-72
366.0 -0.000328886010016 2.96183890464e-71
364.0 0.00100239331255 3.23403467419e-70
362.0 0.00154648411136 3.46902252413e-69
360.0 0.00162585940278 3.65551673672e-68
358.0 0.00136088296815 3.78416132511e-67
356.0 0.000559093928816 3.84830706614e-66
354.0 0.000523483790448 3.8445808891e-65
352.0 3.85612322291e-06 3.77317976392e-64
350.0 6.29522261527e-05 3.63785344972e-63
348.0 0.00158346248149 3.44557820652e-62
346.0 0.00291960600332 3.20596098767e-61
344.0 0.00348729886438 2.93044492681e-60
342.0 0.00293818007428 2.63140747321e-59
340.0 0.00231353969998 2.3212496583e-58
338.0 0.0010821913229 2.01156843002e-57
336.0 0.000766837179151 1.71248579837e-56
334.0 9.77652160424e-05 1.43218247541e-55
332.0 -0.000693297461576 1.17665444884e-54
330.0 -0.000850854356516 9.49683158327e-54
328.0 -0.000155347973852 7.52987454727e-53
326.0 -0.00089687533141 5.86510719709e-52
324.0 -0.00120073535022 4.48790212427e-51
322.0 -0.000802657908642 3.37357219739e-50
320.0 -0.000608109668355 2.49124161544e-49
318.0 0.000125273640757 1.80726109836e-48
316.0 0.00146877231099 1.28796825816e-47
314.0 0.000660432171067 9.01713618461e-47
312.0 -0.000511956436346 6.20170789551e-46
310.0 -0.000173730386445 4.19018496349e-45
308.0 -0.000560370887053 2.78121325475e-44
306.0 -5.94099458625e-05 1.81348762405e-43
304.0 0.00105437746453 1.1616468283e-42
302.0 0.000196462592187 7.3099235515e-42
300.0 -9.32043950387e-05 4.51887958008e-41
298.0 0.000353749205427 2.7442767791e-40
296.0 0.000723516021415 1.63720952455e-39
294.0 0.000615433533443 9.59532796631e-39
292.0 0.000168342312754 5.52452055185e-38
290.0 -0.00142906203735 3.12470176606e-37
288.0 -0.00165859079679 1.73620803359e-36
286.0 -0.00168044456509 9.47707154312e-36
284.0 -0.00119171149293 5.08189591886e-35
282.0 -8.50367754359e-05 2.67705061389e-34
280.0 0.000439397506601 1.38537264401e-33
278.0 0.00109601736574 7.04297006125e-33
276.0 0.000139576540623 3.51742046506e-32
274.0 -0.00060906281664 1.72572638464e-31
272.0 -0.00138281029261 8.31761475366e-31
270.0 -0.00117065831644 3.93826442806e-30
268.0 -0.000389852440212 1.83185103156e-29
266.0 -0.000241834352641 8.37056249572e-29
264.0 -0.000732153452787 3.75749440267e-28
262.0 -0.00145387098338 1.65699520092e-27
260.0 -0.00115490211713 7.17832914665e-27
258.0 -0.000263997451133 3.05495413749e-26
256.0 0.00142095875727 1.2772185888e-25
254.0 0.00224175334068 5.24571843228e-25
252.0 0.00218231412046 2.11652757074e-24
250.0 0.00155802358713 8.38922985436e-24
248.0 0.00015166588948 3.26662639127e-23
246.0 -0.000149773109495 1.24955693277e-22
244.0 -0.000481321500005 4.69560806169e-22
242.0 -0.00010594384356 1.7334321212e-21
240.0 -0.000376634648653 6.28638607627e-21
238.0 0.000997567352083 2.23962067673e-20
236.0 0.00171127317464 7.83839412082e-20
234.0 0.00247273431018 2.69500101815e-19
232.0 0.00301083337646 9.10269476468e-19
230.0 0.00208674016252 3.02037061005e-18
228.0 0.00178285831196 9.8453169185e-18
226.0 0.00169712020037 3.15266898709e-17
224.0 0.00261993305669 9.91759245704e-17
222.0 0.00174508953461 3.06487911947e-16
220.0 0.00328878472276 9.30464165618e-16
218.0 0.00248649432697 2.77501390097e-15
216.0 0.00281555036505 8.13036200671e-15
214.0 0.00146172156297 2.3400967446e-14
212.0 0.00120225957845 6.6166315431e-14
210.0 -2.93489203695e-05 1.83788908582e-13
208.0 0.000381693964073 5.01511453309e-13
206.0 8.05570792546e-05 1.34437869654e-12
204.0 0.00016739300448 3.54031249015e-12
202.0 -4.3791971469e-05 9.15884653066e-12
200.0 -0.000178980427468 2.32765802881e-11
198.0 0.000846437376489 5.81134660423e-11
196.0 0.00175631403642 1.42532397688e-10
194.0 0.00177067243098 3.43423185555e-10
192.0 0.00177972220799 8.12877013991e-10
190.0 0.0020093523305 1.89016311019e-09
188.0 0.00131086165167 4.31770465629e-09
186.0 0.000828907925735 9.68915247492e-09
184.0 0.000369926784643 2.13598332443e-08
182.0 0.000307542229172 4.62582431515e-08
180.0 0.00132464557021 9.84146201631e-08
178.0 0.00165532438908 2.05688170766e-07
176.0 0.00166293695441 4.2231666603e-07
174.0 0.000823154624264 8.51817061168e-07
172.0 0.00135133996359 1.68784926001e-06'
170.0 0.00282976185394 3.28549030811e-06'
168.0 0.0031683913449 6.28269436062e-06'
166.0 0.00236034483082 1.1802415096e-05'
164.0 0.00266734770065 2.17808611833e-05'
162.0 0.00171923554023 3.94873891614e-05'
160.0 0.00142974210943 7.03268238278e-05'
158.0 0.00181382585364 0.000123044668308'
156.0 0.00179540855386 0.000211487064719'
154.0 0.00112863953548 0.000357095218525'
152.0 0.00166331994465 0.000592329659772'
150.0 0.000904626707276 0.000965210745633'
148.0 0.000517574339035 0.00154511229437'
146.0 -2.06795642689e-05 0.00242983727762'
144.0 -0.000176133638632 0.00375382127893'
142.0 -6.65058870011e-05 0.00569704010534'
140.0 0.000852624340189 0.00849384403992'
138.0 0.000954171213119 0.0124405237386'
136.0 0.000349876648459 0.0178999783414'
134.0 -0.000137304236181 0.0253014802768'
132.0 -0.000335284186465 0.035133314709'
130.0 0.00161321427859 0.0479261310462'
128.0 0.00204148217391 0.0642252914611'
126.0 0.00189997652327 0.0845514171435'
124.0 0.0011485309258 0.10934973402'
122.0 0.00209391312651 0.138930631177'
120.0 0.00289803675097 0.173405883573'
118.0 0.00577317636426 0.212626966115'
116.0 0.00724807457768 0.256133432'
114.0 0.00876956019239 0.303120056402'
112.0 0.0091081416606 0.352431024346'
110.0 0.0112268478985 0.402587675197'
108.0 0.0127292440625 0.451853222012'
106.0 0.0150697725121 0.498333707429'
104.0 0.016548047541 0.540109743392'
102.0 0.0176903014994 0.575388988023'
100.0 0.0177793439117 0.602665578412'
98.0 0.0196069754666 0.620870521873'
96.0 0.0199944039022 0.629496792548'
94.0 0.0206872410213 0.628684710564'
92.0 0.020597833008 0.619256870539'
90.0 0.0205067056132 0.602696897494'
88.0 0.0202919484824 0.581071903029'
86.0 0.0202455167235 0.55690390946'
84.0 0.0185847381859 0.533000034587'
82.0 0.0170932753633 0.51225445254'
80.0 0.0145377597176 0.49743692761'
78.0 0.0142214100776 0.490983187616'
76.0 0.0144359550532 0.494801864379'
74.0 0.0152423556432 0.510111523676'
72.0 0.0158249696378 0.53731968685'
70.0 0.018155562246 0.575953786394'
68.0 0.020131122711 0.624651587737'
66.0 0.0233099312609 0.681215523156'
64.0 0.0259714023951 0.742731410378'
62.0 0.0281831834352 0.80574712244'
60.0 0.030738831474 0.866501175635'
58.0 0.0328021047592 0.921185476195'
56.0 0.03403785756 0.96622145303'
54.0 0.0336636723058 0.998525461456'
52.0 0.0347945869614 1.01573853149'
50.0 0.0347531272171 1.01639778967'
48.0 0.0342283696263 1.00003224241'
46.0 0.0326006039785 0.967173539091'
44.0 0.0314767528609 0.919281788322'
42.0 0.0290269070945 0.858596102643'
40.0 0.0271066172104 0.787927843524'
38.0 0.0244218729062 0.710420288187'
36.0 0.0214154245478 0.629300849687'
34.0 0.018784010922 0.547650846171'
32.0 0.0151931106451 0.468213529928'
30.0 0.0114042792231 0.393254538422'
28.0 0.00740267611279 0.324481295144'
26.0 0.00533985480618 0.263020395652'
24.0 0.00259419955185 0.209445717837'
22.0 0.00171420416352 0.163845612604'
20.0 0.000495526195066 0.12591536654'
18.0 0.00155162362042 0.0950610879666'
16.0 0.0020589083244 0.0705028462446'
14.0 0.00268477714466 0.051367702173'
12.0 0.000604664673899 0.0367665695573'
10.0 -0.00086696981736 0.025852078998'
8.0 -0.00139105273951 0.017857356518'
6.0 -0.001468260276 0.012117643039'
4.0 -0.000772722483029 0.00807789872793'
2.0 -0.000950250404466 0.00529002712481'
0.0 -0.00116076005185 0.00340327173731'
-2.0 -0.000313377037732 0.00215087207311'
-4.0 0.000881872808911 0.00133540117603'
-6.0 0.0013618023231 0.000814494478265'
-8.0 0.00202752728179 0.000488026886042'
-10.0 0.0021374613667 0.00028726225479'
-12.0 0.00106837749483 0.000166108781675'
-14.0 0.000961399788664 9.43595435602e-05'
-16.0 -6.84583942825e-05 5.26572628018e-05'
-18.0 -0.00028420231787 2.88675507947e-05'
-20.0 -4.61648286877e-05 1.55467926676e-05'
-22.0 0.000372904039134 8.22528366758e-06'
-24.0 0.000132897851308 4.27503989138e-06'
-26.0 0.00100172023046 2.18277347695e-06'
-28.0 6.59278121144e-05 1.09485441425e-06'
-30.0 -0.00106857769205 5.39489862955e-07'
-32.0 -0.00094920339344 2.61149628822e-07'
-34.0 -0.000592514483174 1.24186602658e-07'
-36.0 0.000338901771966 5.8014865409e-08'
-38.0 0.000594205706954 2.66245968836e-08'
-40.0 -0.000107804129607 1.20034476317e-08'
-42.0 0.000228328807406 5.31628398998e-09'
-44.0 0.000287859495621 2.31307413319e-09'
-46.0 -7.72529479619e-05 9.88667232989e-10'
-48.0 -0.00033729657285 4.15135562506e-10'
-50.0 0.000432209625664 1.71241469445e-10'
-52.0 9.59654205583e-05 6.93916416942e-11'
-54.0 0.000709435844087 2.7623874224e-11'
-56.0 0.000119916289387 1.08029215617e-11'
-58.0 0.000369444817851 4.15027683945e-12'
-60.0 0.000185517216996 1.56636193311e-12'
-62.0 0.000566913843641 5.80746207672e-13'
-64.0 -0.000278358839906 2.11524099167e-13'
-66.0 -0.000122037073531 7.56854739809e-14'
-68.0 -0.000618226559205 2.66038459962e-14'
-70.0 -0.000940689564658 9.18661517847e-15'
-72.0 -0.00159083770573 3.11634716713e-15'
-74.0 -0.000243030606829 1.03852116215e-15'
-76.0 0.00166021440639 3.3998838271e-16'
-78.0 0.00355094695358 1.09343258937e-16'
-80.0 0.00315552880782 3.45461106003e-17'
-82.0 0.0016098144241 1.07222397452e-17'
-84.0 0.0010659133328 3.26927216939e-18'
-86.0 0.000256106248799 9.79255118865e-19'
-88.0 0.000285246254585 2.88150801957e-19'
-90.0 -0.00016498664058 8.3295784726e-20'
-92.0 -7.99661119731e-05 2.36540453239e-20'
-94.0 -1.86614038298e-05 6.598831433e-21'
-96.0 0.000774695275481 1.80845561158e-21'
-98.0 0.000789708033758 4.86886666825e-22'
-100.0 0.000831450380465 1.28773683672e-22'
-102.0 0.000961628212432 3.34584305826e-23'
-104.0 -7.69469535981e-05 8.54010522446e-24'
-106.0 -0.000987202556312 2.14141128411e-24'
-108.0 -0.00102929604189 5.27492344564e-25'
-110.0 -0.000411370321044 1.27647244636e-25'
-112.0 -0.000390389152238 3.03449158434e-26'
-114.0 -0.00035664112698 7.08662805676e-27'
-116.0 -0.00117039359199 1.62582033223e-27'
-118.0 -0.00154196912797 3.66424640821e-28'
-120.0 -0.000668515671712 8.11289771173e-29'
-122.0 -0.000599528481998 1.76460107375e-29'
-124.0 -0.00113011353815 3.77047692376e-30'
-126.0 -0.00192470377397 7.91453209056e-31'
-128.0 -0.00288285029709 1.63204981565e-31'
-130.0 -0.00282039280105 3.30613654648e-32'
-132.0 -0.00255926145121 6.57941637235e-33'
-134.0 -0.00206884870137 1.28627303473e-33'
-136.0 -0.00176845128494 2.47034817911e-34'
-138.0 -0.00131289434191 4.66082053726e-35'
-140.0 -0.00041289041918 8.63864848735e-36'
-142.0 0.00031334752925 1.57292651519e-36'
-144.0 0.000282811157566 2.81352172904e-37'
-146.0 0.000419703761626 4.94391872832e-38'
-148.0 0.000609944623786 8.53437224078e-39'
-150.0 -0.000265290948858 1.447274963e-39'
-152.0 -0.00052563930911 2.41106948227e-40'
-154.0 -0.000781076473862 3.9459139683e-41'
-156.0 -0.000786822654532 6.3440223973e-42'
-158.0 -0.000508188941702 1.00198452027e-42'
-160.0 7.25985781751e-05 1.55466394206e-43'
-162.0 -0.000322457954063 2.36968843433e-44'
-164.0 -0.000329717727811 3.54833962488e-45'
-166.0 -0.000620950453256 5.2196132211e-46'
-168.0 -0.00112002082239 7.54276666636e-47'
-170.0 -0.000350451531573 1.07078488703e-47'
-172.0 0.00033201831475 1.49332041389e-48'
-174.0 -7.6189661996e-05 2.04589330075e-49'
-176.0 -0.000884481336722 2.7535449325e-50'
-178.0 -0.000845921788045 3.64066370673e-51'
-180.0 -0.000471486979216 4.72876977297e-52'
-182.0 0.000737076193704 6.03385661114e-53'
-184.0 0.00142689708964 7.56346862477e-54'
-186.0 0.000994753882328 9.31378574536e-55'
-188.0 -0.000110328106176 1.12670620459e-55'
-190.0 -0.00085848374164 1.33898076379e-56'
-192.0 -0.00151578159796 1.56320954788e-57'
-194.0 -0.000621779343761 1.79283065463e-58'
-196.0 4.83339535492e-05 2.01994967197e-59'
-198.0 0.000711930213163 2.23573866555e-60'
-200.0 -0.000511618796083 2.43097636066e-61'
-202.0 -0.00100451275236 2.5966872343e-62'
-204.0 -0.00133369959176 2.72481962969e-63'
-206.0 -0.000735186832694 2.80889228283e-64'
-208.0 -0.000491184949775 2.84453721338e-65'
-210.0 -0.000208563482928 2.82987572534e-66'
-212.0 -0.000240623313846 2.7656824705e-67'
-214.0 -0.00087252371806 2.65531763328e-68'
-216.0 -0.000836891625196 2.50443549985e-69'
-218.0 -0.00142762829346 2.32050459148e-70'
-220.0 -0.00145439282071 2.11219603081e-71'
-222.0 -0.00230247722964 1.88870974658e-72'
-224.0 -0.00168473620318 1.65911095134e-73'
-226.0 -0.00248644623017 1.43174227228e-74'
-228.0 -0.00254266096085 1.21376182678e-75'
-230.0 -0.00343666751815 1.01083742046e-76'
-232.0 -0.00318205818988 8.27005420649e-78'
-234.0 -0.00286086774699 6.64683060272e-79'
-236.0 -0.00147801657131 5.24807550298e-80'
-238.0 -0.00169970871797 4.07065923011e-81'
-240.0 -0.00202172909138 3.10176313289e-82'
-242.0 -0.00231928881999 2.32183696493e-83'
-244.0 -0.00109160681221 1.70739506472e-84'
-246.0 0.00100997123321 1.23343290901e-85'
-248.0 0.0018157742104 8.75338943759e-87'
-250.0 0.00238521032326 6.10261790453e-88'
-252.0 0.00158732035877 4.17960573428e-89'
-254.0 0.00162695476067 2.81211879482e-90'
-256.0 0.000653027722592 1.85870821713e-91'
-258.0 0.000146023700853 1.20689082023e-92'
-260.0 -0.000256330844581 7.69846178545e-94'
-262.0 0.00059170253987 4.82413154658e-95'
-264.0 0.00030271504614 2.9697065343e-96'
-266.0 0.000661804717498 1.79592061849e-97'
-268.0 -0.000119833745384 1.06693987801e-98'
-270.0 -0.000683745363946 6.22690110004e-100'
-272.0 -0.000653656674051 3.57012315323e-101'
-274.0 -0.000391803447 2.01082203821e-102'
-276.0 -3.36678583755e-05 1.11261083351e-103'
-278.0 0.000906499031554 6.04772648587e-105'
-280.0 0.000661621554316 3.22938785734e-106'
-282.0 0.000893968350635 1.6940549117e-107'
-284.0 0.00119519516124 8.72999446661e-109'
-286.0 0.001546819132 4.419566393e-110'
-288.0 0.00128076867151 2.19798419758e-111'
-290.0 0.000433022456776 1.0738625035e-112'
-292.0 -0.000815073863334 5.15409002385e-114'
-294.0 -0.000300240782736 2.43015811197e-115'
-296.0 0.000330155883783 1.12563158514e-116'
-298.0 0.00126478835764 5.1219722379e-118'
-300.0 0.000795718465567 2.28958820278e-119'
-302.0 0.00096330721373 1.00544135991e-120'
-304.0 0.000537979461016 4.33745840811e-122'
-306.0 -2.43833068436e-05 1.8382014719e-123'
-308.0 -0.000148134620891 7.65297165652e-125'
-310.0 0.000327503880213 3.13001421177e-126'
-312.0 0.000498800696522 1.25759766762e-127'
-314.0 0.000844438777404 4.96382367668e-129'
-316.0 0.000969366753827 1.92473160831e-130'
-318.0 -0.000526306897776 7.33167524704e-132'
-320.0 -0.000659843510711 2.74356636838e-133'
-322.0 -0.000549840988559 1.00857205393e-134'
-324.0 -0.0012754528981 3.64231581345e-136'
-326.0 -0.00179958598424 1.29219327835e-137'
-328.0 -0.00194444643329 4.5035663459e-139'
-330.0 -0.00227299058619 1.54193072272e-140'
-332.0 -0.00260094153877 5.18623710078e-142'
-334.0 -0.00247386639932 1.71363799474e-143'
-336.0 -0.00287602737296 5.56243574305e-145'
-338.0 -0.00155868108704 1.77374073756e-146'
-340.0 -0.00054300600958 5.55641254697e-148'
-342.0 0.000850971800615 1.70992883212e-149'
-344.0 0.000171995609163 5.16940783138e-151'
-346.0 0.000275982479292 1.5352629409e-152'
-348.0 0.000232329244024 4.47923601442e-154'
-350.0 0.000556342368199 1.28382058556e-155'
-352.0 0.00101954438159 3.61479716617e-157'
-354.0 0.00147067512803 9.99868163471e-159'
-356.0 -9.09847172763e-05 2.71694443585e-160'
-358.0 -0.000565996672777 7.25267108702e-162'
-360.0 -0.000294072326404 1.90192951136e-163'
-362.0 -0.000274684307257 4.89970644792e-165'
-364.0 0.000456182364541 1.24000922057e-166'
-366.0 0.000770345545732 3.08289672938e-168'
-368.0 0.00026163481924 7.52960595016e-170'
-370.0 0.000132322780636 1.80661133016e-171'
-372.0 -5.71072181983e-05 4.25830161956e-173'
-374.0 -0.000481126627119 9.86023621119e-175'
-376.0 0.000317825961348 2.24293881949e-176'
-378.0 0.00128038870804 5.01218099302e-178'
-380.0 0.00142740505193 1.10031053762e-179'
-382.0 0.00050118815916 2.37291951688e-181'
-384.0 -0.00142409696263 5.0272438757e-183'
-386.0 -0.00179970907714 1.04629971807e-184'
-388.0 -0.00165062266135 2.13924966219e-186'
-390.0 -0.000584470569174 4.29680896089e-188'
-392.0 -0.000654437891622 8.47832044954e-190'
-394.0 0.00102826908361 1.64343608553e-191'
-396.0 -0.000461056425964 3.12950045719e-193'
-398.0 0.0 5.85431961823e-195'
-400.0 0.0 1.07586318895e-196'
