###
# timestamp: 2455813.6996682
# Gaussian 1 [amp, RV +/- err, wid]: [1.05, 127.71 +/- 0.05, 15.00]
# Gaussian 2 [amp, RV +/- err, wid]: [0.65, 18.55 +/- 0.08, 15.00]
# Uncorrected_RV, BF_amp, Gaussian_fit
###
300.0 0.0 2.93975384536e-40
298.5 0.0 1.12567791534e-39
297.0 0.00179990277819 4.26750835024e-39
295.5 0.00107145264992 1.60173869915e-38
294.0 0.00101763557222 5.95204235142e-38
292.5 -0.00114655361932 2.18976450659e-37
291.0 0.000400667832713 7.97601324776e-37
289.5 -0.00123323736924 2.87628142335e-36
288.0 -0.00210316172206 1.02691368457e-35
286.5 -0.00131743242962 3.62989081034e-35
285.0 -0.00175975653023 1.27031152014e-34
283.5 -0.00117327439431 4.40133035503e-34
282.0 -0.00250560815995 1.50978377083e-33
280.5 -0.0014257877829 5.12746368864e-33
279.0 -0.00270215745154 1.72404060209e-32
277.5 -0.000240789345488 5.73917464465e-32
276.0 -0.00195766592177 1.89150915219e-31
274.5 -0.00105322713054 6.17197997789e-31
273.0 -0.00157767086801 1.99387360981e-30
271.5 0.000610099585652 6.3771671035e-30
270.0 0.000521629040258 2.01936592756e-29
268.5 0.000288624255905 6.33081039022e-29
267.0 0.000748179157697 1.96499135437e-28
265.5 -0.000471951127088 6.03836048552e-28
264.0 0.000300341810173 1.83710713674e-27
262.5 -0.000855650659352 5.53359012038e-27
261.0 0.000514907791393 1.65019985814e-26
259.5 -0.00060427597771 4.87217813877e-26
258.0 0.0030075211417 1.42418637726e-25
256.5 0.000639081431657 4.12161622532e-25
255.0 0.00205267626041 1.18093319358e-24
253.5 0.00118584050533 3.34996418504e-24
252.0 0.00311198151962 9.40831941072e-24
250.5 0.00270314792448 2.61601962468e-23
249.0 0.00574715398564 7.20156686266e-23
247.5 0.00232309912737 1.96277289536e-22
246.0 0.0014302293526 5.29627054849e-22
244.5 0.000164422259709 1.41490514934e-21
243.0 -0.000194532794735 3.74232540174e-21
241.5 -0.0015764837037 9.79970095273e-21
240.0 -0.0012745915289 2.54062843045e-20
238.5 -0.00369044752702 6.52118527978e-20
237.0 -0.00393464823238 1.65717731869e-19
235.5 5.31449338032e-05 4.16935118011e-19
234.0 -0.0022647971569 1.03854430427e-18
232.5 -0.0021993933592 2.56117134892e-18
231.0 -0.00383595909997 6.25330046532e-18
229.5 -0.00312097258326 1.51160045368e-17
228.0 -0.00293441206406 3.61761033509e-17
226.5 -0.000551134484928 8.57163388586e-17
225.0 -0.00298309819109 2.01077045594e-16
223.5 -0.00227350321283 4.67001669603e-16
222.0 -0.000865969994394 1.07381984577e-15
220.5 -0.00231842801059 2.44456435088e-15
219.0 -0.00085565038514 5.50970792864e-15
217.5 -0.00109446877489 1.22945527823e-14
216.0 0.00114664695843 2.71615124513e-14
214.5 -0.000635317982689 5.94089967098e-14
213.0 9.27857734423e-06 1.28649333947e-13
211.5 -0.00502799700384 2.75816295547e-13
210.0 -0.00317158103725 5.85449386901e-13
208.5 -0.00473295575644 1.2303136574e-12
207.0 -0.00270234626037 2.55976083344e-12
205.5 -0.00367176317214 5.27278410642e-12
204.0 -0.00115452783386 1.07531980494e-11
202.5 -0.000330061688833 2.17116262747e-11
201.0 0.000925194554323 4.34014381173e-11
199.5 0.000533387684604 8.5896000135e-11
198.0 0.00167428182776 1.68305696935e-10
196.5 0.00169813824947 3.26498918827e-10
195.0 0.00275068171478 6.27078244123e-10
193.5 0.00198493137899 1.19239123483e-09
192.0 0.0030859598451 2.24477528123e-09
190.5 0.00158484602076 4.18392627347e-09
189.0 0.00267822705462 7.72062093154e-09
187.5 -0.00352899505294 1.41051429507e-08
186.0 -0.00513502389972 2.55128989632e-08
184.5 -0.00710601879596 4.56876880167e-08
183.0 0.000275102659037 8.10019752026e-08
181.5 0.00527771704245 1.42183464388e-07
180.0 0.0152114668122 2.47092537754e-07
178.5 0.0103688673038 4.2513535479e-07
177.0 0.00770809434601 7.24188912292e-07
175.5 0.00162992460867 1.22133154613e-06
174.0 0.000351243103055 2.03925874537e-06
172.5 -0.00210890045341 3.37107292359e-06
171.0 0.00165856802263 5.51722907799e-06
169.5 -0.00174100073092 8.93986459131e-06
168.0 -0.000457973138732 1.43416103959e-05
166.5 -0.000347462381037 2.27783339114e-05
165.0 -0.000915884056801 3.58181412758e-05
163.5 -0.00217480538587 5.57623657179e-05
162.0 0.00117146631877 8.59481218944e-05
160.5 0.000800001027241 0.000131156146193
159.0 0.00236124487711 0.000198151771219
157.5 0.00206136909725 0.000296390531726
156.0 0.00212897745862 0.000438922403618
154.5 0.000656237340511 0.000643529155596
153.0 0.00264651658323 0.000934126651304
151.5 -0.000742927384034 0.00134245691102
150.0 0.00066798431311 0.00191008196671
148.5 -0.00143591358087 0.00269067170659
147.0 -0.00067028001014 0.00375254992568
145.5 -0.00118848643001 0.00518142608412
144.0 -0.00077051211832 0.00708319500706
142.5 -0.00164245727914 0.00958663420535
141.0 -0.000188203957017 0.0128457712852
139.5 6.73079744866e-05 0.0170416362503
138.0 -0.000307125423803 0.0223830612213
136.5 -0.000275525221068 0.0291061505471
135.0 -0.00157781947037 0.0374720259225
133.5 -0.00081746171605 0.0477624628419
132.0 0.00172416361457 0.0602730848758
130.5 0.00305793451564 0.0753038774839
129.0 0.00346041254794 0.0931469269114
127.5 0.00350026040514 0.114071481306
126.0 0.00220433878951 0.138306664137
124.5 2.27981666673e-05 0.166022431728
123.0 0.000899870626971 0.197309638326
121.5 0.000968913593754 0.232160329356
120.0 0.00227479493043 0.270449598148
118.5 0.00315001687013 0.311920484073
117.0 0.00399774559726 0.356173433145
115.5 0.00361168069949 0.402661763897
114.0 0.00692908709925 0.450694368777
112.5 0.00677783641395 0.499446533821
111.0 0.00818092391476 0.54797929035
109.5 0.00881943661555 0.595267149735
108.0 0.00932805653855 0.64023345717
106.5 0.0100435478524 0.68179198396
105.0 0.0105868826135 0.718892816604
103.5 0.0109401764728 0.750570150727
102.0 0.0131618289496 0.775989307279
100.5 0.0157078893663 0.794490192852
99.0 0.0174031489904 0.805624542846
97.5 0.0171097297682 0.809184611852
96.0 0.0155886242935 0.805221484919
94.5 0.0146283353762 0.794051832085
93.0 0.0151528990862 0.776252657784
91.5 0.0149876465324 0.752644339935
90.0 0.0153955223205 0.724262943981
88.5 0.0148687748964 0.692323376144
87.0 0.0148241566096 0.658175363474
85.5 0.0163040822577 0.623254491472
84.0 0.0144621513679 0.589030590505
82.5 0.0138423370405 0.556955658363
81.0 0.0115002559349 0.528413274435
79.5 0.0117577161784 0.504671148807
78.0 0.0102656240775 0.486838109506
76.5 0.0138967902077 0.475826511684
75.0 0.0109446003559 0.472320792021
73.5 0.0135787108974 0.476752712051
72.0 0.0124389754329 0.489283738795
70.5 0.0147404256727 0.509794984493
69.0 0.0150397127769 0.537885138148
67.5 0.0187722341113 0.572876828404
66.0 0.0182156079844 0.61383181572
64.5 0.0203419707173 0.659575282297
63.0 0.0207216540962 0.708729243777
61.5 0.022423812791 0.75975473872
60.0 0.0214993682458 0.811001972774
58.5 0.0234001366247 0.860767038897
57.0 0.0224326730999 0.907353255611
55.5 0.0239575553289 0.949134627392
54.0 0.0233032872794 0.984618504326
52.5 0.0264033216711 1.01250426633
51.0 0.0247720959875 1.03173483052
49.5 0.0292308947577 1.04153800687
48.0 0.0247692978788 1.04145520857
46.5 0.026229549313 1.03135573237
45.0 0.0205140860459 1.01143570701
43.5 0.0230580363849 0.982201791295
42.0 0.0189032646386 0.944440699145
40.5 0.0208632510154 0.899176549238
39.0 0.0168837753679 0.847618797746
37.5 0.0176537206824 0.791104049894
36.0 0.0168516611565 0.73103531656
34.5 0.0186775351645 0.668822271776
33.0 0.0165835873132 0.60582578872
31.5 0.0134676587498 0.543309524406
30.0 0.00964604995367 0.482400644761
28.5 0.00523047405743 0.424061002583
27.0 0.00649409319317 0.369069275241
25.5 0.00312573759465 0.318013806887
24.0 0.00514335410016 0.271295240531
22.5 0.00159189290565 0.229137511574
21.0 0.00277410286453 0.191605430944
19.5 0.00116026557785 0.158626918637
18.0 0.00261595528007 0.130017946188
16.5 0.000588282444508 0.105508384964
15.0 0.00111620168376 0.0847672027356
13.5 0.00209323247044 0.0674257661809
12.0 -0.000708489634574 0.0530983541982
10.5 0.00129910535363 0.0413993326577
9.0 -0.0032070282193 0.0319567581352
7.5 0.0011892383479 0.024422446938
6.0 -0.000216923932948 0.0184787550858
4.5 0.00437269265577 0.0138424611781
3.0 -0.000402586955906 0.010266229882
1.5 -0.00119968669484 0.00753816636986
0.0 -0.0020895254577 0.00547996156439
-1.5 -0.00431083482019 0.00394408590631
-3.0 0.000795321092017 0.0028104267932
-4.5 -0.00546927193291 0.00198269196135
-6.0 -0.00151941256279 0.00138482619865
-7.5 -0.00756736585332 0.000957618114419
-9.0 0.000795514758844 0.000655611390219
-10.5 -0.00255013980384 0.0004443832526
-12.0 0.0046914399951 0.00029821256087
-13.5 -0.00148432237307 0.000198130454829
-15.0 0.00117168047003 0.000130326759283
-16.5 -0.00130606968212 8.48736757458e-05
-18.0 -0.00118718918257 5.47229475106e-05
-19.5 -0.000498266940791 3.49319642525e-05
-21.0 -0.00273103305694 2.20766711155e-05
-22.5 -0.00161545731955 1.38134202236e-05
-24.0 -0.00155739294377 8.55708636154e-06
-25.5 0.00233093479103 5.24816718608e-06
-27.0 0.0013056260175 3.18673876335e-06
-28.5 0.00467300018842 1.91576537619e-06
-30.0 -0.000393247371484 1.14023726901e-06
-31.5 -0.000232535706771 6.71900863363e-07
-33.0 -0.00272074934762 3.9198750306e-07
-34.5 0.00130118908581 2.2641036199e-07
-36.0 -0.000223322831671 1.29472469558e-07
-37.5 0.00397292523266 7.33019654795e-08
-39.0 -0.000679906557673 4.10876083968e-08
-40.5 0.00181016882071 2.28014865102e-08
-42.0 -0.00040984500086 1.25277337437e-08
-43.5 0.0015965166511 6.81457731576e-09
-45.0 -0.00151285084721 3.66996892623e-09
-46.5 -0.000653436196433 1.95678407873e-09
-48.0 -0.00420494043308 1.03295280731e-09
-49.5 -0.00162815926515 5.3985249102e-10
-51.0 -0.000958109409519 2.79335925593e-10
-52.5 0.000986098576118 1.43098649121e-10
-54.0 0.000849796723805 7.25773871016e-11
-55.5 0.00199247811296 3.6443844002e-11
-57.0 0.000649407892667 1.81177425556e-11
-58.5 0.00243363740143 8.91745742843e-12
-60.0 9.83850224041e-05 4.34545303358e-12
-61.5 -0.000428934379985 2.09645783063e-12
-63.0 -7.86614151881e-05 1.00136926431e-12
-64.5 0.00235710824219 4.73543018745e-13
-66.0 0.000834196290171 2.21708158496e-13
-67.5 0.00181715274457 1.02768724477e-13
-69.0 0.000641199880852 4.71625537328e-14
-70.5 -0.00018744460955 2.14284478725e-14
-72.0 0.00182878497806 9.63920400915e-15
-73.5 0.000273836516451 4.29287936316e-15
-75.0 -0.00156739868845 1.89283715272e-15
-76.5 -0.00213597942898 8.26294523504e-16
-78.0 -0.000978183070628 3.57119489559e-16
-79.5 -0.000339662736251 1.5280912368e-16
-81.0 0.00241494702507 6.47354354001e-17
-82.5 0.00138977846264 2.71513805438e-17
-84.0 0.00140511673046 1.12745395714e-17
-85.5 0.00149267868031 4.63513906958e-18
-87.0 0.000166400039508 1.88661714933e-18
-88.5 0.000575988281389 7.6025947594e-19
-90.0 -0.000109995831769 3.03317146186e-19
-91.5 0.00176951277367 1.19808915127e-19
-93.0 0.00163311279744 4.68531037025e-20
-94.5 0.00380452267116 1.81403077283e-20
-96.0 0.00133548227293 6.95357254731e-21
-97.5 0.000731031648962 2.6389331287e-21
-99.0 -0.00178908667074 9.91529946786e-22
-100.5 0.000893585710842 3.68841976922e-22
-102.0 0.000481803108323 1.35841322735e-22
-103.5 0.00298770216801 4.95313902196e-23
-105.0 8.51247331719e-05 1.78807688417e-23
-106.5 -0.000595009797292 6.39070712456e-24
-108.0 -0.00153938531317 2.26135474383e-24
-109.5 0.00286203836861 7.9221950906e-25
-111.0 0.0017696748256 2.74776397189e-25
-112.5 0.00149279272268 9.43561846989e-26
-114.0 -0.00349313243892 3.20788192127e-26
-115.5 -0.00417390170932 1.0797505435e-26
-117.0 -0.00429327945359 3.59820202674e-27
-118.5 -0.0010431323391 1.18714758002e-27
-120.0 0.00154048395081 3.87776007093e-28
-121.5 0.0035358633055 1.25404815188e-28
-123.0 0.00225677130232 4.01517562062e-29
-124.5 0.000428468040294 1.27277587303e-29
-126.0 -0.00121242177877 3.99444437525e-30
-127.5 -0.00312788655323 1.24113172395e-30
-129.0 -0.00148721996549 3.81800445235e-31
-130.5 -0.00322264076221 1.16281878661e-31
-132.0 -0.00306849201403 3.50626473716e-32
-133.5 -0.00306128368781 1.0467294022e-32
-135.0 -0.00313343758083 3.09372137675e-33
-136.5 -0.000763502323978 9.05284382176e-34
-138.0 0.000975767500751 2.6226836758e-34
-139.5 0.003958562479 7.52252870004e-35
-141.0 0.00239463017509 2.13618493886e-35
-142.5 0.00243781502004 6.0058004667e-36
-144.0 -0.0019216918164 1.6717064e-36
-145.5 0.00035555290053 4.60687221589e-37
-147.0 -0.00320976930554 1.25692505171e-37
-148.5 0.00072667958546 3.39523354857e-38
-150.0 -0.0037148474624 9.08002365723e-39
-151.5 -0.00220930487572 2.40414889835e-39
-153.0 -0.00714277507861 6.3022089566e-40
-154.5 -0.00706878645199 1.63561577534e-40
-156.0 -0.00378709429444 4.20268497969e-41
-157.5 0.00220111282691 1.06912735151e-41
-159.0 0.00932812156215 2.69270699068e-42
-160.5 0.00957354355639 6.71437836313e-43
-162.0 0.0079504460193 1.65759939119e-43
-163.5 0.000746291583336 4.05144923642e-44
-165.0 0.00331390712765 9.80388661805e-45
-166.5 -0.00839423332909 2.34878472291e-45
-168.0 -0.0119537108685 5.57115449508e-46
-169.5 -0.0161300531594 1.30829067527e-46
-171.0 -0.00978343484488 3.04172778597e-47
-172.5 0.00764613064259 7.0015387903e-48
-174.0 0.0182761356887 1.59559882804e-48
-175.5 0.0191003600506 3.60007023151e-49
-177.0 0.00890513516617 8.04183749708e-50
-178.5 0.00257404030222 1.77851145991e-50
-180.0 -0.00527075437775 3.89417171549e-51
-181.5 -0.0011425171531 8.44171300676e-52
-183.0 -0.00543502340167 1.81177024889e-52
-184.5 -0.00186012468212 3.84975170049e-53
-186.0 -0.00161823394527 8.09877568544e-54
-187.5 -0.00062834657347 1.6867979959e-54
-189.0 -0.00012992850626 3.47827437744e-55
-190.5 -0.00204951763965 7.10103501169e-56
-192.0 -0.000969860643302 1.43527964414e-56
-193.5 -0.00061277434134 2.87215882735e-57
-195.0 0.000909343150721 5.69032975068e-58
-196.5 0.000657006621442 1.11615233284e-58
-198.0 0.000591699273218 2.16753721932e-59
-199.5 -0.00232843208132 4.16741462085e-60
-201.0 -0.00022136068318 7.93275266627e-61
-202.5 -0.00192963297283 1.49498960027e-61
-204.0 -0.000279769720577 2.78939157324e-62
-205.5 -0.000802967137993 5.15273553455e-63
-207.0 -0.00424664627585 9.4237395805e-64
-208.5 -0.00418523551155 1.70634071929e-64
-210.0 -0.00025023246148 3.05890006304e-65
-211.5 0.00323327826713 5.42902544776e-66
-213.0 0.00737663001589 9.53971766116e-67
-214.5 0.00533665067092 1.65961067915e-67
-216.0 0.00149426439824 2.85847221544e-68
-217.5 0.000274683454361 4.87437328452e-69
-219.0 0.00063279437856 8.22925745659e-70
-220.5 -0.000599804378057 1.37549675344e-70
-222.0 0.000541111210926 2.27622686548e-71
-223.5 -0.00117826814398 3.72931076858e-72
-225.0 -0.000400409223003 6.04920999095e-73
-226.5 -2.67088220378e-05 9.7146196472e-74
-228.0 -0.00170559707131 1.54457854302e-74
-229.5 -0.00336212789157 2.43137109029e-75
-231.0 -0.00416554632082 3.78921767805e-76
-232.5 -0.00114271171442 5.84662065111e-77
-234.0 0.00135911509055 8.93135460899e-78
-235.5 0.00318126979956 1.3507867896e-78
-237.0 0.00271943541263 2.02261550284e-79
-238.5 -0.000437977156233 2.99845070837e-80
-240.0 -0.00103105318912 4.40085998163e-81
-241.5 -0.00194141735276 6.39492188321e-82
-243.0 0.000383136259415 9.20004584443e-83
-244.5 -0.000828427372601 1.3103936937e-83
-246.0 0.00222253322461 1.84786675634e-84
-247.5 0.000612182678234 2.57986253509e-85
-249.0 0.00310555555745 3.56598518176e-86
-250.5 0.000169343703984 4.87999703106e-87
-252.0 0.00314448331005 6.61175323806e-88
-253.5 -0.000748195480628 8.86892067617e-89
-255.0 0.00174346089881 1.17782823145e-89
-256.5 -0.000823241381665 1.54863904284e-90
-258.0 -0.0019515865371 2.01593025892e-91
-259.5 -0.00186247429538 2.59811193734e-92
-261.0 0.00123269463919 3.31510484555e-93
-262.5 0.0037815204635 4.1878752213e-94
-264.0 0.00531717341049 5.23778000655e-95
-265.5 0.00335144763926 6.48571452677e-96
-267.0 -0.00104849645051 7.95106785179e-97
-268.5 -0.000902603653984 9.65050734031e-98
-270.0 -0.0034322708054 1.15966322834e-98
-271.5 -0.000211632159673 1.37965558238e-99
-273.0 0.00132608238069 1.62504927354e-100
-274.5 0.00278919588078 1.89504462102e-101
-276.0 0.00259753584461 2.18790974222e-102
-277.5 0.00119947114184 2.50090053223e-103
-279.0 -0.00211764452031 2.83022192518e-104
-280.5 -0.00366022376775 3.17103925495e-105
-282.0 -0.00225438927675 3.51754612283e-106
-283.5 -0.00121852892324 3.86309188677e-107
-285.0 0.00123621637123 4.20036790232e-108
-286.5 0.00213517852276 4.52164725641e-109
-288.0 0.0019999678782 4.8190683075e-110
-289.5 0.000396411286445 5.08494828656e-111
-291.0 0.000577019904008 5.31210993266e-112
-292.5 0.00123553967636 5.49420200111e-113
-294.0 0.000732700088226 5.62599376629e-114
-295.5 1.31484277683e-05 5.70362449754e-115
-297.0 8.25634943951e-05 5.7247913135e-116
-298.5 0.0 5.68886266171e-117
-300.0 0.0 5.59690962044e-118
###
# timestamp: 2455823.7264655
# Gaussian 1 [amp, RV +/- err, wid]: [1.05, 127.71 +/- 0.05, 15.00]
# Gaussian 2 [amp, RV +/- err, wid]: [0.65, 18.55 +/- 0.08, 15.00]
# Uncorrected_RV, BF_amp, Gaussian_fit
###
300.0 0.0 5.77482854714e-29
298.5 0.0 1.79834773375e-28
297.0 0.00287012822605 5.54453723551e-28
295.5 0.00095684008347 1.69244277049e-27
294.0 0.00238354276478 5.11469492863e-27
292.5 -0.000848332752287 1.5303209821e-26
291.0 0.00236399200804 4.53317396697e-26
289.5 0.00173303214245 1.32947230402e-25
288.0 0.000306516401263 3.86023067902e-25
286.5 -0.00266043734833 1.10969665433e-24
285.0 -0.00385805951988 3.15829251144e-24
283.5 -0.00339964056166 8.89933344906e-24
282.0 -0.00127945744719 2.48267381615e-23
280.5 0.00025014761817 6.85707505885e-23
279.0 0.00159558645462 1.87506012401e-22
277.5 0.00122386219589 5.0763148166e-22
276.0 0.00239006843887 1.36062658652e-21
274.5 0.0023311116702 3.61065848858e-21
273.0 0.00241961194892 9.4861705461e-21
271.5 0.00083210227768 2.4674735095e-20
270.0 0.00112700881849 6.35434988722e-20
268.5 0.000328809696865 1.62011859036e-19
267.0 0.00181088015576 4.08958784661e-19
265.5 0.000564103208109 1.02204338757e-18
264.0 0.00172043186022 2.52880987762e-18
262.5 0.00137870815712 6.19469717331e-18
261.0 0.00291182305163 1.50238430372e-17
259.5 0.00111076805102 3.60743944418e-17
258.0 0.00106361774058 8.57578958695e-17
256.5 -0.00101599417995 2.01839535985e-16
255.0 0.000947276424321 4.70322132812e-16
253.5 0.000931850529642 1.08502975806e-15
252.0 0.00326570978325 2.4782489863e-15
250.5 0.00263339728243 5.60409230932e-15
249.0 0.00435155617993 1.254650253e-14
247.5 0.00253406142621 2.78097530236e-14
246.0 0.0023455061522 6.10279301593e-14
244.5 -0.000618444529295 1.32591964231e-13
243.0 -0.00144442422224 2.85208735606e-13
241.5 -0.00402052001951 6.07387007065e-13
240.0 -0.00481241838175 1.28063458655e-12
238.5 -0.00595282377423 2.67326499338e-12
237.0 -0.00555047575095 5.52479096776e-12
235.5 -0.00579982346463 1.13043799441e-11
234.0 -0.00446742399786 2.28999585331e-11
232.5 -0.00422719412335 4.59282291997e-11
231.0 -0.00457476636568 9.11972539796e-11
229.5 -0.0034232117442 1.79283729197e-10
228.0 -0.00125683112613 3.4894505481e-10
226.5 -0.00167715071618 6.7240397772e-10
225.0 0.000184799500515 1.28280473725e-09
223.5 -0.000413691828152 2.42296918783e-09
222.0 -0.00019592877344 4.53098143663e-09
220.5 0.00089473509416 8.38868196504e-09
219.0 0.00306502295742 1.53763137267e-08
217.5 0.00259883665517 2.79040851477e-08
216.0 0.000630232610309 5.01349285921e-08
214.5 -0.00243851485753 8.91805339179e-08
213.0 -0.00601014610067 1.57056816692e-07
211.5 -0.00703153155573 2.73842321874e-07
210.0 -0.00605075257431 4.7271719658e-07
208.5 -0.00228435309238 8.07903127889e-07
207.0 -0.00340232111591 1.36701799923e-06
205.5 -0.000432354342825 2.29005667943e-06
204.0 -0.00265625245557 3.79817774753e-06
202.5 -0.000900911617981 6.23679391756e-06
201.0 -0.000553486567827 1.01392202681e-05
199.5 0.00264331003986 1.63194221602e-05
198.0 0.0022913515764 2.6005310978e-05
196.5 0.00479355945868 4.10276253583e-05
195.0 0.00336586207228 6.4083727627e-05
193.5 0.00317485017195 9.91005821823e-05
192.0 0.00132126171518 0.000151726591267
190.5 -0.000826836038344 0.000229987509975
189.0 -0.000626286871084 0.000345146804385
187.5 -0.00109516619087 0.000512814760834
186.0 0.00164984117832 0.000754352325041
184.5 0.00181247108314 0.00109861368429
183.0 0.00228859569802 0.00158406438784
181.5 0.00127189861024 0.00226129754829
180.0 0.00228227131732 0.00319594758772
178.5 0.0011109054226 0.00447196751582
177.0 0.000604580007893 0.00619519081098
175.5 0.000837906252578 0.00849704247558
174.0 -5.45324546603e-06 0.0115381969156
172.5 -0.00136334071832 0.0155119058105
171.0 0.000262811573366 0.0206466419627
169.5 -0.00148279205658 0.0272076322905
168.0 0.00094476055808 0.0354967937799
166.5 0.00154929292795 0.0458505511722
165.0 0.00186467471502 0.0586350161487
163.5 0.000860921587631 0.0742380562985
162.0 0.00386742429902 0.0930578879234
160.5 0.00187533325969 0.115487995996
159.0 0.00280247309835 0.141898418266
157.5 0.00229378359793 0.172613722611
156.0 0.00348993462993 0.207888343248
154.5 0.00549636891012 0.247880299849
153.0 0.00685232518886 0.292624673847
151.5 0.00778996514646 0.342008521946
150.0 0.00825831441255 0.395749129134
148.5 0.0104012495148 0.453377604238
147.0 0.0123151878161 0.514229768084
145.5 0.0132434318206 0.577446056098
144.0 0.0152107890259 0.641981747223
142.5 0.0170063825854 0.70662825095
141.0 0.0210606468281 0.770045465452
139.5 0.0235810571607 0.830804412086
138.0 0.0246670188447 0.887438520367
136.5 0.0259379707255 0.938501157722
135.0 0.0261084636668 0.982626347168
133.5 0.0272256703614 1.01858916433
132.0 0.0268067296284 1.04536210891
130.5 0.0275777793457 1.06216383863
129.0 0.024835154784 1.06849704272
127.5 0.0271984744287 1.06417289345
126.0 0.0236798907413 1.04932039846
124.5 0.025626211735 1.02438000718
123.0 0.0233060081819 0.990081913895
121.5 0.0247787360542 0.947410548423
120.0 0.020973804443 0.897557664101
118.5 0.0213440213567 0.84186714056
117.0 0.0190542137681 0.781775062241
115.5 0.0206328436125 0.718748782695
114.0 0.0193865316672 0.654228541318
112.5 0.0177074044394 0.589574791961
111.0 0.012347801513 0.52602378431
109.5 0.0101807563761 0.464653177591
108.0 0.00804966156774 0.406358638785
106.5 0.0085342317919 0.351841559986
105.0 0.00717910535021 0.301607289583
103.5 0.0071712109742 0.255972662664
102.0 0.00424767616848 0.215081172436
100.5 0.00475346839493 0.178923861897
99.0 0.00254408005461 0.147363930141
97.5 0.00343964024281 0.120163121625
96.0 0.000348767553708 0.097008168824
94.5 0.00109302486932 0.0775358517909
93.0 -0.000550992991375 0.0613555828956
91.5 0.00111320457731 0.0480687845421
90.0 0.00178350451187 0.0372846704507
88.5 0.00235183392813 0.0286323431305
87.0 0.00222432913472 0.0217693659012
85.5 0.000826536513109 0.0163871498211
84.0 0.00126895633229 0.0122136139378
82.5 0.000847585208254 0.00901363680223
81.0 0.00185051188975 0.00658782745155
79.5 -0.00011015068964 0.00477011641132
78.0 0.000427594546011 0.00342461354041
76.5 0.000506488812334 0.00244211085442
75.0 0.00204085078647 0.00173653432197
73.5 0.00126003002532 0.00124157645317
72.0 0.0011907872464 0.000907676458963
70.5 0.000687150393984 0.00069945986151
69.0 0.0016623507039 0.000593705785581
67.5 0.00151567415324 0.000577877319248
66.0 0.000297932939526 0.000649226697661
64.5 -0.000908069571519 0.000814470248257
63.0 -0.000874781316245 0.00109001520506
61.5 -0.00120116649112 0.00150270867375
60.0 0.000772419530224 0.00209106535045
58.5 4.12626989632e-05 0.00290691257996
57.0 -0.000744124607788 0.00401736711286
55.5 -0.000678993849586 0.00550702647381
54.0 0.00118688029612 0.00748021927824
52.5 0.00127718067755 0.0100631145465
51.0 0.00427114267693 0.0134054429776
49.5 0.00275196894263 0.0176815377368
48.0 0.000280255414512 0.0230903645614
46.5 -0.000972671498776 0.0298541880716
45.0 -0.000495179249643 0.0382155209926
43.5 -0.000564207153768 0.0484320333446
42.0 0.0013908912762 0.0607691663105
40.5 0.00194685120909 0.0754903049441
39.0 0.00143833206495 0.0928445162422
37.5 0.00243761065205 0.113052050907
36.0 0.00293925370444 0.136288029608
34.5 0.00352342509581 0.162664973303
33.0 0.00359832011335 0.19221507254
31.5 0.0020597061419 0.224873298801
30.0 0.00265210953089 0.260462615936
28.5 0.00258157013596 0.298682625926
27.0 0.00448947718583 0.339102958699
25.5 0.00631073908818 0.381162575248
24.0 0.00849434499944 0.424175891412
22.5 0.00876372874819 0.46734625304
21.0 0.010859927178 0.50978682128
19.5 0.010540559469 0.550548391845
18.0 0.0118942128293 0.588653116765
16.5 0.0124308192292 0.623132571191
15.0 0.0150062051276 0.653068162681
13.5 0.0146803332603 0.677631564092
12.0 0.0174972073614 0.696122702273
10.5 0.0142818300695 0.708002877455
9.0 0.0178850051949 0.712920828738
7.5 0.0146430101582 0.710729986131
6.0 0.0194247731692 0.701495726835
4.5 0.0154683627842 0.685492134464
3.0 0.016925839598 0.663188485409
1.5 0.0144703628503 0.635226392022
0.0 0.013005236243 0.602389155969
-1.5 0.0122576629047 0.565565373379
-3.0 0.00593641309232 0.525709147556
-4.5 0.00837043365414 0.483799384092
-6.0 0.00136769943844 0.440800565986
-7.5 0.00768844728599 0.397627150556
-9.0 -0.00115688872948 0.355113329046
-10.5 0.00961736733836 0.313989388893
-12.0 0.00394789650171 0.274865368507
-13.5 0.0126760146314 0.238222146132
-15.0 0.0029985562371 0.204409603722
-16.5 0.00321578360231 0.173651090474
-18.0 -0.00232100489365 0.146053103125
-19.5 0.00195059437975 0.121618913044
-21.0 0.00193579455588 0.100264802291
-22.5 0.00216586987588 0.0818376106456
-24.0 0.00180456982557 0.0661324231017
-25.5 0.00148782693818 0.0529094181154
-27.0 0.00480495704365 0.0419091246774
-28.5 0.00477371630366 0.0328655761599
-30.0 0.00471139788261 0.0255170794265
-31.5 0.000919757076741 0.019614522311
-33.0 -0.000801664968465 0.0149273103234
-34.5 -0.00239513108806 0.0112471488341
-36.0 -0.00178088005193 0.00838996942526
-37.5 -0.00207266493031 0.00619634184555
-39.0 -0.000581526181651 0.00453072200469
-40.5 -0.000100432770711 0.00327986914391
-42.0 0.00160494253488 0.00235072958852
-43.5 0.000762569152996 0.00166803779057
-45.0 0.000900173981247 0.0011718341567
-46.5 -0.00237184880338 0.000815048542097
-48.0 -0.00208527255325 0.00056125193631
-49.5 -0.00321002221526 0.000382639045848
-51.0 -0.00290201229422 0.000258272265852
-52.5 -0.00273118678322 0.000172593054813
-54.0 -0.00120779733769 0.000114189432274
-55.5 0.000428749934246 7.47972390092e-05
-57.0 0.00153378391211 4.85067609559e-05
-58.5 0.00286147141536 3.11441182164e-05
-60.0 0.000630472880695 1.97973407441e-05
-61.5 0.000551303846743 1.24593312423e-05
-63.0 -0.00213529051243 7.76318009473e-06
-64.5 -0.00199197715346 4.78896480879e-06
-66.0 -0.00342077199616 2.92483038133e-06
-67.5 -0.00161742713628 1.76854770907e-06
-69.0 -0.00251882085319 1.05874148364e-06
-70.5 -0.000468493215085 6.27509254349e-07
-72.0 -0.00150640786606 3.68220018395e-07
-73.5 -0.000126015602116 2.13920158077e-07
-75.0 -0.000938671770573 1.2304191492e-07
-76.5 -0.000325022790344 7.0066674793e-08
-78.0 -0.00118523599742 3.95027189011e-08
-79.5 0.000254282354085 2.20495395414e-08
-81.0 -0.00025496408054 1.21851005126e-08
-82.5 0.00161295622387 6.66677445259e-09
-84.0 0.00142486477797 3.61126587714e-09
-85.5 0.00226868734916 1.93669049535e-09
-87.0 0.000839790119901 1.02829573211e-09
-88.5 0.00145931948846 5.4054630199e-10
-90.0 0.000377451310088 2.81322729886e-10
-91.5 0.00142590099072 1.44955200405e-10
-93.0 0.00184519651342 7.39468763829e-11
-94.5 0.00235754990948 3.73476191563e-11
-96.0 0.00152252879349 1.86751055348e-11
-97.5 0.00126848932362 9.2452841403e-12
-99.0 0.000740461044833 4.5314220818e-12
-100.5 0.000659558524148 2.19890175246e-12
-102.0 0.000435656300956 1.05641410047e-12
-103.5 0.000478359268126 5.02480958017e-13
-105.0 -0.000427681886226 2.36625793148e-13
-106.5 0.000454841468304 1.10321869353e-13
-108.0 -4.32452699323e-05 5.09234943114e-14
-109.5 0.00191674020671 2.32718997077e-14
-111.0 0.000868408771997 1.05293735067e-14
-112.5 0.00173624808666 4.71661341408e-15
-114.0 0.000700382853338 2.09177557303e-15
-115.5 0.00134309861796 9.18453022525e-16
-117.0 0.000180234755253 3.99260056081e-16
-118.5 0.00073632522799 1.71835081942e-16
-120.0 0.00201559150068 7.32191799376e-17
-121.5 0.00144658003268 3.0888366501e-17
-123.0 0.0028088382246 1.29009614693e-17
-124.5 0.000508063912114 5.33465415951e-18
-126.0 0.00133458326466 2.18397426533e-18
-127.5 -0.00114085883316 8.85208995509e-19
-129.0 -0.000521666901315 3.55223080172e-19
-130.5 -0.00312786216923 1.4112813036e-19
-132.0 -0.00345017711179 5.55115118749e-20
-133.5 -0.0051335720751 2.16177046167e-20
-135.0 -0.00371980216934 8.33476110278e-21
-136.5 -0.00315396863288 3.18151363877e-21
-138.0 -0.000755116959614 1.20235157774e-21
-139.5 0.00108379038892 4.49869159135e-22
-141.0 0.00135217887878 1.66647199466e-22
-142.5 0.00112531727537 6.11176818598e-23
-144.0 -0.000904306060228 2.21918129134e-23
-145.5 -0.00142663842979 7.97766410466e-24
-147.0 -0.00160587495089 2.83932931224e-24
-148.5 4.91580734217e-05 1.00049020345e-24
-150.0 0.000573887936635 3.49033385836e-25
-151.5 0.000500532305139 1.2055303683e-25
-153.0 0.000454252793257 4.12236455356e-26
-154.5 0.00135753303066 1.39563447997e-26
-156.0 0.00106198558104 4.6779334689e-27
-157.5 0.00220123692897 1.55236358446e-27
-159.0 0.00143230082187 5.10023171176e-28
-160.5 9.64988813064e-05 1.65898868216e-28
-162.0 -2.38017835119e-05 5.34261641757e-29
-163.5 -0.000383361930701 1.70341952416e-29
-165.0 0.000322329625469 5.37707757683e-30
-166.5 0.00203332445433 1.6804594564e-30
-168.0 0.00128749582717 5.19956283412e-31
-169.5 -0.00137939455867 1.59280524772e-31
-171.0 -0.00244118455216 4.83076131855e-32
-172.5 -0.00155235605568 1.45052606612e-32
-174.0 -0.00206891617578 4.31213699857e-33
-175.5 -0.000713997879022 1.26916070689e-33
-177.0 -0.00326938329721 3.69826256009e-34
-178.5 -0.00357278856705 1.06692998086e-34
-180.0 -0.00293270479211 3.04741185257e-35
-181.5 -9.1824121655e-05 8.61754263739e-36
-183.0 -0.00107608285763 2.41264144819e-36
-184.5 -0.000423694375847 6.68742898837e-37
-186.0 -0.00208093150055 1.83519677543e-37
-187.5 -0.00209894281515 4.98612482578e-38
-189.0 -0.000110074119582 1.34122213153e-38
-190.5 -0.000761327783728 3.57186742221e-39
-192.0 -0.000261669973981 9.41774670043e-40
-193.5 -0.000190516082623 2.45841804739e-40
-195.0 -6.22194204105e-06 6.35362415162e-41
-196.5 0.00063261763017 1.62571480548e-41
-198.0 0.00149414153838 4.11835951903e-42
-199.5 4.9996358065e-05 1.03290696773e-42
-201.0 -0.00047073169387 2.56481008646e-43
-202.5 0.000850451469071 6.30530753901e-44
-204.0 0.00156355626092 1.53466783265e-44
-205.5 0.00340855496667 3.6981077565e-45
-207.0 0.00293983984275 8.82270560917e-46
-208.5 0.00274550707808 2.0839201306e-46
-210.0 0.00119508528793 4.87323558583e-47
-211.5 0.00106480860035 1.12826417635e-47
-213.0 -0.00156249625741 2.58619487257e-48
-214.5 -0.000705123068359 5.86906269537e-49
-216.0 -0.00226540121174 1.31866143897e-49
-217.5 -0.00040736246717 2.93328944397e-50
-219.0 -0.000265659656042 6.46001590675e-51
-220.5 0.00167306363817 1.40854040837e-51
-222.0 1.22740089671e-05 3.04061958825e-52
-223.5 0.0005190759655 6.49848203332e-53
-225.0 6.66437496266e-05 1.37505101605e-53
-226.5 -0.00112465424055 2.88059866613e-54
-228.0 0.00155910251681 5.97453011239e-55
-229.5 -0.000104979002918 1.22682271553e-55
-231.0 0.00119654355976 2.49411754905e-56
-232.5 -1.02949028325e-05 5.02006202198e-57
-234.0 0.00264131822571 1.00036457177e-57
-235.5 0.00101971854735 1.97362472701e-58
-237.0 0.00244859376619 3.85503129403e-59
-238.5 -0.000108163469348 7.45501108006e-60
-240.0 -0.000132722966689 1.4273344034e-60
-241.5 -0.00131920929252 2.70557906348e-61
-243.0 -0.00220692011814 5.07752161069e-62
-244.5 -0.000996385337814 9.43409807152e-63
-246.0 -0.000708094888247 1.73542579291e-63
-247.5 0.000339066662801 3.16059438613e-64
-249.0 0.0014212600864 5.69886719005e-65
-250.5 0.000504282360059 1.01733822516e-65
-252.0 -0.000763189997119 1.79803956883e-66
-253.5 0.000222623820482 3.14622792973e-67
-255.0 0.000416503889588 5.45052297275e-68
-256.5 -9.64032132364e-05 9.34852776011e-69
-258.0 0.000617114703568 1.58746926158e-69
-259.5 -0.00169480126624 2.66885194963e-70
-261.0 -0.00045561235148 4.44222647126e-71
-262.5 0.00207420366978 7.32038570089e-72
-264.0 0.00195077021269 1.19432985189e-72
-265.5 0.000727495125673 1.92917518137e-73
-267.0 0.00023318931563 3.08514869059e-74
-268.5 -0.00155881239755 4.88469654512e-75
-270.0 -0.00026159179371 7.65695567697e-76
-271.5 0.000119410786183 1.18831541943e-76
-273.0 -0.00105029887309 1.82584702014e-77
-274.5 -0.00171275848919 2.77750018658e-78
-276.0 -0.00140941712174 4.18312518636e-79
-277.5 -0.00215373368241 6.23741559511e-80
-279.0 -0.00263629328304 9.20800522496e-81
-280.5 -0.00289166077697 1.34580918351e-81
-282.0 -0.00267721389164 1.94741483093e-82
-283.5 -0.00217662771592 2.78991205829e-83
-285.0 -0.000844194098565 3.95712354867e-84
-286.5 0.000260778370238 5.55681273307e-85
-288.0 0.000976213651062 7.72554217017e-86
-289.5 0.00133980206573 1.06338181473e-86
-291.0 0.00106670291251 1.44912732526e-87
-292.5 0.00195363140702 1.9551537607e-88
-294.0 6.2010944101e-05 2.61163418529e-89
-295.5 0.000993198483156 3.45382896224e-90
-297.0 -0.00103031680683 4.52216458395e-91
-298.5 0.0 5.86204242283e-92
-300.0 0.0 7.52330389262e-93
###
# timestamp: 2455840.6611226
# Gaussian 1 [amp, RV +/- err, wid]: [1.05, 127.71 +/- 0.05, 15.00]
# Gaussian 2 [amp, RV +/- err, wid]: [0.65, 18.55 +/- 0.08, 15.00]
# Uncorrected_RV, BF_amp, Gaussian_fit
###
300.0 0.0 7.85761573452e-39
298.5 0.0 2.94281402315e-38
297.0 0.00191819425062 1.09116870674e-37
295.5 0.000667643996484 4.00569652154e-37
294.0 0.00221807290867 1.45586544876e-36
292.5 -0.000530193216177 5.23867541237e-36
291.0 0.000748553328641 1.86628857234e-35
289.5 -0.000222835354269 6.58253471737e-35
288.0 -0.00185456504651 2.2986062066e-34
286.5 -0.00419594307076 7.94681397637e-34
285.0 -0.00449194620365 2.7200605639e-33
283.5 -0.00394508671356 9.21767000557e-33
282.0 -0.00366734222094 3.09257893707e-32
280.5 -0.000259119857906 1.02725316091e-31
279.0 0.00213302594555 3.3782457111e-31
277.5 0.00621375148169 1.09992237586e-30
276.0 0.0078806395339 3.54560127758e-30
274.5 0.00649884927112 1.13155276071e-29
273.0 0.00398817162964 3.5753353021e-29
271.5 0.00353201692678 1.11844800902e-28
270.0 0.00204613240042 3.46395211376e-28
268.5 0.00239583606141 1.06214794622e-27
267.0 0.0036658574687 3.22444670349e-27
265.5 0.00242882532875 9.69130914305e-27
264.0 0.0037587455962 2.88381068714e-26
262.5 0.00309998988404 8.49587476008e-26
261.0 0.00336469935381 2.47802972549e-25
259.5 0.00267598311997 7.15586233267e-25
258.0 0.00233138312594 2.04585333867e-24
256.5 -0.00012787703803 5.79087342909e-24
255.0 0.00269250979076 1.62282131516e-23
253.5 0.00150915439216 4.50250692277e-23
252.0 0.00413457238581 1.23678762254e-22
250.5 0.00221425657087 3.36351157453e-22
249.0 0.00316185933716 9.05623696939e-22
247.5 0.00104291949903 2.41412461656e-21
246.0 0.00225585109772 6.37130867724e-21
244.5 -0.00175405204339 1.66477161835e-20
243.0 -0.0038994629819 4.30663172562e-20
241.5 -0.0101296283538 1.1030059691e-19
240.0 -0.012418987714 2.79688780416e-19
238.5 -0.0164142841035 7.0214900197e-19
237.0 -0.0161303357811 1.7451814003e-18
235.5 -0.0162758137233 4.29446357805e-18
234.0 -0.0147306709669 1.04624724402e-17
232.5 -0.0122216251228 2.52357830645e-17
231.0 -0.00905327473846 6.02637702872e-17
229.5 -0.00699382822833 1.42479659231e-16
228.0 -0.00344961249186 3.33508181011e-16
226.5 -0.00350800204625 7.72889079193e-16
225.0 -0.00152816783026 1.77331098812e-15
223.5 0.0010103001115 4.02818765924e-15
222.0 0.00131174860863 9.05923528625e-15
220.5 0.00387781308165 2.017113979e-14
219.0 0.00538568532778 4.44658290679e-14
217.5 0.00579447586393 9.7046394369e-14
216.0 0.00156665493569 2.09695673358e-13
214.5 -0.00379750659115 4.48597232872e-13
213.0 -0.00903474643645 9.50125044995e-13
211.5 -0.0135165184108 1.99233331466e-12
210.0 -0.0120107936661 4.13618812253e-12
208.5 -0.0107984454037 8.50150127834e-12
207.0 -0.0107609714493 1.73000763956e-11
205.5 -0.0110395508115 3.48543888935e-11
204.0 -0.00524529793634 6.95222756734e-11
202.5 -0.00621418784324 1.37292730195e-10
201.0 0.00105514694447 2.68428212064e-10
199.5 0.00240963687887 5.19596038236e-10
198.0 0.00581047253195 9.95773486637e-10
196.5 0.00677594222344 1.88934966681e-09
195.0 0.00743157912239 3.54912405072e-09
193.5 0.00407000106601 6.60065558595e-09
192.0 0.00160754286606 1.2153742218e-08
190.5 -0.00141658496318 2.21559320302e-08
189.0 -0.00308391629124 3.99877605454e-08
187.5 -0.00164923392093 7.14531199387e-08
186.0 -0.00184959046856 1.26407361282e-07
184.5 9.3297311435e-06 2.2140151577e-07
183.0 -0.000684545750636 3.83924537015e-07
181.5 0.00136777715071 6.59125636568e-07
180.0 -0.000789820337938 1.12033419947e-06
178.5 0.00125653753858 1.88531550156e-06
177.0 -0.00103784501045 3.14106944737e-06
175.5 0.000908216796388 5.18117300153e-06
174.0 -0.00288833356312 8.46127293431e-06
172.5 -0.00370294295511 1.36804495827e-05
171.0 -0.0052307574432 2.18988894268e-05
169.5 -0.00519417695961 3.47057046638e-05
168.0 -0.000777363880156 5.44548665304e-05
166.5 -7.54554908429e-05 8.45920567248e-05
165.0 -0.00188370110389 0.000130100667817
163.5 -0.000753030966715 0.000198100933738
162.0 -0.000747060193941 0.000298641786204
160.5 -0.00015924139345 0.000445729811342
159.0 0.00167290494385 0.000658642641062
157.5 0.000434203732816 0.000963573974194
156.0 9.08735307368e-06 0.00139565261615
154.5 0.0045635345535 0.00200136666506
153.0 -0.000396904087536 0.00284140437568
151.5 0.00422731191413 0.00399389353022
150.0 0.000439870237267 0.00555797996222
148.5 0.0016002639923 0.0076576325941
147.0 0.000309395291922 0.0104454975016
145.5 0.000203468980342 0.0141065492329
144.0 8.4465702923e-05 0.0188612079683
142.5 0.00268028304083 0.0249675123906
141.0 0.00479655861115 0.0327218688852
139.5 0.00342226792337 0.0424578484077
138.0 0.00629786357702 0.0545424849404
136.5 0.00482452442482 0.0693695561166
135.0 0.00897952853132 0.0873494084782
133.5 0.00543610798692 0.108895035282
132.0 0.00662189279911 0.134404327485
130.5 0.000820435466102 0.164238695722
129.0 0.000919274284119 0.198698592063
127.5 0.00137191475928 0.237996825725
126.0 -0.000280986423519 0.282230938905
124.5 0.00160461199666 0.331356252292
123.0 0.00343088062319 0.38516146519
121.5 0.00806446136186 0.443248861728
120.0 0.00892729535449 0.505021195901
118.5 0.014303228824 0.569677175986
117.0 0.0131154012351 0.636217129095
115.5 0.0198106671484 0.703459902633
114.0 0.0227138561046 0.770071374384
112.5 0.0252857630793 0.834604140493
111.0 0.0243304242835 0.895547091885
109.5 0.0251660498694 0.951382748871
108.0 0.0248911594342 1.00064948108
106.5 0.0277333645174 1.04200517283
105.0 0.0281963372665 1.07428856871
103.5 0.0292279772024 1.09657449641
102.0 0.0280090905254 1.10821943361
100.5 0.0299187273624 1.1088944517
99.0 0.0287453762344 1.09860339118
97.5 0.030566605786 1.07768513262
96.0 0.027619433414 1.04679993446
94.5 0.028282760722 1.00690091506
93.0 0.0242217644452 0.959192760829
91.5 0.0264728967013 0.905080554255
90.0 0.0231212913126 0.846112166452
88.5 0.0225380437917 0.783917905222
87.0 0.0202747214799 0.720151040215
85.5 0.0201154708674 0.656432462426
84.0 0.0177056197637 0.59430212434
82.5 0.015249587062 0.535179120685
81.0 0.0119496569152 0.480331392695
79.5 0.00916749961448 0.430855160292
78.0 0.0077773776135 0.387663390942
76.5 0.00702190876254 0.351481972321
75.0 0.00695023887877 0.322851820173
73.5 0.00614468890046 0.302134950997
72.0 0.00561189758859 0.289522585058
70.5 0.00653903282392 0.285043598199
69.0 0.00668985325092 0.288572070093
67.5 0.00842170015362 0.29983322515
66.0 0.00822363660239 0.318407663722
64.5 0.00712016475305 0.343734365769
63.0 0.00483810276203 0.37511345039
61.5 0.00621969029665 0.411710035686
60.0 0.00966795563641 0.452560722267
58.5 0.00913691132947 0.496584196983
57.0 0.0108283513823 0.542597219009
55.5 0.0112506946576 0.589336827564
54.0 0.0159653366175 0.635489039027
52.5 0.016325923913 0.679723637106
51.0 0.0214562870927 0.720733970838
49.5 0.0174630069286 0.757280033909
48.0 0.0175783573589 0.788232575052
46.5 0.0160390464532 0.812615642796
45.0 0.0172618936268 0.829644841786
43.5 0.0150264302201 0.838758693519
42.0 0.015876465325 0.839640848459
40.5 0.014899538357 0.832231461278
39.0 0.0130581223241 0.816726766585
37.5 0.016017212918 0.793566712583
36.0 0.0159777296074 0.763411348677
34.5 0.0174546454283 0.727107443045
33.0 0.0118612544955 0.685647457489
31.5 0.0106469604966 0.640123474066
30.0 0.00754889556111 0.591678915266
28.5 0.00797086231453 0.541460914416
27.0 0.00544814979836 0.490575985971
25.5 0.00668871113351 0.440051247871
24.0 0.00388956465136 0.390802907732
22.5 0.00457813777453 0.343613098892
21.0 0.0037723602445 0.299115501975
19.5 0.00233315648507 0.257789570166
18.0 0.0044645926271 0.219962640203
16.5 0.00656938589461 0.18581879172
15.0 0.00642062390225 0.155413035483
13.5 0.00322705131159 0.128689271418
12.0 0.00365293124509 0.105500451536
10.5 0.00105241296338 0.0856294914533
9.0 0.00780620482589 0.0688096702236
7.5 0.00108978571139 0.0547435113141
6.0 0.00562224458757 0.0431194173285
4.5 -0.00535369718338 0.0336256102943
3.0 0.000788577603369 0.0259611857464
1.5 -0.00265051543405 0.0198443066808
0.0 0.0018880464311 0.0150177334579
-1.5 -0.00658713243997 0.0112520048233
-3.0 -0.00597149048004 0.00834665538776
-4.5 -0.017006397239 0.00612988196163
-6.0 -0.00905615551988 0.00445706323667
-7.5 -0.0152289645146 0.00320850363286
-9.0 -0.00559652492609 0.00228672178983
-10.5 -0.00293040176682 0.00161354536484
-12.0 0.00413861386292 0.00112721325054
-13.5 0.00659456184403 0.000779629108558
-15.0 0.00700137457174 0.000533859605717
-16.5 -0.00280751668929 0.000361928791092
-18.0 -0.000689735550775 0.000242927263613
-19.5 -0.00355312730561 0.00016143081502
-21.0 -0.0013694958476 0.000106207130632
-22.5 0.00283321975103 6.91795873811e-05
-24.0 0.000184100056406 4.46127828146e-05
-25.5 0.00400468676808 2.8483786118e-05
-27.0 0.00615600661645 1.80050019668e-05
-28.5 0.0102060833444 1.12679700882e-05
-30.0 0.00936804922681 6.98160466134e-06
-31.5 0.00811662659265 4.28274163577e-06
-33.0 0.00253451202538 2.60103115042e-06
-34.5 -0.00115559140603 1.56396232321e-06
-36.0 -0.0013797663904 9.31030856286e-07
-37.5 -0.00193900882952 5.48730269829e-07
-39.0 -0.00360993142916 3.20192250461e-07
-40.5 -0.00186013677769 1.84977868313e-07
-42.0 -0.00258554643002 1.05800027175e-07
-43.5 -0.00119883142113 5.99113137976e-08
-45.0 0.00308570466487 3.35883726324e-08
-46.5 -0.000602499799234 1.86434437656e-08
-48.0 -0.00371151664172 1.02451982527e-08
-49.5 -0.00641193400765 5.57406015885e-09
-51.0 -0.00971550790361 3.00247909032e-09
-52.5 -0.00573959668143 1.60119928237e-09
-54.0 -0.00194725430698 8.45410888739e-10
-55.5 0.00136891872961 4.41923750551e-10
-57.0 0.00521910963874 2.28709341488e-10
-58.5 0.0047376198014 1.17186482718e-10
-60.0 0.0029971593439 5.94467601397e-11
-61.5 0.00103022306898 2.98562952431e-11
-63.0 -0.000720231174986 1.48457006174e-11
-64.5 -0.00330157226526 7.30840380151e-12
-66.0 -0.00238180217224 3.56206160867e-12
-67.5 -0.00400937705273 1.71884760624e-12
-69.0 -0.00317645782797 8.21164896782e-13
-70.5 -0.00479770229592 3.88401083895e-13
-72.0 -0.00205738196699 1.81881088959e-13
-73.5 0.00048814709927 8.43240997786e-14
-75.0 0.000909536133719 3.87055226648e-14
-76.5 0.000447985282915 1.75894076618e-14
-78.0 -0.000186098497555 7.91382691956e-15
-79.5 -0.00242469513105 3.52516083319e-15
-81.0 0.00202631267128 1.55463478137e-15
-82.5 0.00259348039905 6.78789129429e-16
-84.0 0.00253779193185 2.93425891411e-16
-85.5 0.00440447848189 1.255795845e-16
-87.0 0.00466735005174 5.3210422357e-17
-88.5 0.00370335535758 2.23219137477e-17
-90.0 0.00177461980617 9.27092783199e-18
-91.5 0.00215220925202 3.81216798949e-18
-93.0 0.00254204998423 1.55195067939e-18
-94.5 0.00703332152586 6.25519503823e-19
-96.0 0.00351952266051 2.49609350988e-19
-97.5 0.00392795979159 9.86138470919e-20
-99.0 -0.000172200023451 3.85719866246e-20
-100.5 0.00324683646862 1.49369926906e-20
-102.0 0.00245425128343 5.72679167079e-21
-103.5 0.00319442137945 2.17378534217e-21
-105.0 -0.00198305912692 8.16918972644e-22
-106.5 -0.00114092470407 3.03947352046e-22
-108.0 -0.00257068731894 1.11963070746e-22
-109.5 0.0017128695815 4.08327183563e-23
-111.0 0.00110953384172 1.47434404651e-23
-112.5 0.00358228211689 5.27043477281e-24
-114.0 8.33177588455e-05 1.865310352e-24
-115.5 0.000753296629839 6.53601158419e-25
-117.0 0.000754549965513 2.26741795429e-25
-118.5 0.00239045347846 7.78766756541e-26
-120.0 0.0051107370206 2.64813598394e-26
-121.5 0.0041096357101 8.91518205492e-27
-123.0 0.00332748725402 2.97151006024e-27
-124.5 0.000121031050884 9.80575975846e-28
-126.0 0.00163932754059 3.20362997019e-28
-127.5 0.00013888477216 1.03624035692e-28
-129.0 -0.000589337516265 3.31845330958e-29
-130.5 -0.00455076301385 1.05212654065e-29
-132.0 -0.00607126698421 3.30261003302e-30
-133.5 -0.0111383331741 1.02636934162e-30
-135.0 -0.00860320739771 3.15796346313e-31
-136.5 -0.00640044619449 9.61983418685e-32
-138.0 -0.00184527917221 2.90124982223e-32
-139.5 0.00199010442422 8.66282861736e-33
-141.0 0.00270800666441 2.56089264846e-33
-142.5 0.000802309031392 7.49514569714e-34
-144.0 0.0024854526129 2.17183006423e-34
-145.5 0.00145757230061 6.2305825883e-35
-147.0 0.00101738816721 1.76965467892e-35
-148.5 -0.000157030365008 4.97628740986e-36
-150.0 -0.00217553115465 1.38541357072e-36
-151.5 -0.000764183448268 3.81865544982e-37
-153.0 0.00122988719256 1.04207401582e-37
-154.5 0.00259005677964 2.8154233903e-38
-156.0 0.00380135609406 7.53088328796e-39
-157.5 0.001665522552 1.99436743834e-39
-159.0 0.00266098606578 5.22903426801e-40
-160.5 -0.000967214257245 1.3573594041e-40
-162.0 0.00091342439766 3.48839198177e-41
-163.5 -0.000193334440457 8.87590730705e-42
-165.0 0.00224805107872 2.23592530928e-42
-166.5 0.00212258952812 5.57646371747e-43
-168.0 0.000897251157974 1.37694795376e-43
-169.5 -0.00305503585214 3.36614813595e-44
-171.0 -0.00447649103409 8.14715499859e-45
-172.5 -0.00294050130778 1.95225160459e-45
-174.0 -0.00575303147376 4.6315105036e-46
-175.5 -0.00447587733392 1.08784388128e-46
-177.0 -0.00876722732942 2.52969142464e-47
-178.5 -0.00638937061782 5.8240564928e-48
-180.0 -0.00283755223147 1.32751875215e-48
-181.5 -0.000693643753994 2.99579992296e-49
-183.0 -0.0026442511833 6.69332635869e-50
-184.5 -0.00177248884068 1.48056763769e-50
-186.0 -0.00364653982079 3.24243708997e-51
-187.5 -0.00463039656878 7.03026863255e-52
-189.0 -0.00250545745843 1.50913932745e-52
-190.5 -0.0049600117711 3.2073311972e-53
-192.0 -0.00323888628619 6.74862560908e-54
-193.5 -0.00164878913822 1.40586596733e-54
-195.0 -0.000456959489407 2.89954301016e-55
-196.5 0.00290529476787 5.92068898048e-56
-198.0 0.00335271743976 1.19693893838e-56
-199.5 0.00109302619798 2.39567995147e-57
-201.0 0.000480670167604 4.74725604903e-58
-202.5 -0.00235793068449 9.31351395945e-59
-204.0 0.00169696714713 1.80901237725e-59
-205.5 0.00313301644981 3.47877677486e-60
-207.0 0.00528908000273 6.62321176126e-61
-208.5 0.00567449079728 1.24844028688e-61
-210.0 0.00655313060483 2.3298285561e-62
-211.5 0.00225133921299 4.30464368132e-63
-213.0 0.00211224147382 7.87421933691e-64
-214.5 -0.00191587659648 1.4260503602e-64
-216.0 -0.00250908657447 2.55693255453e-65
-217.5 -0.00214447148975 4.53900579985e-66
-219.0 -0.0023507667262 7.97736122602e-67
-220.5 0.00160748701823 1.38808107595e-67
-222.0 -0.00140918180699 2.39126366068e-68
-223.5 -0.00183605000396 4.07846885207e-69
-225.0 -0.00272861379407 6.88690180691e-70
-226.5 0.000660405963675 1.15135085302e-70
-228.0 -0.00226815035869 1.90567369152e-71
-229.5 0.000762876610234 3.1228163533e-72
-231.0 -0.00251949583254 5.06642253471e-73
-232.5 0.0022887117223 8.13792013891e-74
-234.0 0.00372529436197 1.29414367975e-74
-235.5 0.00742521265196 2.03755163341e-75
-237.0 0.00250903082903 3.17608272339e-76
-238.5 0.00284769970932 4.90153426565e-77
-240.0 0.000403322540596 7.48909493392e-78
-241.5 0.000113102119417 1.13287941067e-78
-243.0 -0.00193832552405 1.69666103871e-79
-244.5 3.77241029936e-05 2.51572720007e-80
-246.0 -0.000638337417576 3.69308292035e-81
-247.5 0.000498705971216 5.36749474159e-82
-249.0 0.00278744122673 7.72344843819e-83
-250.5 0.00439684140225 1.10029193746e-83
-252.0 0.00555285931151 1.55189260937e-84
-253.5 0.00436995398939 2.16706757659e-85
-255.0 0.00138884139724 2.99598958263e-86
-256.5 0.000729803074992 4.10076798935e-87
-258.0 -0.00066139399169 5.55708645891e-88
-259.5 0.00143975914609 7.455661188e-89
-261.0 0.00387181012735 9.90335230924e-90
-262.5 0.00523882771793 1.30237289701e-90
-264.0 0.00391495652181 1.69568635505e-91
-265.5 0.00181277596109 2.18581175075e-92
-267.0 0.00145959672123 2.78956857786e-93
-268.5 0.000775488334555 3.52466936386e-94
-270.0 0.00317007038752 4.40916935335e-95
-271.5 0.00108511875437 5.46074921146e-96
-273.0 -0.00200265740679 6.69583492864e-97
-274.5 -0.00592514919229 8.12857281582e-98
-276.0 -0.00672565551443 9.76969301947e-99
-277.5 -0.00866475963167 1.16253112688e-99
-279.0 -0.00851359362832 1.36957341579e-100
-280.5 -0.00557321322033 1.59743464895e-101
-282.0 -0.00667092739423 1.84466682808e-102
-283.5 -0.00171369079566 2.10896722807e-103
-285.0 -0.000168054901465 2.3871448882e-104
-286.5 0.00365760051611 2.67512932901e-105
-288.0 0.00416980207919 2.96802695923e-106
-289.5 0.00551674195349 3.26022786656e-107
-291.0 0.00309890256952 3.54556232683e-108
-292.5 0.00408925628444 3.81750265975e-109
-294.0 0.00162663589464 4.0694023134e-110
-295.5 0.00247200007368 4.29476061875e-111
-297.0 0.00125756317424 4.48749886598e-112
-298.5 0.0 4.64223152713e-113
-300.0 0.0 4.75451581964e-114
###
# timestamp: 2455849.5783494
# Gaussian 1 [amp, RV +/- err, wid]: [1.05, 127.71 +/- 0.05, 15.00]
# Gaussian 2 [amp, RV +/- err, wid]: [0.65, 18.55 +/- 0.08, 15.00]
# Uncorrected_RV, BF_amp, Gaussian_fit
###
300.0 0.0 8.07874014191e-16
298.5 0.0 1.84162443946e-15
297.0 0.000656306010092 4.1563829588e-15
295.5 -0.00106450300748 9.28724915058e-15
294.0 -0.00071886426794 2.0545451652e-14
292.5 -0.00144031006783 4.49988426687e-14
291.0 0.000330442866732 9.75762336704e-14
289.5 -6.03119013517e-05 2.0948060167e-13
288.0 0.000820650295315 4.45246618235e-13
286.5 0.000175470267751 9.36945871094e-13
285.0 0.00105179542091 1.95202524071e-12
283.5 0.00128724870732 4.02636749679e-12
282.0 0.00198202559781 8.22239713854e-12
280.5 0.000765854603353 1.66241918456e-11
279.0 0.000434758033718 3.32766569903e-11
277.5 0.000281953682093 6.59471289988e-11
276.0 0.00119189210137 1.29392514229e-10
274.5 0.00193523915379 2.51350333221e-10
273.0 0.000749458500151 4.83400209273e-10
271.5 0.00151080544016 9.20431044097e-10
270.0 0.00114604556762 1.73513287044e-09
268.5 0.000903156606186 3.23840582104e-09
267.0 6.61040544542e-05 5.98393491135e-09
265.5 0.00157406607468 1.09471105948e-08
264.0 0.0010127095572 1.98275569282e-08
262.5 0.00306266166466 3.55546133818e-08
261.0 0.00245234468983 6.31218575388e-08
259.5 0.00103398068332 1.10948295903e-07
258.0 0.000232484967758 1.93071671606e-07
256.5 0.00114336766699 3.32639280385e-07
255.0 0.0018411576283 5.67395077095e-07
253.5 0.0019485980771 9.58196652974e-07
252.0 0.000806429174863 1.60206742816e-06
250.5 -0.00103200987634 2.65194179123e-06
249.0 -0.0016568469139 4.34614527427e-06
247.5 -0.00107858208105 7.05182531837e-06
246.0 -0.000934302528219 1.13280695778e-05
244.5 -0.00160173743288 1.8016371357e-05
243.0 -0.00216874357959 2.83684624123e-05
241.5 -0.00284489910415 4.42243364074e-05
240.0 -0.00248885642526 6.82564831209e-05
238.5 -0.00379693882885 0.000104299816813
237.0 -0.0026968599085 0.000157790277069
235.5 -0.00303331344893 0.000236338234569
234.0 -0.00149954812855 0.000350465111268
232.5 -0.00256772675233 0.000514532307333
231.0 -0.000265002644297 0.000747889718748
229.5 -0.00188427926324 0.00107626577994
228.0 0.000604826576752 0.00153341093594
226.5 -0.00110006881527 0.00216299061756
225.0 0.00103451189897 0.00302070121426
223.5 -0.000359722908635 0.00417655264385
222.0 0.00118196434778 0.00571722395615
220.5 -0.000661014787648 0.00774835490536
219.0 -0.000633344815473 0.0103965886288
217.5 -0.00164693556423 0.0138111318281
216.0 -0.0011466292217 0.0181645538886
214.5 -0.00124072404039 0.0236525112173
213.0 -0.00103393324015 0.030492064736
211.5 -0.00116008705529 0.0389182644083
210.0 -0.000953875986717 0.0491787120434
208.5 -0.00116454520286 0.0615258882346
207.0 -0.00242877429307 0.0762071445249
205.5 -0.00248389496274 0.0934524175723
204.0 -0.00381792146821 0.113459913454
202.5 -0.0034056238018 0.136380227393
201.0 -0.00370583831991 0.162299591855
199.5 -0.00229994137764 0.191223164225
198.0 -0.000392576802435 0.223059450568
196.5 0.00489533139641 0.257607089636
195.0 0.00674092160811 0.294545267528
193.5 0.00822630351386 0.333428979074
192.0 0.00830648432272 0.373690184976
190.5 0.0091526415062 0.414645632152
189.0 0.010248211803 0.455511718183
187.5 0.0118371926305 0.495426311697
186.0 0.0120451014273 0.53347692249
184.5 0.0126157335601 0.568734091176
183.0 0.0140749214154 0.600288386337
181.5 0.0144583950998 0.627289005949
180.0 0.0146894978591 0.648981722848
178.5 0.0153696694818 0.66474382416
177.0 0.0158970011493 0.674113790254
175.5 0.0169416767122 0.676813740509
174.0 0.0156764205171 0.672763122771
172.5 0.0144828752467 0.662082705493
171.0 0.011430790862 0.645088596466
169.5 0.0105115034262 0.622276701508
168.0 0.0107096560947 0.594298689273
166.5 0.0101364027738 0.561931087459
165.0 0.00958955867958 0.526039553942
163.5 0.00880806957911 0.487540611614
162.0 0.00774869157146 0.447363193518
160.5 0.00731333367431 0.406412219504
159.0 0.00752668294106 0.365536138633
157.5 0.00512289669707 0.325499958494
156.0 0.00387711996461 0.286964788322
154.5 0.0019999339317 0.250474396265
153.0 0.00152546032574 0.216448769749
151.5 0.00231360053496 0.185184212969
150.0 0.0033851676968 0.156859148718
148.5 0.00412468540306 0.13154453271
147.0 0.00251104610761 0.109217644661
145.5 0.00224540413841 0.0897779874573
144.0 0.00149756729155 0.0730640900628
142.5 0.00252268690641 0.0588701509622
141.0 0.0019614239313 0.0469616528883
139.5 0.00152683682824 0.0370893014726
138.0 -9.13266408489e-05 0.0290008675002
136.5 0.000439371366111 0.0224507254716
135.0 0.000525446485782 0.0172070660099
133.5 0.000847172161448 0.0130569074377
132.0 -0.000690276038307 0.00980913882824
130.5 0.000976500500439 0.00729589360454
129.0 0.000827854993551 0.00537258330525
127.5 0.00275649622872 0.00391692160562
126.0 0.000387302708542 0.00282724637591
124.5 0.00161071753529 0.00202040989925
123.0 -0.000619628957777 0.00142946120932
121.5 0.00172131325667 0.00100129562049
120.0 -0.00112037564798 0.000694399363134
118.5 0.000288845931617 0.000476774880822
117.0 -0.000926457390895 0.000324096599139
115.5 0.002169607551 0.000218118567417
114.0 0.00159133069055 0.000145334210105
112.5 0.00290622138183 9.587384118e-05
111.0 0.00316116772335 6.26165962136e-05
109.5 0.003101038575 4.04888870925e-05
108.0 0.00138916671328 2.59202555222e-05
106.5 0.000405964723929 1.64285704009e-05
105.0 -0.00122104816371 1.03090186439e-05
103.5 -0.000707255775176 6.40459894022e-06
102.0 0.00156621842254 3.93934151519e-06
100.5 0.00161957078213 2.39890178218e-06
99.0 0.0029145608677 1.44630088732e-06
97.5 0.00243771756394 8.63302350705e-07
96.0 0.00196346575566 5.101851711e-07
94.5 0.00143190898774 2.98512313048e-07
93.0 0.00299281804562 1.7294062695e-07
91.5 0.00302557698591 9.92291778735e-08
90.0 0.00371486263608 5.64366885868e-08
88.5 0.00257677419718 3.19116709831e-08
87.0 0.000914990937067 1.81209125725e-08
85.5 -0.00018140035302 1.06756385593e-08
84.0 -0.000216731512967 7.1343660522e-09
82.5 0.00170291097258 6.31456423491e-09
81.0 0.000981058225417 7.95316493463e-09
79.5 0.00206065876417 1.26356410467e-08
78.0 -0.0001342697506 2.19786471145e-08
76.5 -1.39163486307e-05 3.91144031025e-08
75.0 -0.000378082329394 6.95983624787e-08
73.5 0.00077041501834 1.22959030096e-07
72.0 -0.000911658014644 2.15247077348e-07
70.5 -0.000460590688089 3.73142151101e-07
69.0 -0.00218514976298 6.40468961037e-07
67.5 -0.00191698393205 1.08839729397e-06
66.0 -0.00107327768057 1.83120231497e-06
64.5 3.29820785099e-05 3.05030288161e-06
63.0 0.000895407215875 5.03045026385e-06
61.5 0.00223496819461 8.21349254893e-06
60.0 0.00161207468356 1.32771831921e-05
58.5 0.00118271088796 2.12491267695e-05
57.0 -0.000279190295126 3.36692377252e-05
55.5 0.000390308349024 5.28180710165e-05
54.0 0.000494640472479 8.20330470963e-05
52.5 0.00211625478648 0.000126139819806
51.0 0.00166785559954 0.000192031566237
49.5 0.000825545671551 0.00028943436687
48.0 -0.000109606219927 0.000431901413446
46.5 0.000734754296212 0.000638081581512
45.0 0.0008713864718 0.000933307696585
43.5 0.00190401731808 0.00135154509592
42.0 0.00155113889009 0.00193773011995
40.5 0.0017685589836 0.00275050915022
39.0 0.00218345205274 0.00386536004667
37.5 0.00314960896482 0.00537803801625
36.0 0.00220616406781 0.00740823648653
34.5 0.00159445903339 0.0101032910091
33.0 -0.000114844414946 0.0136416826542
31.5 6.29869490596e-05 0.0182360207434
30.0 6.9685142467e-05 0.0241351091877
28.5 0.000439699111153 0.0316246343979
27.0 -0.000584943408168 0.041025965853
25.5 0.000173015631726 0.0526925443987
24.0 0.000947250480809 0.0670033599288
22.5 0.0025851551166 0.0843530999724
21.0 0.00385004104873 0.105138691806
19.5 0.0042782787406 0.129742166472
18.0 0.00399387149614 0.158510040689
16.5 0.00567017848454 0.191729731668
15.0 0.00619625756373 0.229603871467
13.5 0.00823777430558 0.272223744817
12.0 0.00879278037019 0.319543403466
10.5 0.00733687106521 0.371356272847
9.0 0.00718117886249 0.427276224248
7.5 0.00696758235888 0.486725102556
6.0 0.00881888193568 0.548928549202
4.5 0.0108379373095 0.612921628807
3.0 0.0152093713405 0.677565259742
1.5 0.0198267617915 0.741573786016
0.0 0.0218572320439 0.803553252819
-1.5 0.0244389101366 0.862049119607
-3.0 0.0224583038178 0.915601334542
-4.5 0.0226526597204 0.962803979284
-6.0 0.0247026330323 1.00236614817
-7.5 0.024509833841 1.03317041402
-9.0 0.0248476951998 1.05432519832
-10.5 0.0236749725184 1.06520762491
-12.0 0.022419997021 1.06549398407
-13.5 0.0230421279667 1.05517572783
-15.0 0.0235079124834 1.03455989392
-16.5 0.0225574385543 1.00425392869
-18.0 0.0235646339566 0.965135956123
-19.5 0.0214181421336 0.918312523186
-21.0 0.0210130471916 0.865066657953
-22.5 0.0210667973409 0.806799638872
-24.0 0.0181634286846 0.744970150974
-25.5 0.0191140729648 0.681034485975
-27.0 0.0157832140274 0.616391145425
-28.5 0.0154381214292 0.552332672134
-30.0 0.012637838495 0.490006827632
-31.5 0.0112736402633 0.430388426441
-33.0 0.00895719631808 0.374262308627
-34.5 0.00724020698317 0.322217152482
-36.0 0.00397514813122 0.274649159117
-37.5 0.00286694187505 0.231774123413
-39.0 -0.00011828679819 0.193646064832
-40.5 -0.000245493334272 0.160180431705
-42.0 -0.00164209772498 0.131179901018
-43.5 -0.000700223417386 0.10636094642
-45.0 2.9449332733e-05 0.0853796052527
-46.5 0.00161702254677 0.067855201914
-48.0 0.000542073362652 0.0533911415962
-49.5 -8.94994827102e-05 0.0415922410973
-51.0 -0.000969732232447 0.0320783847512
-52.5 -0.0012089374651 0.0244945642204
-54.0 -0.000588442968953 0.0185175701216
-55.5 -0.00219500811755 0.0138597479888
-57.0 -0.00116203768021 0.0102703140647
-58.5 -0.000954771527898 0.00753475560986
-60.0 0.00027840938049 0.00547282639204
-61.5 -0.000353227925008 0.0039356025036
-63.0 -0.000754135322148 0.00280199812134
-64.5 -0.0027516851787 0.00197506551655
-66.0 -0.00289746775519 0.00137832688858
-67.5 -0.00346654421873 0.000952313641903
-69.0 -0.00421983390664 0.000651425624473
-70.5 -0.00175234876807 0.000441170765082
-72.0 2.13036144986e-05 0.000295805107304
-73.5 0.000878254663928 0.000196363907663
-75.0 0.000487679208927 0.000129054965504
-76.5 0.000237458732718 8.39739973937e-05
-78.0 -0.000327150519408 5.40968516624e-05
-79.5 0.000770520631624 3.4502948449e-05
-81.0 0.00180541721356 2.17870024908e-05
-82.5 0.00108044027057 1.36205866062e-05
-84.0 0.00162557035328 8.43045852477e-06
-85.5 0.00134194209683 5.16610983643e-06
-87.0 0.000391572111393 3.13424635843e-06
-88.5 -0.000433634436176 1.88260704529e-06
-90.0 -0.000869094709638 1.11954945913e-06
-91.5 0.000218411585606 6.59149526608e-07
-93.0 0.00239977166116 3.84221496967e-07
-94.5 0.00173488678074 2.2173611299e-07
-96.0 0.00106275054542 1.26691726833e-07
-97.5 -0.000465858797822 7.16666553247e-08
-99.0 -0.00187849565072 4.01368303145e-08
-100.5 -0.000465532089733 2.22549213359e-08
-102.0 6.50155415118e-06 1.22170432075e-08
-103.5 0.000823469033412 6.63992557194e-09
-105.0 0.000161913203609 3.57287126225e-09
-106.5 -0.000418303764828 1.90339349098e-09
-108.0 -0.00123809104952 1.00391477706e-09
-109.5 0.000516193106725 5.24230360265e-10
-111.0 0.00201845258814 2.71022000391e-10
-112.5 0.00187658798588 1.38721564784e-10
-114.0 0.000377376179809 7.02975949102e-11
-115.5 -0.00135555358572 3.52690701355e-11
-117.0 -0.000530336346178 1.75188102136e-11
-118.5 -0.000864161411366 8.6153368215e-12
-120.0 0.000205212097469 4.19466197922e-12
-121.5 -0.00192918260786 2.02198874215e-12
-123.0 -0.000418954453789 9.64978310752e-13
-124.5 -0.00101173365341 4.55946016882e-13
-126.0 -0.000972125713839 2.13287967296e-13
-127.5 -0.000994128494273 9.87816644525e-14
-129.0 -0.000904752181148 4.5294281955e-14
-130.5 0.00216326587372 2.05621003333e-14
-132.0 0.00177838052422 9.24163099745e-15
-133.5 0.00260274992581 4.11231930959e-15
-135.0 -0.000122803115008 1.81168250005e-15
-136.5 0.00118958831871 7.90195231823e-16
-138.0 0.000138645886521 3.41227304428e-16
-139.5 0.00226119468499 1.45884852702e-16
-141.0 0.000743252901329 6.1749533678e-17
-142.5 0.000312818978001 2.58770174338e-17
-144.0 -0.000472166158927 1.07362300757e-17
-145.5 0.000251942148523 4.41007988405e-18
-147.0 0.00136216721543 1.7934866903e-18
-148.5 0.00175895024489 7.22115912159e-19
-150.0 0.00138531674256 2.87854303775e-19
-151.5 -3.73069559574e-06 1.13604515629e-19
-153.0 0.00212987350323 4.43890158936e-20
-154.5 0.00314723630202 1.71716684459e-20
-156.0 0.00402916044381 6.57667721745e-21
-157.5 0.00287636725957 2.49377700067e-21
-159.0 0.00168127222879 9.36193795211e-22
-160.5 -0.000309846175449 3.47961309678e-22
-162.0 0.00114433756812 1.2804222442e-22
-163.5 0.000659846629434 4.66479452902e-23
-165.0 0.0029987208157 1.68255350244e-23
-166.5 0.0012991959026 6.00844793248e-24
-168.0 0.00222928424905 2.12428496987e-24
-169.5 -0.00233943033511 7.43567339882e-25
-171.0 0.000521757154035 2.57682479289e-25
-172.5 -0.000550812290985 8.84110462885e-26
-174.0 0.00189133341916 3.00320670706e-26
-175.5 -0.000145918957625 1.00999907342e-26
-177.0 0.000938875682569 3.36289866418e-27
-178.5 -0.00194635825364 1.10857132646e-27
-180.0 0.00119792835443 3.61801661515e-28
-181.5 -0.000514504007231 1.1690538806e-28
-183.0 0.000705054839367 3.73986180013e-29
-184.5 -0.0004408527588 1.18449610014e-29
-186.0 0.000783787714655 3.71422981294e-30
-187.5 0.000940736202644 1.15308404581e-30
-189.0 0.00205912823893 3.54413462257e-31
-190.5 0.00133361907412 1.07849096709e-31
-192.0 0.000285179310051 3.24922562155e-32
-193.5 -0.00216811907094 9.69170712182e-33
-195.0 -0.00262003694718 2.86205350876e-33
-196.5 -0.00222144799972 8.36781888673e-34
-198.0 -0.00195846432567 2.4221656988e-34
-199.5 -0.000604699848905 6.94148648925e-35
-201.0 -0.00122378546711 1.96950991249e-35
-202.5 -0.000379666556581 5.53249352564e-36
-204.0 -0.000201251413177 1.5386530887e-36
-205.5 0.000179147476548 4.23660102321e-37
-207.0 0.000563857075961 1.15491886596e-37
-208.5 0.00167123415414 3.1170404623e-38
-210.0 0.000758359498553 8.32895391749e-39
-211.5 0.00112103970569 2.20341110413e-39
-213.0 -0.000732354541678 5.77108755836e-40
-214.5 -0.00129962542946 1.49650043807e-40
-216.0 -0.000795836042497 3.84196220636e-41
-217.5 -0.000482718451099 9.76531784898e-42
-219.0 0.000470871215963 2.45740497983e-42
-220.5 -5.45979127108e-05 6.12243438771e-43
-222.0 8.6270943348e-05 1.51017960354e-43
-223.5 0.00100192149093 3.68799324024e-44
-225.0 0.00172562391566 8.91679305598e-45
-226.5 0.00188707435278 2.13444178264e-45
-228.0 0.00192901328383 5.05844456924e-46
-229.5 0.000616187649065 1.18687978237e-46
-231.0 0.00094061100915 2.75710638421e-47
-232.5 0.00131348989856 6.34099441875e-48
-234.0 0.000371018421791 1.44383735319e-48
-235.5 -0.00102492993978 3.25488935941e-49
-237.0 -0.00199467532398 7.26459225159e-50
-238.5 -0.00149903982312 1.60525233726e-50
-240.0 0.000967420713177 3.51182150439e-51
-241.5 0.00211859876633 7.60639040147e-52
-243.0 0.00235150805184 1.63110472325e-52
-244.5 0.000965527851478 3.46291740998e-53
-246.0 0.000922233883395 7.27879482258e-54
-247.5 0.000767540110117 1.51472528949e-54
-249.0 0.00160082027582 3.12079563878e-55
-250.5 0.00062977340354 6.36581245511e-56
-252.0 0.000490447151318 1.28558087798e-56
-253.5 -1.08181283645e-05 2.57040775952e-57
-255.0 0.000909726068183 5.08817099969e-58
-256.5 0.00126585631776 9.97191179336e-59
-258.0 -8.67896427883e-05 1.9348718821e-59
-259.5 -0.000427084557525 3.71691863004e-60
-261.0 -0.000512183263601 7.06921107555e-61
-262.5 0.00110513205582 1.33111598832e-61
-264.0 0.000378181198725 2.48152071963e-62
-265.5 0.00150508178223 4.58012116006e-63
-267.0 -0.000869690782487 8.36937607095e-64
-268.5 0.00101559427678 1.51414077298e-64
-270.0 -0.000544044379563 2.71204243699e-65
-271.5 1.0854832626e-05 4.80932097206e-66
-273.0 -0.00214001954465 8.44360871752e-67
-274.5 -0.000135371339639 1.46767363161e-67
-276.0 -0.000714050647225 2.52573591052e-68
-277.5 0.000825090861512 4.30331801381e-69
-279.0 -0.0007245140919 7.25898667431e-70
-280.5 0.000427884400207 1.2122874577e-70
-282.0 -0.000327500653276 2.0044363963e-71
-283.5 0.000388091901405 3.28122493486e-72
-285.0 -0.000384869732498 5.31785855316e-73
-286.5 0.00177294324085 8.53285990167e-74
-288.0 0.00016335457717 1.35553115564e-74
-289.5 0.00240664193074 2.13197176033e-75
-291.0 0.000692505859348 3.31978873504e-76
-292.5 0.00103444443795 5.11795545021e-77
-294.0 -0.00153195304869 7.81159305574e-78
-295.5 -0.000749422448653 1.18042874152e-78
-297.0 -0.00253878859402 1.76602560164e-79
-298.5 0.0 2.6158405642e-80
-300.0 0.0 3.83603534737e-81
###
# timestamp: 2455851.6487423
# Gaussian 1 [amp, RV +/- err, wid]: [1.05, 127.71 +/- 0.05, 15.00]
# Gaussian 2 [amp, RV +/- err, wid]: [0.65, 18.55 +/- 0.08, 15.00]
# Uncorrected_RV, BF_amp, Gaussian_fit
###
300.0 0.0 4.69293656474e-19
298.5 0.0 1.17093286592e-18
297.0 0.00183597099715 2.89251995257e-18
295.5 0.000609545636221 7.07420736318e-18
294.0 -0.000101239913424 1.71291677956e-17
292.5 -0.00044036036783 4.10631060419e-17
291.0 0.00107513728624 9.74595461704e-17
289.5 0.00114887305887 2.29009779187e-16
288.0 0.000377492212306 5.32771183211e-16
286.5 0.00106168900712 1.22711278264e-15
285.0 -0.000118724105238 2.79824211677e-15
283.5 0.00130554630104 6.31746948647e-15
282.0 0.00022349552525 1.41207600137e-14
280.5 0.000732678657366 3.12485627034e-14
279.0 -0.00057248076789 6.84634966301e-14
277.5 0.00210165164493 1.48506396739e-13
276.0 0.00107311246783 3.18924806496e-13
274.5 0.00258389676268 6.78091804993e-13
273.0 0.00222330432882 1.42740017631e-12
271.5 0.00253757476052 2.97481560854e-12
270.0 0.00114531571148 6.13806399659e-12
268.5 0.000769253492559 1.25389112356e-11
267.0 0.000687388274901 2.53597693324e-11
265.5 0.000526336586039 5.07794304146e-11
264.0 0.0012670133499 1.00667064952e-10
262.5 0.00127716247815 1.97580483131e-10
261.0 0.00263516768945 3.83935026534e-10
259.5 0.000764659656561 7.38632617151e-10
258.0 0.00325497929182 1.40687749896e-09
256.5 -0.00120140916888 2.65302376953e-09
255.0 0.000892708610622 4.95316794265e-09
253.5 -0.00155252596027 9.15549903294e-09
252.0 0.00181228241186 1.67547535436e-08
250.5 -0.00107714223702 3.03564597693e-08
249.0 0.0017704015534 5.44529302318e-08
247.5 -0.00161018665973 9.67048918139e-08
246.0 0.000373078501735 1.7003279231e-07
244.5 -0.000856906286979 2.95987919229e-07
243.0 0.000315029229964 5.10119986533e-07
241.5 -0.00239102131508 8.70417769693e-07
240.0 -0.0039539106631 1.47041597675e-06
238.5 -0.00523112194448 2.45928993465e-06
237.0 -0.00401983378398 4.07226758098e-06
235.5 -0.00236997435418 6.67605547374e-06
234.0 -0.00150430333291 1.08357910477e-05
232.5 -0.00108143481102 1.74123890384e-05
231.0 -0.00114123332821 2.77021296316e-05
229.5 -0.00146167525016 4.36339980346e-05
228.0 -0.00190711507568 6.80446388589e-05
226.5 -0.00296805036878 0.00010505576131
225.0 -0.00325119193247 0.000160584228805
223.5 -0.00167623086712 0.000243020528856
222.0 -0.00101649481229 0.000364116272416
220.5 2.84166003302e-05 0.000540124987997
219.0 0.000186382874303 0.000793241644939
217.5 -0.000457583209654 0.00115338367053
216.0 -0.000862236030504 0.00166034808492
214.5 -0.00150268730007 0.00236636399031
213.0 -0.00236049987237 0.00333903526171
211.5 -0.0022591341908 0.00466463340534
210.0 -0.000794123807211 0.00645165426316
208.5 -0.00176790952786 0.00883449458834
207.0 0.00189085548243 0.011977036892
205.5 0.0013152315601 0.0160758564949
204.0 0.00315436009499 0.0213626885703
202.5 0.00184348185337 0.0281057224426
201.0 0.00394632419037 0.0366092348517
199.5 0.00169016309665 0.0472110442051
198.0 0.00521111119122 0.0602772756793
196.5 0.00245725171039 0.0761939835839
195.0 0.00626806444733 0.0953552918449
193.5 0.00318652628691 0.118147891244
192.0 0.00596248684814 0.144931973061
190.5 0.00251044933426 0.176018975878
189.0 0.0051715907724 0.211646860287
187.5 0.00156481607007 0.251953981587
186.0 0.00580053513053 0.296952972278
184.5 0.00492695372176 0.346506337828
183.0 0.0107208674749 0.400305671946
181.5 0.0123448037017 0.457856474624
180.0 0.0155129665699 0.518470476845
178.5 0.0148799965396 0.581267121136
177.0 0.0183028703995 0.645185413237
175.5 0.019579499443 0.70900676178
174.0 0.02094471444 0.771388694029
172.5 0.0222960836777 0.830908528608
171.0 0.0212041280401 0.886115267236
169.5 0.0229188753545 0.935587211911
168.0 0.0234285868589 0.977992197484
166.5 0.0253631087169 1.01214692048
165.0 0.0242838945922 1.03707169559
163.5 0.0276055243875 1.05203711072
162.0 0.0254579706076 1.05659948224
160.5 0.0272028403556 1.05062270567
159.0 0.0255484408189 1.03428500037
157.5 0.027332996513 1.00807008174
156.0 0.0251003740522 0.97274337129
154.5 0.0248762615212 0.929314876873
153.0 0.0216688627193 0.878991254978
151.5 0.0207710629653 0.823120227528
150.0 0.0207883371227 0.763130918292
148.5 0.0197246568575 0.700473773826
147.0 0.0170216129516 0.636563547222
145.5 0.0141637546496 0.572728382469
144.0 0.0117091845223 0.510167397833
142.5 0.0110523505177 0.449918398021
141.0 0.00995239822325 0.392836523375
139.5 0.00922963399451 0.339583844091
138.0 0.00667523108563 0.290629193545
136.5 0.00609123753935 0.246256956974
135.0 0.00415697220071 0.206583121536
133.5 0.00333160791119 0.171576663238
132.0 0.00205805584427 0.141084289321
130.5 0.00210903019772 0.114856650573
129.0 0.00204769952005 0.0925743550269
127.5 0.000868393776189 0.0738724151368
126.0 0.00140227265895 0.0583621061018
124.5 0.00117784473996 0.0456495676852
123.0 0.00321644504653 0.0353508155386
121.5 0.00188472713015 0.0271031183128
120.0 0.00115357511904 0.020572929586
118.5 0.0001797871163 0.0154607327652
117.0 0.00125878543439 0.0115032633561
115.5 0.00248051232274 0.00847362239587
114.0 0.00183922543214 0.0061797969601
112.5 0.00157464757329 0.00446206981412
111.0 0.00129027934468 0.00318974210259
109.5 0.00202102392033 0.00225752119197
108.0 0.00151447303696 0.00158184947981
106.5 0.00139654379715 0.00109737618597
105.0 0.000929854960629 0.000753707717032
103.5 0.00107648369955 0.000512516023221
102.0 0.0019779830676 0.000345039637256
100.5 0.00100449329067 0.00022997868408
99.0 0.00094032344144 0.000151762068014
97.5 0.00189886455762 9.91507360069e-05
96.0 0.00212525841989 6.41336125889e-05
94.5 0.00164354717996 4.107073934e-05
93.0 0.000878284299903 2.60397249894e-05
91.5 0.000497000150968 1.63454665643e-05
90.0 0.000183683061686 1.0158166055e-05
88.5 0.00113003056805 6.250148836e-06
87.0 0.000709427983963 3.80734735518e-06
85.5 0.000248145069995 2.29621112508e-06
84.0 0.00113050555883 1.37106676896e-06
82.5 -0.000189739034522 8.10520299389e-07
81.0 -0.00102701705828 4.74385357645e-07
79.5 -0.000779372252585 2.74899026295e-07
78.0 -0.000186781919654 1.57736777457e-07
76.5 0.00101219678763 8.9652191297e-08
75.0 3.60085632411e-05 5.05333683467e-08
73.5 -0.000878338579422 2.83648593375e-08
72.0 -0.00228000999332 1.60776756547e-08
70.5 0.000120033881415 9.61428792551e-09
69.0 0.00142539714076 6.77278645011e-09
67.5 0.00338403141244 6.55712716383e-09
66.0 0.00336133785315 8.87338651473e-09
64.5 0.00335759929285 1.44941423931e-08
63.0 0.00161925656936 2.52794782327e-08
61.5 -0.000272379357959 4.47064437694e-08
60.0 -0.000106312255591 7.88312569945e-08
58.5 -0.00230768087977 1.37903177727e-07
57.0 -0.00127339904325 2.38981326544e-07
55.5 -0.00205390006337 4.10095175453e-07
54.0 -0.000352028087682 6.96760765496e-07
52.5 6.70698504935e-05 1.17204933677e-06
51.0 0.00143288048201 1.95194203315e-06
49.5 0.00097281078902 3.21844062264e-06
48.0 -0.000707519444152 5.2538937668e-06
46.5 -0.000650168958591 8.49129971363e-06
45.0 -0.000980215040599 1.35870170569e-05
43.5 -8.5563679311e-05 2.15244037387e-05
42.0 -0.000924354653473 3.37594369575e-05
40.5 -0.000133968683812 5.24223294544e-05
39.0 -0.000156762665797 8.05924746694e-05
37.5 0.00448952433092 0.000122667558813
36.0 0.00656339393297 0.000184851087047
34.5 0.00674744178319 0.00027578545038
33.0 0.00302339812873 0.000407359404447
31.5 0.00105877175137 0.000595718653096
30.0 -0.00128288847812 0.000862505167946
28.5 0.000318813806704 0.00123634383671
27.0 -0.000927780745391 0.00175458287227
25.5 -0.00129126824456 0.00246527605902
24.0 -0.00052785645063 0.00342936953888
22.5 0.000867594957285 0.00472302309139
21.0 0.00250165556686 0.00643995610242
19.5 0.00251469607225 0.00869366298184
18.0 0.00197151522634 0.011619294218
16.5 0.00139741315226 0.0153749514303
15.0 0.00196030551078 0.0201421029485
13.5 0.00154457457445 0.0261247970546
12.0 -0.00172789970206 0.033547340337
10.5 -0.000103463832518 0.0426501260478
9.0 -0.00394033464156 0.0536833486806
7.5 0.00179526867224 0.0668984311815
6.0 -0.00182887259507 0.0825371223752
4.5 0.00166940338082 0.100818392471
3.0 0.000484803943417 0.121923457177
1.5 0.00368271856294 0.145979484003
0.0 0.00279651869116 0.173042760585
-1.5 0.00279386867462 0.2030823128
-3.0 -0.000277191586702 0.235965125852
-4.5 -0.00143580375294 0.271444219697
-6.0 0.00215664495962 0.309150838914
-7.5 0.000816042077799 0.348591919612
-9.0 0.00713251015464 0.389153783931
-10.5 0.0078061557469 0.430112688486
-12.0 0.0116146102717 0.470652431511
-13.5 0.0122451668689 0.509888731265
-15.0 0.0134422789415 0.546899563155
-16.5 0.0136161829505 0.580760130458
-18.0 0.0134950871549 0.610580692285
-19.5 0.0145616732707 0.635545129692
-21.0 0.0146426069136 0.654947936512
-22.5 0.0136777450146 0.668227303193
-24.0 0.0148680488501 0.674992131359
-25.5 0.0151986727018 0.67504116704
-27.0 0.0155281246464 0.668372946497
-28.5 0.0168662021462 0.655185868803
-30.0 0.0162371450904 0.635868390154
-31.5 0.013351001372 0.610980016165
-33.0 0.0122986736789 0.581224389892
-34.5 0.0111895178922 0.547416281334
-36.0 0.0109477417124 0.510444636852
-37.5 0.0118673948245 0.471234019125
-39.0 0.0123304935965 0.430706752619
-40.5 0.0121626903402 0.389747897656
-42.0 0.00956776105088 0.349174835298
-43.5 0.00571466131894 0.309712795268
-45.0 0.00128948685025 0.27197714712
-46.5 -0.00329809935378 0.236462749586
-48.0 -0.00555287266109 0.203540160061
-49.5 -0.00632771106609 0.173458083374
-51.0 -0.00628008654866 0.146351113192
-52.5 -0.00438149160401 0.122251605738
-54.0 -0.00150564209601 0.101104426333
-55.5 -0.000422807343134 0.082783316576
-57.0 0.0005581756975 0.0671077270196
-58.5 0.00112765979396 0.0538591248037
-60.0 -0.0012217576541 0.0427959932027
-61.5 0.0008465144385 0.0336669661982
-63.0 0.00177048182333 0.0262217644146
-64.5 0.0028654917788 0.0202198018215
-66.0 0.00618891023982 0.0154365034135
-67.5 0.00751381416393 0.0116675058444
-69.0 0.00786275061913 0.00873100377694
-70.5 0.0060480115679 0.00646855656537
-72.0 0.00581524615106 0.00474468778301
-73.5 0.00303130196239 0.00344560075681
-75.0 0.00476532438006 0.00247730411391
-76.5 -0.000370287693668 0.0017633996439
-78.0 -0.00100545990074 0.00124273700015
-79.5 -0.00405292798435 0.000867091170931
-81.0 -0.00208644381308 0.000598973149577
-82.5 -0.00172236502398 0.000409644379137
-84.0 0.00103091828142 0.00027737269163
-85.5 0.000814557324663 0.000185941982439
-87.0 0.0028327520474 0.000123409407742
-88.5 0.00211900338726 8.10916494725e-05
-90.0 0.00138256266073 5.27546876425e-05
-91.5 0.000266118392686 3.3978408451e-05
-93.0 0.00125350081489 2.16671637006e-05
-94.5 0.000544692759741 1.3679119754e-05
-96.0 0.000774331209216 8.5501019625e-06
-97.5 -0.00188005812481 5.2910454396e-06
-99.0 -0.0022605019939 3.24166956732e-06
-100.5 -0.00324029954545 1.96631481636e-06
-102.0 -0.00188233240004 1.18084913187e-06
-103.5 -0.000545939533566 7.02090073489e-07
-105.0 -0.00145011435067 4.13283727771e-07
-106.5 -0.00125498544598 2.40857866255e-07
-108.0 -0.00135207088397 1.38972995405e-07
-109.5 0.00296470454959 7.93884014603e-08
-111.0 0.00347612233639 4.48994221035e-08
-112.5 0.0057554990489 2.5140939359e-08
-114.0 0.00134232241574 1.39373210718e-08
-115.5 0.000248310662183 7.64951964914e-09
-117.0 -0.00260320441161 4.15667509449e-09
-118.5 -0.000912793361022 2.23622268748e-09
-120.0 -0.00118157574477 1.19108038987e-09
-121.5 -0.00161160013695 6.28093291346e-10
-123.0 -0.00346817756467 3.27917270405e-10
-124.5 -0.00518232740724 1.69496791232e-10
-126.0 -0.00515851746501 8.67392628097e-11
-127.5 -0.00485050029539 4.39467767835e-11
-129.0 -0.00340087195274 2.20442528643e-11
-130.5 -0.00529832777863 1.09476472538e-11
-132.0 -0.00460519476588 5.38273825578e-12
-133.5 -0.00547697121214 2.62025032691e-12
-135.0 -0.00402399042931 1.26281392092e-12
-136.5 -0.0020718339778 6.02549864223e-13
-138.0 0.00244698665341 2.84645079128e-13
-139.5 0.00352036639144 1.33128617721e-13
-141.0 0.00543619810093 6.16447677099e-14
-142.5 0.00378176103186 2.8260384947e-14
-144.0 0.00385335044008 1.28267603699e-14
-145.5 0.00297645584692 5.76385364221e-15
-147.0 0.00143268153109 2.56428305741e-15
-148.5 0.000189850849241 1.12947347571e-15
-150.0 -0.000697974758235 4.92541881747e-16
-151.5 0.000170628545832 2.12650960763e-16
-153.0 0.00278233031559 9.08967987599e-17
-154.5 0.00323913256477 3.84668729123e-17
-156.0 0.00291104837704 1.61169267514e-17
-157.5 0.00201315129277 6.68551144769e-18
-159.0 -0.000794153770398 2.74564318241e-18
-160.5 -0.00383399975797 1.11637630916e-18
-162.0 -0.00286768547938 4.49401152534e-19
-163.5 -0.00245919294879 1.79107926953e-19
-165.0 0.000839695477357 7.06728308832e-20
-166.5 -9.76097988201e-05 2.76087804766e-20
-168.0 -0.000824604166707 1.0678223695e-20
-169.5 -0.00127896533845 4.08891291047e-21
-171.0 0.00160697928063 1.55015013313e-21
-172.5 0.00127413314504 5.81830814637e-22
-174.0 0.00367387049154 2.16210474588e-22
-175.5 -0.000784703907153 7.9545166809e-23
-177.0 -0.00207075521503 2.89739641834e-23
-178.5 -0.00224791705865 1.044862388e-23
-180.0 -0.00179034756718 3.73050244106e-24
-181.5 -0.000742303760229 1.31865934262e-24
-183.0 0.000664604002439 4.61482204739e-25
-184.5 -0.000889906165152 1.59894806118e-25
-186.0 -0.00161367736539 5.48492646962e-26
-187.5 -0.000709458404065 1.86279180268e-26
-189.0 -0.00192150614338 6.26346826877e-27
-190.5 -0.00142667037351 2.0850789326e-27
-192.0 -0.00197845701823 6.87206366162e-28
-193.5 -0.00215936035921 2.24237840881e-28
-195.0 -0.00209119465616 7.24415421807e-29
-196.5 -0.00168648882574 2.31698662419e-29
-198.0 -0.000436249063331 7.33696455839e-30
-199.5 -0.000504930182467 2.30020408786e-30
-201.0 0.000124537488581 7.13959169761e-31
-202.5 0.000345450487326 2.19400410567e-31
-204.0 -0.000613846575249 6.67511191091e-32
-205.5 0.00108394001622 2.01065112719e-32
-207.0 0.000493645599862 5.99614252603e-33
-208.5 0.00118476952537 1.7703707604e-33
-210.0 -6.85523687971e-05 5.17503825017e-34
-211.5 -0.000205201316166 1.49768319007e-34
-213.0 -0.00383726939049 4.29124590181e-35
-214.5 -0.00319326451299 1.21731760595e-35
-216.0 -0.00328051186463 3.41886112454e-36
-217.5 -0.00163093401055 9.50639973153e-37
-219.0 0.00115192239146 2.61702420178e-37
-220.5 0.00104040590012 7.13274111086e-38
-222.0 0.00129588130663 1.92469642063e-38
-223.5 0.000887071481365 5.14191710929e-39
-225.0 0.000359405735656 1.36001894806e-39
-226.5 -0.000291516437324 3.5614094118e-40
-228.0 -0.00129141460797 9.23327775657e-41
-229.5 -0.00274001032818 2.3699924015e-41
-231.0 -0.00132433221086 6.02275313205e-42
-232.5 6.80120007027e-06 1.51530559175e-42
-234.0 0.00166073940465 3.77452620419e-43
-235.5 0.0023634912464 9.30854320481e-44
-237.0 0.00239088629607 2.27278339671e-44
-238.5 0.0002569794701 5.49403513589e-45
-240.0 0.00131482950679 1.31486714043e-45
-241.5 -0.00115339815314 3.11551155943e-46
-243.0 -0.00124368267759 7.30859534439e-47
-244.5 -0.00159017782923 1.69744426038e-47
-246.0 0.000327738952184 3.90314047957e-48
-247.5 0.00188480013788 8.8856642258e-49
-249.0 0.00258858090622 2.00273122325e-49
-250.5 0.00238004179939 4.46902202011e-50
-252.0 0.00100995462748 9.87323276135e-51
-253.5 0.0013929754944 2.15955023949e-51
-255.0 -0.000112546526705 4.67653623049e-52
-256.5 0.00129824741331 1.0026338203e-52
-258.0 0.000106784210968 2.1282245649e-53
-259.5 0.00160171141686 4.47249237344e-54
-261.0 0.00166300501171 9.30548087388e-55
-262.5 0.000625060682337 1.91683657781e-55
-264.0 -0.000814910524687 3.90920468588e-56
-265.5 -0.00166283646885 7.8931215065e-57
-267.0 -0.00174553759889 1.57785184231e-57
-268.5 -0.000362350588902 3.12277511098e-58
-270.0 -0.00023480968295 6.11888445792e-59
-271.5 -0.00194562015323 1.18702769283e-59
-273.0 -0.000948001611116 2.2798512101e-60
-274.5 -0.00215311528185 4.33520075214e-61
-276.0 -0.000205706297515 8.16148106379e-62
-277.5 -0.000793423816689 1.52119817762e-62
-279.0 -0.00100583751502 2.80711154779e-63
-280.5 -0.0018454979325 5.1285028393e-64
-282.0 0.000747896704555 9.27638115551e-65
-283.5 -0.00078182415916 1.66120651182e-65
-285.0 0.000850066542691 2.94527411058e-66
-286.5 -0.00097325988499 5.16993246735e-67
-288.0 0.000862705760635 8.98464817627e-68
-289.5 0.00156192544891 1.54587486592e-68
-291.0 0.00236514653139 2.63332615012e-69
-292.5 0.00128893595831 4.44111503825e-70
-294.0 -0.000613283734663 7.41543186753e-71
-295.5 -0.000939632614059 1.22585169051e-71
-297.0 -0.00146534426081 2.00630274247e-72
-298.5 0.0 3.25096323778e-73
-300.0 0.0 5.21536496624e-74
###
# timestamp: 2455866.5694483
# Gaussian 1 [amp, RV +/- err, wid]: [1.05, 127.71 +/- 0.05, 15.00]
# Gaussian 2 [amp, RV +/- err, wid]: [0.65, 18.55 +/- 0.08, 15.00]
# Uncorrected_RV, BF_amp, Gaussian_fit
###
300.0 0.0 2.37513229659e-29
298.5 0.0 7.45318587254e-29
297.0 0.00140043879913 2.31554462027e-28
295.5 -8.23253988434e-05 7.12231883961e-28
294.0 0.00130664970159 2.16893593389e-27
292.5 -0.00179628517989 6.53926732492e-27
291.0 0.000809236109096 1.95194921645e-26
289.5 2.73449993807e-05 5.76852783436e-26
288.0 0.00062783493487 1.68779045212e-25
286.5 0.000402490388745 4.8891021824e-25
285.0 0.00195673573252 1.40215736561e-24
283.5 0.000938723813828 3.98126839641e-24
282.0 0.00190576746802 1.11918842624e-23
280.5 0.00196121595048 3.11488501531e-23
279.0 0.00316025740067 8.58297571629e-23
277.5 0.00180057880976 2.34148189076e-22
276.0 0.00364031443022 6.32412984157e-22
274.5 0.00168427688615 1.69109423005e-21
273.0 0.00207699056425 4.4770494652e-21
271.5 0.00221224730284 1.17347281472e-20
270.0 0.00112697513768 3.04516779635e-20
268.5 0.00133403205369 7.82359713355e-20
267.0 0.000902964641518 1.9900261561e-19
265.5 0.00093772914479 5.01150474116e-19
264.0 0.000424326709666 1.24949511243e-18
262.5 0.00153433909926 3.08431007811e-18
261.0 0.00105095085905 7.53769498141e-18
259.5 0.00147835265587 1.82379550526e-17
258.0 0.00101955223275 4.36888665726e-17
256.5 0.00124254922475 1.03614961483e-16
255.0 0.000796835351433 2.43293898254e-16
253.5 0.000938399206461 5.65583875487e-16
252.0 -0.000283776070848 1.30172689228e-15
250.5 0.000473848628493 2.96619562313e-15
249.0 -0.000315675002735 6.69170454628e-15
247.5 0.00122871069818 1.49461997019e-14
246.0 -0.00069024380142 3.30507910877e-14
244.5 0.00147756092086 7.23585728354e-14
243.0 -0.000852311727084 1.56839403211e-13
241.5 0.000202680215642 3.3657156715e-13
240.0 -0.00220381098231 7.15083445281e-13
238.5 -0.0025424209096 1.50415668462e-12
237.0 -0.00355023026335 3.13246687724e-12
235.5 -0.00167083919259 6.45857864081e-12
234.0 -0.0012487824857 1.31839173484e-11
232.5 -0.000426941691722 2.66445902945e-11
231.0 9.41748304031e-05 5.33126998714e-11
229.5 0.00104240064967 1.05611050366e-10
228.0 0.00121669339227 2.07131000247e-10
226.5 0.00132819220993 4.02196139829e-10
225.0 -0.000953183740974 7.73192706777e-10
223.5 -0.0017273352895 1.47161652124e-09
222.0 -0.00238155131303 2.7730558471e-09
220.5 -0.00234754128581 5.17344256971e-09
219.0 -0.00238426769498 9.55559432581e-09
217.5 -0.00180696300196 1.74740200864e-08
216.0 -0.00156215443988 3.1636250996e-08
214.5 -0.00252790197947 5.67066836729e-08
213.0 -0.00235226642859 1.00633028283e-07
211.5 -0.00464046148676 1.76808805151e-07
210.0 -0.00374806384501 3.07556062275e-07
208.5 -0.00397528652588 5.2966557779e-07
207.0 -0.00278192652352 9.03100874156e-07
205.5 -0.0030415701692 1.52450141153e-06
204.0 -0.00131342594922 2.54786524176e-06
202.5 -0.00102121648902 4.2158207072e-06
201.0 0.0009673453252 6.90629088498e-06
199.5 0.00141453086989 1.12012026703e-05
198.0 0.00243020784191 1.79862861855e-05
196.5 0.00181830384771 2.85940319808e-05
195.0 0.00184034003694 4.50055789688e-05
193.5 0.00139188933714 7.01316993925e-05
192.0 0.00106441356955 0.000108198048414
190.5 0.000498548456383 0.000165265250931
189.0 0.00072719341989 0.000249919833301
187.5 0.00116908063331 0.000374176882983
186.0 0.001194888731 0.000554638788249
184.5 0.00197952883645 0.000813955344367
183.0 -0.000314442707646 0.00118262750373
181.5 0.000992423890794 0.00170118845205
180.0 -0.000642103890476 0.00242277973396
178.5 0.000468000435146 0.0034161150889
177.0 0.00114974142883 0.00476878903503
175.5 0.00160403823688 0.00659084020086
174.0 0.000891714654376 0.00901842107687
172.5 -0.00118344161022 0.01221735775
171.0 -0.00158390000729 0.0163863085572
169.5 -0.00131294229916 0.0217591547538
168.0 0.00147322760339 0.0286061866914
166.5 0.000504590418707 0.0372335950856
165.0 0.000893369152742 0.0479807497001
163.5 -0.00062124638517 0.0612147588222
162.0 0.00222978264072 0.0773218633144
160.5 0.00158163943345 0.0966953377651
159.0 0.0027574323862 0.119719753382
157.5 0.00215898453948 0.146751702227
156.0 0.00380854202205 0.178097382477
154.5 0.00486655272465 0.213987783807
153.0 0.005946496206 0.254552566678
151.5 0.00632535584524 0.2997940679
150.0 0.00962049491917 0.349563150589
148.5 0.0099773844199 0.403538810957
147.0 0.0120770772733 0.461213520541
145.5 0.0114128934856 0.521886190937
144.0 0.0147539509594 0.58466438059
142.5 0.0172968202317 0.648476917421
141.0 0.0217152744899 0.712097502993
139.5 0.0209112270719 0.774179128946
138.0 0.0227598311022 0.83329832781
136.5 0.0225526400817 0.888007465274
135.0 0.0253212760181 0.936892534771
133.5 0.0262738031229 0.978633313264
132.0 0.0273050186653 1.01206234649
130.5 0.0271971524734 1.03621910344
129.0 0.0265560873198 1.05039580093
127.5 0.0253302906762 1.05417184911
126.0 0.0237644688687 1.04743457921
124.5 0.0237266330454 1.03038482788
123.0 0.0235370951735 1.00352699215
121.5 0.0250928153931 0.967644241892
120.0 0.0248907796557 0.923760589853
118.5 0.0242662964049 0.873092381859
117.0 0.0219448153782 0.816992411597
115.5 0.0191523880331 0.756890234439
114.0 0.0176629968268 0.694232332879
112.5 0.0166793203077 0.630425579806
111.0 0.0156194122686 0.56678698953
109.5 0.0148008847966 0.504502096493
108.0 0.0127450267969 0.444593528161
106.5 0.0101909107035 0.387900517984
105.0 0.00888537348227 0.335069310223
103.5 0.00655684771567 0.286553704676
102.0 0.00656337634424 0.242624424385
100.5 0.00426514994523 0.203385593294
99.0 0.00382593339016 0.168796394165
97.5 0.0012154282257 0.138695932686
96.0 0.00261733977233 0.112829439823
94.5 0.000423251121892 0.0908741689691
93.0 0.00203987352206 0.0724636497114
91.5 -0.00133343887702 0.0572093075979
90.0 0.000539664817237 0.0447188137993
88.5 -0.000312074333147 0.0346108604989
87.0 0.00192439828411 0.0265263455771
85.5 0.00315367223272 0.0201361802062
84.0 0.00245509135429 0.0151460997896
82.5 0.00248673017202 0.0112989633981
81.0 0.00115573408048 0.00837507567452
79.5 0.00235505414538 0.00619106755496
78.0 0.0012520049659 0.00459783907722
76.5 0.00406545126197 0.00347801000054
75.0 0.00117691805183 0.00274325182695
73.5 0.00250235547037 0.00233179610196
72.0 -2.96719645363e-05 0.00220633438753
70.5 0.00122311317734 0.00235244864657
69.0 -0.000200590224391 0.00277763863965
67.5 0.000322556376734 0.00351094555205
66.0 0.000537519051882 0.00460310784027
64.5 0.00118548279535 0.00612712540132
63.0 0.00239155519875 0.00817905121838
61.5 0.00293846925304 0.0108787761452
60.0 0.00254647046483 0.0143705242847
58.5 0.000368269552474 0.0188227368158
57.0 -0.00044542137959 0.0244269958817
55.5 -0.000810676098565 0.0313956331661
54.0 6.819678992e-05 0.0399576864609
52.5 0.00145347625685 0.0503529179922
51.0 0.00164768754074 0.0628236952851
49.5 0.00197395615803 0.0776046611716
48.0 0.00181759454499 0.0949102828698
46.5 0.00246671376807 0.114920565022
45.0 0.00155319594511 0.137765427317
43.5 0.00256021175792 0.163508467921
42.0 0.00136197416177 0.192131039226
40.5 0.00185068030443 0.223517729292
39.0 0.00263180139801 0.257444447041
37.5 0.00470172539697 0.293570329871
36.0 0.00625606889158 0.331434611998
34.5 0.00860113026335 0.370459401333
33.0 0.00807599456142 0.409959013061
31.5 0.00902998504204 0.449156112026
30.0 0.00855794091318 0.487204448007
28.5 0.01019285732 0.523217463242
27.0 0.0118579026448 0.556301553118
25.5 0.013731082861 0.585592315853
24.0 0.0146306923228 0.610291781166
22.5 0.0160497375175 0.629704400981
21.0 0.0162412151917 0.643269545602
19.5 0.0166703081008 0.650588389684
18.0 0.0155088741465 0.651443389517
16.5 0.0151273951993 0.645809024388
15.0 0.0141812727767 0.633853061975
13.5 0.0148226174825 0.615928260217
12.0 0.0142752825921 0.592555078392
10.5 0.013610068929 0.564396579722
9.0 0.0108671793844 0.532227213853
7.5 0.0112993668995 0.496897528028
6.0 0.00918655630044 0.459297044144
4.5 0.00901197330172 0.420317546071
3.0 0.00765113232811 0.380818856426
1.5 0.00825217867954 0.341598869182
0.0 0.00600012564744 0.303369181154
-1.5 0.0059745531851 0.266737176367
-3.0 0.00122504171371 0.23219490979
-4.5 0.00189304191451 0.200114655402
-6.0 0.000637596169389 0.170750565658
-7.5 0.00077299710756 0.144245562618
-9.0 -0.000959733198781 0.12064236105
-10.5 -0.00102650486488 0.0998974147599
-12.0 -0.00124009233593 0.0818965724025
-13.5 0.00108914009309 0.0664713129855
-15.0 0.00158378054295 0.0534145832284
-16.5 -3.12691900537e-05 0.0424954552443
-18.0 0.000550426328491 0.0334720401088
-19.5 0.000105285120767 0.0261023095431
-21.0 0.000675927820114 0.0201526769481
-22.5 1.6100759955e-05 0.0154043580944
-24.0 0.000182238509915 0.011657663728
-25.5 0.000280832423805 0.00873446877804
-27.0 0.0010972297215 0.00647915731766
-28.5 0.00215772295836 0.00475836342227
-30.0 0.00245965424072 0.00345982192924
-31.5 0.00107757196438 0.00249061695815
-33.0 2.68670035031e-05 0.00177507697127
-34.5 -0.00174196508791 0.00125251949411
-36.0 -0.00265526512418 0.000875001612256
-37.5 -0.00149010433491 0.000605187943905
-39.0 -0.00100362343927 0.00041440857894
-40.5 0.000389863055797 0.000280946911585
-42.0 0.00207604759055 0.000188571841572
-43.5 0.00338638943559 0.000125310215714
-45.0 0.00351111614903 8.24428825261e-05
-46.5 0.00334445569882 5.37003249382e-05
-48.0 5.00140743707e-05 3.46304164632e-05
-49.5 -0.00192259712803 2.21103476049e-05
-51.0 -0.00284977495653 1.39762442392e-05
-52.5 -0.00257661217522 8.74666408485e-06
-54.0 -0.000778489905214 5.41940327305e-06
-55.5 0.000551124322208 3.32443270363e-06
-57.0 0.00175307639756 2.01902026422e-06
-58.5 0.000734237924201 1.21400608864e-06
-60.0 0.00124257135361 7.22700087161e-07
-61.5 -0.000476898946315 4.25943901436e-07
-63.0 -0.00153577019872 2.48544271044e-07
-64.5 -0.00245877341647 1.43586022382e-07
-66.0 -0.00401082345199 8.21254245736e-08
-67.5 -0.00318776077655 4.65050532426e-08
-69.0 -0.000889915804673 2.60723224859e-08
-70.5 0.000357509334777 1.44715932608e-08
-72.0 0.000838279173697 7.95261634386e-09
-73.5 0.00147242172008 4.32673971747e-09
-75.0 -0.000235812797071 2.33060441205e-09
-76.5 0.000726442003526 1.24289205966e-09
-78.0 -0.000214151060907 6.56228847567e-10
-79.5 -0.00127333644078 3.43031717262e-10
-81.0 0.000362481458848 1.77529402836e-10
-82.5 0.00114203579225 9.09627040512e-11
-84.0 0.00108701220578 4.61438139103e-11
-85.5 0.00104525099305 2.31750493474e-11
-87.0 0.000787616252981 1.15235131847e-11
-88.5 -0.000334157289966 5.67291392034e-12
-90.0 -0.00010010598484 2.76493253931e-12
-91.5 -0.00126151612539 1.334196941e-12
-93.0 -0.00141241144674 6.37400495557e-13
-94.5 -0.000598054207902 3.01482361324e-13
-96.0 0.00182514924853 1.4117847122e-13
-97.5 0.000807015233019 6.54533827333e-14
-99.0 0.00162210291253 3.00436554985e-14
-100.5 0.000397583752213 1.36530759304e-14
-102.0 0.00102995889062 6.14278468477e-15
-103.5 0.000504209434467 2.73625857309e-15
-105.0 -0.000369100538385 1.20671867243e-15
-106.5 -0.00206753353077 5.26880330474e-16
-108.0 -0.00156220353578 2.27758709703e-16
-109.5 -0.000155094605189 9.74754069453e-17
-111.0 0.00287876291491 4.13021039457e-17
-112.5 0.00399427061933 1.73263207095e-17
-114.0 0.00124174903163 7.19610642565e-18
-115.5 -0.000954741011925 2.95900610754e-18
-117.0 -0.00161586339047 1.20462313791e-18
-118.5 -0.00190935642917 4.85527233719e-19
-120.0 0.000228159789493 1.93746133569e-19
-121.5 0.000877284483391 7.65437171942e-20
-123.0 0.000937111019446 2.99394011204e-20
-124.5 -0.000237516754545 1.15940114219e-20
-126.0 8.22527780577e-05 4.44509855137e-21
-127.5 -0.000869214102441 1.68727596242e-21
-129.0 0.000466888148091 6.340856138e-22
-130.5 -0.000489558388655 2.35921073507e-22
-132.0 -0.00145998172032 8.6904572317e-23
-133.5 -0.00318715809912 3.16938919283e-23
-135.0 -0.00413278329551 1.14436765447e-23
-136.5 -0.00447283253461 4.09084128698e-24
-138.0 -0.00187633216314 1.44782723569e-24
-139.5 -0.00102433078382 5.07315239938e-25
-141.0 0.000541503517035 1.75993298451e-25
-142.5 0.00146661344367 6.04465346342e-26
-144.0 0.000459078455023 2.05543496676e-26
-145.5 0.000652043140786 6.91979339617e-27
-147.0 -0.000448984858789 2.30642624175e-27
-148.5 -0.000614436192888 7.61102359961e-28
-150.0 -0.00126621931564 2.48658678725e-28
-151.5 -0.000624594382796 8.0430585448e-29
-153.0 2.32725924915e-06 2.5757036497e-29
-154.5 0.0016840219289 8.1663429044e-30
-156.0 0.00116162558921 2.56340003425e-30
-157.5 0.00252532801591 7.96640194139e-31
-159.0 0.000843442584656 2.45112296484e-31
-160.5 -9.16359436866e-05 7.46663700372e-32
-162.0 -0.000494519436073 2.25186335082e-32
-163.5 0.000281058565663 6.72382006002e-33
-165.0 0.000993595701946 1.98768329317e-33
-166.5 0.00276674597484 5.81748600897e-34
-168.0 -0.000427233209391 1.68570107098e-34
-169.5 -0.00130436987924 4.83596148294e-35
-171.0 -0.00131996743436 1.37354268005e-35
-172.5 -0.000350838176797 3.86241148298e-36
-174.0 -0.000304329919461 1.07530576841e-36
-175.5 -0.000320831576811 2.96389262917e-37
-177.0 -0.00240406361158 8.08816519918e-38
-178.5 -0.0012868874482 2.18521722191e-38
-180.0 0.000516970759641 5.84515821853e-39
-181.5 -0.000192394767557 1.54794306617e-39
-183.0 -0.00028571491004 4.0585485937e-40
-184.5 -0.00198349155782 1.05352191106e-40
-186.0 -0.00266914013118 2.70753107533e-41
-187.5 -0.002271813637 6.88906658696e-42
-189.0 -0.00120996954098 1.73541908919e-42
-190.5 -0.00108694962888 4.32818099027e-43
-192.0 -0.00117193420135 1.06871895304e-43
-193.5 -0.00138647137534 2.61263454382e-44
-195.0 -0.00135656865426 6.32340317899e-45
-196.5 -0.000722979686141 1.51523550065e-45
-198.0 0.000387276975135 3.5947314873e-46
-199.5 0.000950461836319 8.44325352201e-47
-201.0 -0.000930683881144 1.96340665668e-47
-202.5 0.000216689420868 4.52030504583e-48
-204.0 0.000244416575391 1.03034408702e-48
-205.5 -4.97970480708e-05 2.32516553987e-49
-207.0 0.00126772368481 5.19496382644e-50
-208.5 0.00143281248457 1.1491275397e-50
-210.0 0.000909595795903 2.51658146297e-51
-211.5 0.00230123168578 5.4564579011e-52
-213.0 6.74553261359e-05 1.17129874907e-52
-214.5 -0.000540996629203 2.48932502652e-53
-216.0 -0.00142103761033 5.23784432312e-54
-217.5 0.000697051575455 1.09114036624e-54
-219.0 -0.000136420818116 2.25043106393e-55
-220.5 0.00231225510496 4.59523642324e-56
-222.0 0.000606940374734 9.28981493456e-57
-223.5 0.00200372290267 1.85935929556e-57
-225.0 0.00125668796943 3.68448363105e-58
-226.5 0.00205188075917 7.22848024979e-59
-228.0 0.00125790329686 1.40402364331e-59
-229.5 0.00123482907521 2.69996975301e-60
-231.0 0.000192149333651 5.1404416263e-61
-232.5 -0.00186148386699 9.68944763067e-62
-234.0 -0.000389928387203 1.80823413341e-62
-235.5 -0.000215735186676 3.34092988554e-63
-237.0 0.00171497597149 6.11134941315e-64
-238.5 0.000313358871786 1.10678667977e-64
-240.0 -0.000850288996848 1.98448484967e-65
-241.5 -0.002264529717 3.52280583328e-66
-243.0 -0.00125445524001 6.1913688968e-67
-244.5 -0.000644533338933 1.07731252881e-67
-246.0 -0.00150461688164 1.85589668166e-68
-247.5 0.000268547816834 3.16535872542e-69
-249.0 0.000286145489579 5.34501748348e-70
-250.5 0.00201461127266 8.935778199e-71
-252.0 0.00076244828601 1.47901536483e-71
-253.5 0.00153506674098 2.42365079719e-72
-255.0 -0.000186699104822 3.93209916593e-73
-256.5 0.000750354689347 6.31591000226e-74
-258.0 -0.00122958482208 1.00439480803e-74
-259.5 -0.0012169788244 1.58135741875e-75
-261.0 -0.000878514909972 2.46497589593e-76
-262.5 0.00154112511674 3.80410388549e-77
-264.0 0.00131283366339 5.81231462993e-78
-265.5 -0.0011269008727 8.79230848688e-79
-267.0 -0.00224473157102 1.31678167647e-79
-268.5 -0.00226300374572 1.9524579394e-80
-270.0 -0.00145910701151 2.86620107444e-81
-271.5 -0.00160726761697 4.16570658895e-82
-273.0 -0.00263429600292 5.99415204856e-83
-274.5 -0.00247636990822 8.53933179246e-84
-276.0 -0.000196308223472 1.20441755379e-84
-277.5 -1.91151397391e-05 1.68185023401e-85
-279.0 -0.000899551781694 2.32516950578e-86
-280.5 -0.00110207026655 3.18257738525e-87
-282.0 -0.000735068344586 4.31281055256e-88
-283.5 0.000528159935814 5.78627200816e-89
-285.0 -3.5410138194e-05 7.68589354711e-90
-286.5 -0.000257250832384 1.01075742319e-90
-288.0 -0.000377884934067 1.31600206056e-91
-289.5 0.000572955679458 1.69638043212e-92
-291.0 -0.000900844554558 2.16494563122e-93
-292.5 0.000556149524812 2.73544375582e-94
-294.0 -0.00177798212605 3.42188681214e-95
-295.5 0.000543264479948 4.23799603105e-96
-297.0 -5.48951257379e-06 5.19651884365e-97
-298.5 0.0 6.30843340028e-98
-300.0 0.0 7.58206657803e-99
