###
# timestamp: 2455813.6996682
# Gaussian 1 [amp, RV +/- err, wid]: [1.00, 165.00 +/- 0.00, 16.55]
# Gaussian 2 [amp, RV +/- err, wid]: [0.57, -25.00 +/- 0.00, 15.76]
# Uncorrected_RV, BF_amp, Gaussian_fit
###
400.0 0.0 4.15584108945e-79
398.0 0.0 4.38274658101e-78
396.0 0.000983337592967 4.55086952264e-77
394.0 3.26027748929e-06 4.65267809574e-76
392.0 -0.000172344009712 4.68351834475e-75
390.0 -2.0635167026e-05 4.64196693624e-74
388.0 0.00014289594251 4.5299400798e-73
386.0 -0.000368321790528 4.35254700118e-72
384.0 -0.000935099800377 4.11770357356e-71
382.0 -0.000812400183169 3.83554680298e-70
380.0 -9.607973915e-05 3.5177104699e-69
378.0 0.000125001036652 3.17653389445e-68
376.0 0.000759667290444 2.82427832889e-67
374.0 -0.000190070832975 2.47241910639e-66
372.0 -0.000697938089799 2.13106789343e-65
370.0 -0.0014430419554 1.80856065506e-64
368.0 -0.0013174856865 1.51122618042e-63
366.0 0.000129904934678 1.24333012465e-62
364.0 0.00173341880059 1.00717292265e-61
362.0 0.00168268281866 8.03308244391e-61
360.0 0.00195882884992 6.30842587538e-60
358.0 0.0015040981032 4.87775948637e-59
356.0 0.000870786847469 3.71347374366e-58
354.0 0.00114123721281 2.78356220113e-57
352.0 0.000824262500942 2.05438625568e-56
350.0 0.000456440199358 1.49287645586e-55
348.0 0.00193057875394 1.06813521731e-54
346.0 0.00291914640454 7.5247001309e-54
344.0 0.00380311373188 5.21930598057e-53
342.0 0.00334614854419 3.56448602344e-52
340.0 0.00307329896789 2.39685450369e-51
338.0 0.00134231630948 1.58689073698e-50
336.0 0.000873434366681 1.03445826981e-49
334.0 -0.000389936295736 6.63956342933e-49
332.0 -0.000623691176175 4.19591488678e-48
330.0 -0.000432304783691 2.61080486594e-47
328.0 0.000854780386362 1.59949451229e-46
326.0 -0.000246819394189 9.64831986403e-46
324.0 -0.000979812907503 5.73035105812e-45
322.0 -0.000860150951297 3.35097634822e-44
320.0 -0.0011021010179 1.92939919793e-43
318.0 1.87503440394e-05 1.09378867476e-42
316.0 0.00121238570653 6.10527665711e-42
314.0 0.000971576822962 3.35535033777e-41
312.0 -0.000424787578812 1.81564523237e-40
310.0 1.77339630987e-06 9.67352397682e-40
308.0 -0.000771191741395 5.07456744301e-39
306.0 0.000344203929747 2.621041774e-38
304.0 0.00147848374264 1.33293648086e-37
302.0 0.00100856805692 6.67429753496e-37
300.0 0.000136485174053 3.29050283887e-36
298.0 0.000431639614563 1.59727455735e-35
296.0 0.000396514977386 7.63409351465e-35
294.0 0.00074009623429 3.5924933656e-34
292.0 0.000822570671695 1.66454320232e-33
290.0 7.25734329095e-05 7.59372325675e-33
288.0 -0.000199522057366 3.41094767801e-32
286.0 -0.000230260634172 1.50853693186e-31
284.0 -0.000799970310391 6.56897235101e-31
282.0 -0.000179713164244 2.81643361018e-30
280.0 9.7698533588e-06 1.18894619234e-29
278.0 0.000894271052446 4.94180358284e-29
276.0 0.00031244494526 2.02241071245e-28
274.0 -7.63215816459e-05 8.14917851741e-28
272.0 -0.00085771278279 3.2330982598e-27
270.0 -0.00114255519604 1.26294539453e-26
268.0 -0.00071077108144 4.85747798314e-26
266.0 -0.00079978315704 1.83949116221e-25
264.0 -0.000868264356538 6.85875307585e-25
262.0 -0.00137374370747 2.51798551739e-24
260.0 -0.000596181991853 9.10168676795e-24
258.0 0.000120041093948 3.2392997708e-23
256.0 0.00153109249141 1.13511795376e-22
254.0 0.00209116162532 3.91643968763e-22
252.0 0.00207073875608 1.3304620476e-21
250.0 0.00141060124586 4.4501447309e-21
248.0 0.000425083002178 1.4655693652e-20
246.0 0.000436665077698 4.75224933523e-20
244.0 8.82936870333e-05 1.51723431464e-19
242.0 0.000426862339445 4.76943233493e-19
240.0 0.000313968955551 1.47618682393e-18
238.0 0.00156529195952 4.49859146584e-18
236.0 0.00236583605061 1.34980919727e-17
234.0 0.00301325561472 3.98775812431e-17
232.0 0.0033306986017 1.15996752732e-16
230.0 0.00216277797915 3.3221822395e-16
228.0 0.00166662722127 9.36831899655e-16
226.0 0.00123007120591 2.60112058446e-15
224.0 0.00228267193704 7.11082350305e-15
222.0 0.00150418503081 1.91399108229e-14
220.0 0.00332336871062 5.07248204318e-14
218.0 0.00283177252095 1.32361513392e-13
216.0 0.00321698077214 3.40066246234e-13
214.0 0.00184739254296 8.60252470455e-13
212.0 0.00152640346201 2.14263861207e-12
210.0 -5.39381212536e-05 5.25451363119e-12
208.0 0.000515791621205 1.26875193203e-11
206.0 0.000280442847021 3.01634843413e-11
204.0 0.000704601615314 7.06068597115e-11
202.0 0.000663557188136 1.62731970239e-10
200.0 0.000431162702835 3.69283128433e-10
198.0 0.00131267343778 8.25100114984e-10
196.0 0.00179010455823 1.81515796823e-09
194.0 0.00159977177729 3.93172200223e-09
192.0 0.00157643487693 8.38516816424e-09
190.0 0.00184673956683 1.76076480303e-08
188.0 0.00116667931322 3.64042021474e-08
186.0 0.000966636561038 7.41075206734e-08
184.0 0.000390635885734 1.48536657885e-07
182.0 0.000627220281674 2.93133605367e-07
180.0 0.00107097743122 5.69584508376e-07
178.0 0.00148224073095 1.08971097662e-06
176.0 0.00145869387949 2.05269809778e-06
174.0 0.00073745538852 3.80714512217e-06
172.0 0.00138654435447 6.9523940813e-06
170.0 0.00260286931842 1.25005732189e-05
168.0 0.00271556622204 2.2130237404e-05
166.0 0.0020249837269 3.857472292e-05
164.0 0.00229692794684 6.62033788612e-05
162.0 0.00163013511181 0.000111871147645
160.0 0.00151911406574 0.000186130108077
158.0 0.00182461137513 0.00030491287587
156.0 0.00168954561683 0.000491807896862
154.0 0.00117471239767 0.000781044595292
152.0 0.00153974500075 0.00122128427868
150.0 0.00117726866175 0.00188026172416
148.0 0.000744672128456 0.00285023357416
146.0 0.000415593420413 0.00425405608056
144.0 -0.000404167260963 0.00625153392676
142.0 -0.000228333146524 0.00904545902278
140.0 0.000230841409913 0.0128865091871
138.0 0.00023317038279 0.0180759303401
136.0 -3.95907114495e-05 0.0249647245865
134.0 -0.000634200694973 0.0339479640573
132.0 -0.000936292958388 0.0454529060026
130.0 0.00111275923683 0.0599198541455
128.0 0.00153400868622 0.0777752343969
126.0 0.0011983012925 0.0993971394247
124.0 0.000803262326488 0.125074613323
122.0 0.00171841334932 0.154963110946
120.0 0.00275419856329 0.189039741418
118.0 0.00522547714087 0.2270629159
116.0 0.0065054850197 0.268541670449
114.0 0.00772283950758 0.312720041662
112.0 0.00861475787966 0.358581299654
110.0 0.0108787388417 0.404875536214
108.0 0.0126652026951 0.45017212017
106.0 0.0149636726033 0.492936037893
104.0 0.0165108444225 0.53162440861
102.0 0.0175982823588 0.564796843679
100.0 0.0179144796081 0.591231163327
98.0 0.0193681383209 0.610034604668
96.0 0.0196958369749 0.620740261023
94.0 0.0206063623826 0.623379154457
92.0 0.0204345145693 0.618519980733
90.0 0.0204007072651 0.607270968842
88.0 0.0202395489199 0.591241174395
86.0 0.0200419610543 0.572461568046
84.0 0.0183597899529 0.553269221031
82.0 0.0170224491493 0.536160551438
80.0 0.0145807853016 0.523621897018
78.0 0.0140130648789 0.517947617038
76.0 0.014331168469 0.521057510682
74.0 0.015154021701 0.534326541044
72.0 0.0156326660783 0.558440541734
70.0 0.0181384927841 0.593291512232
68.0 0.0199224970024 0.637924952273
66.0 0.0228449967108 0.690549124386
64.0 0.0254831654128 0.748611974056
62.0 0.0282573910396 0.808945737457
60.0 0.0308538620956 0.867972425315
58.0 0.0328064779029 0.921956140714
56.0 0.0336381828493 0.967281597151
54.0 0.0329331686641 1.00073338708
52.0 0.0336881295967 1.0197485264
50.0 0.0338685335029 1.02261622518
48.0 0.0333847869855 1.00860382506
46.0 0.0320935297804 0.977995889603
44.0 0.0312625778192 0.932043451531
42.0 0.0287208284641 0.872830933346
40.0 0.0264521004403 0.803077666428
38.0 0.0239917271288 0.72589782643
36.0 0.0212174172439 0.644546017516
34.0 0.0189365222821 0.562175334942
32.0 0.015712153827 0.48163083022
30.0 0.0117429933479 0.405294768689
28.0 0.00793308369944 0.334992131687
26.0 0.00568919090782 0.271956798294
24.0 0.00321377306653 0.216851917522
22.0 0.00198650046194 0.169832984879
20.0 0.00083589494109 0.130639465254
18.0 0.00115292744235 0.0987004198958
16.0 0.00160130577943 0.073241109978
14.0 0.00179362751546 0.0533803564838
12.0 3.09772925482e-05 0.0382118594833
10.0 -0.00116994573093 0.0268661029938
8.0 -0.00165533286883 0.0185524268534
6.0 -0.00178272870058 0.0125830565422
4.0 -0.00081934162764 0.00838225375471
2.0 -0.00109174670595 0.00548434289384
0.0 -0.00101367176834 0.00352433730276
-2.0 -0.00045473243113 0.0022244331211
-4.0 0.000235890345228 0.00137895540659
-6.0 0.000724722410957 0.000839595392118
-8.0 0.00165328111127 0.000502086802983
-10.0 0.0018358881904 0.000294901164279
-12.0 0.000915137888066 0.000170123017755
-14.0 0.000716834644569 9.63914627135e-05
-16.0 -0.000371294822808 5.36417526644e-05
-18.0 -0.000376194131468 2.93194783874e-05
-20.0 -3.88075036712e-05 1.57397709577e-05
-22.0 0.000644942674108 8.29907067e-06
-24.0 0.000260239890298 4.29783166545e-06
-26.0 0.00118337062177 2.18604059478e-06
-28.0 -3.35378401319e-05 1.0920837008e-06
-30.0 -0.00108463112156 5.35849104232e-07
-32.0 -0.000794949472596 2.58236705801e-07
-34.0 -0.000296669211729 1.22231267918e-07
-36.0 0.000538808750745 5.6824489137e-08
-38.0 0.000584579333701 2.59464318706e-08
-40.0 -0.000748132323924 1.16361315931e-08
-42.0 -0.000905093678245 5.12540849602e-09
-44.0 -0.0011730442271 2.21736518139e-09
-46.0 -0.000967660889959 9.42182083678e-10
-48.0 -0.000737945453889 3.93207088147e-10
-50.0 0.000403835585661 1.61174641586e-10
-52.0 0.000254645523106 6.48874887699e-11
-54.0 0.000583590720172 2.56574858953e-11
-56.0 -0.000104435579555 9.96451371877e-12
-58.0 0.000292606788691 3.8009048556e-12
-60.0 0.00022121278259 1.42398943106e-12
-62.0 0.000800031799864 5.23980846162e-13
-64.0 0.000109753330915 1.89370766144e-13
-66.0 -0.000306319047552 6.72201285988e-14
-68.0 -0.000770206373121 2.34355213941e-14
-70.0 -0.000978709119494 8.02488430236e-15
-72.0 -0.00141788327857 2.69893122413e-15
-74.0 -0.000158525461774 8.91525427033e-16
-76.0 0.00110042905673 2.89244113276e-16
-78.0 0.00250481237447 9.21688570696e-17
-80.0 0.00221765230995 2.88464752089e-17
-82.0 0.000963806591572 8.86727512774e-18
-84.0 0.000352808846075 2.67717334313e-18
-86.0 -0.000668155822231 7.93874183018e-19
-88.0 -0.000805284432687 2.31214860831e-19
-90.0 -0.00102458837501 6.61406848582e-20
-92.0 -0.000445546626437 1.8582772475e-20
-94.0 -7.42957106642e-07 5.12791962964e-21
-96.0 0.000519604058819 1.38982714129e-21
-98.0 0.000203733080493 3.6997233087e-22
-100.0 -0.000239591893205 9.67312012823e-23
-102.0 -0.000275777258509 2.48400688424e-23
-104.0 -0.00136290668421 6.26509826997e-24
-106.0 -0.00157177878431 1.55200050459e-24
-108.0 -0.0012509963994 3.77611061019e-25
-110.0 4.4409246765e-05 9.02373711488e-26
-112.0 0.000197333715789 2.11795652206e-26
-114.0 0.000137334301413 4.88243561379e-27
-116.0 -0.000861028250089 1.10546472125e-27
-118.0 -0.00118806063285 2.45834102367e-28
-120.0 -0.000634830465084 5.36943077891e-29
-122.0 -0.000727768668767 1.15186941223e-29
-124.0 -0.0013307388833 2.42698516668e-30
-126.0 -0.00226225558093 5.02249920431e-31
-128.0 -0.00326569566959 1.02084900453e-31
-130.0 -0.00319117947091 2.03794294426e-32
-132.0 -0.00285855609568 3.99587055367e-33
-134.0 -0.00205937770116 7.69519587597e-34
-136.0 -0.0017533057886 1.45551546944e-34
-138.0 -0.00111034214182 2.7039761117e-35
-140.0 -0.000761741502264 4.93375698047e-36
-142.0 -7.2525595038e-05 8.84181727645e-37
-144.0 -0.000400251160544 1.55630314735e-37
-146.0 -0.000104141340662 2.69051696152e-38
-148.0 0.000145642415036 4.56842133622e-39
-150.0 -0.000248583698506 7.61878023563e-40
-152.0 -0.000709875392522 1.24793975544e-40
-154.0 -0.000794306051272 2.00766233894e-41
-156.0 -0.00097169520503 3.17231717696e-42
-158.0 -0.000445313078953 4.92324458209e-43
-160.0 -0.00011160653161 7.50438486541e-44
-162.0 -0.000342887629323 1.12348599901e-44
-164.0 -0.000342326770786 1.65199644579e-45
-166.0 -0.000726910834584 2.38582964761e-46
-168.0 -0.00146755753755 3.38422034417e-47
-170.0 -0.00063924272295 4.71483730492e-48
-172.0 -9.5195395334e-05 6.4515440771e-49
-174.0 -7.51578974621e-05 8.67060705394e-50
-176.0 -0.00078537893079 1.14452219511e-50
-178.0 -0.000923890246532 1.48384252051e-51
-180.0 -0.000590035008539 1.88947122817e-52
-182.0 0.000388106321806 2.36309745616e-53
-184.0 0.00105815853141 2.90276488432e-54
-186.0 0.000558823572839 3.50211954771e-55
-188.0 7.69716853721e-05 4.14991261409e-56
-190.0 -0.000457831056341 4.82987415236e-57
-192.0 -0.00121886197915 5.52104842585e-58
-194.0 -0.000590467976375 6.19863660135e-59
-196.0 4.0616059455e-06 6.83533296075e-60
-198.0 0.000447223208072 7.40307333186e-61
-200.0 -0.000170819757876 7.87504975641e-62
-202.0 -0.000790753202932 8.22779457294e-63
-204.0 -0.00117141840911 8.44311008454e-64
-206.0 -0.000929128827843 8.50962343154e-65
-208.0 -0.000909424822849 8.42378183656e-66
-210.0 -0.00106318401918 8.1901670103e-67
-212.0 -0.000880109147984 7.82108999538e-68
-214.0 -0.00143845003347 7.33551631033e-69
-216.0 -0.00118563774636 6.75745199734e-70
-218.0 -0.00177056757581 6.11398163567e-71
-220.0 -0.00134659452978 5.43318094554e-72
-222.0 -0.00253965335672 4.74212596913e-73
-224.0 -0.00172990198415 4.06519031395e-74
-226.0 -0.00224925209736 3.42276873499e-75
-228.0 -0.00229748665099 2.83049967192e-76
-230.0 -0.00295132385681 2.29899242259e-77
-232.0 -0.00266936123888 1.8340064099e-78
-234.0 -0.00295974452275 1.43698765428e-79
-236.0 -0.00166077978701 1.10584460393e-80
-238.0 -0.001724678503 8.35841725802e-82
-240.0 -0.00219388149901 6.20501549803e-83
-242.0 -0.00215951665296 4.52429142847e-84
-244.0 -0.000942586815135 3.24001597549e-85
-246.0 0.00104173225713 2.27893852266e-86
-248.0 0.00143681520428 1.57437050965e-87
-250.0 0.00233504520976 1.06824325926e-88
-252.0 0.00161043351302 7.11905346117e-90
-254.0 0.00181702473387 4.65975653406e-91
-256.0 0.000907297266238 2.99566383218e-92
-258.0 -0.000175609817985 1.89152377535e-93
-260.0 -0.000575776095072 1.17305779925e-94
-262.0 0.000734133634513 7.14522479392e-96
-264.0 0.000993893491549 4.27465687856e-97
-266.0 0.00112745791778 2.5117447443e-98
-268.0 0.000623454381696 1.44956809828e-99
-270.0 -0.000490726556033 8.21657117068e-101
-272.0 -0.000236022108556 4.57437219909e-102
-274.0 -6.82513097995e-05 2.50127391587e-103
-276.0 7.30144529735e-05 1.34332125997e-104
-278.0 0.000350089147346 7.08577569764e-106
-280.0 0.000196138940686 3.67099498532e-107
-282.0 0.000486895548878 1.86796640124e-108
-284.0 0.00103165192338 9.33562090687e-110
-286.0 0.00148017984375 4.58253967649e-111
-288.0 0.00127287842401 2.20931752827e-112
-290.0 0.000800044798097 1.04616195156e-113
-292.0 -7.57404539264e-05 4.86551238061e-115
-294.0 0.00025947067379 2.22252738816e-116
-296.0 0.000268818813899 9.97136329054e-118
-298.0 0.000642914226956 4.393906748e-119
-300.0 -1.85867887473e-05 1.90167374393e-120
-302.0 0.000646184169098 8.0836976852e-122
-304.0 0.000528745977891 3.37499392018e-123
-306.0 0.000455447643571 1.38396403621e-124
-308.0 0.000258388075133 5.57398111409e-126
-310.0 0.000715378726985 2.20493128478e-127
-312.0 0.000291821951875 8.56669893605e-129
-314.0 0.000537290257424 3.26904446589e-130
-316.0 0.000939714169843 1.22522832897e-131
-318.0 -0.000253388579059 4.51026552331e-133
-320.0 -0.00015345711853 1.63070749957e-134
-322.0 -8.74043014481e-05 5.79080453026e-136
-324.0 -0.000792769606227 2.01971746456e-137
-326.0 -0.00178414031743 6.91880697565e-139
-328.0 -0.00171847067599 2.32788052351e-140
-330.0 -0.00233860999498 7.69270427147e-142
-332.0 -0.00226256700175 2.49681443353e-143
-334.0 -0.00229817743098 7.95943743904e-145
-336.0 -0.00204456896693 2.49211086875e-146
-338.0 -0.00108875741092 7.66374813356e-148
-340.0 0.000347506082468 2.3147493236e-149
-342.0 0.00119294504595 6.86681878841e-151
-344.0 0.000338473413986 2.00076502068e-152
-346.0 3.7832601473e-05 5.72565879288e-154
-348.0 0.000208553634876 1.60932485881e-155
-350.0 0.00034053626064 4.44273955203e-157
-352.0 0.00138172097486 1.20461111766e-158
-354.0 0.0016760240721 3.20798078498e-160
-356.0 0.000809307689686 8.39084170153e-162
-358.0 0.0002247640585 2.1556000051e-163
-360.0 0.000407540025342 5.43900805966e-165
-362.0 0.000198890121419 1.34790755387e-166
-364.0 0.000958083180718 3.28087277978e-168
-366.0 0.00137822175759 7.84345757761e-170
-368.0 0.00115006871066 1.84168178145e-171
-370.0 0.000682857032128 4.24727626123e-173
-372.0 0.000367595755755 9.6204482339e-175
-374.0 2.46062769803e-05 2.14027206079e-176
-376.0 0.00081178945549 4.67661411126e-178
-378.0 0.00207374717488 1.00365156865e-179
-380.0 0.00180827283178 2.11554992165e-181
-382.0 0.000988758453829 4.37978172142e-183
-384.0 -0.000976575043357 8.90575070405e-185
-386.0 -0.00106543918052 1.7785966886e-186
-388.0 -0.00130719397906 3.48877774515e-188
-390.0 -0.00026956174428 6.72137313231e-190
-392.0 -0.00092326352062 1.27183738391e-191
-394.0 0.000776684823621 2.36370919928e-193
-396.0 -0.000714102964688 4.31464812202e-195
-398.0 0.0 7.73545027653e-197
-400.0 0.0 1.36211787795e-198
###
# timestamp: 2455849.5783494
# Gaussian 1 [amp, RV +/- err, wid]: [1.00, 165.00 +/- 0.00, 16.55]
# Gaussian 2 [amp, RV +/- err, wid]: [0.57, -25.00 +/- 0.00, 15.76]
# Uncorrected_RV, BF_amp, Gaussian_fit
###
400.0 0.0 5.72626617906e-31
398.0 0.0 1.96391727032e-30
396.0 0.00157476495654 6.66135715576e-30
394.0 0.000437191295717 2.23455023454e-29
392.0 0.00204353191276 7.41319455612e-29
390.0 0.00208475265088 2.43225187389e-28
388.0 0.0021554782894 7.89222699652e-28
386.0 0.00154913003014 2.53266915985e-27
384.0 0.00114691029608 8.03794867722e-27
382.0 0.000738619832514 2.52289902249e-26
380.0 0.00153091154271 7.83145363132e-26
378.0 0.00156552732119 2.40421203088e-25
376.0 0.00127784542282 7.29946489071e-25
374.0 0.00161218313634 2.1917809845e-24
372.0 0.00162623216664 6.50865359825e-24
370.0 0.00224328227526 1.91149441986e-23
368.0 0.00251117227645 5.55191468251e-23
366.0 0.0019220597149 1.59477862245e-22
364.0 0.00151851996741 4.53049755173e-22
362.0 0.000729073506429 1.27285598053e-21
360.0 0.00073510400433 3.53671860959e-21
358.0 0.000680337894874 9.71873231766e-21
356.0 0.000901327923734 2.64123234006e-20
354.0 0.000154853375742 7.09890664163e-20
352.0 7.6613976738e-05 1.88696652604e-19
350.0 0.000451407607185 4.9604925314e-19
348.0 0.00181124137775 1.28965420023e-18
346.0 0.00246723618446 3.31596262232e-18
344.0 0.00285459263217 8.43206312029e-18
342.0 0.00203891474176 2.12053743674e-17
340.0 0.00128497038098 5.27407027115e-17
338.0 0.00118483402874 1.29728008968e-16
336.0 0.00136292638992 3.15579995896e-16
334.0 0.00178327330366 7.59229461736e-16
332.0 0.0026209463964 1.80644403562e-15
330.0 0.00204461548341 4.25073316336e-15
328.0 0.00183762721602 9.89215807966e-15
326.0 0.00177220057565 2.27670166561e-14
324.0 0.001563687734 5.18213920971e-14
322.0 0.00104546499358 1.16654070709e-13
320.0 0.00105932111438 2.59703973266e-13
318.0 0.000573908931253 5.71801331758e-13
316.0 0.000678194389388 1.24508672797e-12
314.0 0.00109768143663 2.68127845075e-12
312.0 0.000525583125821 5.71047329122e-12
310.0 0.000234235168663 1.20279098451e-11
308.0 0.000669069375776 2.50550974683e-11
306.0 0.000793708126783 5.16166603343e-11
304.0 1.69558858029e-05 1.05165085586e-10
302.0 -9.78575717838e-05 2.11904963932e-10
300.0 -0.0011131632936 4.22278095085e-10
298.0 -0.000315782122522 8.32230925452e-10
296.0 0.000608499976822 1.62209773932e-09
294.0 0.00136642342334 3.12678529491e-09
292.0 0.00170693199115 5.960833284e-09
290.0 0.0020990939386 1.12383812958e-08
288.0 0.00176683828794 2.09550365601e-08
286.0 0.00245109278497 3.86421209738e-08
284.0 0.00246721070724 7.04727731271e-08
282.0 0.00191763449612 1.27107050156e-07
280.0 0.00185032721024 2.26728331034e-07
278.0 0.00141051682435 3.99972207696e-07
276.0 0.00143989888917 6.9781726764e-07
274.0 0.00113482269358 1.20404157043e-06
272.0 0.00135469065946 2.05460870526e-06
270.0 0.000255792658183 3.46740554193e-06
268.0 0.00119491360117 5.78719380973e-06
266.0 0.00155217464662 9.552549296e-06
264.0 0.0015666740539 1.55940319967e-05
262.0 0.00100308386991 2.51759244835e-05
260.0 0.000785258481994 4.01976168399e-05
258.0 0.000124966625225 6.34750509286e-05
256.0 0.000605056930643 9.91273925316e-05
254.0 0.000908105339223 0.000153098938614
252.0 0.000634860043346 0.000233850633093
250.0 0.000858543678121 0.000353258640205
248.0 0.00108541909099 0.000527758101193
246.0 0.00170207301246 0.000779767081197
244.0 0.00227492614973 0.0011394171663
242.0 0.00209511682696 0.00164660144495
240.0 0.00194583873208 0.00235332603222
238.0 0.00211550216987 0.00332631656432
236.0 0.00227885544077 0.0046497856282
234.0 0.00298055252615 0.00642821147782
232.0 0.00266158049679 0.00878891478709
230.0 0.00211907257735 0.0118841527275
228.0 0.00171533861961 0.0158923846482
226.0 0.00215060820781 0.0210183095595
224.0 0.00163156768296 0.0274912427726
222.0 0.00255273694927 0.0355613987429
220.0 0.00183108880442 0.045493690566
218.0 0.00159152845079 0.0575587530277
216.0 0.00122880131563 0.0720210513368
214.0 0.00102929528068 0.0891241517888
212.0 -0.000492385908583 0.1090734965
210.0 0.00036965057628 0.132017326539
208.0 0.000203766496356 0.158026712317
206.0 0.00125861632875 0.187075945491
204.0 0.00169198507887 0.219024786464
202.0 0.00227754089074 0.253604207823
200.0 0.00306043832347 0.290407292209
198.0 0.00611653745561 0.328886807003
196.0 0.00791239857809 0.368360675202
194.0 0.0103605511881 0.408026096913
192.0 0.0117586320329 0.446982473425
190.0 0.012254408577 0.484262590146
188.0 0.0143418630235 0.518870786311
186.0 0.0161938836123 0.549826150037
184.0 0.0177473247867 0.576208201834
182.0 0.0200182917715 0.597202136971
180.0 0.0211686432744 0.612140541204
178.0 0.0217566638163 0.620538606383
176.0 0.0224157274988 0.622120255419
174.0 0.0208141284753 0.616833213059
172.0 0.0191338477003 0.604851874911
170.0 0.0178084251732 0.586567755054
168.0 0.0159953800961 0.562568242103
166.0 0.0146524020726 0.533605271571
164.0 0.0133496124012 0.500556244564
162.0 0.0110720961475 0.46438002303
160.0 0.00931855672455 0.426071069741
158.0 0.00720085954362 0.386614766126
156.0 0.00545275449038 0.346946651701
154.0 0.00380761023166 0.307917829477
152.0 0.00395456978925 0.270268135565
150.0 0.00336256077614 0.234607951476
148.0 0.00291869307851 0.201408818537
146.0 0.00281155629789 0.171002361988
144.0 0.00252595545549 0.143586499919
142.0 0.00231184041198 0.119237533016
140.0 0.00234685903174 0.0979264988785
138.0 0.00183186722659 0.0795381244771
136.0 0.0019686552756 0.0638908016273
134.0 0.00187497464906 0.0507562118168
132.0 0.001492042346 0.0398775012969
130.0 0.00091028974033 0.0309852173787
128.0 0.00035720302058 0.0238105281952
126.0 -0.000205762017908 0.0180955332057
124.0 0.00102181486226 0.013600711
122.0 0.00116843087936 0.0101097336306
120.0 0.0021282496476 0.0074319997504
118.0 0.00232432246554 0.00540330561866
116.0 0.00259509835971 0.00388509149913
114.0 0.00225366480767 0.00276268165077
112.0 0.00365178232274 0.0019428904239
110.0 0.00284117777081 0.00135130581369
108.0 0.00223664729919 0.000929494568038
106.0 0.000394783471746 0.000632306930452
104.0 0.000510696129726 0.000425399434744
102.0 0.00111482390046 0.000283043884554
100.0 0.00331759340085 0.000186251001269
98.0 0.00326955801539 0.000121208110889
96.0 0.00235106951381 7.80106444265e-05
94.0 0.00126268212466 4.96556053812e-05
92.0 0.00169922012715 3.12597704008e-05
90.0 0.00186900975355 1.94645345529e-05
88.0 0.000972571687024 1.19914847994e-05
86.0 0.000233474425713 7.3167564981e-06
84.0 -0.000405555019975 4.43707565112e-06
82.0 0.000248466230364 2.70548781252e-06
80.0 -0.000160072159558 1.7197630796e-06
78.0 -0.000496022483592 1.25121566983e-06
76.0 -0.00157805213149 1.20625368367e-06
74.0 -0.00117087207199 1.61761982341e-06
72.0 -0.00138638114187 2.66739434337e-06
70.0 -0.0015809476866 4.74995160514e-06
68.0 -0.0017173895439 8.5908682142e-06
66.0 5.73673404376e-05 1.54480500044e-05
64.0 0.00129753548399 2.74348795809e-05
62.0 0.00293367922761 4.80226770361e-05
60.0 0.00316362912161 8.28015663421e-05
58.0 0.00228192273245 0.000140604624826
56.0 0.00221204459902 0.000235128511202
54.0 0.00250788609349 0.000387211500753
52.0 0.00288506446831 0.000627951667728
50.0 0.00249440882659 0.00100285585557
48.0 0.00299850664455 0.00157719330537
46.0 0.00190358959222 0.00244267328983
44.0 0.00226791740761 0.00372545970023
42.0 0.00168130866617 0.00559536442856
40.0 0.00189971377155 0.00827581749661
38.0 0.00143105589323 0.0120538962967
36.0 0.00185106594089 0.0172893240955
34.0 0.00125101441207 0.0244209524825
32.0 0.00126109768244 0.0339688778469
30.0 0.000471708210327 0.0465300822841
28.0 0.00045165583606 0.0627654228937
26.0 0.000127839397687 0.0833760116687
24.0 0.000290755294915 0.109067608966
22.0 0.000647499906944 0.140502640708
20.0 0.00175181826723 0.178240831554
18.0 0.00220242780157 0.222671139208
16.0 0.0038774092846 0.273939514
14.0 0.00581273899453 0.331878752827
12.0 0.00807990993958 0.395948075428
10.0 0.0102582568856 0.465190719303
8.0 0.0132007090463 0.53821756348
6.0 0.0161200311594 0.613223385376
4.0 0.0199516083774 0.688039813491
2.0 0.0240212251739 0.760225528241
0.0 0.0267888683767 0.827190136405
-2.0 0.0289669639517 0.886343907461
-4.0 0.030182010862 0.935261805718
-6.0 0.0300579137328 0.971847569001
-8.0 0.0297271425936 0.994482453412
-10.0 0.0304543765242 1.00214396533
-12.0 0.0310899931309 0.994482453412
-14.0 0.0321033690268 0.971847569001
-16.0 0.0320689134113 0.935261805718
-18.0 0.0296247123215 0.886343907461
-20.0 0.0275452315208 0.827190136405
-22.0 0.0248873259673 0.760225528241
-24.0 0.0221721246909 0.688039813491
-26.0 0.019593335785 0.613223385376
-28.0 0.0176551967876 0.53821756348
-30.0 0.0147653764126 0.465190719303
-32.0 0.0125672600443 0.395948075428
-34.0 0.00898501727143 0.331878752827
-36.0 0.0053815678644 0.273939514
-38.0 0.0028686073482 0.222671139208
-40.0 0.00050137540763 0.178240831554
-42.0 -0.000712048523045 0.140502640708
-44.0 -0.000496901892827 0.109067608966
-46.0 -0.000114022555295 0.0833760116687
-48.0 -0.00042958378301 0.0627654228937
-50.0 -0.000283947862846 0.046530082284
-52.0 -0.000417088955124 0.0339688778467
-54.0 -0.000282833998193 0.0244209524822
-56.0 0.000748069064405 0.0172893240947
-58.0 0.000865270915796 0.0120538962949
-60.0 -7.79701735769e-05 0.00827581749281
-62.0 0.00010974882015 0.00559536442051
-64.0 -0.000776248272375 0.00372545968336
-66.0 -0.00149144591445 0.00244267325485
-68.0 -0.00160397722397 0.00157719323369
-70.0 -0.000570099213873 0.00100285571026
-72.0 -0.0011738956118 0.000627951376433
-74.0 -0.000110982537116 0.000387210923216
-76.0 -0.000871504017733 0.000235127378766
-78.0 -0.00113508977241 0.000140602428809
-80.0 -0.00132375456196 8.27973547556e-05
-82.0 -0.00111385506564 4.80146889347e-05
-84.0 -0.00166687324606 2.74198955283e-05
-86.0 -0.00148998378752 1.54202526876e-05
-88.0 -0.00187683179985 8.5398688997e-06
-90.0 -0.00182630632512 4.65741497646e-06
-92.0 -0.000664629618336 2.50133975504e-06
-94.0 -0.000436311535568 1.32292265683e-06
-96.0 -0.000221401019252 6.89017482907e-07
-98.0 -0.000931384105958 3.53394712683e-07
-100.0 -0.00230661529425 1.78494102668e-07
-102.0 -0.00250760291736 8.87813439015e-08
-104.0 -0.00220747219868 4.3486412e-08
-106.0 -0.00177432917827 2.09758445608e-08
-108.0 -0.00102690660283 9.96367044479e-09
-110.0 -0.000623460223216 4.66072277617e-09
-112.0 -0.00152277435736 2.14694642411e-09
-114.0 -0.000603078903287 9.73919723272e-10
-116.0 -0.000922344019249 4.35069995748e-10
-118.0 -0.00105060401001 1.9139435505e-10
-120.0 -0.00165622996516 8.29150055657e-11
-122.0 -0.000869632756223 3.53729404003e-11
-124.0 -0.0011589172169 1.48608348892e-11
-126.0 0.000177724223747 6.14821822789e-12
-128.0 0.000232013915852 2.50489403101e-12
-130.0 0.0014379658623 1.00499397948e-12
-132.0 0.00140182414574 3.97074118848e-13
-134.0 0.00190827583883 1.54494747924e-13
-136.0 0.000524273546845 5.91956614739e-14
-138.0 0.00107516622142 2.23357250162e-14
-140.0 0.00112130321282 8.29935322999e-15
-142.0 0.00168052193685 3.03684385493e-15
-144.0 0.00194748080877 1.09429570412e-15
-146.0 0.00300385373855 3.88312118902e-16
-148.0 0.00313674695182 1.35694177735e-16
-150.0 0.00314782202917 4.66955506525e-17
-152.0 0.00213818655788 1.58242744712e-17
-154.0 0.00115675198309 5.2808779661e-18
-156.0 0.00178445417466 1.73549143504e-18
-158.0 0.00250137877525 5.61659147259e-19
-160.0 0.00251013849783 1.79001725062e-19
-162.0 0.00269145860362 5.61792083399e-20
-164.0 0.00254879442927 1.73631306088e-20
-166.0 0.00170223553248 5.28462856309e-21
-168.0 0.000463790409849 1.5839261247e-21
-170.0 0.00047947942131 4.67508374348e-22
-172.0 0.00108372466394 1.35886992227e-22
-174.0 0.00256103573068 3.88955928722e-23
-176.0 0.00239447323797 1.09636944599e-23
-178.0 0.00182054317629 3.04331895366e-24
-180.0 0.000631519460402 8.31901746612e-25
-182.0 0.00023174519553 2.23939456571e-25
-184.0 -2.55044267451e-05 5.93640090156e-26
-186.0 -0.000752647113153 1.54970788686e-26
-188.0 -0.000626428871411 3.98391884256e-27
-190.0 -0.000479068611998 1.00856789782e-27
-192.0 -0.00110302676915 2.51439681082e-28
-194.0 -0.00167405112933 6.17300334323e-29
-196.0 -0.00229238981991 1.49242744091e-29
-198.0 -0.00237216685229 3.55323521629e-30
-200.0 -0.00166573502591 8.33083836483e-31
-202.0 -0.00124913159353 1.92347912535e-31
-204.0 -0.00184216880135 4.37341071956e-32
-206.0 -0.00131890105981 9.79235323668e-33
-208.0 -0.00128982982725 2.15917526273e-33
-210.0 -0.00028668958464 4.68837929311e-34
-212.0 -0.000575612486469 1.00251666543e-34
-214.0 9.29343253771e-05 2.11103036944e-35
-216.0 -0.000593275882258 4.37755266779e-36
-218.0 -0.00044009006449 8.93927498969e-37
-220.0 -0.000409099124178 1.79765866752e-37
-222.0 -1.56492442117e-05 3.5599687643e-38
-224.0 -0.000977090492729 6.94255230355e-39
-226.0 -0.000921565962934 1.33329469684e-39
-228.0 -0.00161173964689 2.52154754639e-40
-230.0 -0.00117809710957 4.69615248504e-41
-232.0 -0.000151229222868 8.6129363363e-42
-234.0 -0.00029119918314 1.55558699098e-42
-236.0 -0.000953439900311 2.76675935215e-43
-238.0 -0.000771243334512 4.84598972731e-44
-240.0 -0.000645412064505 8.35848582433e-45
-242.0 -0.00101503407394 1.41973323781e-45
-244.0 -0.00155577395426 2.37476099978e-46
-246.0 -0.00287128165632 3.91171391218e-47
-248.0 -0.00330189141276 6.34524330898e-48
-250.0 -0.00221484714362 1.01359274543e-48
-252.0 -0.00163141406277 1.59445668517e-49
-254.0 -0.0016924829637 2.46999444478e-50
-256.0 -0.00180722134039 3.76802040334e-51
-258.0 -0.00252912383014 5.66062693543e-52
-260.0 -0.00274015656033 8.37432554847e-53
-262.0 -0.00234408568473 1.22002622115e-53
-264.0 -0.00205071926947 1.75034036444e-54
-266.0 -0.00151557168042 2.47291887855e-55
-268.0 -0.00147607346866 3.44057675179e-56
-270.0 -0.00249627971222 4.71396820997e-57
-272.0 -0.00311387811411 6.36027753626e-58
-274.0 -0.00256390088051 8.45083267586e-59
-276.0 -0.00245306488601 1.10575002384e-59
-278.0 -0.00102019998661 1.42478203487e-60
-280.0 -0.000522930009438 1.80789799045e-61
-282.0 -0.00094027203656 2.25908947452e-62
-284.0 3.45619503308e-05 2.7798858361e-63
-286.0 0.000539069211406 3.36863927585e-64
-288.0 0.00026448129151 4.01990762675e-65
-290.0 0.000987207789455 4.72401924027e-66
-292.0 -3.29174343258e-05 5.46690164394e-67
-294.0 -0.00116924360845 6.2302415056e-68
-296.0 -0.00180729352531 6.99201773992e-69
-298.0 -0.00304546783317 7.7274139892e-70
-300.0 -0.00318260320747 8.41007476419e-71
-302.0 -0.00262449517542 9.01362637202e-72
-304.0 -0.00187269719729 9.5133454202e-73
-306.0 -7.23008602319e-05 9.88783016357e-74
-308.0 0.000400375291881 1.01205181752e-74
-310.0 -0.00102421056578 1.02009006676e-75
-312.0 -0.00133833218154 1.01253094863e-76
-314.0 -0.00284141179454 9.89719468095e-78
-316.0 -0.00213044180768 9.5268633979e-79
-318.0 -0.00143390592925 9.03070761834e-80
-320.0 -0.000940571361979 8.43000134058e-81
-322.0 -0.00140148005622 7.74939011239e-82
-324.0 -0.000642035576639 7.01522207048e-83
-326.0 -0.00179836013932 6.25387708159e-84
-328.0 -0.00188990342649 5.49023933783e-85
-330.0 -0.00173878802003 4.74643165667e-86
-332.0 -0.00121909921232 4.04089164462e-87
-334.0 -0.000829648243043 3.38782678124e-88
-336.0 -0.00063939673362 2.79704341299e-89
-338.0 -0.00148751058655 2.27410878506e-90
-340.0 -0.00147616778393 1.82077919884e-91
-342.0 -0.00163308468274 1.43561288989e-92
-344.0 -0.00145664067966 1.11468314287e-93
-346.0 -0.00142389995465 8.52313831521e-95
-348.0 -0.000831015000341 6.41773318851e-96
-350.0 -0.00134086616953 4.75880377769e-97
-352.0 -0.000559727228539 3.47494516793e-98
-354.0 -0.000270684184591 2.49880365848e-99
-356.0 -0.000503597875537 1.76949902891e-100
-358.0 -0.000486515416959 1.23396415063e-101
-360.0 -0.000926213755035 8.47400615741e-103
-362.0 -0.00100685437535 5.7307178458e-104
-364.0 -0.000437776144671 3.81648268114e-105
-366.0 0.000776285589392 2.50294659983e-106
-368.0 0.000791008677851 1.61649323237e-107
-370.0 0.00110430428758 1.02808782456e-108
-372.0 5.66094324986e-05 6.4390316474e-110
-374.0 -0.000808209689857 3.97141179995e-111
-376.0 -0.00164879076029 2.41214439933e-112
-378.0 -0.00242872149855 1.4427653444e-113
-380.0 -0.0027169464384 8.49810552668e-115
-382.0 -0.00297867268295 4.92926941919e-116
-384.0 -0.00253925334686 2.81563925174e-117
-386.0 -0.00294512583876 1.58381876548e-118
-388.0 -0.00177372373755 8.77340092678e-120
-390.0 -0.00330833055541 4.78590955116e-121
-392.0 -0.00241961811338 2.57095819927e-122
-394.0 -0.00357833232181 1.36006468205e-123
-396.0 -0.00113523688948 7.08529813297e-125
-398.0 0.0 3.63488532093e-126
-400.0 0.0 1.83635785353e-127
###
# timestamp: 2455866.5694483
# Gaussian 1 [amp, RV +/- err, wid]: [1.00, 165.00 +/- 0.00, 16.55]
# Gaussian 2 [amp, RV +/- err, wid]: [0.57, -25.00 +/- 0.00, 15.76]
# Uncorrected_RV, BF_amp, Gaussian_fit
###
400.0 0.0 5.67470593082e-55
398.0 0.0 3.51336320626e-54
396.0 0.00258564955525 2.14625256568e-53
394.0 0.00188983800438 1.29364971261e-52
392.0 0.0032667728592 7.6936186522e-52
390.0 0.00209863127997 4.51463564318e-51
388.0 0.00316209092245 2.61392334009e-50
386.0 0.00227448539396 1.49327941312e-49
384.0 0.00276366435665 8.41719521219e-49
382.0 0.0021862377348 4.6813575393e-48
380.0 0.00159037036833 2.56894209045e-47
378.0 0.00118942507658 1.39096085384e-46
376.0 0.00150193057687 7.43110831372e-46
374.0 0.00145623960667 3.91715147439e-45
372.0 0.00185066111898 2.03734806282e-44
370.0 0.00136107161931 1.04553406202e-43
368.0 0.00121685500993 5.29406454628e-43
366.0 0.000975196631233 2.64495549267e-42
364.0 0.000794572239633 1.30384388776e-41
362.0 0.000254255009479 6.34177621662e-41
360.0 -0.000465633607506 3.04350711222e-40
358.0 -0.000479651013089 1.44117201246e-39
356.0 -0.00121507558775 6.73341541097e-39
354.0 -0.0018505431471 3.10408130556e-38
352.0 -0.00194192159558 1.41191599572e-37
350.0 -0.0011008067873 6.33669376103e-37
348.0 -0.000901146229449 2.80604525115e-36
346.0 -0.000535620317516 1.22604020504e-35
344.0 -0.00104801252998 5.28558235923e-35
342.0 -0.000338128430855 2.24832488374e-34
340.0 0.00035983081351 9.43633565322e-34
338.0 0.000369845327921 3.90774111523e-33
336.0 -0.000297856629731 1.59671085845e-32
334.0 -0.00121440234372 6.4373165189e-32
332.0 -0.000673045950675 2.56071673132e-31
330.0 3.8898246477e-05 1.00506998845e-30
328.0 0.00111589574801 3.89232559071e-30
326.0 0.00167580468576 1.48730524207e-29
324.0 0.00166030678179 5.60749824329e-29
322.0 0.000161940997124 2.08600946331e-28
320.0 -0.000221785714643 7.65669756269e-28
318.0 -0.000198614867889 2.77296764391e-27
316.0 0.00068380237962 9.90891725387e-27
314.0 0.00154780546221 3.49370066055e-26
312.0 0.00130444474565 1.21541130828e-25
310.0 0.00068911713882 4.17194855104e-25
308.0 0.000395999900045 1.41296923466e-24
306.0 0.00085556090841 4.72176706039e-24
304.0 0.000770144611084 1.55687771066e-23
302.0 0.00104030692351 5.06503597602e-23
300.0 0.00125661542762 1.62588063465e-22
298.0 0.00094891184689 5.14959260905e-22
296.0 0.00109910226355 1.60929320589e-21
294.0 0.00145471618463 4.96221495535e-21
292.0 0.00152157528989 1.50971183409e-20
290.0 0.00133225657129 4.53200766707e-20
288.0 0.00136643187596 1.34234856546e-19
286.0 0.0021939812283 3.9229977645e-19
284.0 0.00281176433259 1.13122477696e-18
282.0 0.0037639416915 3.21853211915e-18
280.0 0.00317395781073 9.03534784356e-18
278.0 0.00310967244387 2.5027069317e-17
276.0 0.00234047865405 6.83995440536e-17
274.0 0.00289908249227 1.84448236605e-16
272.0 0.00234542615645 4.90765357567e-16
270.0 0.00268037078597 1.28840197171e-15
268.0 0.00201625937587 3.33738994513e-15
266.0 0.00188730151977 8.52983472081e-15
264.0 0.0016415922276 2.15105923291e-14
262.0 0.00124516793189 5.35232175958e-14
260.0 0.00172374202475 1.31404472767e-13
258.0 0.0017863874823 3.18314317398e-13
256.0 0.00164284672673 7.60817141191e-13
254.0 0.00159481575812 1.79424809907e-12
252.0 0.00195667788636 4.17506067574e-12
250.0 0.00139450203971 9.58564141409e-12
248.0 0.00155733751564 2.17148911282e-11
246.0 0.0011082843382 4.85369211843e-11
244.0 0.000908450861859 1.07044629482e-10
242.0 0.00126548180182 2.32935473886e-10
240.0 0.00063949572688 5.00131803549e-10
238.0 2.97564196769e-05 1.05952547365e-09
236.0 -4.9633244608e-06 2.2147077407e-09
234.0 4.25868534015e-05 4.56772064215e-09
232.0 0.000496646351233 9.29524276772e-09
230.0 0.000930729896824 1.86637981704e-08
228.0 0.000937901706222 3.69757858063e-08
226.0 0.000628456354408 7.22791249099e-08
224.0 0.000416484284974 1.39407599791e-07
222.0 -0.000385887532365 2.65300522008e-07
220.0 -0.000726412709214 4.98158849391e-07
218.0 2.37754925488e-05 9.22944710698e-07
216.0 0.000301434250621 1.68718074912e-06
214.0 0.000194170956308 3.04316589505e-06
212.0 -0.000186027575757 5.41586381644e-06
210.0 -0.000903725386317 9.5101623975e-06
208.0 -0.00093052677034 1.64773065437e-05
206.0 -0.000184381576786 2.81684273051e-05
204.0 0.000422738252213 4.75135050764e-05
202.0 0.000923630457273 7.90768988736e-05
200.0 0.00206369847411 0.000129855479379
198.0 0.00125369168005 0.000210401591608
196.0 0.00213739420674 0.000336368913363
194.0 0.00141007469196 0.000530592093588
192.0 0.000902646854132 0.000825816938907
190.0 0.000678395815474 0.0012681916512
188.0 0.00265312905202 0.00192160483758
186.0 0.00322972092036 0.00287290567693
184.0 0.00346120733736 0.00423795891519
182.0 0.0018043745874 0.00616836703167
180.0 -7.53860737437e-05 0.00885853209544
178.0 0.000602937333484 0.0125525340825
176.0 0.00141426292449 0.0175500818391
174.0 0.00105226635219 0.0242105677111
172.0 -2.00053060499e-05 0.0329540571934
170.0 -1.18599925549e-05 0.044257909812
168.0 -0.000398881730657 0.058647701806
166.0 0.000328636239185 0.0766812506952
164.0 0.00130410843072 0.0989248653215
162.0 0.00182478945622 0.125921485418
160.0 0.00314725291614 0.158151129934
158.0 0.00494072501539 0.195985007856
156.0 0.00513702520863 0.239635686028
154.0 0.00612939934834 0.289106745815
152.0 0.00912304346284 0.344146255402
150.0 0.0117026786573 0.404208984098
148.0 0.0145445326065 0.468432443173
146.0 0.0177435692588 0.535631440071
144.0 0.0205969949649 0.604314821873
142.0 0.0241106746185 0.672726478731
140.0 0.0275694347275 0.738910585658
138.0 0.0294633094461 0.800798673759
136.0 0.0308171864454 0.856313700857
134.0 0.0327337181647 0.903484135028
132.0 0.0346409562558 0.940559468496
130.0 0.0351752141911 0.966117790998
128.0 0.0344988099682 0.979156228918
126.0 0.0331628279728 0.979156237037
124.0 0.0327757556971 0.966117818599
122.0 0.0327151848917 0.940559526437
120.0 0.0316994358356 0.903484245455
118.0 0.0288563155894 0.856313904469
116.0 0.0263712578717 0.800799042626
114.0 0.0235921083141 0.738911244885
112.0 0.0212574148179 0.672727642257
110.0 0.0189337953543 0.604316850587
108.0 0.0161946163236 0.535634934728
106.0 0.0127115801409 0.468438390696
104.0 0.0100156694106 0.404218984522
102.0 0.00669524247269 0.344162868552
100.0 0.00384432932618 0.289134012798
98.0 0.0020845771251 0.239679901446
96.0 0.00150422429654 0.196055845153
94.0 0.000519596175678 0.158263254765
92.0 0.000539400607331 0.126096830343
90.0 0.000416977107043 0.0991957822794
88.0 0.00125870287373 0.0770948033007
86.0 0.00237451452754 0.0592714034892
84.0 0.00235172972918 0.0451872498642
82.0 0.00146186928542 0.0343221765162
80.0 0.0009568630067 0.0262004385272
78.0 0.00135099273256 0.020409498031
76.0 0.00141097542825 0.0166121172707
74.0 0.00178331931707 0.0145527895918
72.0 7.63915589623e-05 0.0140595905112
70.0 -0.000648032483908 0.0150424214287
68.0 -0.00136358271577 0.0174884022342
66.0 -0.000527287594902 0.0214549024273
64.0 0.000604859911227 0.0270604364372
62.0 0.00160954418771 0.0344734330824
60.0 0.00113505266416 0.0438987567882
58.0 0.000462243802321 0.0555618324597
56.0 1.68638589231e-05 0.0696903168255
54.0 0.000502761189372 0.0864934627134
52.0 0.000762380092867 0.106139621069
50.0 0.00107534780969 0.128732686918
48.0 0.00102005718377 0.15428867631
46.0 0.000946331476678 0.182713969208
44.0 0.00142049511644 0.213787011891
42.0 0.0019668268057 0.247145387941
40.0 0.00249852837628 0.282280094902
38.0 0.00423288594116 0.31853857746
36.0 0.00657961894194 0.355137564045
34.0 0.0088177595564 0.391186056559
32.0 0.0113032101782 0.425717985309
30.0 0.0127862177389 0.457733141194
28.0 0.0141221262163 0.486244130113
26.0 0.0157363462852 0.510326362548
24.0 0.0176978302501 0.529167589459
22.0 0.0193439218165 0.542113298915
20.0 0.0198851796359 0.548704439259
18.0 0.0199029069626 0.548704436906
16.0 0.0186848660485 0.542113290679
14.0 0.0179016329719 0.529167571295
12.0 0.0170169407233 0.510326325806
10.0 0.0167170907745 0.486244057941
8.0 0.0156662081813 0.457733001835
6.0 0.0144965716428 0.42571772003
4.0 0.0119764871122 0.391185558409
2.0 0.0099614296427 0.355136641105
0.0 0.00836976524825 0.318536890281
-2.0 0.00752043549953 0.282277051737
-4.0 0.00671590140219 0.247139972077
-6.0 0.00489573667989 0.213777501728
-8.0 0.00317938378125 0.182697491901
-10.0 0.00170981523336 0.154260507883
-12.0 0.00087593066564 0.128685173413
-14.0 0.000372572351455 0.10606054417
-16.0 -0.000137091377721 0.086363607234
-18.0 -0.000256515314592 0.0694799152339
-20.0 4.24404834465e-05 0.0552254635464
-22.0 0.000730198053135 0.0433681646946
-24.0 0.000369754348375 0.0336476161435
-26.0 0.000747291775705 0.025792244786
-28.0 0.00101676799509 0.0195332975898
-30.0 0.00195777779029 0.0146154965572
-32.0 0.00168627387493 0.0108044625135
-34.0 0.00146376230802 0.00789122347951
-36.0 0.000473272002813 0.00569425749636
-38.0 -0.000258984809824 0.00405958318824
-40.0 -0.000594415885491 0.0028594161919
-42.0 -0.00084374152265 0.00198987081601
-44.0 -0.00118076207407 0.00136811932276
-46.0 -0.00135398457241 0.000929340052275
-48.0 -0.00198193651584 0.00062370168321
-50.0 -0.00208825115436 0.000413552605458
-52.0 -0.0013042076452 0.000270916957826
-54.0 -0.000797961591886 0.000175344925859
-56.0 -0.000605342077052 0.000112124830368
-58.0 -0.000866264858034 7.08372966517e-05
-60.0 -0.00147892265064 4.42154187634e-05
-62.0 -0.00148094032594 2.72669831563e-05
-64.0 -0.00152374665636 1.66131513204e-05
-66.0 -0.00148706256629 1.0000426805e-05
-68.0 -0.000481737694323 5.94752989748e-06
-70.0 1.68883050038e-05 3.49467115944e-06
-72.0 -0.000207406003547 2.02874555643e-06
-74.0 -0.00031433068514 1.16359120773e-06
-76.0 -0.000759034706868 6.59363441675e-07
-78.0 -0.000438096847335 3.69148306866e-07
-80.0 0.000588697801929 2.04187184736e-07
-82.0 3.88480716962e-05 1.1158547472e-07
-84.0 -5.4011149049e-05 6.024741716e-08
-86.0 -0.00032338310431 3.21381434336e-08
-88.0 -0.00127134818002 1.69377110556e-08
-90.0 -0.00248003919374 8.81942433711e-09
-92.0 -0.00296938665601 4.5370894465e-09
-94.0 -0.0034248053396 2.30603570584e-09
-96.0 -0.0015205301117 1.15799396859e-09
-98.0 -0.00068431269369 5.74510738789e-10
-100.0 0.000254397124922 2.81605795371e-10
-102.0 0.000120579452655 1.36375579541e-10
-104.0 -0.000633858699629 6.5250405328e-11
-106.0 -0.00156280401243 3.08447604779e-11
-108.0 -0.0012523575579 1.44055941141e-11
-110.0 -0.000641518988497 6.64710485765e-12
-112.0 0.00125244613882 3.03029890683e-12
-114.0 0.0014304496808 1.36486592757e-12
-116.0 0.00132810382107 6.07359877655e-13
-118.0 0.000632984350847 2.67026147062e-13
-120.0 0.00103004472696 1.15988000946e-13
-122.0 0.000369111466706 4.97764501393e-14
-124.0 -0.000258169700358 2.11050488959e-14
-126.0 -0.00164360203813 8.84097958644e-15
-128.0 -0.00148718952918 3.65903022228e-15
-130.0 -0.00129146803565 1.49617774021e-15
-132.0 -0.00124524849016 6.04438285898e-16
-134.0 -0.00178628349944 2.41252779266e-16
-136.0 -0.00215202400643 9.51358644475e-17
-138.0 -0.00165160605586 3.70653235886e-17
-140.0 -0.000977261968706 1.42673365832e-17
-142.0 0.00032188337598 5.42587271504e-18
-144.0 0.000922878192676 2.03867444845e-18
-146.0 0.000370519783593 7.56794107136e-19
-148.0 -7.68680128705e-05 2.77561475412e-19
-150.0 -0.000271146989423 1.00575503799e-19
-152.0 0.000506844261707 3.6006161881e-20
-154.0 0.0011359782998 1.27354127955e-20
-156.0 0.00175105866766 4.45041803393e-21
-158.0 0.000524798653081 1.53652691054e-21
-160.0 0.000186123834388 5.24120466115e-22
-162.0 0.00034996830716 1.76633734031e-22
-164.0 0.00123219990027 5.88122459969e-23
-166.0 0.0014307787304 1.93469925266e-23
-168.0 0.00078711094754 6.28797413158e-24
-170.0 0.000237515770084 2.01910829287e-24
-172.0 -0.000347754219035 6.40560364104e-25
-174.0 -0.000478753843311 2.00776137865e-25
-176.0 -2.0389967439e-05 6.21749884232e-26
-178.0 0.000385549316562 1.90226454717e-26
-180.0 0.000132754656341 5.75013046496e-27
-182.0 -0.000139238575198 1.71726005031e-27
-184.0 -0.00134872440533 5.06694299924e-28
-186.0 -0.002858382398 1.47709202834e-28
-188.0 -0.00210954398874 4.25422713758e-29
-190.0 -0.00145796626161 1.21055737142e-29
-192.0 -7.57170317137e-05 3.40331120235e-30
-194.0 0.000186003504536 9.45299729456e-31
-196.0 0.000384844353714 2.59411358253e-31
-198.0 0.000202010646187 7.03331430045e-32
-200.0 0.000389890458019 1.88400758412e-32
-202.0 -0.000107408495625 4.98605255462e-33
-204.0 -0.000202578232011 1.30371493452e-33
-206.0 -0.000727311924227 3.36790639844e-34
-208.0 -0.000697095276179 8.59585278657e-35
-210.0 -0.000397732620431 2.16755191931e-35
-212.0 -0.000734790903766 5.40009788821e-36
-214.0 5.24712133986e-05 1.32918471842e-36
-216.0 0.000271625747137 3.23236674783e-37
-218.0 0.00047383185194 7.76618094422e-38
-220.0 0.000519329111962 1.84351197563e-38
-222.0 0.000368798698896 4.32350539331e-39
-224.0 3.66594279961e-05 1.00179216475e-39
-226.0 0.00138152267468 2.29335264136e-40
-228.0 0.00191075487706 5.18699265312e-41
-230.0 0.0011860558601 1.15907625655e-41
-232.0 -0.000358383952526 2.55893921506e-42
-234.0 -0.000830611475405 5.58161033076e-43
-236.0 -0.00140650161169 1.20284769822e-43
-238.0 -0.000935777129159 2.56102225716e-44
-240.0 -0.000871727714863 5.38725642606e-45
-242.0 -0.00131762791036 1.11962742171e-45
-244.0 -0.00203629415346 2.29895774506e-46
-246.0 -0.00155783845788 4.66380125634e-47
-248.0 -0.00182027110424 9.34761172922e-48
-250.0 -0.00179539397705 1.85102753136e-48
-252.0 -0.000424396415095 3.6214014858e-49
-254.0 0.000589062103798 6.99990355388e-50
-256.0 -7.09140980545e-05 1.33677717264e-50
-258.0 -0.000848540918263 2.52218866122e-51
-260.0 -0.001019257715 4.70162190178e-52
-262.0 -0.000962728784799 8.65903343044e-53
-264.0 -0.000656047737668 1.57558818542e-53
-266.0 -0.000560514968562 2.83248486858e-54
-268.0 -0.00149004078068 5.03088123639e-55
-270.0 -0.00182360627451 8.82819902362e-56
-272.0 -0.00172528442995 1.53056489919e-56
-274.0 -0.000714960116528 2.62169983644e-57
-276.0 -4.56901955454e-05 4.43675827826e-58
-278.0 0.000935490090781 7.41822759044e-59
-280.0 0.00123598593004 1.22542326703e-59
-282.0 0.00083167214117 1.99997088957e-60
-284.0 0.000210654131796 3.22487444233e-61
-286.0 0.000325034876002 5.13752005438e-62
-288.0 -0.000334497157906 8.08622522584e-63
-290.0 -0.00103290525889 1.2574470915e-63
-292.0 -0.00126057825235 1.93190244207e-64
-294.0 -0.00140507505815 2.93246100656e-65
-296.0 -0.00127673665062 4.39775351185e-66
-298.0 -0.000892317510162 6.51600045436e-67
-300.0 -0.000823636856006 9.53856209888e-68
-302.0 -0.0012786474011 1.37954636317e-68
-304.0 -0.00124408401459 1.97124803542e-69
-306.0 -0.0024504385311 2.78290146923e-70
-308.0 -0.00326603096415 3.88155701997e-71
-310.0 -0.00366974140914 5.34891497171e-72
-312.0 -0.00308780255051 7.28244145373e-73
-314.0 -0.00176046385627 9.79579962918e-74
-316.0 -0.000137673812544 1.30183027791e-74
-318.0 0.000342772803254 1.70930839965e-75
-320.0 -0.000429961673315 2.21736949809e-76
-322.0 -0.00102555619471 2.84189020486e-77
-324.0 -0.00154384967144 3.59855466903e-78
-326.0 -0.000709022365506 4.50194824761e-79
-328.0 -0.000339784919759 5.56447858431e-80
-330.0 0.000366815846109 6.79516545902e-81
-332.0 -9.27953599523e-05 8.1983636942e-82
-334.0 -0.0013112694137 9.77250516438e-83
-336.0 -0.00178068321242 1.15089637037e-83
-338.0 -0.00221630113204 1.33911574344e-84
-340.0 -0.00114088483303 1.53940039996e-85
-342.0 0.000159102385155 1.74838333346e-86
-344.0 0.000781472195197 1.96188390555e-87
-346.0 2.50113177407e-07 2.17501138528e-88
-348.0 -0.00031343911042 2.38232686679e-89
-350.0 -0.00185287958338 2.57805837059e-90
-352.0 -0.00144319508895 2.75635865783e-91
-354.0 -0.00161687628626 2.91159049086e-92
-356.0 -0.00117917286516 3.03862034239e-93
-358.0 -0.00123280304886 3.13309939874e-94
-360.0 -0.00124133054817 3.19171047723e-95
-362.0 -0.00187632226325 3.21236132728e-96
-364.0 -0.000775458717138 3.19430861136e-97
-366.0 -0.00136106642483 3.13820232127e-98
-368.0 -0.000881535130947 3.04604692904e-99
-370.0 -0.000654006957505 2.92108251024e-100
-372.0 -0.000249756797592 2.76759567032e-101
-374.0 0.000616992707484 2.59067565672e-102
-376.0 0.00145869350092 2.3959349887e-103
-378.0 0.000724991023821 2.18921592598e-104
-380.0 8.29923081105e-05 1.97630400923e-105
-382.0 -0.000127175781646 1.76266786973e-106
-384.0 -0.0010091085167 1.55324086591e-107
-386.0 -0.00100011722035 1.35225536207e-108
-388.0 -0.00124850499986 1.16313520205e-109
-390.0 -0.000685502430809 9.88446734508e-111
-392.0 -0.000971186622456 8.29904130088e-112
-394.0 0.00051348550783 6.88421086637e-113
-396.0 -0.000168564576647 5.64198577393e-114
-398.0 0.0 4.56837128136e-115
-400.0 0.0 3.65462131089e-116
###
# timestamp: 2455823.7264655
# Gaussian 1 [amp, RV +/- err, wid]: [1.00, 165.00 +/- 0.00, 16.55]
# Gaussian 2 [amp, RV +/- err, wid]: [0.57, -25.00 +/- 0.00, 15.76]
# Uncorrected_RV, BF_amp, Gaussian_fit
###
400.0 0.0 4.08865989968e-57
398.0 0.0 2.76289631464e-56
396.0 0.00200270026962 1.8407640673e-55
394.0 0.000585933774118 1.2091539801e-54
392.0 0.00214679185067 7.83096047769e-54
390.0 0.00127458446181 5.00032687244e-53
388.0 0.00197781222603 3.1479780752e-52
386.0 0.00236589657295 1.95395673587e-51
384.0 0.00275862799286 1.19577130824e-50
382.0 0.00270810452428 7.21491558963e-50
380.0 0.00214679250396 4.29204553712e-49
378.0 0.0016421006969 2.51737159973e-48
376.0 0.00122877054606 1.45572813679e-47
374.0 0.00147226020166 8.2997147199e-47
372.0 0.00106360809349 4.66547637199e-46
370.0 0.000253242580446 2.58570374465e-45
368.0 -0.000579423678044 1.41290016275e-44
366.0 -0.000858350379683 7.61191844619e-44
364.0 -0.000922842040723 4.04321391093e-43
362.0 -0.000211735298763 2.11743092511e-42
360.0 1.31525826532e-05 1.09330598425e-41
358.0 -0.000795395220756 5.56575569694e-41
356.0 -0.00148422171242 2.79355029302e-40
354.0 -0.000859413693144 1.38241612253e-39
352.0 -0.000893110131575 6.74483028815e-39
350.0 -0.000189045549832 3.2445405298e-38
348.0 0.000742313815387 1.538811139e-37
346.0 -0.000659915775397 7.19560607613e-37
344.0 -0.00118572049748 3.31741175352e-36
342.0 -0.000947439945201 1.50793047703e-35
340.0 -0.000894157732641 6.7579223833e-35
338.0 -0.001235242388 2.98603587224e-34
336.0 -0.000703073806347 1.30084868634e-33
334.0 -0.00147561752549 5.58738355707e-33
332.0 -0.00114692064049 2.36613831834e-32
330.0 -0.000285752937339 9.8791985265e-32
328.0 -0.000301339615292 4.06680395854e-31
326.0 3.11886612487e-05 1.65057287242e-30
324.0 0.000231174154866 6.60489791049e-30
322.0 0.000701815089196 2.60583825917e-29
320.0 0.000689653478428 1.01362833826e-28
318.0 0.000746245452453 3.88740663875e-28
316.0 0.000323791340314 1.46991134199e-27
314.0 0.000835273167927 5.4798951714e-27
312.0 0.000633491281824 2.0142032901e-26
310.0 0.000128209703133 7.29935174403e-26
308.0 -0.000244310096237 2.60804586062e-25
306.0 0.00012500198086 9.18747343509e-25
304.0 0.000157077174375 3.19100077405e-24
302.0 0.00164433063335 1.09271690875e-23
300.0 0.00191193795431 3.68925231099e-23
298.0 0.00192384878578 1.22805832427e-22
296.0 0.00149154727904 4.03041316977e-22
294.0 0.00236231639525 1.30415762811e-21
292.0 0.00243002438269 4.16064386363e-21
290.0 0.00325987652521 1.30870252819e-20
288.0 0.00190849859934 4.05855354625e-20
286.0 0.000460914125 1.24094221726e-19
284.0 0.000163847565749 3.74094893361e-19
282.0 0.000507939595554 1.11189029796e-18
280.0 0.0016647267292 3.25830730657e-18
278.0 0.00181260084979 9.4139542758e-18
276.0 0.00141874923863 2.68164983335e-17
274.0 0.000749313066641 7.53150885846e-17
272.0 0.000573828250747 2.08550797833e-16
270.0 0.000980800825104 5.69366172072e-16
268.0 0.00128363311192 1.53257383406e-15
266.0 0.0013553418652 4.06725210851e-15
264.0 0.00185941479592 1.06421829386e-14
262.0 0.00249334505538 2.74542945015e-14
260.0 0.00187579968553 6.98296389607e-14
258.0 0.00198124666327 1.75113345782e-13
256.0 0.0010703982799 4.32960858325e-13
254.0 0.0020642779011 1.0554264324e-12
252.0 0.00344088950318 2.53663066311e-12
250.0 0.00385258866454 6.01085774652e-12
248.0 0.00335813029298 1.40431845375e-11
246.0 0.0030697340544 3.23477960537e-11
244.0 0.00158808932834 7.34638577703e-11
242.0 0.000795486214229 1.64495001414e-10
240.0 0.000500529352123 3.63146297788e-10
238.0 0.00077849049234 7.90424653007e-10
236.0 0.00191656201123 1.69624770954e-09
234.0 0.00264101411101 3.58895499126e-09
232.0 0.00080183729194 7.48680790634e-09
230.0 0.000594835230681 1.53983898031e-08
228.0 -0.000497144410284 3.12251022492e-08
226.0 -0.000855851830654 6.24284237593e-08
224.0 -0.000499759016047 1.2305827157e-07
222.0 0.000798773734078 2.39160356843e-07
220.0 0.00110544428213 4.58265871667e-07
218.0 0.00222101033371 8.65756535392e-07
216.0 0.00114426407161 1.61259007532e-06
214.0 -0.00116403726986 2.9614344713e-06
212.0 -0.00204050397317 5.36204201566e-06
210.0 -0.00227983647533 9.57212229899e-06
208.0 -0.00116843004316 1.68475287269e-05
206.0 -0.00038881303638 2.92357414879e-05
204.0 0.000477345953555 5.00198011904e-05
202.0 -1.38182590757e-05 8.43761587547e-05
200.0 0.000825559175425 0.00014032901594
198.0 0.00129824395152 0.000230104520163
196.0 0.00234196917996 0.000372008412492
194.0 0.00278752995645 0.000592966710765
192.0 0.00193988447354 0.000931875309604
190.0 0.00143557630247 0.00144389375549
188.0 0.000955383607451 0.00220578211972
186.0 0.0011477515351 0.00332230826391
184.0 0.00115697049824 0.00493363687747
182.0 0.00238998345687 0.00722344511923
180.0 0.00180496553564 0.0104272914883
178.0 0.0023397979331 0.0148405019878
176.0 0.00139249824926 0.0208245492309
174.0 0.000663314887089 0.0288106175976
172.0 0.00053491004887 0.0392988161284
170.0 0.00158694827407 0.0528513770754
168.0 0.00217860597353 0.070078224237
166.0 0.00273643350495 0.091613570595
164.0 0.00215130721896 0.118082753619
162.0 0.00211679195313 0.150059354858
160.0 0.00238384392045 0.188013752993
158.0 0.00344112956302 0.232255551144
156.0 0.00409293558344 0.282873671849
154.0 0.00660433261546 0.339679152736
152.0 0.00903709979562 0.402156599469
150.0 0.0134683901996 0.46943065537
148.0 0.0166863133366 0.54025355689
146.0 0.0198718391749 0.61301875726
144.0 0.0219652602492 0.685803713706
142.0 0.0259923882546 0.756442362674
140.0 0.0289183592327 0.822624790176
138.0 0.0321178142359 0.882018479577
136.0 0.033691889805 0.932402686846
134.0 0.0346136879148 0.971805357628
132.0 0.0349509883707 0.998630905527
130.0 0.0348939845433 1.01176734075
128.0 0.034664600332 1.0106627317
126.0 0.0345092260577 0.995363673606
124.0 0.0346304519319 0.966512028049
122.0 0.0335270715439 0.925300251285
120.0 0.031107957039 0.873389643718
118.0 0.0278595000413 0.812799329611
116.0 0.0258287512728 0.745776298325
114.0 0.0228441879557 0.674658131164
112.0 0.0188244385042 0.601740004175
110.0 0.0144363357834 0.529156283569
108.0 0.0109662329238 0.458784762638
106.0 0.00911052222769 0.392178684782
104.0 0.00802253873753 0.3305285641
102.0 0.00666868816776 0.274652846909
100.0 0.00448150935677 0.225013980084
98.0 0.00304444446779 0.181754684913
96.0 0.00177321964151 0.14474827537
94.0 0.000332083923221 0.113656686874
92.0 0.000634939357984 0.0879903794938
90.0 0.00169019316026 0.0671652685631
88.0 0.00195596070645 0.0505531095153
86.0 0.00186662011764 0.0375231223581
84.0 0.00165498910234 0.027473916929
82.0 0.000738722200698 0.0198558526148
80.0 0.000600663960335 0.0141847681176
78.0 0.000104540510127 0.0100485293026
76.0 -0.000158683041359 0.00710808619126
74.0 -0.000122789874011 0.00509474945039
72.0 0.00190384998028 0.00380525036092
70.0 0.00172981459175 0.00309589529992
68.0 0.000353430619806 0.00287681809703
66.0 -0.000894303022296 0.00310701128026
64.0 -0.001622037957 0.00379050717863
62.0 -0.00122006017519 0.00497379737582
60.0 0.000155298114941 0.00674433076858
58.0 0.000602551794142 0.00922971837634
56.0 0.000614121015031 0.012597097991
54.0 0.00106079101365 0.0170519767396
52.0 0.0013040234281 0.0228357815514
50.0 0.000547661789272 0.0302213175397
48.0 1.39319561131e-05 0.0395053766304
46.0 -0.00124774031575 0.0509978679941
44.0 -0.000913319109456 0.0650070691513
42.0 -7.47112837985e-05 0.0818209254219
40.0 0.000763492480247 0.101684747089
38.0 0.000581779796282 0.1247761444
36.0 0.00121312141135 0.15117855996
34.0 0.00154729059099 0.180855250586
32.0 0.00286856931102 0.213625969777
30.0 0.00477768072714 0.2491488378
28.0 0.00627441959993 0.286909895542
26.0 0.00766096039394 0.326222574652
24.0 0.00950755541102 0.366238762122
22.0 0.0107659085657 0.405972309922
20.0 0.0129184986574 0.444334796966
18.0 0.0145742557366 0.480182185854
16.0 0.0164151337974 0.5123698539
14.0 0.0174183827047 0.539812454854
12.0 0.0182266323598 0.561544318815
10.0 0.0189451403153 0.576775734571
8.0 0.0202531643497 0.584940551283
6.0 0.020540191162 0.585731101592
4.0 0.0209570144103 0.579117443098
2.0 0.0204068850327 0.565349240531
0.0 0.019271904756 0.544940123694
-2.0 0.0174362236032 0.518635887427
-4.0 0.0155454584452 0.487369278292
-6.0 0.0125023468019 0.452205187785
-8.0 0.00979264201654 0.414280733991
-10.0 0.00772058437739 0.374744907347
-12.0 0.00676039708446 0.334702185534
-14.0 0.00577906540953 0.295163847456
-16.0 0.00455983253063 0.257009740543
-18.0 0.00272778464727 0.22096211061
-20.0 0.00131759005343 0.187571927792
-22.0 0.00153690326217 0.157217063492
-24.0 0.00243307144526 0.1301107932
-26.0 0.00300227946755 0.106318483833
-28.0 0.00247742756258 0.0857799978076
-30.0 0.00146020603121 0.068335298036
-32.0 -1.99061790575e-05 0.0537509272867
-34.0 -0.00119925041809 0.0417454007785
-36.0 -0.00143085981389 0.032012022597
-38.0 -0.000329463008672 0.0242381461954
-40.0 0.000573941653921 0.0181203879895
-42.0 0.00159642801435 0.0133757268156
-44.0 0.00177597935383 0.00974875360388
-46.0 0.000723173142051 0.00701556420472
-48.0 -0.000226770919814 0.00498491685674
-50.0 -0.000564009015071 0.00349731733594
-52.0 -0.000687887657985 0.00242266836372
-54.0 -0.000929563282429 0.00165704652215
-56.0 -0.000271731890221 0.00111906996801
-58.0 -0.000503042148257 0.000746210896036
-60.0 -0.000234832218649 0.00049130110113
-62.0 -0.00033043759881 0.000319385867181
-64.0 -0.00111497805154 0.000205005474109
-66.0 -0.00221102327925 0.000129926286844
-68.0 -0.00216922645781 8.13037172059e-05
-70.0 -0.00182332418317 5.0234904732e-05
-72.0 -0.000866326725425 3.06466190495e-05
-74.0 -0.00051201165653 1.8460410869e-05
-76.0 -0.00114281188657 1.09794847949e-05
-78.0 -0.00108744000521 6.44769323095e-06
-80.0 -0.000779547695485 3.73859634532e-06
-82.0 -0.000242495369042 2.14039828219e-06
-84.0 -0.000552232490856 1.20993604902e-06
-86.0 -0.00061054241203 6.7532378345e-07
-88.0 -0.00143551606122 3.72171814128e-07
-90.0 -0.000943359598348 2.02514777815e-07
-92.0 -0.000957250141477 1.08805729789e-07
-94.0 -0.000112705243492 5.77203051697e-08
-96.0 -7.68692545209e-05 3.0233419969e-08
-98.0 0.000852995867319 1.56360748617e-08
-100.0 -0.000129890058403 7.98454202822e-09
-102.0 -0.000945032363342 4.0258175367e-09
-104.0 -0.00141630329804 2.00419497724e-09
-106.0 -0.000836973341446 9.8516201286e-10
-108.0 -0.000110317500414 4.78142283555e-10
-110.0 8.92926580295e-05 2.29133427336e-10
-112.0 -0.000350878614975 1.0841804133e-10
-114.0 -0.000117792875595 5.0651984917e-11
-116.0 -0.000177985852302 2.33653981899e-11
-118.0 0.000372640837412 1.06422072014e-11
-120.0 7.82470019076e-05 4.78599278877e-12
-122.0 -0.000389101348777 2.12517244143e-12
-124.0 -0.000920321000507 9.31747244336e-13
-126.0 -0.000780027232098 4.03351674695e-13
-128.0 -0.00112546205001 1.72405619683e-13
-130.0 -0.000448904404481 7.27613548458e-14
-132.0 -0.000843925221218 3.03201916788e-14
-134.0 -0.00138674032752 1.24751252246e-14
-136.0 -0.00227338822599 5.06803599722e-15
-138.0 -0.00212371964436 2.03290120858e-15
-140.0 -0.00104485054046 8.05146043488e-16
-142.0 -0.000127403428149 3.14858091134e-16
-144.0 -1.6045339692e-05 1.21572923135e-16
-146.0 -0.000181959857179 4.63490317555e-17
-148.0 9.32104280874e-05 1.74472216703e-17
-150.0 0.000831552127964 6.48475686672e-18
-152.0 0.00138902542778 2.37981349249e-18
-154.0 -0.000137846566467 8.62330909223e-19
-156.0 -0.00059312002098 3.08522463014e-19
-158.0 -0.00138384644453 1.08988689951e-19
-160.0 -0.000545298132365 3.80152526277e-20
-162.0 -0.00012444944084 1.30923056406e-20
-164.0 0.000411432971972 4.45201066262e-21
-166.0 -0.000317515407803 1.49478269763e-21
-168.0 0.00049796599684 4.95543443607e-22
-170.0 -0.000250772530841 1.62206111308e-22
-172.0 0.000294488771987 5.24245241286e-23
-174.0 0.000114912932775 1.67295241081e-23
-176.0 -0.000474070242605 5.27126054956e-24
-178.0 -0.00106263834707 1.63993707843e-24
-180.0 -0.00096026995429 5.03757695097e-25
-182.0 -0.00161205275841 1.52791082267e-25
-184.0 -0.000715569126958 4.57568508407e-26
-186.0 -0.000317415554589 1.35299456754e-26
-188.0 0.000124973980066 3.95018817522e-27
-190.0 0.000881467487879 1.13873146828e-27
-192.0 0.00104727065649 3.24120623735e-28
-194.0 -0.000445028405299 9.10906530392e-29
-196.0 -0.00102598243155 2.5276839519e-29
-198.0 -0.00111914479937 6.92553825636e-30
-200.0 -0.00115880356502 1.87355350446e-30
-202.0 -0.000320826685938 5.00449746346e-31
-204.0 0.000390306456335 1.3198867004e-31
-206.0 0.000210352543355 3.43711955021e-32
-208.0 0.000742814516599 8.83760179669e-33
-210.0 0.000313476538546 2.24365473592e-33
-212.0 1.86028704104e-05 5.6241828217e-34
-214.0 0.000243518840072 1.39201731894e-34
-216.0 0.000615888510642 3.40182253405e-35
-218.0 0.000311995840152 8.20843709965e-36
-220.0 0.000671732141631 1.95564986113e-36
-222.0 -0.00014946620446 4.60048410285e-37
-224.0 -0.000115568762697 1.06855719544e-37
-226.0 -0.000126007244566 2.45060783583e-38
-228.0 -0.000477967765917 5.54921649461e-39
-230.0 -0.000628207689724 1.24071297832e-39
-232.0 -0.000528229359494 2.73900476445e-40
-234.0 -0.000494058734005 5.9702986499e-41
-236.0 -0.00113782426972 1.28493491646e-41
-238.0 -0.00124926063839 2.73053665596e-42
-240.0 -0.00224019473427 5.72923580542e-43
-242.0 -0.00224698974198 1.18693569238e-43
-244.0 -0.00165624024837 2.42794859739e-44
-246.0 -0.000739519262904 4.9038095169e-45
-248.0 -0.00106767733454 9.77933902486e-46
-250.0 -0.00133748289965 1.92560505942e-46
-252.0 -0.00184669382062 3.7437491435e-47
-254.0 -0.00209087210184 7.18667604184e-48
-256.0 -0.0018185817869 1.36216965802e-48
-258.0 -0.00136717532691 2.54927180158e-49
-260.0 -0.000886437975738 4.7106722405e-50
-262.0 -0.000138940662067 8.5947141999e-51
-264.0 0.000330326143516 1.54832382773e-51
-266.0 -3.39684616506e-05 2.75406357296e-52
-268.0 -0.00017730780231 4.8369091536e-53
-270.0 -0.000149979079925 8.38771578498e-54
-272.0 0.000101630785012 1.4361549108e-54
-274.0 0.000675478159309 2.42795523369e-55
-276.0 0.00147806085316 4.05286248638e-56
-278.0 0.00122412082585 6.67982165992e-57
-280.0 0.00128601404355 1.0870503819e-57
-282.0 0.00106622599872 1.746691811e-58
-284.0 6.36973594757e-05 2.77117977871e-59
-286.0 -0.000520888092868 4.34105136288e-60
-288.0 -0.000978523547014 6.7143960318e-61
-290.0 -0.000959683800202 1.02541764991e-61
-292.0 -0.00048680813801 1.54623831033e-62
-294.0 5.35959551886e-05 2.30215137247e-63
-296.0 -0.000607404221613 3.38433331452e-64
-298.0 -0.00161380630297 4.91240526113e-65
-300.0 -0.00191731371226 7.04039543278e-66
-302.0 -0.00161598608682 9.96280713679e-67
-304.0 -0.00128366122757 1.39202873335e-67
-306.0 -0.000323954492251 1.92042115902e-68
-308.0 -0.000251010030935 2.61593272479e-69
-310.0 0.000200922278311 3.51834534226e-70
-312.0 0.00175542171131 4.67231555006e-71
-314.0 0.00243123834803 6.12643276942e-72
-316.0 0.00157251165819 7.9316763435e-73
-318.0 0.0002306820919 1.01392096352e-73
-320.0 -0.00235284404785 1.27974967124e-74
-322.0 -0.0029726923246 1.5948790628e-75
-324.0 -0.00245356321319 1.96251187282e-76
-326.0 -0.00194052668559 2.38439737383e-77
-328.0 -0.00166191831996 2.8604000883e-78
-330.0 -0.00115785183686 3.38810403012e-79
-332.0 -0.000855945530065 3.96249289499e-80
-334.0 -0.000503802358949 4.5757476179e-81
-336.0 9.24213697849e-05 5.21719938033e-82
-338.0 0.000772814673016 5.87346806411e-83
-340.0 0.000811739063224 6.52880346473e-84
-342.0 0.000357496325523 7.16563008971e-85
-344.0 -0.000278942031329 7.76527750192e-86
-346.0 -0.00160149549345 8.30885886097e-87
-348.0 -0.00178034962915 8.77824280619e-88
-350.0 -0.00196357457081 9.15705035946e-89
-352.0 -0.00171862114589 9.43160104509e-90
-354.0 -0.00113035826825 9.59173225148e-91
-356.0 -0.000640262535642 9.63142347413e-92
-358.0 -0.000734083071603 9.54917198942e-93
-360.0 -0.000473865124349 9.34808727848e-94
-362.0 -0.00127680471429 9.03569592945e-95
-364.0 -0.00233242620043 8.6234740839e-96
-366.0 -0.00240056422415 8.12614791853e-97
-368.0 -0.00231010809678 7.56082158996e-98
-370.0 -0.00165939580872 6.94600454411e-99
-372.0 -0.000520000305127 6.30061498611e-100
-374.0 -0.000224339415147 5.64303347476e-101
-376.0 -0.000287976306699 4.99027084209e-102
-378.0 0.000591620455694 4.35729951468e-103
-380.0 0.000330518594375 3.75657891266e-104
-382.0 -0.000675332959064 3.19778620567e-105
-384.0 -0.0026205190774 2.68774547386e-106
-386.0 -0.00291291758665 2.23053303432e-107
-388.0 -0.00370785854861 1.82772556232e-108
-390.0 -0.00145056793741 1.47875122743e-109
-392.0 -0.00232110701268 1.18130231846e-110
-394.0 0.000923323017693 9.31770165246e-112
-396.0 -0.000759261753007 7.25668632065e-113
-398.0 0.0 5.58019925264e-114
-400.0 0.0 4.23684785306e-115
###
# timestamp: 2455840.6611226
# Gaussian 1 [amp, RV +/- err, wid]: [1.00, 165.00 +/- 0.00, 16.55]
# Gaussian 2 [amp, RV +/- err, wid]: [0.57, -25.00 +/- 0.00, 15.76]
# Uncorrected_RV, BF_amp, Gaussian_fit
###
400.0 0.0 2.82968136643e-78
398.0 0.0 3.0708781085e-77
396.0 0.00166345629948 3.27964792059e-76
394.0 0.000625063631244 3.44692211206e-75
392.0 0.000990358068537 3.56512956822e-74
390.0 0.00241882313333 3.62876436234e-73
388.0 0.00285583436514 3.63481087621e-72
386.0 0.00251687427012 3.58298072279e-71
384.0 0.00081045266469 3.47573554904e-70
382.0 0.00010788618986 3.3180932078e-69
380.0 -0.000150774296012 3.1172385529e-68
378.0 0.000428885654065 2.88198089571e-67
376.0 -0.000971636941331 2.62211513886e-66
374.0 -0.000457564211516 2.34775092217e-65
372.0 -0.00168835970146 2.06867317653e-64
370.0 -0.00175384944626 1.79378896553e-63
368.0 -0.00209794247896 1.53070117153e-62
366.0 -0.0016371816125 1.28543192716e-61
364.0 -0.00124175930118 1.06230041735e-60
362.0 0.000959466878207 8.63943264558e-60
360.0 0.00122761038902 6.9145304856e-59
358.0 0.00181497601663 5.44602674568e-58
356.0 0.00170642430786 4.2212050156e-57
354.0 0.00263478520563 3.21982837019e-56
352.0 0.00248665000796 2.41695520475e-55
350.0 0.00232859392038 1.78543515453e-54
348.0 0.00233130730571 1.2979535882e-53
346.0 0.00114507783902 9.2856828566e-53
344.0 0.00120356598016 6.537446255e-52
342.0 0.00104407298828 4.52941399741e-51
340.0 0.00225555919244 3.08827172884e-50
338.0 0.00259257249197 2.07218533187e-49
336.0 0.00378002647985 1.3682998714e-48
334.0 0.00277887587173 8.89147022769e-48
332.0 0.00265556585602 5.6859818969e-47
330.0 0.00231918309029 3.57830181061e-46
328.0 0.00174141536882 2.21609342525e-45
326.0 -9.5086090922e-05 1.35063737649e-44
324.0 -0.000841457176087 8.10082152489e-44
322.0 -0.00210053372149 4.78144281074e-43
320.0 -0.00316104337211 2.77733628999e-42
318.0 -0.00270982805014 1.58758714479e-41
316.0 -0.00293400252151 8.93071602107e-41
314.0 -0.00287094902372 4.94395589414e-40
312.0 -0.00180351567969 2.69341017854e-39
310.0 -0.00116225666363 1.4440093585e-38
308.0 -0.00123107175651 7.61863417076e-38
306.0 -0.000580038103854 3.95570443449e-37
304.0 -0.000535379489897 2.02120400269e-36
302.0 0.000414524007655 1.01633309219e-35
300.0 0.000801529410488 5.02923101447e-35
298.0 0.00189658152478 2.4491010537e-34
296.0 0.000860423105858 1.17368465546e-33
294.0 0.00080157917007 5.53523099964e-33
292.0 0.000515521230582 2.56897379638e-32
290.0 0.000923010860118 1.17333817446e-31
288.0 0.00112241665689 5.2738324527e-31
286.0 0.000930957142882 2.33275461648e-30
284.0 0.000732904565935 1.01543326918e-29
282.0 0.000464132035183 4.34984038062e-29
280.0 0.00132545277626 1.83372773806e-28
278.0 0.00140205355585 7.60739540293e-28
276.0 0.00232441433186 3.10582317803e-27
274.0 0.00148756909251 1.24783471921e-26
272.0 0.000832416347499 4.93374847345e-26
270.0 9.13030219369e-05 1.91971406366e-25
268.0 0.000759430929908 7.3508183282e-25
266.0 0.000692626837776 2.76996597262e-24
264.0 0.000571859642093 1.02719472415e-23
262.0 0.000551419729358 3.74861404231e-23
260.0 0.000841316772206 1.34625793734e-22
258.0 0.00130009121237 4.75801084407e-22
256.0 0.00189986828563 1.65486350961e-21
254.0 0.00220130279888 5.66419939691e-21
252.0 0.00171474171801 1.9078950827e-20
250.0 0.00161532722148 6.32426479575e-20
248.0 0.00108690849472 2.06302838669e-19
246.0 0.00159267577614 6.62277443445e-19
244.0 0.00192828428322 2.09225360587e-18
242.0 0.0025178347878 6.50471522384e-18
240.0 0.00217627712487 1.99013185993e-17
238.0 0.00155458368957 5.99204433905e-17
236.0 0.000933121785581 1.77544730008e-16
234.0 0.00147153083194 5.17702372045e-16
232.0 0.00100556599746 1.48556659601e-15
230.0 0.00195868438582 4.19511332846e-15
228.0 0.00290347988637 1.16582904552e-14
226.0 0.00292157025657 3.18834747781e-14
224.0 0.00180976701824 8.58096287442e-14
222.0 0.00204977220438 2.27272035297e-13
220.0 0.0017480395593 5.9237344404e-13
218.0 0.00323641773229 1.51944422292e-12
216.0 0.00271370309076 3.83542544446e-12
214.0 0.00178275645437 9.52756519871e-12
212.0 0.000374062762976 2.32910954549e-11
210.0 0.000138800938797 5.60321778237e-11
208.0 -5.90977433203e-05 1.32655326119e-10
206.0 9.86935500108e-05 3.09066178366e-10
204.0 -0.000256810724686 7.08627291004e-10
202.0 -0.000387861209908 1.59890944369e-09
200.0 0.000721052786175 3.55033605319e-09
198.0 0.0014451681265 7.75808724556e-09
196.0 0.00187228156793 1.6683203887e-08
194.0 0.00158116014087 3.53056211802e-08
192.0 0.000786228747932 7.35271712802e-08
190.0 -0.000149395788988 1.5069243859e-07
188.0 0.000150785427664 3.03930766382e-07
186.0 -0.000248047537376 6.03250194986e-07
184.0 0.000987811276231 1.17831085417e-06
182.0 0.00283992098195 2.26496704313e-06
180.0 0.0041322349114 4.28453305232e-06
178.0 0.00401320662738 7.97599199397e-06
176.0 0.00310390570911 1.46118606841e-05
174.0 0.00104422742144 2.63430428177e-05
172.0 0.000513350188738 4.67375512373e-05
170.0 0.000360196965407 8.16028961174e-05
168.0 0.000591257476922 0.000140211873343
166.0 0.00018837002486 0.000237084746298
164.0 0.000235006757977 0.000394513651291
162.0 0.000349491905862 0.000646040968951
160.0 0.000973859399885 0.00104111255941
158.0 0.00140862325208 0.00165110583788
156.0 0.00268431757378 0.0025768654459
154.0 0.00171273864069 0.0039577483144
152.0 0.00147504467116 0.0059819696469
150.0 0.00119150083933 0.00889774262875
148.0 0.00112994635335 0.0130243205385
146.0 -0.000266014116972 0.018761601843
144.0 0.00125746923101 0.026596491962
142.0 0.0012313217514 0.0371038012023
140.0 0.00227224251458 0.0509391926368
138.0 0.00251292971167 0.0688216878037
136.0 0.00192093269128 0.0915036029304
134.0 0.000954438634677 0.119726611457
132.0 0.00245103114683 0.154163946955
130.0 0.0035297290417 0.195350534108
128.0 0.00455849295592 0.243604927837
126.0 0.00704034168972 0.298949113969
124.0 0.00915499868546 0.361034154375
122.0 0.0119141071289 0.429080972144
120.0 0.0144988684567 0.501845905023
118.0 0.0176279512799 0.577619727824
116.0 0.0207440800505 0.654266531632
114.0 0.0247605182243 0.729305236406
112.0 0.0283800837342 0.800031928015
110.0 0.0304558132706 0.863676193269
108.0 0.0323636894741 0.917579872241
106.0 0.0339676009958 0.959382897513
104.0 0.0349997128006 0.987198803219
102.0 0.0356298764889 0.999762509759
100.0 0.0361550655002 0.996535259334
98.0 0.0356160675113 0.977755871826
96.0 0.0346477326984 0.944433250709
94.0 0.0331069675095 0.898281482041
92.0 0.0312407587308 0.841605007287
90.0 0.0288467662511 0.777146329492
88.0 0.0262393909169 0.707911849854
86.0 0.0224478427307 0.636992363124
84.0 0.0188498446528 0.567393474885
82.0 0.0158558516036 0.501888109678
80.0 0.0124594775557 0.442899002881
78.0 0.00879099636378 0.392414407507
76.0 0.00688448931241 0.351935995627
74.0 0.00552417425947 0.322454746098
72.0 0.00631011981486 0.304448887506
70.0 0.00725806890286 0.297897801248
68.0 0.00712870067238 0.302306972037
66.0 0.00685304067277 0.316741141504
64.0 0.00841158527318 0.339865167657
62.0 0.00940189404678 0.369994088568
60.0 0.0119485495824 0.405155004393
58.0 0.013973989493 0.443163304242
56.0 0.0169359439518 0.481714417521
54.0 0.0185803860118 0.51848988661
52.0 0.0204375153882 0.551273598929
50.0 0.0203009510557 0.578071088717
48.0 0.0212159170264 0.597222557133
46.0 0.0208154360922 0.607499198977
44.0 0.0206572702141 0.608172891799
42.0 0.0185489927089 0.599051346823
40.0 0.0169992137161 0.580474195958
38.0 0.0154764078778 0.55326970152
36.0 0.0154559059126 0.518676175065
34.0 0.0138970577809 0.478236095823
32.0 0.0131363278893 0.433673738015
30.0 0.0108622105194 0.386768458361
28.0 0.00926306127473 0.339235528327
26.0 0.00758176488011 0.292624656144
24.0 0.00490903779173 0.248243492074
22.0 0.0021327473958 0.207109950511
20.0 0.000916924241039 0.169933660236
18.0 0.00160126619735 0.137123760238
16.0 0.0015782338479 0.10881795343
14.0 0.00192406962145 0.0849264026447
12.0 -0.000360177492264 0.0651837150604
10.0 -0.00119717300181 0.049202776741
8.0 -0.00178197183653 0.036525333268
6.0 -0.000739928995678 0.0266656883372
4.0 -0.000417538696266 0.0191454432743
2.0 0.000603848279792 0.0135186104897
0.0 0.000803069894454 0.00938755894182
-2.0 0.000101272315303 0.00641102227788
-4.0 0.000242793875086 0.00430582008176
-6.0 -0.000782775948492 0.00284405802803
-8.0 -0.00125145103798 0.00184745984338
-10.0 -0.00152374171633 0.00118022698526
-12.0 -0.000574586807225 0.000741498115579
-14.0 0.00011498066259 0.00045815089669
-16.0 0.00142768320121 0.000278394728681
-18.0 0.00153425075775 0.000166367102223
-20.0 0.00176715652285 9.7775011092e-05
-22.0 0.001270675304 5.65122075973e-05
-24.0 0.000297674498041 3.21225970027e-05
-26.0 -0.000407563262797 1.79569677555e-05
-28.0 -0.00105751160317 9.87209517311e-06
-30.0 -0.000469684448088 5.33752155086e-06
-32.0 -0.000389738203574 2.83807538311e-06
-34.0 -0.000353697917821 1.48409666476e-06
-36.0 -0.000350003169937 7.63228235493e-07
-38.0 -0.000756640728344 3.86011857376e-07
-40.0 -0.001450036809 1.9199982785e-07
-42.0 -0.0011982360599 9.39193353348e-08
-44.0 -0.00123350880106 4.51817614977e-08
-46.0 -0.000305037350208 2.13759430724e-08
-48.0 0.000210724726791 9.94583813273e-09
-50.0 -0.000463588266094 4.55104853099e-09
-52.0 -0.00118042747772 2.0480262734e-09
-54.0 -0.00161691370726 9.06386770432e-10
-56.0 -0.0018428907937 3.94498693603e-10
-58.0 -0.00108746277135 1.68861855827e-10
-60.0 -0.000131861425745 7.10839452525e-11
-62.0 0.00108167305804 2.94283197836e-11
-64.0 0.00111893946515 1.19815605489e-11
-66.0 0.000495982515788 4.79750332189e-12
-68.0 -0.000779116504568 1.88917051441e-12
-70.0 -0.00212665403334 7.31612320225e-13
-72.0 -0.00284121885715 2.78640883942e-13
-74.0 -0.00222313491141 1.04366866688e-13
-76.0 -0.00150966128884 3.84445187244e-14
-78.0 -0.000931939463738 1.39270838037e-14
-80.0 -0.000803593212281 4.96180767444e-15
-82.0 -0.000892322937145 1.73849578184e-15
-84.0 -0.00113723843789 5.99047600944e-16
-86.0 -0.000414796339898 2.03003255402e-16
-88.0 -0.00123313267293 6.76548053303e-17
-90.0 -0.00127560441578 2.2174215927e-17
-92.0 -0.00124792891338 7.14746229446e-18
-94.0 -0.00130350097038 2.2657367601e-18
-96.0 -0.00117618566709 7.06351718217e-19
-98.0 -0.00031094660227 2.16564136535e-19
-100.0 -0.000877686856849 6.5298927402e-20
-102.0 -0.00155031392254 1.93633071389e-20
-104.0 -0.00171280362634 5.64685970679e-21
-106.0 -0.00204392314392 1.61952791842e-21
-108.0 -0.00144901342804 4.56797646013e-22
-110.0 -0.000869675471229 1.26710689041e-22
-112.0 -0.000351231901783 3.45665968998e-23
-114.0 -0.000873959582597 9.27371990759e-24
-116.0 -0.000417351059426 2.44683847987e-24
-118.0 -0.000510327529705 6.3490771714e-25
-120.0 -0.000434029126163 1.62020469795e-25
-122.0 -0.00206113235493 4.06614765827e-26
-124.0 -0.00193296259576 1.00357626432e-26
-126.0 -0.00172389965864 2.43596808493e-27
-128.0 -0.000578327369284 5.81496070175e-28
-130.0 -0.00145434405738 1.36513609953e-28
-132.0 -0.00189599480296 3.15180322543e-29
-134.0 -0.00461121565841 7.15642653241e-30
-136.0 -0.00402195438656 1.59803878624e-30
-138.0 -0.00295459009816 3.50939612218e-31
-140.0 -0.000819592980406 7.57934096935e-32
-142.0 0.00114919348252 1.60984652797e-32
-144.0 0.00167713536837 3.36272600742e-33
-146.0 -0.000130588644151 6.90800220318e-34
-148.0 -0.000715649463631 1.39562078652e-34
-150.0 -0.000844421940049 2.77291379463e-35
-152.0 -0.00046345585423 5.4182530545e-36
-154.0 0.000517483344231 1.04120483915e-36
-156.0 -0.000948231722646 1.96773698455e-37
-158.0 -0.00129924025028 3.65722682218e-38
-160.0 -0.000689368110993 6.68483544675e-39
-162.0 -0.00114660505551 1.20166530803e-39
-164.0 -0.00179906806445 2.12437069885e-40
-166.0 -0.00148941296999 3.6934400921e-41
-168.0 -0.00178140293043 6.3151808601e-42
-170.0 8.38235677727e-05 1.0619266102e-42
-172.0 0.00147710494197 1.7561321419e-43
-174.0 0.000997269823588 2.85610294441e-44
-176.0 -0.000224299960486 4.56819358256e-45
-178.0 2.40931983054e-05 7.18570061769e-46
-180.0 -0.00120485326302 1.11159789513e-46
-182.0 0.000789605889078 1.69114283414e-47
-184.0 0.00209330116248 2.5302698516e-48
-186.0 0.0014825678944 3.72312287184e-49
-188.0 2.01573273173e-05 5.38768101376e-50
-190.0 6.31736467257e-05 7.6674394921e-51
-192.0 -0.00140505013862 1.07313118927e-51
-194.0 -0.00110658208844 1.47709781044e-52
-196.0 -0.000666407588113 1.99949198972e-53
-198.0 -0.00180145974232 2.66185295116e-54
-200.0 -0.00092404759584 3.48499716125e-55
-202.0 -0.00142390500337 4.48719325801e-56
-204.0 -0.00127063770085 5.68199827399e-57
-206.0 -0.00128691562893 7.07589529149e-58
-208.0 0.000467328309045 8.66593994378e-59
-210.0 0.00093425650632 1.04376788335e-59
-212.0 0.00272824842255 1.23636345995e-60
-214.0 0.00185938147948 1.44026487781e-61
-216.0 0.000310248102969 1.65003271967e-62
-218.0 -0.00147086983872 1.8590741815e-63
-220.0 -0.00277625047396 2.05994137139e-64
-222.0 -0.00377538376563 2.24474481766e-65
-224.0 -0.00131161455002 2.40565349348e-66
-226.0 -0.000354018169242 2.53543887205e-67
-228.0 -0.00123831490373 2.6280110902e-68
-230.0 -0.00101628595346 2.67889209057e-69
-232.0 -0.00222334732632 2.6855746174e-70
-234.0 -0.00302887150504 2.64772700085e-71
-236.0 -0.00160673166248 2.56722044169e-72
-238.0 -0.00175150696399 2.44797567109e-73
-240.0 -0.0018431831825 2.29564648142e-74
-242.0 2.42229946252e-05 2.11717569204e-75
-244.0 -0.000174177287979 1.92027207223e-76
-246.0 0.00010845011145 1.7128629267e-77
-248.0 0.000306043098242 1.50257594063e-78
-250.0 -5.24919031741e-06 1.29629614293e-79
-252.0 -0.00029723586117 1.09983112053e-80
-254.0 0.000219406235648 9.17702166063e-82
-256.0 -0.00117184468984 7.53063305979e-83
-258.0 -0.00102698864802 6.07736322404e-84
-260.0 3.5483435265e-05 4.82339554147e-85
-262.0 0.000206607237479 3.76482279098e-86
-264.0 4.25214456728e-05 2.88994899161e-87
-266.0 -0.000558918938508 2.18167368405e-88
-268.0 -0.000799487168258 1.61973283391e-89
-270.0 -0.00118355891119 1.18263562147e-90
-272.0 -0.000521606686517 8.49204923058e-92
-274.0 -0.00187543657822 5.99691685609e-93
-276.0 -0.00184041613421 4.16483239889e-94
-278.0 -0.00213391996768 2.84459870508e-95
-280.0 -0.00136666364691 1.91072622307e-96
-282.0 -0.001705277945 1.26220500258e-97
-284.0 -0.000712524829371 8.20002747324e-99
-286.0 -0.000305262123557 5.23907595681e-100
-288.0 0.000116158486291 3.29191080688e-101
-290.0 -0.000377923224797 2.03420820415e-102
-292.0 2.02247077443e-05 1.23622271873e-103
-294.0 0.000130038868365 7.38842751255e-105
-296.0 0.00094032845014 4.34271461483e-106
-298.0 -0.000476003115359 2.51029372735e-107
-300.0 0.000197709920743 1.42705847368e-108
-302.0 0.000222572851851 7.9783479669e-110
-304.0 0.00137194066551 4.38670223402e-111
-306.0 0.000629991750572 2.37201436705e-112
-308.0 0.000858252588478 1.26139310203e-113
-310.0 -0.000135692990197 6.59686452567e-115
-312.0 0.0012326563221 3.39295934842e-116
-314.0 0.00147473468147 1.7162230258e-117
-316.0 0.00209636609384 8.53734377649e-119
-318.0 0.00191203191068 4.17662796609e-120
-320.0 0.00106303928197 2.00947585267e-121
-322.0 2.86320039117e-05 9.50810061019e-123
-324.0 -0.000598029227648 4.42444420327e-124
-326.0 7.13492420268e-05 2.02477912064e-125
-328.0 -6.40607945646e-05 9.11277321063e-127
-330.0 0.000332425587108 4.03345715156e-128
-332.0 -0.0016666433998 1.75573234667e-129
-334.0 -0.00104466329673 7.51611039567e-131
-336.0 -0.00153109061501 3.16433144831e-132
-338.0 -0.000576055261683 1.31016128426e-133
-340.0 -0.00144347485412 5.3348416509e-135
-342.0 -0.000708340158701 2.13634939415e-136
-344.0 -0.0015210521594 8.41350597885e-138
-346.0 -0.000430220961055 3.25863494659e-139
-348.0 -0.000228117057111 1.24121893132e-140
-350.0 0.000478771820871 4.64959417246e-142
-352.0 0.000289444925436 1.71291448872e-143
-354.0 -0.000556291175762 6.20597889931e-145
-356.0 -0.000994307024295 2.21125528327e-146
-358.0 -0.00127279135469 7.74856801794e-148
-360.0 -0.000651230979277 2.67028731692e-149
-362.0 0.000638621805189 9.04999863037e-151
-364.0 0.0010468743781 3.01642833115e-152
-366.0 0.000677029371954 9.88761359571e-154
-368.0 0.00040328619923 3.18745408893e-155
-370.0 -0.000225929990168 1.01053269019e-156
-372.0 -0.000146823287338 3.15072699307e-158
-374.0 0.00110113439971 9.66106840801e-160
-376.0 0.000416389824094 2.91335573966e-161
-378.0 0.000390838860934 8.64004204722e-163
-380.0 -5.32159366304e-05 2.51995143552e-164
-382.0 -7.90944081539e-05 7.22807189147e-166
-384.0 -0.000391989576951 2.03895073719e-167
-386.0 0.00046162175248 5.65646337772e-169
-388.0 -0.00067324210937 1.54325326175e-170
-390.0 0.000446913528393 4.14079189517e-172
-392.0 -0.000326392301328 1.09265632193e-173
-394.0 0.000732920818325 2.83555279807e-175
-396.0 -0.000580277747599 7.23678834368e-177
-398.0 0.0 1.8163853091e-178
-400.0 0.0 4.48357116718e-180
###
# timestamp: 2455851.6487423
# Gaussian 1 [amp, RV +/- err, wid]: [1.00, 165.00 +/- 0.00, 16.55]
# Gaussian 2 [amp, RV +/- err, wid]: [0.57, -25.00 +/- 0.00, 15.76]
# Uncorrected_RV, BF_amp, Gaussian_fit
###
400.0 0.0 1.56240659539e-44
398.0 0.0 8.63438718981e-44
396.0 0.00187133633307 4.70244101392e-43
394.0 0.000728533280949 2.52388506764e-42
392.0 0.00227383313281 1.33496590041e-41
390.0 0.000537636152103 6.95865253494e-41
388.0 0.000430865701907 3.57465811171e-40
386.0 -0.000838612739173 1.80966526968e-39
384.0 -0.000469290933117 9.02851601715e-39
382.0 0.000432612246063 4.43903812214e-38
380.0 0.000733790249504 2.15087790032e-37
378.0 0.000313124687639 1.02706285014e-36
376.0 -0.000259121501835 4.83317660577e-36
374.0 -0.000557022145785 2.24141714412e-35
372.0 -0.000208404136546 1.02439416232e-34
370.0 0.000497506427192 4.61387560272e-34
368.0 0.00125941039175 2.04794857922e-33
366.0 0.000748080515101 8.9583204908e-33
364.0 0.000494832567942 3.86178884689e-32
362.0 -0.00050052015322 1.64060803039e-31
360.0 -0.00110464972795 6.8687154106e-31
358.0 -0.000975140447932 2.83400487673e-30
356.0 -0.000525925699831 1.15233842676e-29
354.0 3.04148216361e-05 4.61757413084e-29
352.0 0.00140466216584 1.82348455426e-28
350.0 0.00168391636933 7.09650776559e-28
348.0 0.0008662212897 2.72170879326e-27
346.0 0.000567308711709 1.0287101175e-26
344.0 0.000126577343749 3.83176394576e-26
342.0 0.00156998281154 1.4065619439e-25
340.0 0.00283404777844 5.08830762702e-25
338.0 0.00400474626929 1.81402069567e-24
336.0 0.00369580094348 6.37331664254e-24
334.0 0.00367758811781 2.20669918673e-23
332.0 0.00300096433349 7.52965633434e-23
330.0 0.0032360173797 2.5319874881e-22
328.0 0.00293607795744 8.39078004137e-22
326.0 0.00251872406542 2.74029613682e-21
324.0 0.00142223361604 8.81956247786e-21
322.0 0.000684122268622 2.7973767727e-20
320.0 0.000900590302166 8.74398227553e-20
318.0 0.00136464234472 2.69353084615e-19
316.0 0.00133546332295 8.17690625862e-19
314.0 0.000587721781734 2.44630422402e-18
312.0 7.05896354e-05 7.21250773926e-18
310.0 0.000889394751294 2.09563913393e-17
308.0 0.00224813814124 6.00068857523e-17
306.0 0.00244585329961 1.69332397493e-16
304.0 0.000933291780325 4.70905114361e-16
302.0 6.98492901782e-05 1.29056872898e-15
300.0 -0.000247227348793 3.48564576475e-15
298.0 7.23695138212e-05 9.27768751943e-15
296.0 0.000249399198638 2.43360794031e-14
294.0 0.000334805387399 6.29094469359e-14
292.0 0.000531419002665 1.60263824069e-13
290.0 0.000660185369699 4.02355105165e-13
288.0 0.00125822224404 9.95492314938e-13
286.0 0.000341886837794 2.42728452994e-12
284.0 0.000689519394695 5.83254159907e-12
282.0 0.000946325373509 1.38117714318e-11
280.0 0.00143766254354 3.22325972097e-11
278.0 0.00199184933223 7.41302731307e-11
276.0 0.00284396010816 1.6801586034e-10
274.0 0.00305398186596 3.75283388018e-10
272.0 0.00234794639335 8.26081282634e-10
270.0 0.00197910349794 1.79201072292e-09
268.0 0.00115889093512 3.83100577603e-09
266.0 0.00150303035586 8.07122381059e-09
264.0 0.00109918033436 1.6757929321e-08
262.0 0.00153208298285 3.42890694539e-08
260.0 0.00109000896122 6.9142555166e-08
258.0 0.000847858795844 1.37400885368e-07
256.0 0.000756971028023 2.69084088769e-07
254.0 0.000726794172468 5.19326980466e-07
252.0 0.000531361372243 9.87752492923e-07
250.0 0.000406626884868 1.85144051704e-06
248.0 5.88949325188e-05 3.41999738138e-06
246.0 -0.00018374689082 6.22581432134e-06
244.0 0.000249731314738 1.11691708827e-05
242.0 5.74524452948e-05 1.97469527739e-05
240.0 -0.000503624320619 3.44059552622e-05
238.0 -0.00104987517147 5.90774217709e-05
236.0 -0.00100539007683 9.99686501484e-05
234.0 0.000378297481621 0.000166709559091
232.0 0.00153286259442 0.000273975392973
230.0 0.00233835146486 0.000443728164057
228.0 0.00225524900029 0.000708234065173
226.0 0.00119162847848 0.00111401492602
224.0 0.00023016399813 0.00172686977506
222.0 0.000830596672331 0.0026380471135
220.0 0.00127779235922 0.00397154865472
218.0 0.0026038237216 0.00589239168554
216.0 0.0032925909413 0.00861544490291
214.0 0.00303224505577 0.0124141843824
212.0 0.00273934840959 0.0176284064095
210.0 0.00213879421209 0.0246696107943
208.0 0.000982632295781 0.034022476442
206.0 0.00106949481814 0.046240649648
204.0 0.000951867742497 0.0619350243463
202.0 0.00165695715918 0.0817528833985
200.0 0.00169431342325 0.106346750957
198.0 0.00180229804843 0.136332611529
196.0 0.00133126795244 0.172238273092
194.0 0.00213077666483 0.214444025804
192.0 0.00191981663994 0.263119249482
190.0 0.00288096109271 0.31816006916
188.0 0.00422806535531 0.379134323814
186.0 0.00701758168321 0.445240760518
184.0 0.0111352103046 0.515289281394
182.0 0.0151551394237 0.587708108023
180.0 0.0184923060534 0.660581849406
178.0 0.0217216297839 0.731721762063
176.0 0.0250995230475 0.798766214586
174.0 0.0284834714533 0.859305880172
172.0 0.030955607668 0.911024928477
170.0 0.0325097370924 0.951846941232
168.0 0.0332189783219 0.980072847008
166.0 0.0337444912031 0.99449814293
164.0 0.0340902958804 0.99449814293
162.0 0.0345180551976 0.980072847008
160.0 0.0346671255412 0.951846941232
158.0 0.0337829720915 0.911024928477
156.0 0.032338057806 0.859305880172
154.0 0.0298691051215 0.798766214586
152.0 0.0285220910277 0.731721762063
150.0 0.0253847545223 0.660581849406
148.0 0.0226793838756 0.587708108023
146.0 0.0188176065146 0.515289281394
144.0 0.0166065477247 0.445240760518
142.0 0.01422153627 0.379134323814
140.0 0.0124166146738 0.31816006916
138.0 0.00888576292155 0.263119249482
136.0 0.00581451801637 0.214444025804
134.0 0.00289457528264 0.172238273092
132.0 0.00136139447985 0.136332611529
130.0 0.00112420203715 0.106346750957
128.0 0.00193364498742 0.0817528833985
126.0 0.00266357708794 0.0619350243463
124.0 0.00325512761636 0.046240649648
122.0 0.00245044045568 0.034022476442
120.0 0.00180882875398 0.0246696107943
118.0 0.00115199297254 0.0176284064095
116.0 0.00106972216573 0.0124141843824
114.0 0.000252978481082 0.00861544490291
112.0 0.000548037961715 0.00589239168554
110.0 0.000494728354489 0.00397154865472
108.0 0.00100258624133 0.0026380471135
106.0 0.00141466291731 0.00172686977506
104.0 0.00174409712558 0.00111401492602
102.0 0.00106287740469 0.000708234065178
100.0 0.000556404331313 0.00044372816407
98.0 0.000988190295928 0.000273975393008
96.0 0.000744261783293 0.000166709559183
94.0 0.00194852748003 9.99686503908e-05
92.0 0.00256844276964 5.90774223976e-05
90.0 0.00286444327166 3.44059568562e-05
88.0 0.0021896839759 1.97469567636e-05
86.0 0.00238114928862 1.11691807092e-05
84.0 0.00126913667343 6.22583813695e-06
82.0 0.000626106752531 3.4200541798e-06
80.0 0.000579181660643 1.85157381414e-06
78.0 -4.32138420611e-05 9.88060325696e-07
76.0 -0.00051739176662 5.20026530426e-07
74.0 -0.00114553469446 2.70648433075e-07
72.0 -0.00138394558692 1.40843240585e-07
70.0 -0.00108673370792 7.65965441786e-08
68.0 0.000282613950773 5.01720330765e-08
66.0 0.000853977861276 5.00609833533e-08
64.0 0.000259114896281 7.67853946906e-08
62.0 -0.000659085223996 1.43345165251e-07
60.0 -0.00112770554661 2.80532457084e-07
58.0 -0.000879596078413 5.488397907e-07
56.0 -0.000356630671571 1.06058695997e-06
54.0 0.000401753677276 2.01855050918e-06
52.0 -2.92600749194e-05 3.78122569472e-06
50.0 -0.000518034401621 6.97037972189e-06
48.0 -0.000849519724884 1.26443053381e-05
46.0 -0.000939683025261 2.25706679395e-05
44.0 -0.000102888755572 3.96464085956e-05
42.0 0.000291311115706 6.85287936398e-05
40.0 -7.87980832959e-06 0.000116560677797
38.0 0.000346831468051 0.000195092589456
36.0 0.000884894051935 0.00032132107465
34.0 0.00102182840143 0.000520771701022
32.0 0.0011720637975 0.000830549019667
30.0 0.00111808098322 0.00130344554273
28.0 0.000529714211518 0.00201293726738
26.0 0.000945922833347 0.00305898478873
24.0 0.00184229151607 0.00457439983303
22.0 0.00259625759583 0.00673132647536
20.0 0.00307569953235 0.00974713351744
18.0 0.00270316096527 0.0138887417721
16.0 0.00201639074185 0.0194741548644
14.0 0.00111754559128 0.0268697770635
12.0 0.000741335255963 0.0364820500452
10.0 5.71284137642e-05 0.0487420885345
8.0 -0.000320937693853 0.0640823989605
6.0 -0.000356317150853 0.0829054567867
4.0 0.00141231357893 0.105544887022
2.0 0.0029852773632 0.13222117432
0.0 0.00372718937372 0.162995099914
-2.0 0.00363872176118 0.197723283869
-4.0 0.00346170984252 0.236021088468
-6.0 0.00420496614972 0.277238493848
-8.0 0.00696233969569 0.320454209235
-10.0 0.0101380350809 0.364492132039
-12.0 0.0119374526902 0.407962329868
-14.0 0.0136760009096 0.449326152071
-16.0 0.0150897218113 0.486982166517
-18.0 0.0164491853652 0.519366754421
-20.0 0.0175799976947 0.545060816937
-22.0 0.0186242844755 0.562892558377
-24.0 0.0190489085623 0.572026013661
-26.0 0.0191201222708 0.572026013661
-28.0 0.0189546106272 0.562892558377
-30.0 0.0178842401058 0.545060816937
-32.0 0.0172267038549 0.519366754421
-34.0 0.0165265609844 0.486982166517
-36.0 0.0153118803587 0.449326152071
-38.0 0.01340367195 0.407962329868
-40.0 0.0112189411085 0.364492132039
-42.0 0.00869851119648 0.320454209235
-44.0 0.00623373209473 0.277238493848
-46.0 0.00398298346537 0.236021088468
-48.0 0.00172761891891 0.197723283869
-50.0 0.000528751309647 0.162995099914
-52.0 -0.000256341360321 0.13222117432
-54.0 -0.000572716654615 0.105544887022
-56.0 -0.000268525532318 0.0829054567867
-58.0 0.00041054033129 0.0640823989605
-60.0 0.00137675176072 0.0487420885345
-62.0 0.00103632438763 0.0364820500452
-64.0 0.000473653431746 0.0268697770635
-66.0 -0.000954389135071 0.0194741548644
-68.0 -0.00127438949825 0.0138887417721
-70.0 -0.000930217745232 0.00974713351744
-72.0 0.000293658846371 0.00673132647536
-74.0 0.000954235901735 0.00457439983303
-76.0 0.00131351913214 0.00305898478873
-78.0 0.000733142412188 0.00201293726738
-80.0 -0.000400138588587 0.00130344554272
-82.0 -0.000995108882509 0.000830549019658
-84.0 -0.00101469278456 0.000520771700998
-86.0 -0.000848065510287 0.000321321074587
-88.0 -0.000177028258154 0.000195092589296
-90.0 0.00035719984834 0.000116560677395
-92.0 0.000116535785158 6.85287926443e-05
-94.0 0.000184041269749 3.96464061683e-05
-96.0 0.0003008754972 2.2570662107e-05
-98.0 -0.00072194999626 1.26442915264e-05
-100.0 -0.000871979565123 6.97034748929e-06
-102.0 -0.00201681898131 3.78115156444e-06
-104.0 -0.00235162987412 2.01838249332e-06
-106.0 -0.00160686420105 1.06021167658e-06
-108.0 -0.000549356174954 5.48013709418e-07
-110.0 -0.00057047240845 2.78740446361e-07
-112.0 -0.000139029205526 1.39514159475e-07
-114.0 -0.000622466548222 6.871417088e-08
-116.0 -0.000746353255051 3.33030540322e-08
-118.0 -0.000713179269349 1.58829636226e-08
-120.0 -0.00156571141821 7.45398901259e-09
-122.0 -0.00140404889662 3.44235521623e-09
-124.0 -0.0010786860053 1.56434430604e-09
-126.0 -0.000101789122504 6.99549960204e-10
-128.0 0.000274855951145 3.07832772974e-10
-130.0 0.00018033683567 1.33297099857e-10
-132.0 -0.000132285519685 5.67984225704e-11
-134.0 -0.00101407683936 2.38156026737e-11
-136.0 -0.00128021227967 9.82644902738e-12
-138.0 -0.00117008180129 3.98971030983e-12
-140.0 -0.000299322144791 1.59402764169e-12
-142.0 -0.000169209909898 6.26700528685e-13
-144.0 0.000519476682553 2.42456595041e-13
-146.0 -0.000260511316567 9.23033940063e-14
-148.0 0.000378474457256 3.45788914855e-14
-150.0 0.000904779554764 1.27471821278e-14
-152.0 0.00189049017451 4.6240981411e-15
-154.0 0.0017773502008 1.65062957662e-15
-156.0 0.00182400399578 5.79804965411e-16
-158.0 0.00119824220904 2.00412112433e-16
-160.0 0.00145684051217 6.81672429172e-17
-162.0 0.00129706532078 2.28158797879e-17
-164.0 0.00109019950484 7.51464448002e-18
-166.0 -0.000321911435563 2.43550701866e-18
-168.0 -0.000575595240552 7.76747850178e-19
-170.0 -0.00135806836321 2.4377011499e-19
-172.0 -0.00020780238925 7.52819036027e-20
-174.0 0.000195461759279 2.28775993569e-20
-176.0 0.000235605057456 6.84132206367e-21
-178.0 -0.000668542852139 2.01316489812e-21
-180.0 -0.000180097276113 5.82946085942e-22
-182.0 -0.000321134927291 1.66106703634e-22
-184.0 0.000808231039716 4.65752995482e-23
-186.0 0.000389421639332 1.28509099827e-23
-188.0 0.000313270343193 3.48916762423e-24
-190.0 0.000383228905503 9.32222357459e-25
-192.0 0.000895361299166 2.45090750995e-25
-194.0 0.000511013926042 6.34080005188e-26
-196.0 9.01745224541e-05 1.614250473e-26
-198.0 -0.00103019637539 4.04396617103e-27
-200.0 -0.000642913176718 9.96905135715e-28
-202.0 -0.000997915647392 2.41829835559e-28
-204.0 -0.000967184625565 5.7726557007e-29
-206.0 -0.00133792045619 1.35597336353e-29
-208.0 -0.000501708220323 3.13426987918e-30
-210.0 -0.000691041693766 7.12904485955e-31
-212.0 -0.000355561233156 1.59564411126e-31
-214.0 -0.00176896972432 3.51439399237e-32
-216.0 -0.00221460249405 7.61683573607e-33
-218.0 -0.00253503695028 1.624457896e-33
-220.0 -0.00105322046659 3.40919668076e-34
-222.0 -0.000955597237805 7.04053046801e-35
-224.0 -0.000393822419235 1.43076542057e-35
-226.0 -0.000686201404153 2.86115388276e-36
-228.0 -0.00104512345839 5.63019873715e-37
-230.0 -0.00116336279593 1.09022456056e-37
-232.0 -0.000921223095088 2.07738947013e-38
-234.0 -0.000618948804343 3.89519871354e-39
-236.0 0.000399500684218 7.18705615358e-40
-238.0 0.000628983636799 1.3049148873e-40
-240.0 0.000566504697638 2.33143365552e-41
-242.0 0.000215179612659 4.09895985483e-42
-244.0 -0.000334251148809 7.09143287014e-43
-246.0 -0.000240942644476 1.2072690168e-43
-248.0 -0.000209467090019 2.02247816655e-44
-250.0 -0.000390506860942 3.33405958091e-45
-252.0 -0.000575727033117 5.40844725924e-46
-254.0 -0.00106255839496 8.63339416158e-47
-256.0 -0.00115333678593 1.35612670225e-47
-258.0 -0.000830544946278 2.09618058032e-48
-260.0 -0.000414165604582 3.18835629197e-49
-262.0 -0.000365921072975 4.77215705765e-50
-264.0 -0.000406338817734 7.02865679843e-51
-266.0 -0.000705752020045 1.01868444538e-51
-268.0 -0.000902003281919 1.45283649178e-52
-270.0 -0.00171616030234 2.0389357114e-53
-272.0 -0.00186485308477 2.81578864353e-54
-274.0 -0.00252254215965 3.82654038661e-55
-276.0 -0.00146396033034 5.11708083413e-56
-278.0 -0.000817826686964 6.73361034699e-57
-280.0 -0.000458731803317 8.71933599498e-58
-282.0 -0.000532035740668 1.11103712978e-58
-284.0 -0.000463995813646 1.39310374682e-59
-286.0 -0.00129291146332 1.71888996238e-60
-288.0 -0.000597203119416 2.08699985315e-61
-290.0 5.62213056887e-05 2.49348344605e-62
-292.0 0.000532808689828 2.9315701299e-63
-294.0 -0.000100620611149 3.39159365733e-64
-296.0 -0.00127644738632 3.86115351192e-65
-298.0 -0.00306712498883 4.32553719393e-66
-300.0 -0.00302765597329 4.76840089263e-67
-302.0 -0.00267216297491 5.17267506922e-68
-304.0 -0.00262605013693 5.52163079112e-69
-306.0 -0.00239434743388 5.80001687426e-70
-308.0 -0.00184528340756 5.9951613813e-71
-310.0 -0.00161419980843 6.09792708577e-72
-312.0 -0.00156327315644 6.10342066563e-73
-314.0 -0.00138032148666 6.01137897973e-74
-316.0 -0.00138450238258 5.82618996329e-75
-318.0 -0.000803060315333 5.55654583191e-76
-320.0 -0.00124020717878 5.21476676316e-77
-322.0 -0.000606769897754 4.81586833214e-78
-324.0 -0.00105893423955 4.37647093122e-79
-326.0 -0.000279112855788 3.91366113596e-80
-328.0 -0.000673126049898 3.4439125798e-81
-330.0 -3.13310214112e-05 2.98215866192e-82
-332.0 -0.000535761624064 2.54108446211e-83
-334.0 0.000966371218743 2.130674868e-84
-336.0 -0.000184803581138 1.75802478561e-85
-338.0 0.000185842425137 1.4273896125e-86
-340.0 -0.000701756397883 1.14043305852e-87
-342.0 -0.0004916508794 8.96616634538e-89
-344.0 -0.00115841172994 6.9367096013e-90
-346.0 -0.00128828635398 5.2809245548e-91
-348.0 -0.00117146946974 3.95618088586e-92
-350.0 -0.00054543806327 2.91643328022e-93
-352.0 -0.000257777137128 2.11562007012e-94
-354.0 -0.000393586406344 1.51019503834e-95
-356.0 -0.000435290668505 1.06081127638e-96
-358.0 -0.000747552937276 7.33251472778e-98
-360.0 -5.60474147505e-05 4.98743774963e-99
-362.0 -0.000202494253079 3.33819544398e-100
-364.0 0.000211126599621 2.19864827724e-101
-366.0 0.000622398580179 1.42498235744e-102
-368.0 0.00133678370477 9.08809677112e-104
-370.0 0.000892220461919 5.70356146345e-105
-372.0 0.000800753164271 3.52232185145e-106
-374.0 0.00055341738375 2.14053175901e-107
-376.0 0.000554349712193 1.28004147759e-108
-378.0 0.000694608092206 7.53244790765e-110
-380.0 0.000325512877217 4.36172177237e-111
-382.0 -0.00022984480359 2.4853611719e-112
-384.0 -0.000869744558281 1.39357641296e-113
-386.0 -0.00122323212654 7.68921125079e-115
-388.0 -0.00268198663679 4.17486586201e-116
-390.0 -0.0024880969293 2.23055526274e-117
-392.0 -0.00269238208058 1.17271688054e-118
-394.0 -0.00182015015198 6.06712710633e-120
-396.0 -0.00275739588405 3.08874985647e-121
-398.0 0.0 1.54736265371e-122
-400.0 0.0 7.62800925139e-124
