#amp1, shift1, width1, amp2, shift2, width2
0 0 0 0 0 0
1.20000 60 3 0.45  80 3 #Secondary is suuuuuuuuck
1.20000 102 3 0.45  25 3
1.20000 58 3 0.45  145 3
1.20000 65 3 0.45  160 3
1.20000 65 3 0.45  142 3
1.20000 142 3 0.45  60 3
1.20000 140 3 0.45  58 3
1.20000 100 3 0.45  58 3
1.20000 104 3 0.45  50 3
1.20000 31 3 0.45  120 3
1.20000 28 3 0.45  130 3
1.20000 30 3 0.45  130 3
1.20000 32 3 0.45  125 3
1.20000 110 3 0.45  25 3
1.20000 112 3 0.45  25 3
1.20000 110 3 0.45  30 3
1.20000 72 3 0.45  250 3 #Could the peaks be combined here?
1.20000 65 3 0.45  81 3 #Peaks very close together 
1.20000 56 3 0.45  109 3
1.20000 35 3 0.45  130 3