#amp1, shift1, width1, amp2, shift2, width2
0 0 0 0 0 0
1.20000 115 3 0.45  100 3
1.20000 120 3 0.45  100 3
1.20000 125 3 0.45  100 3
1.20000 100 3 0.45  125 3
1.20000 105 3 0.45  140 3
1.20000 100 3 0.45  100 3
1.20000 100 3 0.45  100 3
1.20000 105 3 0.45  100 3
1.20000 100 3 0.45  100 3
1.20000 100 3 0.45  108 3
1.20000 100 3 0.45  105 3
1.20000 100 3 0.45  100 3
1.20000 100 3 0.45  100 3
1.20000 100 3 0.45  100 3
1.20000 100 3 0.45  100 3
1.20000 100 3 0.45  100 3
1.20000 100 3 0.45  100 3
1.20000 110 3 0.45  105 3
1.20000 100 3 0.45  105 3
1.20000 105 3 0.45  100 3
1.20000 100 3 0.45  100 3
1.20000 100 3 0.45  100 3
1.20000 100 3 0.45  105 3
1.20000 100 3 0.45  100 3
1.20000 100 3 0.45  100 3