#amp1, shift1, width1, amp2, shift2, width2
0 0 0 0 0 0
1.20000 60 3 0.45  125 3
1.20000 130 3 0.45  80 3
1.20000 80 3 0.45  0 3
1.20000 50 3 0.45  80 3
1.20000 20 3 0.45  40 3
1.20000 20 3 0.45  100 3
1.20000 0 3 0.45  20 3
1.20000 0 3 0.45  20 3
1.20000 0 3 0.45  20 3
1.20000 0 3 0.45  20 3
1.20000 0 3 0.45  20 3
1.20000 0 3 0.45  20 3
1.20000 0 3 0.45  20 3
1.20000 0 3 0.45  20 3
1.20000 0 3 0.45  20 3
1.20000 0 3 0.45  20 3
1.20000 0 3 0.45  20 3
1.20000 0 3 0.45  20 3
1.20000 0 3 0.45  20 3
1.20000 0 3 0.45  20 3
1.20000 0 3 0.45  20 3
1.20000 0 3 0.45  20 3
1.20000 0 3 0.45  20 3
1.20000 0 3 0.45  20 3
1.20000 0 3 0.45  20 3