2M19353513+4149543  7440    56784   86  293.89641   41.83177    r5  66.8656 9.87901 
2M19353513+4149543  7441    56819   86  293.89641   41.83177    r5  78.0477 8.5665 
2M19353513+4149543  7440    56785   86  293.89641   41.83177    r5  92.5567 -11.4437 
2M19353513+4149543  7441    56812   86  293.89641   41.83177    r5  74.6503 -10.6124 
2M19353513+4149543  7441    56817   86  293.89641   41.83177    r5  78.9405 -31.5059 
2M19353513+4149543  7125    56559   71  293.89641   41.83177    r5  100.781 33.2682 
2M19353513+4149543  7440    56788   80  293.89641   41.83177    r5  41.432  -40.2135 
2M19353513+4149543  7125    56557   71  293.89641   41.83177    r5  102.033 -16.4112 
2M19353513+4149543  7125    56585   71  293.89641   41.83177    r5  96.0564 -41.174 
2M19353513+4149543  7439    56760   64  293.89641   41.83177    r5  85.404  -8.21002 
2M19353513+4149543  7439    56762   64  293.89641   41.83177    r5  95.5837 -16.3891 
2M19353513+4149543  7125    56584   71  293.89641   41.83177    r5  98.1599 -18.2757 
2M19353513+4149543  7439    56758   64  293.89641   41.83177    r5  23.6431 -63.6594 
2M19353513+4149543  7441    56815   86  293.89641   41.83177    r5  93.4047 -44.3822 
2M19353513+4149543  7439    56761   64  293.89641   41.83177    r5  29.0273 8.7947 
2M19353513+4149543  7440    56787   86  293.89641   41.83177    r5  91.599  -68.2691 
2M19353513+4149543  7439    56757   64  293.89641   41.83177    r5  99.4634 -42.6088 
2M19353513+4149543  7440    56783   86  293.89641   41.83177    r5  57.2602 -14.7928 
2M19353513+4149543  7441    56818   86  293.89641   41.83177    r5  84.4    -2.41605 
2M19353513+4149543  7125    56560   71  293.89641   41.83177    r5  101.189 6.58005 
2M19353513+4149543  7441    56814   86  293.89641   41.83177    r5  72.6163 -9.95993 
2M19353513+4149543  7440    56786   86  293.89641   41.83177    r5  81.5811 -44.6984 
2M19353513+4149543  7441    56820   86  293.89641   41.83177    r5  94.6658 -17.0963 
2M19353513+4149543  7439    56763   64  293.89641   41.83177    r5  85.2641 -52.0328 
2M19353513+4149543  7441    56816   86  293.89641   41.83177    r5  42.2734 -57.5615