# RVs calculated with BF_python.py
#
# Porb = 5.7767904 days, BJD0 = 2454955.07341 days
# Wavelength axis = [15170.0 - 16216.442856286209] Angstroms
#
# Template spectrum (line 0 of infiles):  apogee_norm/lte06500-5.00-0.0.PHOENIX-ACES-AGSS-COND-2011-HiRes_apogee_norm.txt
# RV of template, BCV of template (km/s): 0, 0
#
# List of all input spectra (infiles): data/6449358/6449358infilesALL.txt
# Target BJD and BCV info (bjdinfile): data/6449358/6449358bjdinfileALL.txt
# Gaussian fit guesses (gausspars):    data/6449358/6449358gaussparsALL.txt
#
# BF parameters: w00 = 15170; n = 10000; stepV = 2.0
# BF parameters: smoothstd = 1.5; m = 401
# gaussfit: amplimits = [0, 1.2, 0, 1.2, 0, 1.2]; threshold = 10, widlimits = [0, 16, 0, 11]
#
# time, phase, adjusted_time, RV1 [km/s], error1 [km/s], RV2 [km/s], error2 [km/s]
#
2456557.732750000 0.430758090 1724.732750000 47.97253 0.09222 74.10895 0.00000 nan nan
2456559.722680000 0.775227919 1726.722680000 116.33237 0.06617 69.49978 0.08033 nan nan
2456560.720410000 0.947941473 1727.720410000 80.04885 0.05913 248.66068 0.00000 nan nan
2456584.631580000 0.087120557 1751.631580000 44.82762 0.06712 80.17841 0.00000 nan nan
2456585.630080000 0.259967403 1752.630080000 20.64042 0.05575 73.66072 0.07340 nan nan
2456757.892240000 0.079667976 1924.892240000 46.40745 0.06928 78.30975 0.00000 nan nan
2456760.905010000 0.601198063 1927.905010000 96.76565 0.08985 68.51095 0.00000 nan nan
2456761.872120000 0.768611096 1928.872120000 116.27524 0.06627 71.44267 0.09745 nan nan
2456762.867900000 0.940987092 1929.867900000 81.90943 0.06417 88.23645 0.00000 nan nan
2456763.880430000 0.116262622 1930.880430000 36.02128 0.05592 73.71523 0.00000 nan nan
2456783.834910000 0.570512927 1950.834910000 82.63727 0.10256 104.05765 0.00000 nan nan
2456784.821260000 0.741256529 1951.821260000 115.98654 0.05681 69.45195 0.08756 nan nan
2456785.824740000 0.914965445 1952.824740000 100.05359 0.08361 79.00655 0.00000 nan nan
2456786.797750000 0.083399806 1953.797750000 43.99504 0.00000 73.99504 0.00000 nan nan
2456787.808650000 0.258393173 1954.808650000 20.63805 0.05716 73.76453 0.08156 nan nan
2456788.842380000 0.437338561 1955.842380000 51.03894 0.10628 73.86391 0.00000 nan nan
2456812.751280000 0.576124694 1979.751280000 92.62297 0.12304 71.82067 0.00000 nan nan
2456814.754780000 0.922943578 1981.754780000 89.27132 0.13787 71.54487 0.00000 nan nan
2456815.784830000 0.101251934 1982.784830000 40.47704 0.06901 75.51812 0.13761 nan nan
2456816.765580000 0.271026139 1983.765580000 21.53826 0.06627 74.88111 0.07829 nan nan
2456817.761290000 0.443390018 1984.761290000 67.43377 0.13894 46.10611 0.00000 nan nan
2456818.763890000 0.616946601 1985.763890000 101.41815 0.06494 70.95334 0.00000 nan nan
2456819.761520000 0.789642844 1986.761520000 114.48351 0.05977 68.86331 0.08939 nan nan
2456820.755320000 0.961676089 1987.755320000 77.10723 0.06213 80.81649 0.00000 nan nan
