0 0 0 0 0 0
1.20000 0 3 0.45  20 3
1.20000 0 3 0.45  20 3
1.20000 0 3 0.45  20 3
1.20000 0 3 0.45  20 3
1.20000 0 3 0.45  20 3
1.20000 0 3 0.45  20 3
1.20000 0 3 0.45  20 3
1.20000 0 3 0.45  20 3
1.20000 0 3 0.45  20 3
1.20000 0 3 0.45  20 3
1.20000 0 3 0.45  20 3
1.20000 0 3 0.45  20 3
1.20000 0 3 0.45  20 3
1.20000 0 3 0.45  20 3
1.20000 0 3 0.45  20 3
1.20000 0 3 0.45  20 3
1.20000 0 3 0.45  20 3
1.20000 0 3 0.45  20 3
1.20000 0 3 0.45  20 3
1.20000 0 3 0.45  20 3
1.20000 0 3 0.45  20 3
1.20000 0 3 0.45  20 3
1.20000 0 3 0.45  20 3