###
# timestamp: 2455813.69974
# Gaussian 1 [amp, RV +/- err, wid]: [1.07, 97.43 +/- 0.04, 9.00]
# Gaussian 2 [amp, RV +/- err, wid]: [0.53, 51.41 +/- 0.07, 7.00]
# Uncorrected_RV, BF_amp, Gaussian_fit
###
400.0 0.0 9.27717561029e-100
398.0 0.0 3.89833534897e-97
396.0 0.00409736316774 1.50969773553e-94
394.0 0.00297416766926 5.38825574346e-92
392.0 0.00193112312221 1.77236753624e-89
390.0 0.002144177478 5.37287531125e-87
388.0 0.00334969411156 1.50109136454e-84
386.0 0.0014262237601 3.86504789842e-82
384.0 -0.000470995387337 9.17170385632e-80
382.0 -0.00153998093936 2.00582276355e-77
380.0 0.000123477275749 4.04280204963e-75
378.0 0.00348262646382 7.50965158231e-73
376.0 0.00535323335732 1.28559592727e-70
374.0 0.00315650345251 2.02832048642e-68
372.0 0.00137163475033 2.9492803384e-66
370.0 -0.000691882825697 3.95223648702e-64
368.0 -0.000212131494324 4.8810940987e-62
366.0 0.000775031339129 5.5557005102e-60
364.0 0.000491911589332 5.82784324344e-58
362.0 -0.00060315121052 5.63409656505e-56
360.0 -0.00153715711296 5.01981948613e-54
358.0 -0.000817088278344 4.1219175761e-52
356.0 0.000127607528038 3.11930538857e-50
354.0 0.000714757637597 2.17552399137e-48
352.0 0.00181006541281 1.39835438221e-46
350.0 0.00210521492654 8.28357879615e-45
348.0 0.000583187198484 4.52237068202e-43
346.0 0.000802206129151 2.27542065182e-41
344.0 0.000633420441966 1.05512672462e-39
342.0 0.00281975094667 4.50915267261e-38
340.0 0.00518161804381 1.77595781753e-36
338.0 0.00583017411273 6.44640729655e-35
336.0 0.00502114182144 2.15650379245e-33
334.0 0.00427960687663 6.64859838998e-32
332.0 0.00292645166237 1.88911050552e-30
330.0 0.00250474241123 4.94688728999e-29
328.0 0.00258118844235 1.19386180207e-27
326.0 0.00366279772735 2.65536048318e-26
324.0 0.00313161118946 5.44302473436e-25
322.0 0.00287635206997 1.02826372982e-23
320.0 0.00240918274664 1.79026003013e-22
318.0 0.00235902107186 2.87259965052e-21
316.0 0.00481790821681 4.2479703838e-20
314.0 0.00639979101332 5.78942252398e-19
312.0 0.00687115201559 7.27170750848e-18
310.0 0.00612492919323 8.41753530295e-17
308.0 0.00228431328012 8.98009395143e-16
306.0 0.000600656159754 8.82925791735e-15
304.0 0.00110664553256 8.00045921902e-14
302.0 0.00294158128557 6.68117761541e-13
300.0 0.0029557351176 5.14207620075e-12
298.0 0.0022244172061 3.6472991735e-11
296.0 -0.000269690571665 2.38424926542e-10
294.0 0.000136549033802 1.43641296371e-09
292.0 0.000379353051675 7.97543470374e-09
290.0 0.000201155217581 4.08109590477e-08
288.0 0.000612971452689 1.9246272341e-07
286.0 0.000427831909421 8.36495949479e-07
284.0 2.55476049123e-05 3.35064523243e-06
282.0 0.000581659775788 1.23691666525e-05
280.0 -0.0012013962361 4.20823344918e-05
278.0 -0.00187991946763 0.000131949149849
276.0 -0.00158417055907 0.000381294690671
274.0 -0.00189262619339 0.00101545880295
272.0 -0.000375767313092 0.00249236273315
270.0 0.00265097863443 0.00563777290615
268.0 -0.000138914525581 0.0117530692943
266.0 -1.25783610605e-05 0.0225809601564
264.0 -0.000340894767259 0.0399835086123
262.0 -0.000619561212751 0.0652479374351
260.0 0.000315477117641 0.0981296078084
258.0 0.00191532935283 0.136013096452
256.0 0.00269648476899 0.173743586313
254.0 0.00601624639422 0.20454281325
252.0 0.00862383842455 0.221925423469
250.0 0.0083481775389 0.221910207172
248.0 0.00471143475719 0.204500742754
246.0 0.00181264352583 0.173684030911
244.0 8.0495432678e-05 0.135947829795
242.0 -0.00062124943571 0.0980690701813
240.0 0.000451082956841 0.0651987433919
238.0 0.00315379324514 0.0399478842151
236.0 0.00275041116786 0.0225577473761
234.0 0.00334665349575 0.0117393773873
232.0 0.00177100065661 0.00563043292183
230.0 0.00040757134064 0.00248877653135
228.0 -0.00065428386521 0.00101385863873
226.0 -0.0011274243846 0.000380641642215
224.0 -0.00265816540416 0.000131705096242
222.0 -0.00128254280165 4.19987389871e-05
220.0 0.000840881007244 1.23429028582e-05
218.0 0.0022581676788 3.34307223249e-06
216.0 0.00219538125292 8.34490888034e-07
214.0 0.0021117074705 1.91975066498e-07
212.0 0.00295472274287 4.07019713005e-08
210.0 0.00400622568633 7.95304518681e-09
208.0 0.00521516886503 1.432184092e-09
206.0 0.00462446575314 2.37690393821e-10
204.0 0.00437501346063 3.63556408257e-11
202.0 0.00248659032942 5.12482886416e-12
200.0 0.000470615294516 6.65785480495e-13
198.0 -0.00321965995221 7.97143779529e-14
196.0 -0.00248192754364 8.79602373016e-15
194.0 -0.00127606019465 8.94506524131e-16
192.0 0.000483426381187 8.3835512158e-17
190.0 0.00174181967931 7.24135635998e-18
188.0 0.000858466047832 5.76446767584e-19
186.0 -0.00209029418137 4.22907985063e-20
184.0 -0.00379006976219 2.85943317529e-21
182.0 -0.00470446608075 1.78181007312e-22
180.0 -0.00584743293851 1.02327151001e-23
178.0 -0.00379298381793 5.41772845193e-25
176.0 -0.00278403703473 2.86813451222e-26
174.0 -0.00292909808176 2.71339171298e-26
172.0 -0.00178030793566 2.83084217623e-25
170.0 -0.00358892849831 2.93871747639e-24
168.0 -0.00374435553588 2.90421194923e-23
166.0 -0.00421312788936 2.73182210467e-22
164.0 -0.00219273964955 2.4458503527e-21
162.0 -0.00195618788879 2.08430229749e-20
160.0 -0.0020239594562 1.69061567693e-19
158.0 -0.00368116504787 1.30521613942e-18
156.0 -0.00315556588813 9.59120862573e-18
154.0 -0.00239663822705 6.70837912916e-17
152.0 -0.00249856928545 4.46596401501e-16
150.0 0.000233787444563 2.82986813259e-15
148.0 0.000534039470546 1.70675245673e-14
146.0 0.00195061540449 9.79779241086e-14
144.0 0.0021991616859 5.35351827586e-13
142.0 -9.83552077881e-05 2.78422099776e-12
140.0 -0.00222002156452 1.37822929944e-11
138.0 -0.00172582561205 6.49370583116e-11
136.0 -0.00224814521032 2.91217254078e-10
134.0 -0.00219321070165 1.24306819008e-09
132.0 -0.000657727554206 5.05040449107e-09
130.0 0.00111377528511 1.95303816864e-08
128.0 0.00271861012237 7.18867183122e-08
126.0 0.00374678780709 2.51848833911e-07
124.0 0.00371513393823 8.3981686055e-07
122.0 0.0026079603348 2.66552397741e-06
120.0 -0.000250118333583 8.05255975949e-06
118.0 -0.000487472509912 2.31546744007e-05
116.0 -0.000432899012186 6.33719045124e-05
114.0 0.00141033113686 0.000165085222294
112.0 0.00438681000186 0.000409329455245
110.0 0.00403184108196 0.000966031204336
108.0 0.00363453292632 0.00217001467839
106.0 0.00409020690018 0.00463967485831
104.0 0.00584763631593 0.00944203880999
102.0 0.00676864108763 0.0182893122422
100.0 0.00860146411094 0.0337195931993
98.0 0.0083903379484 0.0591725980033
96.0 0.0106244968072 0.0988353506934
94.0 0.0151493487359 0.157129358154
92.0 0.0211268226728 0.237769269941
90.0 0.0285670774178 0.342458122242
88.0 0.0351646977438 0.469475114665
86.0 0.0427348162866 0.612591605491
84.0 0.0508854306595 0.760821654066
82.0 0.0603115310803 0.899389984795
80.0 0.0665981576419 1.01196755452
78.0 0.0694139717096 1.08377340294
76.0 0.0685589450983 1.10474933262
74.0 0.0657842575759 1.07187061727
72.0 0.0632769466717 0.989861294789
70.0 0.0604582563336 0.870080987616
68.0 0.0538385073982 0.727944675394
66.0 0.0430860490195 0.579682817377
64.0 0.0336513360466 0.439375503586
62.0 0.0243434150439 0.316982007629
60.0 0.0170402846014 0.217664068316
58.0 0.011843035726 0.14226308809
56.0 0.00731763581812 0.0885015913831
54.0 0.00582208821094 0.0524038611498
52.0 0.00651487936209 0.0295344476701
50.0 0.0068959564435 0.0158433778019
48.0 0.00436876348318 0.0080894698845
46.0 0.00243805338776 0.00393138616946
44.0 0.000885201585323 0.00181854774347
42.0 5.96132909535e-05 0.000800676474272
40.0 -0.000336053615385 0.000335538831519
38.0 0.00210209427772 0.00013383874833
36.0 0.00425794425213 5.08129377002e-05
34.0 0.0059320922018 1.8362004961e-05
32.0 0.0068953166582 6.31566747172e-06
30.0 0.00627642511657 2.06762497803e-06
28.0 0.00351708389361 6.44284440502e-07
26.0 0.0023486570504 1.9108952257e-07
24.0 0.00108020227277 5.39447849836e-08
22.0 0.00103967325997 1.44949064363e-08
20.0 0.000654725852241 3.70710361782e-09
18.0 0.000176399179596 9.02417259609e-10
16.0 -0.0021255068078 2.09090075643e-10
14.0 -0.00198037334309 4.61118774967e-11
12.0 -0.00112983259742 9.67933564506e-12
10.0 0.000187010307029 1.93388949092e-12
8.0 0.000531140011863 3.67765610103e-13
6.0 0.000190200233647 6.65677590568e-14
4.0 -0.000111206585554 1.14685923825e-14
2.0 0.000178013965627 1.88065726683e-15
0.0 -0.000447963928026 2.93536799351e-16
-2.0 -5.45088580078e-05 4.36082653317e-17
-4.0 0.00167196704808 6.1663536328e-18
-6.0 0.00202987138556 8.29929882641e-19
-8.0 0.00286346159353 1.06318229535e-19
-10.0 0.000303307887089 1.29636539213e-20
-12.0 -0.00254374931547 1.50452871205e-21
-14.0 -0.00383467449156 1.66198419944e-22
-16.0 -0.00402641195468 1.74745765277e-23
-18.0 -0.00259260563813 1.7487985654e-24
-20.0 0.000727416669003 1.66581310965e-25
-22.0 0.000202073557548 1.51031008278e-26
-24.0 -0.00178407420651 1.30334480978e-27
-26.0 -0.00339469571986 1.07054737475e-28
-28.0 -0.00557066038033 8.36962141184e-30
-30.0 -0.00432390942169 6.22815045761e-31
-32.0 -0.00502498206388 4.41129128902e-32
-34.0 -0.00623612402157 2.97389572084e-33
-36.0 -0.00872295956748 1.90826680028e-34
-38.0 -0.00705004431808 1.16548264818e-35
-40.0 -0.00558704680986 6.775258793e-37
-42.0 -0.00183802125902 3.74886087806e-38
-44.0 -0.00114085710819 1.97435897422e-39
-46.0 -0.000761140926844 9.89706155314e-41
-48.0 -0.00311389252767 4.72215005421e-42
-50.0 -0.00289261754903 2.14450298169e-43
-52.0 -0.00238379964642 9.26972572562e-45
-54.0 0.000187504280736 3.81382247034e-46
-56.0 0.000918504554504 1.49350754511e-47
-58.0 0.00288608676688 5.56682703456e-49
-60.0 0.00222265613844 1.9749740484e-50
-62.0 0.00247392518466 6.66911824767e-52
-64.0 0.00148723437339 2.14352622493e-53
-66.0 -0.000719063435781 6.5575640866e-55
-68.0 -0.00441664969792 1.90945595432e-56
-70.0 -0.00474426581173 5.29212513919e-58
-72.0 -0.00433254186636 1.39605948688e-59
-74.0 -0.00224916218811 3.50534769659e-61
-76.0 -0.00133439176083 8.37744604053e-63
-78.0 -0.00230056443866 1.90566051295e-64
-80.0 -0.00326060578981 4.12603388106e-66
-82.0 -0.00334268833478 8.50302397455e-68
-84.0 -0.00125467238162 1.66788989009e-69
-86.0 -0.00048394782579 3.11397203279e-71
-88.0 -0.00168844835265 5.53369728997e-73
-90.0 -0.00428997832916 9.35986204272e-75
-92.0 -0.00464045212432 1.50687370994e-76
-94.0 -0.0047744547402 2.30907278752e-78
-96.0 -0.00377647059176 3.36784231484e-80
-98.0 -0.00520215595468 4.67540497183e-82
-100.0 -0.00403864173931 6.17788867817e-84
-102.0 -0.0024719795118 7.76987945804e-86
-104.0 -8.50065228021e-06 9.30126125402e-88
-106.0 -0.000745800587198 1.0597971902e-89
-108.0 -0.0028458512605 1.14936255294e-91
-110.0 -0.00362320712924 1.18643699976e-93
-112.0 -0.00198669825013 1.16569700179e-95
-114.0 0.00115954157669 1.0901343787e-97
-116.0 0.00162828461232 9.70348527556e-100
-118.0 0.00167482184103 8.22107907325e-102
-120.0 -0.000190925990346 6.62953791279e-104
-122.0 -0.000729766997282 5.08851490142e-106
-124.0 -0.00167053127248 3.71751048125e-108
-126.0 0.000551302083916 2.58503669036e-110
-128.0 0.00101318092591 1.71093921456e-112
-130.0 0.0011079014894 1.07784375098e-114
-132.0 -0.000733181545977 6.4629440291e-117
-134.0 -0.0041419226097 3.68857263886e-119
-136.0 -0.00365731549869 2.00373205035e-121
-138.0 -0.000813756175672 1.0360347163e-123
-140.0 0.00323740085965 5.09873370878e-126
-142.0 0.0044917978116 2.3883815737e-128
-144.0 0.00474015306691 1.0648745608e-130
-146.0 0.00119932578491 4.51904380583e-133
-148.0 0.00116298294637 1.82535781381e-135
-150.0 0.00035499704794 7.01782971772e-138
-152.0 -0.000555853645683 2.5680945077e-140
-154.0 -0.00135763385634 8.94483918106e-143
-156.0 -0.000867096933533 2.96542831809e-145
-158.0 -0.000835222363872 9.35741052498e-148
-160.0 -0.000738806220413 2.81045926277e-150
-162.0 -0.0012181949816 8.03437808497e-153
-164.0 -0.000748867734637 2.18615320766e-155
-166.0 0.00111710160116 5.66190114858e-158
-168.0 0.00117878859913 1.39571687671e-160
-170.0 4.57914618454e-05 3.27480719612e-163
-172.0 9.03941454349e-05 7.31353764336e-166
-174.0 1.02810151435e-05 1.55461418125e-168
-176.0 0.00224856424416 3.14536542034e-171
-178.0 0.0014635994901 6.0572144497e-174
-180.0 -0.000657788693585 1.1102688375e-176
-182.0 -0.0034783978519 1.9370316194e-179
-184.0 -0.0039497249914 3.21661163549e-182
-186.0 -0.00182699209861 5.08409791483e-185
-188.0 0.00106251369325 7.64861044873e-188
-190.0 0.00259613239946 1.09522799884e-190
-192.0 0.00298274380426 1.4927252941e-193
-194.0 0.00231323250505 1.93646033255e-196
-196.0 -0.000717737537078 2.39106111736e-199
-198.0 -0.000210599241152 2.81012803799e-202
-200.0 -0.00156681866509 3.14351037481e-205
-202.0 -5.42636346563e-05 3.34701028455e-208
-204.0 0.00042853102133 3.3919743117e-211
-206.0 0.0023365555437 3.27191054349e-214
-208.0 0.00125533114211 3.00402572055e-217
-210.0 0.00118375707563 2.62518087262e-220
-212.0 0.00152323591498 2.18357530823e-223
-214.0 0.00208110184107 1.72874316886e-226
-216.0 0.000493942356007 1.30270517458e-229
-218.0 -0.00122099565665 9.34361980202e-233
-220.0 -0.0025699959425 6.37877873109e-236
-222.0 -0.00343230072743 4.14489253916e-239
-224.0 -0.00107627395221 2.56355342341e-242
-226.0 -0.00127098646792 1.50912366072e-245
-228.0 -0.00254777225802 8.45591566667e-249
-230.0 -0.00316745827166 4.5097224761e-252
-232.0 -0.00180341059362 2.28924539495e-255
-234.0 -0.000955152731447 1.1060843327e-258
-236.0 -0.000460034272833 5.08671600297e-262
-238.0 -0.00260711088434 2.22658921179e-265
-240.0 -0.00391883517119 9.27675461075e-269
-242.0 -0.00549518201649 3.67879337701e-272
-244.0 -0.0037245554055 1.38857097178e-275
-246.0 -0.00151427476622 4.98866254167e-279
-248.0 0.0012948494117 1.70589984994e-282
-250.0 3.60987555887e-05 5.55234308589e-286
-252.0 -0.00166165884107 1.72009492942e-289
-254.0 -0.00442304244462 5.07203096545e-293
-256.0 -0.00114557361944 1.42352381106e-296
-258.0 -0.00026637792873 3.80277766463e-300
-260.0 -0.000169733645816 9.66919885374e-304
-262.0 -0.0020861909218 2.34009456671e-307
-264.0 -0.00344453387613 5.39050785882e-311
-266.0 -0.0032493111315 1.18189614933e-314
-268.0 -0.00224067584319 2.46650910176e-318
-270.0 -0.00157583673366 4.89124989383e-322
-272.0 -0.000842798862517 0.0
-274.0 0.000617446726998 0.0
-276.0 0.00153490090972 0.0
-278.0 0.00291696892583 0.0
-280.0 0.0018602611649 0.0
-282.0 0.00264098827818 0.0
-284.0 0.000902454592527 0.0
-286.0 -0.000891777545562 0.0
-288.0 -0.000183028959217 0.0
-290.0 0.000120842372061 0.0
-292.0 0.000889362410323 0.0
-294.0 0.000199706199038 0.0
-296.0 -0.00062424671145 0.0
-298.0 0.000862498299482 0.0
-300.0 0.00253007055928 0.0
-302.0 0.0022316995418 0.0
-304.0 0.00220712491796 0.0
-306.0 -5.24958100561e-05 0.0
-308.0 -0.00157538624603 0.0
-310.0 -0.000796135673848 0.0
-312.0 -0.00309338234332 0.0
-314.0 -0.00397191597404 0.0
-316.0 -0.00214513244853 0.0
-318.0 -0.00178546898154 0.0
-320.0 0.00082392715559 0.0
-322.0 0.00159778979956 0.0
-324.0 0.0011330291928 0.0
-326.0 -0.000455118526792 0.0
-328.0 0.00046760738442 0.0
-330.0 -0.00072752298329 0.0
-332.0 0.0018074932443 0.0
-334.0 -0.000801710272127 0.0
-336.0 -0.000591694516071 0.0
-338.0 -0.00071247036829 0.0
-340.0 0.00345944072134 0.0
-342.0 0.00240244892532 0.0
-344.0 0.00257003790012 0.0
-346.0 -0.00025593967358 0.0
-348.0 0.000770002038641 0.0
-350.0 0.00114605033244 0.0
-352.0 0.00189303841395 0.0
-354.0 -0.000283700009557 0.0
-356.0 0.000739989247057 0.0
-358.0 0.00247363017759 0.0
-360.0 0.00479768057084 0.0
-362.0 0.00471006800829 0.0
-364.0 0.00175284552299 0.0
-366.0 -0.000456961079094 0.0
-368.0 -0.000676380952999 0.0
-370.0 0.00104109953989 0.0
-372.0 0.00297422769131 0.0
-374.0 0.00200193761334 0.0
-376.0 0.00120544004818 0.0
-378.0 -0.000353778623984 0.0
-380.0 0.000986469482786 0.0
-382.0 0.00331216323654 0.0
-384.0 0.00619973388157 0.0
-386.0 0.00635481724366 0.0
-388.0 0.00645075489922 0.0
-390.0 0.00358326935082 0.0
-392.0 0.00267973518632 0.0
-394.0 0.00102190851683 0.0
-396.0 -6.63258812054e-05 0.0
-398.0 0.0 0.0
-400.0 0.0 0.0
###
# timestamp: 2455823.72651
# Gaussian 1 [amp, RV +/- err, wid]: [1.07, 97.43 +/- 0.04, 9.00]
# Gaussian 2 [amp, RV +/- err, wid]: [0.53, 51.41 +/- 0.07, 7.00]
# Uncorrected_RV, BF_amp, Gaussian_fit
###
400.0 0.0 3.48700634418e-248
398.0 0.0 6.16573820018e-245
396.0 0.00977153759853 1.03769752836e-241
394.0 0.00812320680311 1.66230167725e-238
392.0 0.00729685092137 2.53455816833e-235
390.0 0.00383472787289 3.67830757375e-232
388.0 0.00174297737252 5.08097641391e-229
386.0 -0.000162984846309 6.68035705296e-226
384.0 0.000712735755351 8.35998562578e-223
382.0 0.001702409878 9.95783085435e-220
380.0 0.00281033047406 1.12895678546e-216
378.0 0.00353982404048 1.21826915987e-213
376.0 0.00285228242517 1.25130316007e-210
374.0 0.00278245724483 1.22330624072e-207
372.0 0.0045591044963 1.1383117012e-204
370.0 0.00487864597682 1.0081857808e-201
368.0 0.00364442083483 8.49910695741e-199
366.0 0.00274446082933 6.81960750919e-196
364.0 0.00132167967968 5.20833397556e-193
362.0 0.00155127685892 3.78609605757e-190
360.0 0.00257437619331 2.61961694316e-187
358.0 0.00103595373417 1.72519150907e-184
356.0 0.000106621236663 1.08140952928e-181
354.0 -0.00045115725593 6.45203079177e-179
352.0 0.000706374990788 3.6640047618e-176
350.0 0.00261678466044 1.98047327539e-173
348.0 0.00500322125131 1.01890877456e-170
346.0 0.00521555667411 4.98947644961e-168
344.0 0.00568848773614 2.32556247354e-165
342.0 0.0034140496619 1.03170231127e-162
340.0 0.00292998380123 4.35646425559e-160
338.0 0.0014405897095 1.75092387851e-157
336.0 0.00132426084315 6.69813250898e-155
334.0 0.000175281152571 2.43889758269e-152
332.0 -0.00123022178939 8.45253057676e-150
330.0 -0.00276226449734 2.78826018097e-147
328.0 -0.00409830972887 8.75453738639e-145
326.0 -0.00509326069818 2.61629352097e-142
324.0 -0.00496419958954 7.44205865527e-140
322.0 -0.00363154024889 2.01489802171e-137
320.0 -0.0013018530561 5.19237931586e-135
318.0 0.00113476120585 1.27360017739e-132
316.0 0.00186819217681 2.97339885237e-130
314.0 0.00180197980352 6.60733896086e-128
312.0 0.000544022731155 1.39750497752e-125
310.0 0.000170317366805 2.81341305739e-123
308.0 0.000739335992092 5.39097096765e-121
306.0 -0.00175424851701 9.8322711354e-119
304.0 -0.00254839080411 1.70684489786e-116
302.0 -0.00271943783885 2.82025013893e-114
300.0 -0.00202325979655 4.43541804707e-112
298.0 0.000131596977225 6.63949194075e-110
296.0 0.00163939728567 9.45994248243e-108
294.0 0.000146271330625 1.28290796811e-105
292.0 0.000577459216391 1.65598297733e-103
290.0 0.00229306064051 2.0345557405e-101
288.0 0.00339351487381 2.37923136318e-99
286.0 0.00409936332417 2.64823864296e-97
284.0 0.00175195340039 2.80563337895e-95
282.0 -0.000512835948649 2.82916371817e-93
280.0 -0.000856517534243 2.71542992063e-91
278.0 -0.000382913354612 2.48068989237e-89
276.0 0.000740999080124 2.15704752645e-87
274.0 0.00135304900586 1.78525521314e-85
272.0 0.00161307037857 1.40635274346e-83
270.0 0.00234971165629 1.054487846e-81
268.0 0.00319692565028 7.52561940856e-80
266.0 0.000934071323284 5.11206400372e-78
264.0 0.000315401191555 3.3052451229e-76
262.0 -0.00118482199347 2.03406310528e-74
260.0 -0.00185444837353 1.19145743235e-72
258.0 -0.00206027762081 6.64272078424e-71
256.0 -0.000240884850364 3.52506252109e-69
254.0 -0.000731707132711 1.780496028e-67
252.0 0.000184347424256 8.55989728064e-66
250.0 0.00178447684526 3.91696288146e-64
248.0 0.00107955498416 1.7060184274e-62
246.0 0.000247158637739 7.07247365817e-61
244.0 -0.00183074095652 2.79069463988e-59
242.0 -0.00399197678514 1.04810949848e-57
240.0 -0.00392885004812 3.7467468795e-56
238.0 -0.00203157960865 1.27483920458e-54
236.0 -0.00171349627022 4.12866671464e-53
234.0 0.000160274994442 1.27267525548e-51
232.0 0.000914738066653 3.73403800086e-50
230.0 0.00197841838526 1.04278127846e-48
228.0 0.00182055646111 2.77179480505e-47
226.0 0.000349291812601 7.01265197797e-46
224.0 0.00151798999678 1.68871692165e-44
222.0 0.00286129068562 3.87065784793e-43
220.0 0.00331655919467 8.4443469679e-42
218.0 0.00151950274012 1.75347959014e-40
216.0 -0.00131665002852 3.46568207184e-39
214.0 -0.00415087563877 6.5197370914e-38
212.0 -0.00418666150388 1.16741375346e-36
210.0 -0.00508213807603 1.98963259332e-35
208.0 -0.00346593189893 3.22756001802e-34
206.0 -0.00197487751013 4.98343876355e-33
204.0 -0.000613826480841 7.32381362686e-32
202.0 -0.000412125852534 1.02446895189e-30
200.0 0.000312886412519 1.36399782192e-29
198.0 -0.000217800073128 1.72854986125e-28
196.0 -3.80047778611e-05 2.08498773843e-27
194.0 0.000385846361568 2.39374816223e-26
192.0 0.000336521502255 2.61581345548e-25
190.0 -0.000406984913038 2.72074875966e-24
188.0 -8.27845042908e-05 2.69354024725e-23
186.0 -0.000870359043432 2.53811828301e-22
184.0 -0.000337405744585 2.27642635369e-21
182.0 0.00234832661977 1.94333964613e-20
180.0 0.00466210530751 1.57905470435e-19
178.0 0.00469193847425 1.22123431761e-18
176.0 0.00298720384216 8.98988596191e-18
174.0 0.000100197134123 6.29887114961e-17
172.0 -0.00263421305875 4.20072861508e-16
170.0 -0.0032576381655 2.66648954253e-15
168.0 -0.00369865286196 1.61104808624e-14
166.0 -0.000693460089851 9.26468122306e-14
164.0 0.000988004428831 5.07114253179e-13
162.0 0.00281519234639 2.64201033708e-12
160.0 0.00186496996447 1.31013656212e-11
158.0 -0.00040152568243 6.18375080416e-11
156.0 -0.00124216895411 2.77805443866e-10
154.0 -7.22278591087e-05 1.18790820725e-09
152.0 0.000860296855807 4.83479843405e-09
150.0 0.00211486930512 1.87295447614e-08
148.0 0.00177139090028 6.90604540411e-08
146.0 0.000322108975304 2.42373422774e-07
144.0 -0.000208262047132 8.09643663889e-07
142.0 -0.000745889619172 2.57428250976e-06
140.0 -0.000460898591747 7.79061691378e-06
138.0 -0.00050848679329 2.24409300354e-05
136.0 -0.000303867950819 6.15266420217e-05
134.0 -0.000383718815825 0.000160560581784
132.0 0.00115157140925 0.000398811811494
130.0 0.00322419794929 0.00094286703114
128.0 0.0052885143845 0.00212171109344
126.0 0.00626853480379 0.00454438798513
124.0 0.00637911014591 0.00926441322147
122.0 0.00289948669511 0.0179768581421
120.0 0.000572068263966 0.0332019066321
118.0 -0.0014217138832 0.0583667639797
116.0 0.000600972621697 0.0976610897113
114.0 0.0051584673022 0.155535981888
112.0 0.0109043993521 0.235772714407
110.0 0.0180935060232 0.340180621811
108.0 0.0270211854049 0.467174314215
106.0 0.0362384163053 0.610663133328
104.0 0.0450570798897 0.759762415416
102.0 0.0505971662846 0.89971978034
100.0 0.0522587702086 1.014121734
98.0 0.0547936575384 1.08799342572
96.0 0.0552055588759 1.11100448277
94.0 0.0545400127534 1.07983826509
92.0 0.0511008280169 0.998975848968
90.0 0.046166868155 0.879639467199
88.0 0.0395302160863 0.737238866493
86.0 0.0339496637904 0.588121889228
84.0 0.0268653559875 0.446571436323
82.0 0.0197348872719 0.322790794892
80.0 0.0139248124414 0.222203718286
78.0 0.00841117020095 0.145961405524
76.0 0.00418266524093 0.0922599033853
74.0 0.00271905700609 0.0579883375288
72.0 0.00339464244888 0.0402973750481
70.0 0.00505056149822 0.0377827349116
68.0 0.00681411813884 0.0510272157676
66.0 0.00655711813619 0.0822449588517
64.0 0.00678269763874 0.133853823446
62.0 0.00929341688739 0.206129875486
60.0 0.0113978440342 0.294683301426
58.0 0.014862093977 0.389042640353
56.0 0.0184250970174 0.473628301442
54.0 0.0215341055503 0.531495321791
52.0 0.0231607654065 0.549706757623
50.0 0.0235969561371 0.523982900324
48.0 0.0207100865594 0.460312540531
46.0 0.0160792240326 0.372680476063
44.0 0.0114467472203 0.278078955807
42.0 0.00689534915706 0.1912260644
40.0 0.00419325011252 0.121191866023
38.0 0.00211036691314 0.0707859817381
36.0 0.00125925521893 0.0381038133412
34.0 0.00121280516805 0.0189032733082
32.0 0.00261807350043 0.00864277040296
30.0 0.00498927063718 0.00364180198345
28.0 0.00513305243863 0.00141425287266
26.0 0.00395397369296 0.000506156945139
24.0 0.00200705126721 0.000166951651825
22.0 0.00110544893726 5.07508861298e-05
20.0 9.48601299124e-05 1.42181773833e-05
18.0 0.000202970526941 3.67106112549e-06
16.0 -0.000414400098828 8.73547837249e-07
14.0 -0.00050040532716 1.91570732143e-07
12.0 -0.000136106670321 3.87185437363e-08
10.0 -0.000286160168586 7.21200898541e-09
8.0 -0.00010481109488 1.23805772132e-09
6.0 5.37205915859e-06 1.95872251827e-10
4.0 0.00157228042509 2.85596136812e-11
2.0 7.23378267591e-05 3.83777164822e-12
0.0 -0.00190202918141 4.75284138519e-13
-2.0 -0.00301045593917 5.42468970112e-14
-4.0 -0.00225131064933 5.70615901855e-15
-6.0 -0.00186215271704 5.53172050505e-16
-8.0 -0.000711607884897 4.94224165363e-17
-10.0 -0.00170859991118 4.06944434819e-18
-12.0 -0.00232272429019 3.08811624426e-19
-14.0 -0.00293358425557 2.15973046942e-20
-16.0 -0.00497912292662 1.39204367075e-21
-18.0 -0.0055711934579 8.26901070116e-23
-20.0 -0.00461749202271 4.52690767343e-24
-22.0 -0.00242919194581 2.28400531138e-25
-24.0 0.000665770655594 1.062037792e-26
-26.0 0.00371136940202 4.55124507512e-28
-28.0 0.00520076164035 1.79749570808e-29
-30.0 0.00432874378922 6.54263799515e-31
-32.0 0.00114121533159 2.19475127482e-32
-34.0 -0.00148484202035 6.78523850157e-34
-36.0 -0.00305608691464 1.93326912323e-35
-38.0 -0.00320220780658 5.07652934541e-37
-40.0 -0.00124033112673 1.22853879851e-38
-42.0 0.000632449148638 2.74004844404e-40
-44.0 0.000675955747607 5.63216014641e-42
-46.0 0.000753182983403 1.06693788977e-43
-48.0 -0.00247533509935 1.86273326679e-45
-50.0 -0.00327340228882 2.99715768478e-47
-52.0 -0.00238316242519 4.44442828954e-49
-54.0 0.000502342228989 6.07392749513e-51
-56.0 0.00178759196782 7.65016307275e-53
-58.0 0.0049021538639 8.88012688711e-55
-60.0 0.0054281623071 9.49981262515e-57
-62.0 0.00360457556304 9.36608935176e-59
-64.0 -0.000613654741836 8.51037982458e-61
-66.0 -0.00460823622589 7.12667542897e-63
-68.0 -0.00741725359995 5.50012307529e-65
-70.0 -0.00838502660326 3.91205749309e-67
-72.0 -0.00779005671935 2.56439811856e-69
-74.0 -0.00684375917507 1.54921997464e-71
-76.0 -0.00431322197625 8.62557771254e-74
-78.0 -0.000600045759319 4.42599483234e-76
-80.0 0.00225440430073 2.09305976837e-78
-82.0 0.0028982128197 9.12224275371e-81
-84.0 0.00230762484152 3.66416314778e-83
-86.0 -0.000649186986488 1.35648123998e-85
-88.0 -0.00320035590696 4.62871655683e-88
-90.0 -0.00537118964052 1.45632749681e-90
-92.0 -0.00400418077563 4.22976639024e-93
-94.0 -0.00417405475765 1.13884642218e-95
-96.0 -0.00304499697763 2.8865939709e-98
-98.0 -0.00465179901526 7.26616406855e-101
-100.0 -0.00442572523382 2.10616595908e-103
-102.0 -0.00355993146364 8.62274029069e-106
-104.0 -0.00137866168434 4.90740374181e-108
-106.0 -0.00193002453143 3.17890672126e-110
-108.0 -0.00311416241414 2.07003048459e-112
-110.0 -0.00374745191097 1.30089954434e-114
-112.0 -0.00235286876911 7.80687992963e-117
-114.0 0.00190040738824 4.46254429253e-119
-116.0 0.00339746761447 2.42834267079e-121
-118.0 0.00538489875912 1.25778165727e-123
-120.0 0.00333197134741 6.20093024806e-126
-122.0 0.0009008848552 2.90979486501e-128
-124.0 -0.00115458045223 1.29963491164e-130
-126.0 -0.00266178908467 5.5250185988e-133
-128.0 -0.00599457035586 2.2356277002e-135
-130.0 -0.00581277216276 8.61030586632e-138
-132.0 -0.00700944724076 3.15639273839e-140
-134.0 -0.00642567037659 1.10132843106e-142
-136.0 -0.00405387543407 3.65759845211e-145
-138.0 -0.00427268321443 1.15618826736e-147
-140.0 -0.00384637091418 3.47867975683e-150
-142.0 -0.00224156162925 9.96216431894e-153
-144.0 -0.00154310998436 2.71547813775e-155
-146.0 -0.00116394832735 7.04518301461e-158
-148.0 0.000949432802876 1.73976907573e-160
-150.0 -0.000200414830585 4.08925594361e-163
-152.0 -0.000101985439625 9.14850940891e-166
-154.0 -0.00103306292254 1.9480932586e-168
-156.0 -0.0021686865479 3.94841239681e-171
-158.0 -0.00313184131258 7.61708196683e-174
-160.0 -0.00228505698773 1.39864697438e-176
-162.0 -0.00366073735721 2.44444882838e-179
-164.0 -0.00370277383559 4.0663724025e-182
-166.0 -0.00437605287506 6.43852975619e-185
-168.0 -0.00350506341839 9.70330369065e-188
-170.0 -0.00139824697711 1.3918931571e-190
-172.0 0.00247580137293 1.90040224331e-193
-174.0 0.00475504438479 2.46966773534e-196
-176.0 0.00619918657096 3.0548147612e-199
-178.0 0.00486977237297 3.59653749171e-202
-180.0 0.00230367280004 4.03030266992e-205
-182.0 -0.000340054208132 4.29876883325e-208
-184.0 -0.00241557318339 4.3641923098e-211
-186.0 -0.00358211755233 4.21713036626e-214
-188.0 -0.00189398660504 3.87867626695e-217
-190.0 0.000228976505278 3.39549736462e-220
-192.0 0.00249107802003 2.82928450811e-223
-194.0 0.00313648715464 2.24389847984e-226
-196.0 0.00427208825917 1.69388197274e-229
-198.0 0.00330876033537 1.21707249181e-232
-200.0 0.0036960279564 8.32344484728e-236
-202.0 0.00245148811261 5.41805144766e-239
-204.0 0.00214876875619 3.35688529759e-242
-206.0 0.0012446584958 1.97962640628e-245
-208.0 0.00172617178183 1.11117723022e-248
-210.0 0.00194016581015 5.93658632791e-252
-212.0 0.00312670936733 3.01886436227e-255
-214.0 0.00270651818828 1.46118017964e-258
-216.0 0.00317974605922 6.73158452558e-262
-218.0 0.00291644503103 2.95178140946e-265
-220.0 0.00209004805106 1.23198222505e-268
-222.0 0.00120354187802 4.89415871888e-272
-224.0 -0.00089865899958 1.85056786361e-275
-226.0 -0.00301651379535 6.66017041271e-279
-228.0 -0.0029016798876 2.28149239741e-282
-230.0 -0.00225152241102 7.43885458548e-286
-232.0 -0.000748086486579 2.30858819965e-289
-234.0 -0.000647428025384 6.81930684418e-293
-236.0 0.000364861975919 1.91728799349e-296
-238.0 0.000893050711472 5.13083243604e-300
-240.0 0.00120326129897 1.3068979282e-303
-242.0 0.00161370803172 3.1684646511e-307
-244.0 0.00327130114256 7.31154945719e-311
-246.0 0.00416109238875 1.60591789167e-314
-248.0 0.0058546496888 3.3572995799e-318
-250.0 0.00506393485759 6.71929278344e-322
-252.0 0.00168355119036 0.0
-254.0 0.000213263542749 0.0
-256.0 -0.000943158431184 0.0
-258.0 -0.000559694612986 0.0
-260.0 0.00108533480218 0.0
-262.0 0.0026927505235 0.0
-264.0 0.00276034458242 0.0
-266.0 0.00117454480038 0.0
-268.0 0.0003964852503 0.0
-270.0 0.000568105172986 0.0
-272.0 0.00253277834528 0.0
-274.0 0.00500083863562 0.0
-276.0 0.00459887172027 0.0
-278.0 0.00308619949815 0.0
-280.0 0.00317195479168 0.0
-282.0 0.00444223319141 0.0
-284.0 0.00417119751811 0.0
-286.0 0.00440794152408 0.0
-288.0 0.00347320924113 0.0
-290.0 0.00247700449121 0.0
-292.0 0.00186681077092 0.0
-294.0 0.00131693137523 0.0
-296.0 0.00204401108987 0.0
-298.0 0.00144719069185 0.0
-300.0 0.00295078759446 0.0
-302.0 0.00210195251465 0.0
-304.0 0.000972289111 0.0
-306.0 0.000708891199539 0.0
-308.0 0.00165446083148 0.0
-310.0 -5.0098969943e-05 0.0
-312.0 0.000403389398086 0.0
-314.0 -0.00120696633853 0.0
-316.0 -0.00263759062736 0.0
-318.0 -0.00278326192444 0.0
-320.0 -0.00135340396269 0.0
-322.0 0.000761373786936 0.0
-324.0 0.00328856190946 0.0
-326.0 0.00249352046669 0.0
-328.0 0.000462782307193 0.0
-330.0 -0.00217104578111 0.0
-332.0 -0.00220075739292 0.0
-334.0 0.00059962608665 0.0
-336.0 0.00223011264 0.0
-338.0 0.00291701665048 0.0
-340.0 0.00343575652375 0.0
-342.0 0.00130629492604 0.0
-344.0 0.000854608930527 0.0
-346.0 0.000781408110779 0.0
-348.0 0.00138625368336 0.0
-350.0 0.000978261566125 0.0
-352.0 0.00164109007854 0.0
-354.0 -0.000539098556931 0.0
-356.0 -0.00209269759047 0.0
-358.0 -0.000865614975959 0.0
-360.0 0.000333742048677 0.0
-362.0 0.000630896437536 0.0
-364.0 0.00127317235912 0.0
-366.0 0.00191642044432 0.0
-368.0 0.00119326079397 0.0
-370.0 0.00196740494455 0.0
-372.0 0.00110530445831 0.0
-374.0 -0.000835310985415 0.0
-376.0 -0.00137909625947 0.0
-378.0 -0.0015561815097 0.0
-380.0 -0.00194982383675 0.0
-382.0 -0.00135330509766 0.0
-384.0 0.000100213319603 0.0
-386.0 -0.000440399348217 0.0
-388.0 0.000423696422484 0.0
-390.0 -5.93654957252e-06 0.0
-392.0 0.000350991097433 0.0
-394.0 0.000402305757449 0.0
-396.0 7.90973601445e-05 0.0
-398.0 0.0 0.0
-400.0 0.0 0.0
###
# timestamp: 2455840.66111
# Gaussian 1 [amp, RV +/- err, wid]: [1.07, 97.43 +/- 0.04, 9.00]
# Gaussian 2 [amp, RV +/- err, wid]: [0.53, 51.41 +/- 0.07, 7.00]
# Uncorrected_RV, BF_amp, Gaussian_fit
###
400.0 0.0 1.548055331e-252
398.0 0.0 2.92158818477e-249
396.0 0.00435387607527 5.24813355735e-246
394.0 0.00529642819247 8.97313324408e-243
392.0 0.00585774890799 1.46028193867e-239
390.0 0.00394073468525 2.26194827567e-236
388.0 0.00279597778481 3.33489361662e-233
386.0 0.00269605284832 4.67987936431e-230
384.0 0.00186313946185 6.25087322281e-227
382.0 0.00147126149668 7.94694271448e-224
380.0 0.000487797773296 9.61640693361e-221
378.0 0.00176193382375 1.10758978656e-217
376.0 0.001171707472 1.21422287577e-214
374.0 0.00148763141134 1.26698431343e-211
372.0 0.00197875597101 1.2583383251e-208
370.0 0.00205913950495 1.18953429947e-205
368.0 0.00321450207382 1.07031071487e-202
366.0 0.00298214751086 9.16634367099e-200
364.0 0.00329280376214 7.47198098355e-197
362.0 0.0028525263921 5.79733956279e-194
360.0 0.00310349262765 4.28129425776e-191
358.0 0.00198086540774 3.00936438536e-188
356.0 0.00340268786904 2.01338966263e-185
354.0 0.003789831751 1.28213646164e-182
352.0 0.00414957696849 7.77130629258e-180
350.0 0.00165265181153 4.48339662478e-177
348.0 0.000834563341054 2.46191839732e-174
346.0 0.00138202292214 1.28674801165e-171
344.0 0.00318601282356 6.40127841782e-169
342.0 0.00453413348563 3.03105130007e-166
340.0 0.00418485464935 1.36607082309e-163
338.0 0.00500127535767 5.8601199205e-161
336.0 0.0058885188643 2.39272699919e-158
334.0 0.00491882558584 9.29893379601e-156
332.0 0.00169743068993 3.43974715631e-153
330.0 -0.000194314148927 1.21108114772e-150
328.0 -0.00111032173185 4.05857266592e-148
326.0 -0.000566284278393 1.29457366295e-145
324.0 0.000254996070494 3.93037118904e-143
322.0 -0.000405890521806 1.13577871811e-140
320.0 -0.000671129441014 3.1239728065e-138
318.0 0.000609348382031 8.17850873285e-136
316.0 0.000656379609568 2.03795390894e-133
314.0 0.000232562378056 4.83356933201e-131
312.0 0.000963483161646 1.09117625344e-128
310.0 0.000278838489869 2.34463486541e-126
308.0 8.26728471298e-05 4.79522390172e-124
306.0 -0.000400923366137 9.33460447555e-122
304.0 -0.00139283997324 1.72956269823e-119
302.0 -0.000855443041997 3.05021223313e-117
300.0 0.00133172428713 5.12008493944e-115
298.0 0.00304693870947 8.18045823845e-113
296.0 0.00229987452543 1.24403172841e-110
294.0 0.000611379972539 1.80068870715e-108
292.0 -0.00136664335303 2.48084244592e-106
290.0 -0.0015690873415 3.2532173939e-104
288.0 -0.0014418352529 4.06050777497e-102
286.0 0.00144267148995 4.82392965486e-100
284.0 0.000954437658722 5.45475117656e-98
282.0 0.000467111358772 5.87086754413e-96
280.0 0.000219198773779 6.01427079573e-94
278.0 -0.000731186666729 5.86431153797e-92
276.0 -0.00129478616939 5.44257532191e-90
274.0 0.000300890842899 4.80778702739e-88
272.0 0.000783409095736 4.04240063431e-86
270.0 0.00265258881994 3.23509355443e-84
268.0 0.00335985137527 2.46426662007e-82
266.0 0.00286284411106 1.78665995342e-80
264.0 0.00131293075978 1.23296137286e-78
262.0 0.00119870143852 8.09860836229e-77
260.0 0.00163913906867 5.06319534259e-75
258.0 0.00278225098224 3.01295279647e-73
256.0 0.00261899886988 1.70652765708e-71
254.0 0.00207774955599 9.19999716414e-70
252.0 0.00130196057409 4.72079796855e-68
250.0 0.00281479066558 2.3056665285e-66
248.0 0.00501207632594 1.07184240283e-64
246.0 0.00601825794715 4.74262440788e-63
244.0 0.00513797143124 1.9973762843e-61
242.0 0.004264713662 8.00671564252e-60
240.0 0.00189204784363 3.05493714879e-58
238.0 0.00140331246912 1.10943921669e-56
236.0 0.000685151487409 3.83493587122e-55
234.0 0.000878918503122 1.26172891968e-53
232.0 0.00141807480567 3.95118503201e-52
230.0 0.00236934541504 1.17771996483e-50
228.0 0.00285527776466 3.34125841553e-49
226.0 0.00218377238461 9.0225947782e-48
224.0 0.00223753673256 2.31902910316e-46
222.0 0.0015685726899 5.67328111893e-45
220.0 0.00228069721217 1.32103939183e-43
218.0 0.000744865616244 2.92786191727e-42
216.0 0.000814511572034 6.1764477614e-41
214.0 -0.00209967503061 1.24016740683e-39
212.0 -0.00417355226522 2.37014662104e-38
210.0 -0.0050055242497 4.3114511675e-37
208.0 -0.00371625966403 7.46491881701e-36
206.0 -0.00297467702976 1.23021230143e-34
204.0 -0.00163619833605 1.9296937966e-33
202.0 -0.0014828474369 2.88104535308e-32
200.0 -0.000510614638579 4.09416317869e-31
198.0 0.000695218476144 5.5377527338e-30
196.0 0.000229863083656 7.12943856714e-29
194.0 -4.3809515267e-05 8.73635877899e-28
192.0 -0.00102329731708 1.01896425624e-26
190.0 -0.000318763714071 1.13120364956e-25
188.0 0.000754063792771 1.195297481e-24
186.0 0.000949001399015 1.20216635672e-23
184.0 0.000511256508186 1.15081759785e-22
182.0 0.00158544286991 1.04858050163e-21
180.0 8.87348356677e-05 9.09390514785e-21
178.0 -0.000255287063243 7.50675810108e-20
176.0 -9.3009250326e-06 5.89804092232e-19
174.0 0.00103399501825 4.41079121151e-18
172.0 0.00246510779263 3.13963078326e-17
170.0 0.00354594957078 2.12712991569e-16
168.0 0.00215919660797 1.37171160012e-15
166.0 0.00147975336124 8.41947411547e-15
164.0 0.000147352282091 4.91881489831e-14
162.0 0.00051516707024 2.73520166635e-13
160.0 0.000970311670646 1.44767669764e-12
158.0 0.00106023652989 7.29301613372e-12
156.0 0.00129494897312 3.49700395649e-11
154.0 -0.000313240350877 1.59602037731e-10
152.0 -0.000251053654342 6.9332059192e-10
150.0 0.000938432628809 2.8667058008e-09
148.0 0.00222524707225 1.12819847995e-08
146.0 0.000888112689809 4.22611444927e-08
144.0 0.00265611845368 1.50678176953e-07
142.0 0.00138826888753 5.11343593132e-07
140.0 0.00152991151038 1.65169038083e-06
138.0 0.000914946821198 5.07805989662e-06
136.0 0.00138780427715 1.4860052976e-05
134.0 0.000438957195485 4.13900789818e-05
132.0 0.00231228906016 0.000109730033429
130.0 0.00333215549238 0.000276890545433
128.0 0.0046783083051 0.000665034385486
126.0 0.00536658294153 0.00152031448783
124.0 0.00607329384642 0.00330808093333
122.0 0.00465439929893 0.00685128726292
120.0 0.0045620513592 0.0135058395824
118.0 0.00645586269581 0.0253410354134
116.0 0.00982664883852 0.0452564499422
114.0 0.00966504751172 0.0769289792911
112.0 0.0109413642285 0.124466596976
110.0 0.0116722327061 0.191676566029
108.0 0.0140953086039 0.28095617624
106.0 0.018412265561 0.391977831484
104.0 0.0276772500023 0.520520439037
102.0 0.0375919957987 0.657911425735
100.0 0.0496777096175 0.791499114123
98.0 0.058470932941 0.906330959161
96.0 0.0641953278847 0.987817321992
94.0 0.0654002492812 1.02475526711
92.0 0.0652693754307 1.01185532035
90.0 0.0617707005628 0.950988899357
88.0 0.0524762493859 0.850758593136
86.0 0.0427373528625 0.724545759438
84.0 0.0334130908695 0.587685990871
82.0 0.0255507190857 0.454664545093
80.0 0.0194544238179 0.337127656898
78.0 0.0154142199259 0.243126495102
76.0 0.0114950306178 0.177498339743
74.0 0.0110318776859 0.142826325064
72.0 0.0108737299991 0.140178493382
70.0 0.0124704932029 0.168949831539
68.0 0.0144569051733 0.225665884016
66.0 0.0156709399051 0.302398978646
64.0 0.0187414167609 0.386079913004
62.0 0.0211100941892 0.459933815103
60.0 0.0241355239922 0.507294520144
58.0 0.0255675523917 0.516571271729
56.0 0.0254501485026 0.485112521838
54.0 0.0211835762819 0.419971716585
52.0 0.0181681830964 0.335114769404
50.0 0.0119947263097 0.246453555284
48.0 0.00881487478476 0.167044812812
46.0 0.00512545423518 0.104347569065
44.0 0.00415181366254 0.0600732238864
42.0 0.00212775824703 0.0318733582173
40.0 0.00217693152965 0.0155855644006
38.0 0.0023047027026 0.00702368221209
36.0 0.00399312090347 0.00291712256269
34.0 0.0043884130445 0.00111658541046
32.0 0.00495837108864 0.000393891531669
30.0 0.0034912703001 0.000128058599162
28.0 0.00248652577939 3.83696863836e-05
26.0 0.000999548317149 1.05953461035e-05
24.0 0.000642005354528 2.69643179273e-06
22.0 0.000113342212642 6.32428047338e-07
20.0 0.000638658633152 1.3670367686e-07
18.0 0.000338875638639 2.72330735922e-08
16.0 0.000737505423629 4.99989073334e-09
14.0 0.00104974781887 8.46002715278e-10
12.0 0.0012154239287 1.31925998523e-10
10.0 0.000652372942397 1.89599161548e-11
8.0 0.000339226928815 2.51124927497e-12
6.0 -0.000315774871483 3.06542451095e-13
4.0 -0.000595984026559 3.44856817769e-14
2.0 0.000197012736524 3.57548035654e-15
0.0 -0.00117169897971 3.41646806709e-16
-2.0 -0.00179234684928 3.00862267753e-17
-4.0 -0.00282470424142 2.44177404465e-18
-6.0 -0.00426353268751 1.82637776337e-19
-8.0 -0.0054085335302 1.2589924868e-20
-10.0 -0.0039861200373 7.99839882902e-22
-12.0 -0.00475324634814 4.68306691617e-23
-14.0 -0.00370505554469 2.52699895179e-24
-16.0 -0.00373243962889 1.25668708445e-25
-18.0 -0.00369586612483 5.75965717907e-27
-20.0 -0.00184715443168 2.43283980431e-28
-22.0 -0.000827732349888 9.47060646809e-30
-24.0 -0.0005755341785 3.3977347827e-31
-26.0 -0.00180843059768 1.12343663744e-32
-28.0 -0.00304347660019 3.42338022826e-34
-30.0 -0.00402297856689 9.61411235566e-36
-32.0 -0.00274883063566 2.48834647692e-37
-34.0 -0.00160683880586 5.93554117952e-39
-36.0 -0.000209774274264 1.30484235864e-40
-38.0 0.00156039853745 2.6436561778e-42
-40.0 0.00130322494562 4.93631877203e-44
-42.0 4.71037096768e-05 8.49488488873e-46
-44.0 -0.00200492919655 1.34734573787e-47
-46.0 -0.00247597701369 1.96967589825e-49
-48.0 -0.00166355365726 2.6544300749e-51
-50.0 0.000521671803625 3.29896953277e-53
-52.0 0.00252364487487 3.78494632214e-55
-54.0 0.0027547485285 4.01980063841e-57
-56.0 0.00206890459862 3.98147311002e-59
-58.0 0.00222473173109 3.75203379479e-61
-60.0 0.00209280032646 3.53595798176e-63
-62.0 0.00227111103456 3.67418632258e-65
-64.0 0.00124292355369 4.67494991857e-67
-66.0 0.000739809704356 7.27760385342e-69
-68.0 -0.0017704386123 1.25450290552e-70
-70.0 0.000115330499556 2.19501075463e-72
-72.0 -5.20353373049e-05 3.73934569997e-74
-74.0 0.00117113683398 6.10756725301e-76
-76.0 0.00102119146634 9.51604315684e-78
-78.0 0.00202479352889 1.41214545821e-79
-80.0 0.000318600823196 1.99496529963e-81
-82.0 0.000198431947448 2.68266431577e-83
-84.0 -0.00168041774828 3.43365306907e-85
-86.0 -0.00130575154627 4.18312956943e-87
-88.0 -0.000671691819568 4.85065003058e-89
-90.0 0.000293403737919 5.35367511158e-91
-92.0 0.000349870511263 5.62415734085e-93
-94.0 -2.90817314338e-05 5.62362398931e-95
-96.0 -0.00212515103347 5.35215210946e-97
-98.0 -0.00236053155062 4.84835017668e-99
-100.0 -0.00253833733553 4.18035217431e-101
-102.0 -0.000743598547289 3.43071878344e-103
-104.0 0.00142506590103 2.67985150095e-105
-106.0 0.0019925067036 1.99246039145e-107
-108.0 0.000976900365415 1.41000944984e-109
-110.0 0.00200130906658 9.49746515343e-112
-112.0 0.00258863329588 6.08901092393e-114
-114.0 0.00240819343347 3.71568728682e-116
-116.0 0.000791520372218 2.15816636e-118
-118.0 0.000726422195546 1.19311976426e-120
-120.0 0.000114537104812 6.27821985458e-123
-122.0 0.00190325541091 3.1444330984e-125
-124.0 0.00259097046436 1.49899973802e-127
-126.0 0.00143271038072 6.80164739368e-130
-128.0 -0.000760652830668 2.93751457113e-132
-130.0 0.000588713238445 1.20753382312e-134
-132.0 -0.000270715222821 4.72467497935e-137
-134.0 -0.000251983322624 1.75953508203e-139
-136.0 -0.00129023127496 6.23702208336e-142
-138.0 -0.000590705273018 2.10431132318e-144
-140.0 -0.000830325531923 6.75765570793e-147
-142.0 -0.00132871246869 2.06554894088e-149
-144.0 -0.00374024999906 6.0093607581e-152
-146.0 -0.0052530922187 1.66408084945e-154
-148.0 -0.00317533616296 4.38605352864e-157
-150.0 8.99877609286e-05 1.1003397228e-159
-152.0 0.0019583293432 2.6274412521e-162
-154.0 0.000330025008792 5.97162594094e-165
-156.0 0.00168713541764 1.29183050771e-167
-158.0 0.00128505351727 2.65993997368e-170
-160.0 0.00163897278632 5.2130452485e-173
-162.0 0.000133582920667 9.72443800419e-176
-164.0 -0.00102884235343 1.72659662723e-178
-166.0 -0.00118485523141 2.91790147417e-181
-168.0 -0.000796857709863 4.69357451984e-184
-170.0 -0.00132888561028 7.18604893972e-187
-172.0 -0.00230799055001 1.04720084155e-189
-174.0 -0.00162168598247 1.45252345309e-192
-176.0 -0.00277387187084 1.91765149441e-195
-178.0 -0.00355306505463 2.40973658895e-198
-180.0 -0.0063986872024 2.88219141063e-201
-182.0 -0.00743874753291 3.28117524348e-204
-184.0 -0.00853827138596 3.55540756053e-207
-186.0 -0.00868501685176 3.66693081424e-210
-188.0 -0.00756889778185 3.59972562227e-213
-190.0 -0.0062368213797 3.3634845842e-216
-192.0 -0.0039193638831 2.99131977952e-219
-194.0 -0.00250101821052 2.53215101338e-222
-196.0 -0.00208116877978 2.04018580579e-225
-198.0 -0.0027011781456 1.56459954502e-228
-200.0 -0.00325220961466 1.14206293356e-231
-202.0 -0.00459957393474 7.93469489973e-235
-204.0 -0.00321017086444 5.24715371279e-238
-206.0 -0.00266115463542 3.30271196958e-241
-208.0 -0.00112852020039 1.97865908242e-244
-210.0 -0.000783223599733 1.12830004199e-247
-212.0 -0.000230468618222 6.12394941425e-251
-214.0 0.000299376086041 3.1636755918e-254
-216.0 0.00183264512533 1.55562764382e-257
-218.0 0.000707087416734 7.28069300483e-261
-220.0 -0.000372713004405 3.24334498038e-264
-222.0 -0.00217803901098 1.37520337668e-267
-224.0 -0.00327990726698 5.55001393929e-271
-226.0 -0.00477961475724 2.13193802971e-274
-228.0 -0.00487396002615 7.79486213397e-278
-230.0 -0.00344266728137 2.71266184538e-281
-232.0 -0.00283518903763 8.98537565268e-285
-234.0 -0.00149139326334 2.83289303639e-288
-236.0 -0.00181803588249 8.50114598675e-292
-238.0 -0.00103487116841 2.42816464021e-295
-240.0 0.000446397286277 6.60134067072e-299
-242.0 0.0014278146067 1.7082031554e-302
-244.0 0.000409500195797 4.20726873271e-306
-246.0 0.00134940142399 9.86312062931e-310
-248.0 0.000518004561019 2.20080617326e-313
-250.0 0.000313176825492 4.674149544e-317
-252.0 0.000595809097776 9.45147580494e-321
-254.0 -0.000377571234959 0.0
-256.0 7.04663736229e-05 0.0
-258.0 0.00115777308667 0.0
-260.0 0.000272305476245 0.0
-262.0 -0.000347823128416 0.0
-264.0 -0.00121415931078 0.0
-266.0 -0.00293432456691 0.0
-268.0 -0.00346139213538 0.0
-270.0 -0.00216729097645 0.0
-272.0 -0.00102531266645 0.0
-274.0 -0.000866700226685 0.0
-276.0 -0.0020537174007 0.0
-278.0 -0.00319252107015 0.0
-280.0 -0.00289663393803 0.0
-282.0 -0.00304649989766 0.0
-284.0 -0.00217110878018 0.0
-286.0 -0.00235592897258 0.0
-288.0 -0.00086170551007 0.0
-290.0 -0.00175907224417 0.0
-292.0 -0.0012976398355 0.0
-294.0 -0.00191366937697 0.0
-296.0 -0.000369398997178 0.0
-298.0 -0.000143127850114 0.0
-300.0 0.000293676104619 0.0
-302.0 -0.0022432191804 0.0
-304.0 -0.00230263219479 0.0
-306.0 -0.00240728712797 0.0
-308.0 -0.00306905559478 0.0
-310.0 -0.00330748258324 0.0
-312.0 -0.00187200607837 0.0
-314.0 -0.00115031998956 0.0
-316.0 -0.000289566011788 0.0
-318.0 0.00046015448586 0.0
-320.0 0.000319057431378 0.0
-322.0 0.00187158996551 0.0
-324.0 0.00243401095006 0.0
-326.0 0.00118311842732 0.0
-328.0 0.000655250059631 0.0
-330.0 0.000480961068291 0.0
-332.0 0.000633209191301 0.0
-334.0 0.00118621446083 0.0
-336.0 0.00228146133722 0.0
-338.0 0.00230036991585 0.0
-340.0 0.00335179403633 0.0
-342.0 0.00354619595362 0.0
-344.0 0.00201470474588 0.0
-346.0 -0.000131607192902 0.0
-348.0 -0.00204943144788 0.0
-350.0 -0.0042120676371 0.0
-352.0 -0.0041179199846 0.0
-354.0 -0.00142177002124 0.0
-356.0 -0.00122803388287 0.0
-358.0 -0.00158956975691 0.0
-360.0 -0.00263818943429 0.0
-362.0 -0.00215226271002 0.0
-364.0 -0.000507897366232 0.0
-366.0 0.000868385054853 0.0
-368.0 -0.000445415595069 0.0
-370.0 -0.00180429016136 0.0
-372.0 -0.00182658487123 0.0
-374.0 -0.000599828445036 0.0
-376.0 0.000743618262347 0.0
-378.0 0.001845809263 0.0
-380.0 0.00103192633246 0.0
-382.0 -0.00061644219257 0.0
-384.0 -0.00167382869543 0.0
-386.0 -0.00275005937614 0.0
-388.0 -0.00303800869299 0.0
-390.0 -0.00226569362134 0.0
-392.0 -0.0025225406581 0.0
-394.0 -0.00172397348917 0.0
-396.0 -0.00163913975196 0.0
-398.0 0.0 0.0
-400.0 0.0 0.0
###
# timestamp: 2455849.57831
# Gaussian 1 [amp, RV +/- err, wid]: [1.07, 97.43 +/- 0.04, 9.00]
# Gaussian 2 [amp, RV +/- err, wid]: [0.53, 51.41 +/- 0.07, 7.00]
# Uncorrected_RV, BF_amp, Gaussian_fit
###
400.0 0.0 4.61149939976e-267
398.0 0.0 1.07887615438e-263
396.0 -0.00165413702279 2.4024501838e-260
394.0 -0.00137028758398 5.09202522942e-257
392.0 0.000343402608555 1.02725925195e-253
390.0 -0.00147218270679 1.97252690179e-250
388.0 -0.000757686092997 3.60511536938e-247
386.0 -0.00135302279172 6.27146147461e-244
384.0 -0.000628242946887 1.03841680792e-240
382.0 0.000296104429155 1.63654525124e-237
380.0 -0.000761762839299 2.45492193499e-234
378.0 -0.00167718700081 3.50510242597e-231
376.0 -0.00097361490948 4.76340051615e-228
374.0 0.00067865389345 6.16150555367e-225
372.0 0.00102563957324 7.58594951414e-222
370.0 0.00122138919288 8.88968578757e-219
368.0 -0.000492877389926 9.91553683952e-216
366.0 -0.000877593879572 1.0526873715e-212
364.0 0.000708056511732 1.06374113173e-209
362.0 0.00149407762427 1.02311829552e-206
360.0 -2.41117011064e-06 9.3663225189e-204
358.0 -0.00148356456157 8.16141993319e-201
356.0 -0.00372932914877 6.76886261573e-198
354.0 -0.0030879168958 5.34341657878e-195
352.0 -0.00138582677599 4.0149091882e-192
350.0 -0.000221216220779 2.87134765232e-189
348.0 -0.00149901412096 1.95456082176e-186
346.0 -0.001588392554 1.26638558685e-183
344.0 -0.00125504905224 7.8097312245e-181
342.0 0.00131194173529 4.58415797282e-178
340.0 0.00291023651661 2.56115829763e-175
338.0 0.00441495625612 1.36196713257e-172
336.0 0.00442808428611 6.89366526354e-170
334.0 0.0036649377692 3.32113947561e-167
332.0 0.001755841329 1.52292107569e-164
330.0 -0.000580353722564 6.64692897201e-162
328.0 -0.00105612825159 2.76132826268e-159
326.0 -0.00110498570975 1.09186362259e-156
324.0 0.000204977134492 4.109340371e-154
322.0 0.00203131690524 1.47207247243e-151
320.0 0.00188444260857 5.01925924045e-149
318.0 0.00179335254557 1.62893375083e-146
316.0 -0.0010356468268 5.03176761128e-144
314.0 -0.00122986780341 1.47941864486e-141
312.0 -0.0032113923832 4.1401393511e-139
310.0 -0.00222696808263 1.10278840039e-136
308.0 -0.00433645101387 2.7959073678e-134
306.0 -0.00164116889535 6.7469381144e-132
304.0 -0.000956172822509 1.54968715639e-129
302.0 0.00246969189246 3.38793211468e-127
300.0 0.000535652640263 7.04983129802e-125
298.0 -0.00175071773042 1.39629154508e-122
296.0 -0.00254300551682 2.63224828229e-120
294.0 -0.00239734866693 4.72314145459e-118
292.0 -0.000639853706312 8.06656082873e-116
290.0 -0.000407817458288 1.31129145925e-113
288.0 0.00123773145642 2.028912935e-111
286.0 0.00229336901372 2.98800244294e-109
284.0 0.00465792737558 4.18843562084e-107
282.0 0.002973932581 5.58825350971e-105
280.0 0.0018585564614 7.09665534052e-103
278.0 -0.000285682895502 8.57797322978e-101
276.0 -0.00130350634959 9.86890613723e-99
274.0 -0.00200041538008 1.08070387636e-96
272.0 0.000465635670441 1.12641327209e-94
270.0 0.000398721029715 1.11748619721e-92
268.0 0.00067948163422 1.05521251929e-90
266.0 -0.000222563739317 9.48398943728e-89
264.0 -0.00293892587238 8.11326286333e-87
262.0 -0.00379247701315 6.60622545885e-85
260.0 -0.00126618410569 5.11993673424e-83
258.0 -0.000921301211734 3.77684495428e-81
256.0 0.000402201728591 2.65183853813e-79
254.0 0.000847996482287 1.77222295585e-77
252.0 -0.000917499975784 1.1273090581e-75
250.0 -0.00144245555816 6.82528820205e-74
248.0 -0.000590579709903 3.93325724404e-72
246.0 -0.00107747539974 2.15743175536e-70
244.0 0.000165118125349 1.12635461139e-68
242.0 0.000571977990776 5.59714521914e-67
240.0 0.000598246207401 2.64735003148e-65
238.0 0.00118608171957 1.19181684296e-63
236.0 0.0029287828372 5.10694321523e-62
234.0 0.00523266363699 2.08288790484e-60
232.0 0.00537994028093 8.08582106057e-59
230.0 0.00600682489043 2.98769123608e-57
228.0 0.00380328050366 1.05075304947e-55
226.0 0.003545089121 3.51737736037e-54
224.0 0.00205724449888 1.12070324046e-52
222.0 0.00498090110152 3.39872205972e-51
220.0 0.00295500089391 9.81056528026e-50
218.0 0.00451628208407 2.69541581659e-48
216.0 0.00406632692334 7.04872994414e-47
214.0 0.00337554556292 1.75448366961e-45
212.0 0.00184131071076 4.15662789204e-44
210.0 0.000727655026755 9.37316632787e-43
208.0 0.000727782707844 2.01180025474e-41
206.0 0.00163484034562 4.1099520287e-40
204.0 0.00382414759057 7.99175213552e-39
202.0 0.00173779282637 1.47911049167e-37
200.0 0.000106707787173 2.6056290554e-36
198.0 -0.00251013623223 4.36895848656e-35
196.0 0.000951665212702 6.97262978447e-34
194.0 -0.00048560585472 1.05917727497e-32
192.0 0.000914646798078 1.53141910476e-31
190.0 -0.0009170198436 2.10752544176e-30
188.0 -0.00121376040975 2.7606093232e-29
186.0 -0.000421045946876 3.44183806668e-28
184.0 0.0021240100455 4.08440948156e-27
182.0 -0.000121128748399 4.61340388208e-26
180.0 -0.000376858460902 4.95983280437e-25
178.0 -0.000552895800019 5.07534951716e-24
176.0 0.000646381887713 4.94331440515e-23
174.0 0.00381111361966 4.58272577238e-22
172.0 0.00599033608043 4.04373666393e-21
170.0 0.00553086921572 3.39621534796e-20
168.0 0.00349616599951 2.714944361e-19
166.0 0.0017658543872 2.06576067718e-18
164.0 0.000535559247565 1.49607180212e-17
162.0 0.000182497584976 1.03128387605e-16
160.0 0.000159688094635 6.76639546655e-16
158.0 -0.000883919905994 4.22561460474e-15
156.0 -0.00241136176004 2.51174618833e-14
154.0 -0.00301055184603 1.42106838539e-13
152.0 -0.000550594466723 7.6525744352e-13
150.0 0.00206660966226 3.92241468634e-12
148.0 0.00471149143027 1.91360725565e-11
146.0 0.00615320009186 8.88598284684e-11
144.0 0.00467640685146 3.92745747219e-10
142.0 0.00179540697958 1.65223139606e-09
140.0 0.000152462912955 6.61581890562e-09
138.0 -0.00213635295734 2.52144619983e-08
136.0 -0.0023094259038 9.1467995601e-08
134.0 -0.000630108448869 3.1582170754e-07
132.0 0.00155474832017 1.03793020661e-06
130.0 0.000728130791604 3.24674129063e-06
128.0 0.00209069171926 9.66675198037e-06
126.0 0.000464084589905 2.73947175348e-05
124.0 0.000640664044128 7.38935338388e-05
122.0 0.000198363958358 0.000189714010539
120.0 0.00031906026827 0.000463602460884
118.0 -0.00166710786178 0.00107831443525
116.0 0.00113108384005 0.00238725309265
114.0 0.001110924774 0.00503042721526
112.0 0.00082083201643 0.0100893836249
110.0 0.00271506048762 0.0192609527712
108.0 0.00425947174909 0.0349980846333
106.0 0.00687921593088 0.0605290995382
104.0 0.00907813486534 0.0996409165365
102.0 0.00924317808562 0.15612238847
100.0 0.00856538496264 0.232834746013
98.0 0.0111516878864 0.330513116406
96.0 0.0155297781315 0.446576954355
94.0 0.0240572619878 0.574370401667
92.0 0.0345590529979 0.703280757356
90.0 0.0439481022983 0.820033790757
88.0 0.049276448808 0.911145586693
86.0 0.0517230663068 0.966108984133
84.0 0.0526594556776 0.980540739787
82.0 0.0516347265223 0.958329606274
80.0 0.0478305267425 0.911869398079
78.0 0.0439668047941 0.859768344602
76.0 0.0405126112475 0.822039864756
74.0 0.0402719113653 0.813708257576
72.0 0.0437664877394 0.838806707144
70.0 0.0462148940471 0.887358679358
68.0 0.0509488660331 0.937408501271
66.0 0.0518864192758 0.962221921743
64.0 0.0507815883904 0.940133262207
62.0 0.0437130315402 0.862753212994
60.0 0.0357551980573 0.737750118043
58.0 0.0255015605268 0.585141825762
56.0 0.0194660136046 0.429338885506
54.0 0.0126030530147 0.290984863729
52.0 0.00819994157709 0.182007831251
50.0 0.00512862069443 0.105010747307
48.0 0.00345203337346 0.0558683400164
46.0 0.00233163477619 0.027403310622
44.0 -0.00022953369062 0.01239064062
42.0 -0.0025193375743 0.00516422547587
40.0 -0.00305823029755 0.00198388466463
38.0 -0.00197726217678 0.000702447842574
36.0 0.000652761662601 0.000229239712403
34.0 0.00032920835192 6.89507405848e-05
32.0 0.00013431122129 1.91143365267e-05
30.0 0.00033185769149 4.88372266516e-06
28.0 0.00137046411808 1.15005044737e-06
26.0 -0.00112622871806 2.49610255562e-07
24.0 -0.000988422489153 4.99340617216e-08
22.0 -0.00356307785332 9.20735912349e-09
20.0 -0.00319136999348 1.56494875717e-09
18.0 -0.00168197016449 2.45204413374e-10
16.0 0.000390638921131 3.54223270245e-11
14.0 0.00101639223559 4.71888271738e-12
12.0 0.00154678742628 5.79917780308e-13
10.0 -0.00124177582357 6.57827883933e-14
8.0 -0.00244910070367 6.89457176299e-15
6.0 -0.00236085620882 6.68796737316e-16
4.0 -0.00299273726316 6.02237428223e-17
2.0 -0.000721312779139 5.06046676296e-18
0.0 0.000138648221244 4.00369710192e-19
-2.0 0.000594137189151 3.02704290589e-20
-4.0 0.00194420715578 2.23646665885e-21
-6.0 0.000958000355659 1.66089163529e-22
-8.0 -0.000904931549851 1.27196644524e-23
-10.0 -0.00126548552174 1.01493754654e-24
-12.0 -0.0034893341793 8.35244036661e-26
-14.0 -0.00347230586802 6.93278341683e-27
-16.0 -0.00395722228808 5.67605198448e-28
-18.0 -0.00300367517425 4.51073249945e-29
-20.0 -0.00369855276553 3.44600831683e-30
-22.0 -0.00322827743218 2.51769658859e-31
-24.0 -0.0037088501556 1.75463479575e-32
-26.0 -0.00289417979611 1.16503009678e-33
-28.0 -0.00355858946931 7.36573024749e-35
-30.0 -0.00245625097093 4.43321902611e-36
-32.0 -0.00381027522769 2.53982644076e-37
-34.0 -0.00224464017981 1.38501013896e-38
-36.0 -0.00154079367554 7.18884568233e-40
-38.0 -0.000583829803472 3.55156794926e-41
-40.0 0.00095754047886 1.67007100155e-42
-42.0 0.000871227552184 7.47486340892e-44
-44.0 -8.07225980781e-06 3.18438080346e-45
-46.0 -0.000208570338198 1.29121959529e-46
-48.0 -0.00186334208187 4.98343253158e-48
-50.0 -0.0043744313975 1.83067148942e-49
-52.0 -0.00322767898587 6.40096735518e-51
-54.0 -0.00248290598613 2.13026761766e-52
-56.0 0.00110969591793 6.74801560128e-54
-58.0 0.00166832173322 2.0345639696e-55
-60.0 0.000748008969273 5.83875133247e-57
-62.0 -0.000982289219272 1.5948578064e-58
-64.0 -0.00204969799639 4.14645843704e-60
-66.0 -0.00391178315052 1.0260913427e-61
-68.0 -0.00268993772124 2.41684105244e-63
-70.0 -0.00181438126217 5.41830582212e-65
-72.0 -0.000127318148933 1.15619822333e-66
-74.0 0.00194571633357 2.3483046619e-68
-76.0 0.00148609740267 4.53972914058e-70
-78.0 0.000968765160882 8.3533139121e-72
-80.0 0.00338084505015 1.46298886803e-73
-82.0 0.00276593817659 2.43880232193e-75
-84.0 0.00101621225922 3.86959521205e-77
-86.0 -0.00083112644039 5.84396805291e-79
-88.0 -0.00275738322026 8.40046812278e-81
-90.0 -0.00283127835792 1.14935053438e-82
-92.0 0.00036056825777 1.49676932793e-84
-94.0 0.00184666382266 1.85528488638e-86
-96.0 0.00388678623457 2.18886863125e-88
-98.0 0.00363219028615 2.45800151951e-90
-100.0 0.00164018385235 2.62722915876e-92
-102.0 -0.000521789615114 2.67280406421e-94
-104.0 -7.25813769349e-05 2.58815123052e-96
-106.0 -0.00250682551125 2.3854237267e-98
-108.0 -0.00336573806716 2.09264123564e-100
-110.0 -0.00415248131843 1.74733985164e-102
-112.0 -0.00266079466177 1.38871569562e-104
-114.0 -0.000946486218491 1.0505159846e-106
-116.0 -0.000106987210733 7.56389244714e-109
-118.0 -0.00155959091345 5.18371819419e-111
-120.0 -0.00148060057262 3.38135509918e-113
-122.0 -0.00204355758345 2.09939200042e-115
-124.0 -0.00245974105532 1.24065106753e-117
-126.0 -0.00315431314206 6.97845252089e-120
-128.0 -0.00432466056659 3.7361298467e-122
-130.0 -0.004400585542 1.90387378397e-124
-132.0 -0.00200288767241 9.23437921157e-127
-134.0 -0.00105865193985 4.2631500141e-129
-136.0 -9.14055324719e-05 1.8732980635e-131
-138.0 0.000611496948296 7.83495510302e-134
-140.0 -0.00105482715023 3.11902961987e-136
-142.0 -0.00171083396594 1.18183227171e-138
-144.0 0.000293777635899 4.26231507028e-141
-146.0 -4.57539996737e-05 1.46314919689e-143
-148.0 -0.00176192954408 4.78062893604e-146
-150.0 -0.00366073652244 1.48673928542e-148
-152.0 -0.0027689777551 4.4008641011e-151
-154.0 -0.000995558333187 1.23992226062e-153
-156.0 0.0010017010821 3.32509697099e-156
-158.0 -0.000673852347487 8.48726050519e-159
-160.0 -0.00199466954062 2.06197838568e-161
-162.0 -0.00162220969116 4.76819539046e-164
-164.0 0.000432718441423 1.04948766245e-166
-166.0 0.00137968868673 2.19863931889e-169
-168.0 0.000319649024311 4.38413584014e-172
-170.0 -0.00116542624457 8.3208438631e-175
-172.0 -0.00107644995247 1.50315616481e-177
-174.0 -0.000964329442269 2.5846050637e-180
-176.0 -0.00164522941342 4.22997341887e-183
-178.0 -0.00162491291992 6.58922662528e-186
-180.0 -0.0020246163823 9.76977607876e-189
-182.0 -0.00138593624015 1.37875828161e-191
-184.0 -0.00157226092877 1.85201720618e-194
-186.0 -0.00152974092968 2.367855846e-197
-188.0 0.000204468532905 2.88150156733e-200
-190.0 0.00352240269244 3.33761178324e-203
-192.0 0.00345995331033 3.6796468418e-206
-194.0 0.00307250779964 3.86126684965e-209
-196.0 -0.000293978712158 3.85662003517e-212
-198.0 -0.000804178871465 3.66637808733e-215
-200.0 -0.00107660806292 3.31757693556e-218
-202.0 -0.000788364476053 2.85731496928e-221
-204.0 -0.00252165999084 2.34233273954e-224
-206.0 -0.00154653387047 1.82764742936e-227
-208.0 -0.000814399491144 1.35734300778e-230
-210.0 0.00196451512932 9.5948935113e-234
-212.0 0.00205725740052 6.4557108034e-237
-214.0 0.00170553793404 4.13429377888e-240
-216.0 0.000268220001223 2.52006625946e-243
-218.0 -2.16030587769e-05 1.46209618675e-246
-220.0 0.000648928938728 8.0740844597e-250
-222.0 0.000841262271392 4.24388874918e-253
-224.0 0.000681895076222 2.12318605009e-256
-226.0 -5.59027134763e-05 1.01103332904e-259
-228.0 -0.00039213581928 4.58243435011e-263
-230.0 0.000234919638036 1.97688037473e-266
-232.0 0.00198092008742 8.11741756953e-270
-234.0 0.002010649603 3.17255195658e-273
-236.0 0.00201995831463 1.18019279291e-276
-238.0 3.00363216993e-05 4.17878985905e-280
-240.0 -0.00276018301627 1.40832038277e-283
-242.0 -0.00450713227191 4.51757900773e-287
-244.0 -0.00354083564718 1.37931483529e-290
-246.0 -0.0020751161913 4.00843104344e-294
-248.0 -0.000396124178769 1.10876315445e-297
-250.0 2.32325754912e-06 2.91915067939e-301
-252.0 -0.000419406262973 7.31522349267e-305
-254.0 -0.00136237128534 1.7448256795e-308
-256.0 0.000603797384956 3.96122807581e-312
-258.0 -0.000168022491568 8.55974867715e-316
-260.0 0.000598449852687 1.76055352239e-319
-262.0 0.000247014903861 3.45845952089e-323
-264.0 8.92762425071e-05 0.0
-266.0 0.000232964746889 0.0
-268.0 0.000525412842993 0.0
-270.0 0.00126893204995 0.0
-272.0 0.00330371077902 0.0
-274.0 0.00349281548645 0.0
-276.0 0.00115634012611 0.0
-278.0 -0.000268426375672 0.0
-280.0 -0.00129763058038 0.0
-282.0 0.000192197338461 0.0
-284.0 0.00149083678321 0.0
-286.0 0.00261441250236 0.0
-288.0 0.00420830437072 0.0
-290.0 0.00499003343628 0.0
-292.0 0.00513201213524 0.0
-294.0 0.00166201897263 0.0
-296.0 0.000883071813027 0.0
-298.0 0.0013560149987 0.0
-300.0 0.00195473811565 0.0
-302.0 0.000884763465245 0.0
-304.0 -0.000167407825247 0.0
-306.0 -0.00209505839286 0.0
-308.0 0.00114680148565 0.0
-310.0 0.00130135895789 0.0
-312.0 0.0014154165322 0.0
-314.0 0.00154737405251 0.0
-316.0 0.00106267495574 0.0
-318.0 0.000326983041161 0.0
-320.0 0.000468348500681 0.0
-322.0 6.69369051141e-05 0.0
-324.0 0.000400600051827 0.0
-326.0 0.00263266373473 0.0
-328.0 -0.00022036044776 0.0
-330.0 -0.000601732068909 0.0
-332.0 -0.0015204148955 0.0
-334.0 0.000788413033403 0.0
-336.0 0.0015036304097 0.0
-338.0 0.00388871747276 0.0
-340.0 0.00370279170707 0.0
-342.0 0.00310542588599 0.0
-344.0 0.00231384094996 0.0
-346.0 0.00147916209951 0.0
-348.0 0.000689191919882 0.0
-350.0 0.000366150337529 0.0
-352.0 -6.71575406031e-05 0.0
-354.0 -0.000751098714334 0.0
-356.0 -0.000460154815315 0.0
-358.0 0.000617217664423 0.0
-360.0 0.000477940410112 0.0
-362.0 6.62144029528e-05 0.0
-364.0 0.000967136497625 0.0
-366.0 0.00170390098634 0.0
-368.0 0.00160904804499 0.0
-370.0 0.000715817015806 0.0
-372.0 -0.00042003889138 0.0
-374.0 -0.00132667855929 0.0
-376.0 -0.000639711904963 0.0
-378.0 0.00212721490374 0.0
-380.0 0.0041501760151 0.0
-382.0 0.00553754386498 0.0
-384.0 0.00516541447475 0.0
-386.0 0.00584074935147 0.0
-388.0 0.00383277212981 0.0
-390.0 0.00408842869423 0.0
-392.0 0.00253039457685 0.0
-394.0 0.000295536233581 0.0
-396.0 -0.000736441329482 0.0
-398.0 0.0 0.0
-400.0 0.0 0.0
###
# timestamp: 2455851.6487
# Gaussian 1 [amp, RV +/- err, wid]: [1.07, 97.43 +/- 0.04, 9.00]
# Gaussian 2 [amp, RV +/- err, wid]: [0.53, 51.41 +/- 0.07, 7.00]
# Uncorrected_RV, BF_amp, Gaussian_fit
###
400.0 0.0 0.0
398.0 0.0 0.0
396.0 0.0031398239013 0.0
394.0 0.00500654102646 0.0
392.0 0.00546561183349 0.0
390.0 0.00449422593952 0.0
388.0 0.00313234266186 0.0
386.0 -0.000798289750861 0.0
384.0 -0.00536785477688 0.0
382.0 -0.00558459113156 0.0
380.0 -0.0061294785032 3.45845952089e-323
378.0 -0.00365689530683 1.94528466737e-319
376.0 -0.00182215555793 9.4497979086e-316
374.0 0.000396140867239 4.36927917429e-312
372.0 0.00052658662894 1.9228722349e-308
370.0 0.00274962615052 8.05460822451e-305
368.0 0.00122488674921 3.21138055093e-301
366.0 0.00101275390785 1.21868785562e-297
364.0 0.00190697052721 4.40196467198e-294
362.0 0.00260233226679 1.5134008765e-290
360.0 0.00109554572746 4.95238920691e-287
358.0 -0.000465897256974 1.54251329041e-283
356.0 -0.00117664010788 4.57294965106e-280
354.0 -0.00119448683764 1.29037899163e-276
352.0 0.000602465016131 3.46570431239e-273
350.0 -0.00203291968751 8.85970147301e-270
348.0 -0.0054447677443 2.15575811399e-266
346.0 -0.00730674660655 4.99268687193e-263
344.0 -0.0033112043993 1.10058094092e-259
342.0 -0.000923469035918 2.30920774418e-256
340.0 0.00176748558805 4.61166107048e-253
338.0 0.0030158622277 8.76607368997e-250
336.0 0.00145216857773 1.58601105963e-246
334.0 0.00275614019721 2.73124503384e-243
332.0 0.0022482815028 4.47680808137e-240
330.0 0.000831173578504 6.9844087515e-237
328.0 0.00127328410565 1.03715622379e-233
326.0 0.00116866127838 1.4659260643e-230
324.0 -0.00227119463408 1.97211989583e-227
322.0 -0.00289711102975 2.5252705923e-224
320.0 -0.00272680266146 3.07776804945e-221
318.0 9.36084062155e-05 3.57040277568e-218
316.0 0.00380592684373 3.94232019678e-215
314.0 0.00272812795917 4.14323853572e-212
312.0 0.000690252111806 4.14458774648e-209
310.0 -0.00117765381825 3.94617280124e-206
308.0 -0.000458637817692 3.57621992113e-203
306.0 0.00136733382731 3.08479065204e-200
304.0 0.00278743191132 2.53268123926e-197
302.0 0.00486489055366 1.97919566423e-194
300.0 0.00506571062017 1.47214401735e-191
298.0 0.00496195866845 1.04223417081e-188
296.0 0.00662644786937 7.0231878138e-186
294.0 0.00710644728347 4.50464834797e-183
292.0 0.00621447460733 2.75023677217e-180
290.0 0.00621236268979 1.59891640731e-177
288.0 0.00517411331897 8.87294527876e-175
286.0 0.00703371267558 4.76862306022e-172
284.0 0.00680545025299 2.68462494465e-169
282.0 0.00429596437012 2.10254528502e-166
280.0 -0.000603738987195 3.06393774708e-163
278.0 -0.00397749620882 6.31054895819e-160
276.0 -0.00382859106378 1.34562947647e-156
274.0 0.00135776301445 2.70619316046e-153
272.0 0.00685800766508 5.0376580475e-150
270.0 0.00790759232757 8.6498265831e-147
268.0 0.00770315287337 1.36900380504e-143
266.0 0.00299880709612 1.99693415887e-140
264.0 0.000911221410109 2.6845608534e-137
262.0 -0.00178050988296 3.32606554809e-134
260.0 -0.00114455174879 3.79783322796e-131
258.0 -0.00298409148478 3.99657897088e-128
256.0 -0.000999801549972 3.87604048959e-125
254.0 -0.000911964953396 3.4644604075e-122
252.0 -5.34362425414e-05 2.85384439487e-119
250.0 -0.00124515055969 2.16656820829e-116
248.0 0.000492560537207 1.51586955949e-113
246.0 0.00116426462973 9.77459308639e-111
244.0 0.000890735594277 5.80875328541e-108
242.0 0.000772915553993 3.18137280701e-105
240.0 -0.00219175233654 1.60580788942e-102
238.0 -0.00370074446753 7.46998963539e-100
236.0 -0.00378989837749 3.20253437778e-97
234.0 -0.00213648544362 1.26536259073e-94
232.0 -0.00351740706599 4.60769337238e-92
230.0 -0.00150581659162 1.54632059191e-89
228.0 -0.00183309435929 4.78258720238e-87
226.0 -0.00193236228934 1.36324415635e-84
224.0 -0.0031764410262 3.58122643244e-82
222.0 -0.00349546708208 8.67036353353e-80
220.0 -0.00503658825391 1.9345957177e-77
218.0 -0.00364801956525 3.97823584669e-75
216.0 -9.99702722587e-05 7.53942490504e-73
214.0 0.00152451527671 1.3168408869e-70
212.0 0.00196012947564 2.11970670978e-68
210.0 0.0017994485116 3.14460163384e-66
208.0 0.00103112853118 4.29935083853e-64
206.0 0.000654848436977 5.41735786792e-62
204.0 0.00272724912683 6.29099810977e-60
202.0 0.00343284498702 6.73285052414e-58
200.0 0.00385465171782 6.64088225561e-56
198.0 0.00293516127643 6.03670532465e-54
196.0 0.00330337544596 5.05733313831e-52
194.0 0.00398474672237 3.90472576058e-50
192.0 0.00472316345371 2.77847761296e-48
190.0 0.00426445470721 1.82209348552e-46
188.0 0.003796124037 1.10123954459e-44
186.0 -0.000869184693075 6.133951392e-43
184.0 -0.00160437855775 3.14880851622e-41
182.0 -0.00254269415121 1.48970255209e-39
180.0 -0.00305505562677 6.49531565474e-38
178.0 0.000376094338088 2.61004713503e-36
176.0 0.00358475561618 9.66593406896e-35
174.0 0.00307019397885 3.29903327416e-33
172.0 0.00426260539605 1.03771227139e-31
170.0 0.00515698233959 3.00825466132e-30
168.0 0.00557612134306 8.03710483756e-29
166.0 0.00824152349482 1.97893740621e-27
164.0 0.00831064365463 4.4906775423e-26
162.0 0.00385889144236 9.39158890288e-25
160.0 0.00208631956821 1.81014625443e-23
158.0 0.00038511219847 3.21540473685e-22
156.0 0.00156838728151 5.26386833424e-21
154.0 0.00333081206803 7.9418517778e-20
152.0 0.00608357467158 1.10429708638e-18
150.0 0.00530165572635 1.41513367096e-17
148.0 0.00588600860012 1.6713076146e-16
146.0 0.00602348007331 1.81912569588e-15
144.0 0.00552808850422 1.82480479873e-14
142.0 0.00578989228332 1.68700942701e-13
140.0 0.00688621015046 1.43736145281e-12
138.0 0.00996696738454 1.12865670859e-11
136.0 0.0119529822146 8.16780066198e-11
134.0 0.0158016057024 5.44748172692e-10
132.0 0.0180432787826 3.34837293898e-09
130.0 0.0214300207794 1.89679001096e-08
128.0 0.0243006679528 9.90266468405e-08
126.0 0.0246050048222 4.76466402789e-07
124.0 0.0209935404041 2.11280726091e-06
122.0 0.0176071538409 8.63445376091e-06
120.0 0.0124322277766 3.25205022877e-05
118.0 0.00625953109056 0.000112882601761
116.0 0.00390268887598 0.000361113866856
114.0 0.00181750290618 0.00106465453928
112.0 0.0019667006937 0.0028928148864
110.0 0.00242122551307 0.00724402543431
108.0 0.00406111131216 0.0167180907563
106.0 0.00541291853531 0.0355582828148
104.0 0.00872608092504 0.0697015234226
102.0 0.00975110121607 0.125918966371
100.0 0.00979399481417 0.209646404739
98.0 0.010165828984 0.321685197598
96.0 0.0158416566971 0.45490648148
94.0 0.0210676336023 0.592871483046
92.0 0.0273448612959 0.712108857156
90.0 0.0325359525747 0.788278358422
88.0 0.0327748156514 0.80419285682
86.0 0.0279968391858 0.756115634609
84.0 0.0209954973294 0.655184565014
82.0 0.0149006436208 0.523222816373
80.0 0.0157710273499 0.385086174272
78.0 0.0154284318778 0.261204409283
76.0 0.0125283250361 0.163293671849
74.0 0.00774709274055 0.09410205191
72.0 0.00346659317643 0.0500326635386
70.0 0.001315814699 0.0246581910782
68.0 0.00437648860719 0.0115478249036
66.0 0.0035026504769 0.00579115992806
64.0 0.00360457591166 0.00440662097139
62.0 0.00465075110801 0.00615116222636
60.0 0.00611535804925 0.0111845826755
58.0 0.00530868379654 0.0208162838815
56.0 0.00558134125688 0.0373513365605
54.0 0.0040340192907 0.0639242341899
52.0 0.00185420415728 0.104164290957
50.0 0.00114125779273 0.161564782464
48.0 0.00329584939217 0.238523391981
46.0 0.0063435252724 0.33517301501
44.0 0.0112311414907 0.448291530074
42.0 0.0190101655704 0.570696734621
40.0 0.0264316714527 0.691518179242
38.0 0.0324025936148 0.797544959873
36.0 0.0404378582753 0.875507975925
34.0 0.0438133091343 0.914783658492
32.0 0.0429376213141 0.90976672378
30.0 0.0379862666808 0.861182223513
28.0 0.030906363718 0.775913707472
26.0 0.0218618447106 0.665403607275
24.0 0.0164459147945 0.54313805971
22.0 0.0110596313696 0.421976903553
20.0 0.00768647900391 0.312047339656
18.0 0.00640604642021 0.219637072625
16.0 0.00429721871018 0.14714454552
14.0 0.00330367745159 0.0938287753767
12.0 2.47389650377e-05 0.0569483685745
10.0 -0.00132419325602 0.0328987869724
8.0 -0.000362625580378 0.0180897198893
6.0 0.000308493439928 0.00946754020105
4.0 0.000682141380187 0.00471623929721
2.0 0.00273537776218 0.00223618570205
0.0 0.00400512621202 0.00100919074459
-2.0 0.00292300595118 0.000433502903275
-4.0 0.00320152997322 0.000177240971084
-6.0 -0.000485214319893 6.89746634608e-05
-8.0 2.6032779193e-06 2.55486771561e-05
-10.0 0.00153128419731 9.00742398208e-06
-12.0 0.00452647122211 3.02263809589e-06
-14.0 0.00307656670825 9.6543948472e-07
-16.0 0.00173266920143 2.93506227676e-07
-18.0 -0.00266432107683 8.49303557994e-08
-20.0 -0.00575246606945 2.33917075293e-08
-22.0 -0.00634657268785 6.13217112667e-09
-24.0 -0.00607575267879 1.53010052985e-09
-26.0 -0.00445376997029 3.63395064067e-10
-28.0 -0.0032788447487 8.21469496547e-11
-30.0 -0.00407835752425 1.76749102768e-11
-32.0 -0.00434031275333 3.61973146648e-12
-34.0 6.2594443548e-05 7.05584200282e-13
-36.0 0.00120684913126 1.30910565967e-13
-38.0 0.00112276004823 2.31181944591e-14
-40.0 -0.0021988113732 3.88585403811e-15
-42.0 -0.00323107451763 6.21687897988e-16
-44.0 -0.00346246829731 9.46698528556e-17
-46.0 0.000111529356336 1.37215871977e-17
-48.0 0.000201190307643 1.89299887746e-18
-50.0 0.00184540335587 2.48570577882e-19
-52.0 0.00158720438414 3.1067223833e-20
-54.0 0.00297295963713 3.69580058452e-21
-56.0 0.00279746934365 4.18473510391e-22
-58.0 0.000223230681952 4.51004394241e-23
-60.0 -0.00073563364068 4.62643999215e-24
-62.0 -0.00234583541085 4.51717018028e-25
-64.0 -0.00248893280762 4.19796999843e-26
-66.0 -0.00331404675269 3.7133472811e-27
-68.0 -0.00306814028707 3.12640447155e-28
-70.0 -0.00600990838677 2.50540602752e-29
-72.0 -0.00436150421579 1.9110164768e-30
-74.0 -0.00196066712941 1.38740771168e-31
-76.0 -0.000171118376444 9.58731806543e-33
-78.0 -0.000723426297201 6.30584840611e-34
-80.0 -0.000321419400546 3.94769212527e-35
-82.0 -0.00102713791494 2.35231990519e-36
-84.0 -0.00128186797273 1.33414444023e-37
-86.0 0.00060190632099 7.20215853331e-39
-88.0 -0.000315752928819 3.70063167502e-40
-90.0 -0.0017833681337 1.80984926478e-41
-92.0 0.000821495576765 8.42485254703e-43
-94.0 -0.00158067717654 3.73280729572e-44
-96.0 -0.00218530186876 1.57420827484e-45
-98.0 -0.00235204732338 6.31891001098e-47
-100.0 -0.00300519791723 2.41421258226e-48
-102.0 -0.00346090403958 8.77934683373e-50
-104.0 -0.00043027224 3.03880101495e-51
-106.0 -0.00137909009042 1.00114199245e-52
-108.0 0.00083988586044 3.13936962703e-54
-110.0 0.00160430222016 9.3700646056e-56
-112.0 0.00308942476321 2.66192660774e-57
-114.0 0.00325987102775 7.1978522598e-59
-116.0 0.00460507723413 1.85252099277e-60
-118.0 0.00416321073291 4.53812764131e-62
-120.0 0.00295631893832 1.05814122452e-63
-122.0 -0.000648765889171 2.34835592724e-65
-124.0 -0.00356286883307 4.96063835305e-67
-126.0 -0.00363509935158 9.97388993026e-69
-128.0 -0.000702182050318 1.90873191187e-70
-130.0 -0.000199216751385 3.47679157639e-72
-132.0 -0.00186414661165 6.02789582215e-74
-134.0 -0.00214039324859 9.94732203587e-76
-136.0 -0.00352964214068 1.56242786992e-77
-138.0 -0.00201805494099 2.33586174974e-79
-140.0 -0.00289813369983 3.32389772253e-81
-142.0 -0.00455165721965 4.50195891932e-83
-144.0 -0.00719054661502 5.80375087863e-85
-146.0 -0.00670223490425 7.12146519435e-87
-148.0 -0.00629789694112 8.31731804213e-89
-150.0 -0.00432175707785 9.24593040313e-91
-152.0 -0.0054241642266 9.78298281039e-93
-154.0 -0.00436381839549 9.85247450505e-95
-156.0 -0.00452379710679 9.44436380108e-97
-158.0 -0.00249335122929 8.61694766127e-99
-160.0 -0.00170191213139 7.48320359378e-101
-162.0 -0.00207449825355 6.1855030603e-103
-164.0 -0.00407124474828 4.86649016472e-105
-166.0 -0.00317024142728 3.64426569448e-107
-168.0 -0.00323994651978 2.59751207141e-109
-170.0 -0.00128629251642 1.762213302e-111
-172.0 -0.00177413341939 1.13792263095e-113
-174.0 7.27724217532e-05 6.99391505439e-116
-176.0 -0.000104565972923 4.09148846026e-118
-178.0 -0.000437051550018 2.27822003577e-120
-180.0 -0.00172142028934 1.20743389222e-122
-182.0 -0.00131951314885 6.09094133109e-125
-184.0 -0.0033047042277 2.92454850949e-127
-186.0 -0.00313649462596 1.3365542813e-129
-188.0 -0.00142589057096 5.81390233923e-132
-190.0 0.000534487657495 2.40714483553e-134
-192.0 0.00276660815412 9.48615181765e-137
-194.0 0.00421120600075 3.55820756385e-139
-196.0 0.00352028274897 1.27035717586e-141
-198.0 0.00152341573746 4.31691771505e-144
-200.0 0.000856800306136 1.39628815893e-146
-202.0 0.000933853556037 4.29862636842e-149
-204.0 0.00173879683423 1.25961464296e-151
-206.0 0.00304300826894 3.51316916109e-154
-208.0 0.0020625569448 9.32639450114e-157
-210.0 0.00154818703751 2.35657822763e-159
-212.0 0.000842243695493 5.66765360018e-162
-214.0 0.00239688853081 1.29741255334e-164
-216.0 0.00642645552062 2.82687269826e-167
-218.0 0.00594586534584 5.86256628587e-170
-220.0 0.0059240905088 1.15723787665e-172
-222.0 0.0032606860625 2.17425697661e-175
-224.0 0.000660123241239 3.88823462817e-178
-226.0 -0.00287019915306 6.61831470188e-181
-228.0 -0.00200700357245 1.07224918142e-183
-230.0 -0.00275574687801 1.65347408111e-186
-232.0 0.000706140306596 2.42690300084e-189
-234.0 0.00166776982834 3.39047701644e-192
-236.0 0.00264687391881 4.50840112678e-195
-238.0 0.00292626005633 5.70607733668e-198
-240.0 0.00183950174894 6.87394600324e-201
-242.0 0.00422282063997 7.88184587109e-204
-244.0 0.00203742835276 8.60207289783e-207
-246.0 0.00100615203611 8.93576334067e-210
-248.0 0.00171667428276 8.8351424615e-213
-250.0 0.000933360194544 8.31474269075e-216
-252.0 0.000778905615625 7.44796162513e-219
-254.0 0.00287530388517 6.35008305376e-222
-256.0 0.00311391117467 5.15317320203e-225
-258.0 0.0044181873203 3.98036989383e-228
-260.0 0.00500204252972 2.92634472342e-231
-262.0 0.00348778410012 2.04776867657e-234
-264.0 0.00102505789219 1.36392241079e-237
-266.0 -0.000641612218767 8.64672793076e-241
-268.0 -0.000370138203342 5.21755795488e-244
-270.0 0.00149710147985 2.99665073657e-247
-272.0 0.00196454543527 1.63816760636e-250
-274.0 0.005458679327 8.52381270255e-254
-276.0 0.00436946013804 4.22146139006e-257
-278.0 0.00147536875238 1.9899634685e-260
-280.0 0.000836267028744 8.92854609162e-264
-282.0 0.000373973257484 3.81302581005e-267
-284.0 -9.46856063053e-05 1.54993006977e-270
-286.0 0.0010281544231 5.9966378534e-274
-288.0 0.00051693566975 2.2082940318e-277
-290.0 -0.000703966425228 7.74032746458e-281
-292.0 -0.000960516736691 2.58235014808e-284
-294.0 0.001083878606 8.20019693942e-288
-296.0 0.00082923242687 2.47848785546e-291
-298.0 -0.000148570756131 7.13021567544e-295
-300.0 -0.000311587203701 1.95241392725e-298
-302.0 -0.00036233741955 5.08855515519e-302
-304.0 -0.00139612486165 1.262322823e-305
-306.0 -0.000616551359959 2.98057285235e-309
-308.0 -0.00117992246965 6.69857474137e-313
-310.0 -0.00379222761282 1.43290840522e-316
-312.0 -0.00444346798348 2.91745763869e-320
-314.0 -0.0039750779843 4.94065645841e-324
-316.0 -0.00246871729391 0.0
-318.0 0.000502157799386 0.0
-320.0 0.000300244065267 0.0
-322.0 -0.000283363078958 0.0
-324.0 -0.0012200260865 0.0
-326.0 0.000197840184911 0.0
-328.0 -0.000665169755648 0.0
-330.0 -0.000351506749203 0.0
-332.0 -0.0047091845632 0.0
-334.0 -0.00544355160962 0.0
-336.0 -0.00611192407726 0.0
-338.0 -0.00495675232177 0.0
-340.0 -0.00277828099789 0.0
-342.0 -0.0011612752712 0.0
-344.0 -0.00212400908137 0.0
-346.0 -0.00139200941045 0.0
-348.0 -0.0023260935637 0.0
-350.0 -0.00266651026903 0.0
-352.0 -0.00155859127417 0.0
-354.0 -2.96455647969e-05 0.0
-356.0 0.00137953690044 0.0
-358.0 0.00276629559379 0.0
-360.0 0.00167167922065 0.0
-362.0 -2.98887597007e-05 0.0
-364.0 -0.00117041103422 0.0
-366.0 -0.00127390288413 0.0
-368.0 -0.000301755489808 0.0
-370.0 0.000730278804641 0.0
-372.0 0.00234934228479 0.0
-374.0 0.00226761691039 0.0
-376.0 0.00368248697551 0.0
-378.0 0.00333783010146 0.0
-380.0 0.00390979182317 0.0
-382.0 0.00351840242815 0.0
-384.0 0.00253807074153 0.0
-386.0 0.00145445702344 0.0
-388.0 -0.00102403369781 0.0
-390.0 -0.00390914231681 0.0
-392.0 -0.0035697271681 0.0
-394.0 -0.00462268254976 0.0
-396.0 -0.00355442882414 0.0
-398.0 0.0 0.0
-400.0 0.0 0.0
###
# timestamp: 2455866.56936
# Gaussian 1 [amp, RV +/- err, wid]: [1.07, 97.43 +/- 0.04, 9.00]
# Gaussian 2 [amp, RV +/- err, wid]: [0.53, 51.41 +/- 0.07, 7.00]
# Uncorrected_RV, BF_amp, Gaussian_fit
###
400.0 0.0 4.05313758423e-246
398.0 0.0 6.94390350903e-243
396.0 0.00419611091383 1.13232049326e-239
394.0 0.00529159144033 1.75747200764e-236
392.0 0.00397632707959 2.59633557687e-233
390.0 0.00236146577137 3.65078780584e-230
388.0 0.000180442896478 4.8861378691e-227
386.0 -0.000368173080577 6.22441014257e-224
384.0 -0.00118353679538 7.54716848362e-221
382.0 0.00179102944589 8.71010214024e-218
380.0 0.00170540374329 9.56788197233e-215
378.0 0.00351625269584 1.00037246566e-211
376.0 0.00252087928957 9.95545260022e-209
374.0 0.00238221725579 9.43004243691e-206
372.0 0.00159626465124 8.50197148938e-203
370.0 0.00129240784051 7.29590214233e-200
368.0 0.00129119471713 5.95925151087e-197
366.0 0.0026475993848 4.6329518767e-194
364.0 0.00304545062646 3.42828739524e-191
362.0 0.00390946012306 2.4146267837e-188
360.0 0.00368770663 1.61873651778e-185
358.0 0.00292477449484 1.03289380774e-182
356.0 0.00262703878021 6.27319145594e-180
354.0 0.00314318780996 3.62639218108e-177
352.0 0.00334372287456 1.99532827111e-174
350.0 0.00424386502426 1.04497837025e-171
348.0 0.00282059080843 5.20899097911e-169
346.0 0.00196617910529 2.4714581931e-166
344.0 0.000497168153299 1.11610817808e-163
342.0 0.000707118639332 4.79747445851e-161
340.0 0.000936901069418 1.96278355698e-158
338.0 0.00169743697062 7.64338102419e-156
336.0 0.00206139493256 2.83303517949e-153
334.0 0.0013404248799 9.9947465132e-151
332.0 0.00134311639385 3.3561777934e-148
330.0 0.000516929899556 1.07268323706e-145
328.0 -0.000792151271858 3.26325781857e-143
326.0 -0.00143810390582 9.44897368438e-141
324.0 -0.000366101678625 2.60418150757e-138
322.0 -0.00066342786831 6.83142367851e-136
320.0 0.000392965818703 1.70570746328e-133
318.0 -0.000665353172318 4.05369657136e-131
316.0 -0.00312765822391 9.16961886178e-129
314.0 -0.00450163814422 1.97426156256e-126
312.0 -0.00490687636379 4.04586562859e-124
310.0 -0.00528055640174 7.89171837319e-122
308.0 -0.0039648927059 1.46516002493e-119
306.0 -0.00396990658332 2.58911834803e-117
304.0 -0.0041508229623 4.3548389912e-115
302.0 -0.00280874519095 6.97181191122e-113
300.0 -0.00238734252472 1.06236212796e-110
298.0 -0.00148865762596 1.54082337145e-108
296.0 -1.20717420709e-05 2.12709307301e-106
294.0 0.000985069853765 2.79494642957e-104
292.0 0.000227734491437 3.49553650594e-102
290.0 0.00141489026702 4.16109426966e-100
288.0 0.00297117645738 4.71470611284e-98
286.0 0.00433322590806 5.08457967575e-96
284.0 0.0049262137393 5.21925897478e-94
282.0 0.0040371053988 5.09936378254e-92
280.0 0.000875778738095 4.74216327081e-90
278.0 0.0006107902148 4.19749675213e-88
276.0 -0.000608005878976 3.53636915556e-86
274.0 -0.00295907539377 2.83581684603e-84
272.0 -0.00311017315635 2.16447274285e-82
270.0 -0.00147625019459 1.57245933502e-80
268.0 0.001344951413 1.08732677865e-78
266.0 0.00428543740219 7.15639170661e-77
264.0 0.00309592794838 4.4831315475e-75
262.0 0.00177004550383 2.67314317289e-73
260.0 0.000792554141468 1.51710736477e-71
258.0 0.000602396696158 8.19527954388e-70
256.0 0.00070736616211 4.21370945291e-68
254.0 0.0016826235579 2.06214291213e-66
252.0 0.00102908477228 9.60563968763e-65
250.0 0.00205334063348 4.25879938954e-63
248.0 0.00181705157076 1.79722078748e-61
246.0 0.00225903791983 7.21886702836e-60
244.0 0.000636517408562 2.75987879756e-58
242.0 0.00102169633799 1.00430202155e-56
240.0 -0.000354592887063 3.4785001195e-55
238.0 -0.000684721197578 1.1467614029e-53
236.0 0.000752788129046 3.59838370005e-52
234.0 0.00246898698734 1.07471975838e-50
232.0 0.00315432821794 3.05517685086e-49
230.0 0.00472169573302 8.26667445063e-48
228.0 0.00369800630466 2.12901476963e-46
226.0 0.00295585563184 5.21891078016e-45
224.0 0.00214102913148 1.21768352319e-43
222.0 0.000356452574245 2.70422202413e-42
220.0 0.000907539961893 5.71615004803e-41
218.0 0.00150220179267 1.15005405675e-39
216.0 0.00214431482397 2.20234953505e-38
214.0 0.00169248058972 4.01427941772e-37
212.0 0.0002070937395 6.96437758834e-36
210.0 -0.00271913017917 1.15003320188e-34
208.0 -0.00201047113643 1.80755619196e-33
206.0 -0.00187337064087 2.70412394931e-32
204.0 -0.00107177943286 3.85047883736e-31
202.0 0.000147683477973 5.21862686907e-30
200.0 -8.16301843192e-05 6.73210855096e-29
198.0 -0.00100958371051 8.26607484166e-28
196.0 0.000803275783931 9.66052914404e-27
194.0 0.00212282168198 1.07462231808e-25
192.0 0.0017581846573 1.13779535293e-24
190.0 0.00284138203555 1.14663663762e-23
188.0 0.00117931982757 1.09986867179e-22
186.0 -0.000492606674482 1.00417454572e-21
184.0 -1.24270067891e-05 8.7263161645e-21
182.0 0.000672008243015 7.2178198502e-20
180.0 0.00162518704077 5.68243519541e-19
178.0 0.0033804504397 4.25810438555e-18
176.0 0.00360945510149 3.03704673404e-17
174.0 0.00350952426094 2.06176899753e-16
172.0 0.00181979501668 1.33223823563e-15
170.0 0.000570009065945 8.19364496385e-15
168.0 -0.000332993664024 4.79651435479e-14
166.0 0.000332607718922 2.67256153959e-13
164.0 0.000567386075116 1.41736935583e-12
162.0 0.000717606193617 7.15470484555e-12
160.0 -0.0012440277769 3.43758752713e-11
158.0 -0.00114977651635 1.57206017652e-10
156.0 -0.00107590369928 6.84286428327e-10
154.0 0.000223494826024 2.83504558139e-09
152.0 0.00082608628053 1.11798383457e-08
150.0 0.00224843408462 4.19627905188e-08
148.0 0.00219532965654 1.499155067e-07
146.0 0.0019352777942 5.0977920052e-07
144.0 -0.000318626974981 1.64995091977e-06
142.0 -0.000884029025913 5.08292028093e-06
140.0 -0.000742030720644 1.49042089335e-05
138.0 -0.000123688518176 4.15966083009e-05
136.0 -0.000656290756917 0.000110499489116
134.0 -0.000550929118867 0.000279393294351
132.0 0.000615451454027 0.000672395883294
130.0 0.00311231965509 0.00154023671681
128.0 0.00339090546191 0.00335817448225
126.0 0.0022189582423 0.00696903107916
124.0 -0.000445267008731 0.0137655923487
122.0 0.00112048157912 0.0258803869994
120.0 0.00300893322298 0.0463126878682
118.0 0.00514458036064 0.0788828452284
116.0 0.00481594262791 0.127884675397
114.0 0.00695678292336 0.197336673509
112.0 0.0104616258592 0.289834753453
110.0 0.0211801663618 0.405178577126
108.0 0.0325842678997 0.539132917803
106.0 0.0414919580715 0.682807971356
104.0 0.0486137118319 0.823103929029
102.0 0.0542497511351 0.944417717317
100.0 0.0565741026012 1.03139954596
98.0 0.0550961843474 1.07211927712
96.0 0.0521944469079 1.06074900486
94.0 0.0464078168635 0.99893107061
92.0 0.044184666551 0.895389048298
90.0 0.0419237965351 0.763908682866
88.0 0.0373365763739 0.620332837211
86.0 0.0293595659402 0.479471807825
84.0 0.0227613199687 0.352746973823
82.0 0.0160626696156 0.247036174051
80.0 0.0112360143878 0.164750537835
78.0 0.00840056633607 0.104827494574
76.0 0.00642291350637 0.0641780505509
74.0 0.00601272509329 0.0391729958979
72.0 0.00697147605321 0.0269010182825
70.0 0.00576832015436 0.0260610375896
68.0 0.00603366299702 0.0373775631378
66.0 0.00820660222051 0.0633609060534
64.0 0.00792493801349 0.107197417163
62.0 0.00881955910379 0.170731473983
60.0 0.0113143868796 0.25198103814
58.0 0.0139029695595 0.343235095697
56.0 0.0186101941923 0.431052475455
54.0 0.0194471893131 0.498956071073
52.0 0.0188550259472 0.532298325606
50.0 0.0191102056303 0.523358372564
48.0 0.0207739068391 0.474233059806
46.0 0.0184448975748 0.396033785253
44.0 0.0158902672119 0.304803645117
42.0 0.0104704941861 0.216199908211
40.0 0.00659193044677 0.141331268542
38.0 0.00361051857566 0.0851468141341
36.0 0.00285210911572 0.0472765677936
34.0 0.00122281038743 0.0241919494715
32.0 0.0021191284184 0.0114088844885
30.0 0.00241222763434 0.00495864353142
28.0 0.000665304819144 0.00198623204186
26.0 0.00233210734669 0.000733237162032
24.0 0.00198649355625 0.000249463115143
22.0 -3.18705272941e-06 7.82196023741e-05
20.0 -0.00214497893678 2.26033211619e-05
18.0 -0.00269984352575 6.01972008148e-06
16.0 -0.00341543461495 1.47750080877e-06
14.0 0.000139528773481 3.34215468801e-07
12.0 0.000281417603948 6.96743227067e-08
10.0 0.000616895906481 1.33864787756e-08
8.0 0.00115024003373 2.37032196522e-09
6.0 0.00248891488137 3.86808240422e-10
4.0 0.0029352134791 5.81743424767e-11
2.0 0.00260322128128 8.06333379115e-12
0.0 0.00114907278357 1.03001887342e-12
-2.0 0.000557838149891 1.21261550211e-13
-4.0 0.000561413430625 1.31567444317e-14
-6.0 -0.00119352645274 1.31559177782e-15
-8.0 -0.00199137951594 1.21238694635e-16
-10.0 -0.00246052925431 1.02969532766e-17
-12.0 -0.00154923655039 8.05978805905e-19
-14.0 0.000525275518081 5.81414542886e-20
-16.0 0.00170236701617 3.86540984664e-21
-18.0 0.000418243534947 2.36838660381e-22
-20.0 0.000227421610806 1.33738680024e-23
-22.0 0.000162562487346 6.95999388838e-25
-24.0 -0.000493629593635 3.3381671055e-26
-26.0 0.000391811124454 1.47555253818e-27
-28.0 -0.000483093976007 6.01102689284e-29
-30.0 -6.40481466303e-06 2.25678430944e-30
-32.0 0.00168502017056 7.808701573e-32
-34.0 0.0019132717191 2.49008967076e-33
-36.0 0.00177260473254 7.31810332738e-35
-38.0 0.000434316495069 1.98211786927e-36
-40.0 -0.000173956050272 4.94775066314e-38
-42.0 -0.000118322507795 1.13823916203e-39
-44.0 0.00184086541154 2.41327398426e-41
-46.0 -0.000660913117272 4.71549325166e-43
-48.0 -0.00177637577288 8.49170724872e-45
-50.0 -0.00384935667449 1.40932218506e-46
-52.0 -0.00175220325962 2.15562371467e-48
-54.0 0.00010261071034 3.03866627806e-50
-56.0 0.00409102147342 3.94766643408e-52
-58.0 0.00662862480533 4.72656114966e-54
-60.0 0.00741898129102 5.2155186428e-56
-62.0 0.00486858934794 5.30392180314e-58
-64.0 0.00254681508799 4.9710039955e-60
-66.0 0.000532847260727 4.29376726923e-62
-68.0 0.000363758842216 3.41806470083e-64
-70.0 0.000136222620821 2.50766458558e-66
-72.0 -0.00153864149837 1.69553204978e-68
-74.0 -0.00409630998452 1.05654974533e-70
-76.0 -0.00375884819311 6.06766067873e-73
-78.0 -0.00135308301679 3.21144148189e-75
-80.0 -2.23341218868e-05 1.56648461438e-77
-82.0 0.00161925543215 7.04205895973e-80
-84.0 0.000673134893951 2.91756544889e-82
-86.0 -0.000848566755025 1.11400992591e-84
-88.0 -0.00158065533826 3.92017318858e-87
-90.0 0.000735463712841 1.27136413453e-89
-92.0 -0.000986420055121 3.80001860664e-92
-94.0 -0.00106131479732 1.04679427831e-94
-96.0 -0.00184258158217 2.65783431077e-97
-98.0 -0.00258733381134 6.2215540244e-100
-100.0 -0.00174783248414 1.34400400412e-102
-102.0 -0.00101828145698 2.6895291771e-105
-104.0 -0.0024174529208 5.05978550946e-108
-106.0 -0.00305143927466 9.45506800001e-111
-108.0 -0.000839799101252 2.06466244253e-113
-110.0 -0.00018242546599 6.62797890948e-116
-112.0 0.00256101459634 3.03123553323e-118
-114.0 0.00256692052604 1.57428765209e-120
-116.0 0.00346380195629 8.17796987126e-123
-118.0 0.0028315207213 4.09094995802e-125
-120.0 0.00297598760936 1.95283224624e-127
-122.0 0.000918341602403 8.8775255796e-130
-124.0 -0.00071850053761 3.84166526778e-132
-126.0 -0.00305296032083 1.58237618056e-134
-128.0 -0.00449226893396 6.20376118218e-137
-130.0 -0.00365029965567 2.31501648174e-139
-132.0 -0.00293606373929 8.22254994281e-142
-134.0 -0.00235845327793 2.77979213309e-144
-136.0 -0.00151456824121 8.94481748868e-147
-138.0 -0.00014932338843 2.73958011234e-149
-140.0 -8.97180432364e-05 7.9863784283e-152
-142.0 0.00303021065094 2.21599677587e-154
-144.0 0.00184090752835 5.85250404106e-157
-146.0 0.00116515778431 1.47118632442e-159
-148.0 -0.000972977606506 3.52003510846e-162
-150.0 -0.00176539813535 8.01640536319e-165
-152.0 -0.00259381760693 1.73766359957e-167
-154.0 -0.00175826528759 3.58513155279e-170
-156.0 -0.00300255981646 7.04040832597e-173
-158.0 -0.0013033005577 1.31596384736e-175
-160.0 0.000414680931136 2.34122648146e-178
-162.0 0.000711968478123 3.96457151298e-181
-164.0 0.0006780734276 6.39002332314e-184
-166.0 -0.00135085149547 9.80306741957e-187
-168.0 -0.003235871136 1.43144575358e-189
-170.0 -0.00351056845795 1.98948724221e-192
-172.0 -0.00391884131314 2.63184786707e-195
-174.0 -0.00200506111368 3.31385699635e-198
-176.0 0.000538897796949 3.9715506359e-201
-178.0 0.000858557308983 4.53043395586e-204
-180.0 -0.00118416711535 4.91895514442e-207
-182.0 -0.00408565203762 5.08345846886e-210
-184.0 -0.00763490903646 5.00033448319e-213
-186.0 -0.00888702784348 4.68157722346e-216
-188.0 -0.00847406182439 4.17194607059e-219
-190.0 -0.00719969982871 3.53865757217e-222
-192.0 -0.00453990225682 2.85687837097e-225
-194.0 -0.00107738866387 2.19532246745e-228
-196.0 0.000526255041181 1.60567724224e-231
-198.0 0.000518676980586 1.11781913812e-234
-200.0 0.000403730056729 7.40692911865e-238
-202.0 -0.000722088740451 4.67151981519e-241
-204.0 -0.0023373449255 2.80434577477e-244
-206.0 -0.00235659893299 1.60235332342e-247
-208.0 -0.00136677304416 8.71441762335e-251
-210.0 -0.00221441641649 4.51098944864e-254
-212.0 -0.00115090393976 2.22258619517e-257
-214.0 -0.00198003466024 1.04231448396e-260
-216.0 -0.00141533355413 4.65256331359e-264
-218.0 -0.002443058655 1.97669275231e-267
-220.0 -0.000578032103666 7.993544681e-271
-222.0 -0.00197751220022 3.0767556212e-274
-224.0 -0.00136098819156 1.1271973459e-277
-226.0 -0.00230470174099 3.9306128645e-281
-228.0 -0.00250135356303 1.30458969546e-284
-230.0 -0.00481260012435 4.12136402054e-288
-232.0 -0.0033542562599 1.23925695759e-291
-234.0 -0.00201257905712 3.54678705925e-295
-236.0 -6.33556825536e-05 9.66189299832e-299
-238.0 -3.31504154508e-06 2.50520165972e-302
-240.0 0.000335086396771 6.18267640968e-306
-242.0 2.15962221275e-05 1.45232462771e-309
-244.0 0.00150840486229 3.24716416769e-313
-246.0 0.00406460870903 6.91031980695e-317
-248.0 0.00306787901912 1.39968797467e-320
-250.0 0.00170238894483 4.94065645841e-324
-252.0 0.000456233762296 0.0
-254.0 0.00122445942095 0.0
-256.0 0.00117137632196 0.0
-258.0 0.00293807167091 0.0
-260.0 0.000131436367662 0.0
-262.0 -0.000832022141894 0.0
-264.0 -0.00242515007625 0.0
-266.0 -0.00273932118974 0.0
-268.0 -0.00179755447536 0.0
-270.0 -0.001689819217 0.0
-272.0 -0.0020690610064 0.0
-274.0 -0.00108927175615 0.0
-276.0 0.000685425448907 0.0
-278.0 0.00109473926658 0.0
-280.0 0.000959330838087 0.0
-282.0 0.00194282401935 0.0
-284.0 0.00154881294559 0.0
-286.0 0.00261747414883 0.0
-288.0 0.00223947208427 0.0
-290.0 0.0020203117304 0.0
-292.0 0.00122325235837 0.0
-294.0 0.00112499234982 0.0
-296.0 -0.000721205586354 0.0
-298.0 -0.00185742437671 0.0
-300.0 -0.000688613930173 0.0
-302.0 0.000647542507807 0.0
-304.0 0.00167626087824 0.0
-306.0 0.00129164188808 0.0
-308.0 0.00206938073032 0.0
-310.0 0.00125879028681 0.0
-312.0 0.00127059700452 0.0
-314.0 0.000299005934599 0.0
-316.0 -0.000638499482138 0.0
-318.0 -0.00133789939771 0.0
-320.0 -0.0018235443097 0.0
-322.0 -0.0023046219 0.0
-324.0 -0.00113350351527 0.0
-326.0 0.00058321318655 0.0
-328.0 0.00128342288654 0.0
-330.0 0.0015176974835 0.0
-332.0 0.0010282934905 0.0
-334.0 0.000679840207509 0.0
-336.0 0.00139392304069 0.0
-338.0 0.00324137551145 0.0
-340.0 0.00302453426659 0.0
-342.0 0.00441129282612 0.0
-344.0 0.00500388447878 0.0
-346.0 0.00329953351768 0.0
-348.0 0.000683573353684 0.0
-350.0 -0.000590049625371 0.0
-352.0 -0.00116140223738 0.0
-354.0 0.00126735017606 0.0
-356.0 0.0022662861581 0.0
-358.0 0.00354947118213 0.0
-360.0 0.00348018403156 0.0
-362.0 0.0030279001641 0.0
-364.0 0.00185309914722 0.0
-366.0 0.000344335432001 0.0
-368.0 -0.00273360213726 0.0
-370.0 -0.00326864893499 0.0
-372.0 -0.00359454644605 0.0
-374.0 -0.00191780773919 0.0
-376.0 -1.21400789701e-05 0.0
-378.0 0.00235477213711 0.0
-380.0 0.0022945078535 0.0
-382.0 0.00296726613757 0.0
-384.0 0.00191247945963 0.0
-386.0 0.00191907034935 0.0
-388.0 0.00128966326618 0.0
-390.0 0.00347926375798 0.0
-392.0 0.00268760422879 0.0
-394.0 0.00282192256993 0.0
-396.0 0.000112036496158 0.0
-398.0 0.0 0.0
-400.0 0.0 0.0
