#NUMBER OF AGES=1 MAGS=10
#----------------------------------------------------       
#MIX-LEN  Y      Z          Zeff        [Fe/H] [a/Fe]
# 1.9380  0.3300 1.5308E-03 1.5308E-03  -1.00   0.00
#----------------------------------------------------       
#**PHOTOMETRIC SYSTEM**: Bessell UBV(RI)c + 2MASS JHKs + Kepler (Vega)
#----------------------------------------------------       
#AGE= 1.000 EEPS=276
#EEP   M/Mo    LogTeff  LogG   LogL/Lo U       B       V       R       I       J       H       Ks      Kp      D51     
   3  0.110696  3.5304  5.2721 -2.7149 16.7646 14.8468 13.0780 12.0587 10.9541  9.7527  9.1582  8.9644 12.1566 13.9029
   4  0.128197  3.5375  5.2159 -2.5665 16.1279 14.3356 12.6160 11.6197 10.5736  9.4017  8.8072  8.6091 11.7367 13.4166
   5  0.152464  3.5465  5.1596 -2.3992 15.4195 13.7555 12.0946 11.1233 10.1436  9.0079  8.4151  8.2135 11.2605 12.8651
   6  0.191656  3.5599  5.1081 -2.1947 14.5434 13.0267 11.4471 10.5093  9.6159  8.5323  7.9436  7.7402 10.6699 12.1750
   7  0.235299  3.5700  5.0668 -2.0238 13.8692 12.4463 10.9269 10.0146  9.1784  8.1323  7.5464  7.3429 10.1885 11.6216
   8  0.256241  3.5741  5.0460 -1.9498 13.5887 12.2022 10.7066  9.8052  8.9901  7.9586  7.3733  7.1700  9.9834 11.3873
   9  0.265086  3.5756  5.0356 -1.9184 13.4739 12.1013 10.6150  9.7179  8.9106  7.8845  7.2994  7.0962  9.8976 11.2901
  10  0.269976  3.5764  5.0286 -1.9002 13.4088 12.0438 10.5625  9.6677  8.8646  7.8414  7.2562  7.0531  9.8482 11.2345
  11  0.273314  3.5770  5.0230 -1.8871 13.3624 12.0026 10.5248  9.6316  8.8313  7.8101  7.2249  7.0218  9.8126 11.1947
  12  0.276161  3.5775  5.0179 -1.8756 13.3221 11.9668 10.4920  9.6002  8.8023  7.7827  7.1976  6.9944  9.7817 11.1601
  13  0.279489  3.5780  5.0126 -1.8629 13.2773 11.9271 10.4557  9.5655  8.7703  7.7526  7.1675  6.9643  9.7474 11.1217
  14  0.282978  3.5786  5.0071 -1.8497 13.2309 11.8859 10.4180  9.5295  8.7370  7.7212  7.1361  6.9330  9.7118 11.0818
  15  0.287524  3.5793  5.0007 -1.8334 13.1726 11.8344 10.3710  9.4846  8.6958  7.6826  7.0975  6.8944  9.6676 11.0319
  16  0.294628  3.5805  4.9921 -1.8094 13.0849 11.7571 10.3008  9.4181  8.6348  7.6259  7.0407  6.8380  9.6020 10.9572
  17  0.358675  3.5957  4.9212 -1.5924 12.2204 11.0100  9.6392  8.8043  8.0817  7.1245  6.5382  6.3452  8.9951 10.2413
  18  0.374276  3.6007  4.9004 -1.5329 11.9741 10.7961  9.4529  8.6349  7.9294  6.9886  6.4010  6.2138  8.8265 10.0386
  19  0.385310  3.6047  4.8853 -1.4893 11.7920 10.6370  9.3152  8.5105  7.8177  6.8896  6.3003  6.1184  8.7024  9.8887
  20  0.396133  3.6090  4.8705 -1.4454 11.6063 10.4744  9.1752  8.3850  7.7055  6.7904  6.1987  6.0235  8.5770  9.7359
  21  0.408089  3.6142  4.8548 -1.3961 11.3949 10.2882  9.0159  8.2435  7.5797  6.6800  6.0848  5.9184  8.4352  9.5620
  22  0.419624  3.6197  4.8402 -1.3470 11.1823 10.0989  8.8551  8.1019  7.4548  6.5710  5.9715  5.8154  8.2929  9.3866
  23  0.430459  3.6255  4.8273 -1.3001 10.9799  9.9156  8.7000  7.9662  7.3358  6.4673  5.8641  5.7185  8.1563  9.2182
  24  0.440626  3.6312  4.8162 -1.2560 10.7910  9.7417  8.5532  7.8383  7.2244  6.3704  5.7647  5.6289  8.0273  9.0597
  25  0.450087  3.6368  4.8071 -1.2154 10.6101  9.5760  8.4145  7.7189  7.1217  6.2820  5.6761  5.5494  7.9066  8.9096
  26  0.458375  3.6419  4.8001 -1.1800 10.4446  9.4268  8.2909  7.6137  7.0322  6.2062  5.6021  5.4831  7.7998  8.7748
  27  0.465131  3.6464  4.7953 -1.1506 10.3007  9.3005  8.1870  7.5261  6.9581  6.1442  5.5435  5.4305  7.7105  8.6601
  28  0.471190  3.6507  4.7915 -1.1243 10.1663  9.1860  8.0932  7.4474  6.8916  6.0892  5.4929  5.3849  7.6301  8.5549
  29  0.477241  3.6550  4.7881 -1.0980 10.0255  9.0704  7.9988  7.3688  6.8251  6.0350  5.4446  5.3413  7.5494  8.4468
  30  0.484449  3.6602  4.7847 -1.0672  9.8510  8.9334  7.8874  7.2765  6.7470  5.9724  5.3907  5.2927  7.4544  8.3158
  31  0.494580  3.6675  4.7806 -1.0249  9.5991  8.7460  7.7351  7.1510  6.6397  5.8880  5.3208  5.2293  7.3245  8.1322
  32  0.510454  3.6787  4.7742 -0.9600  9.2001  8.4661  7.5066  6.9621  6.4753  5.7607  5.2210  5.1376  7.1282  7.8501
  33  0.535307  3.6964  4.7654 -0.8600  8.5502  8.0461  7.1674  6.6800  6.2265  5.5732  5.0836  5.0101  6.8340  7.4293
  34  0.571040  3.7196  4.7508 -0.7244  7.7923  7.5239  6.7441  6.3125  5.8984  5.3208  4.8940  4.8312  6.4536  6.9432
  35  0.744249  3.8000  4.6303 -0.1674  5.4837  5.7074  5.2552  4.9669  4.6740  4.3021  4.0311  4.0058  5.0631  5.3549
  36  0.759469  3.8052  4.6176 -0.1251  5.3535  5.5840  5.1478  4.8678  4.5828  4.2225  3.9610  3.9375  4.9611  5.2432
  37  0.773365  3.8096  4.6058 -0.0877  5.2412  5.4763  5.0529  4.7799  4.5015  4.1512  3.8978  3.8756  4.8707  5.1447
  38  0.788170  3.8141  4.5931 -0.0486  5.1260  5.3646  4.9537  4.6880  4.4165  4.0764  3.8312  3.8105  4.7763  5.0419
  39  0.805661  3.8195  4.5781 -0.0026  4.9934  5.2333  4.8370  4.5798  4.3166  3.9884  3.7532  3.7340  4.6652  4.9210
  40  0.823094  3.8248  4.5624  0.0436  4.8639  5.1019  4.7193  4.4707  4.2160  3.8994  3.6746  3.6564  4.5531  4.7990
  41  0.844556  3.8313  4.5439  0.0993  4.7099  4.9439  4.5777  4.3399  4.0957  3.7932  3.5808  3.5641  4.4185  4.6523
  42  0.881611  3.8428  4.5174  0.1905  4.4634  4.6842  4.3445  4.1254  3.9002  3.6230  3.4337  3.4184  4.1975  4.4102
  43  0.910947  3.8521  4.4989  0.2604  4.2833  4.4828  4.1652  3.9630  3.7548  3.4965  3.3264  3.3122  4.0291  4.2234
  44  0.929363  3.8580  4.4876  0.3038  4.1732  4.3577  4.0537  3.8623  3.6649  3.4184  3.2605  3.2468  3.9244  4.1071
  45  0.945336  3.8632  4.4788  0.3410  4.0742  4.2523  3.9578  3.7742  3.5855  3.3512  3.2047  3.1903  3.8337  4.0076
  46  0.961148  3.8687  4.4719  0.3771  3.9782  4.1495  3.8645  3.6891  3.5096  3.2879  3.1532  3.1381  3.7458  3.9105
  47  0.976370  3.8743  4.4666  0.4114  3.8935  4.0493  3.7761  3.6111  3.4425  3.2318  3.1084  3.0935  3.6640  3.8177
  48  0.990335  3.8796  4.4631  0.4424  3.8180  3.9580  3.6962  3.5415  3.3837  3.1831  3.0703  3.0557  3.5905  3.7335
  49  1.002693  3.8845  4.4610  0.4696  3.7478  3.8792  3.6262  3.4795  3.3306  3.1403  3.0372  3.0224  3.5256  3.6602
  50  1.013762  3.8892  4.4603  0.4937  3.6832  3.8097  3.5643  3.4244  3.2833  3.1030  3.0091  2.9938  3.4680  3.5955
  51  1.024142  3.8937  4.4604  0.5161  3.6238  3.7452  3.5070  3.3740  3.2408  3.0699  2.9845  2.9690  3.4151  3.5356
  52  1.031339  3.8969  4.4606  0.5316  3.5842  3.7006  3.4680  3.3401  3.2128  3.0481  2.9684  2.9529  3.3793  3.4945
  53  1.038531  3.9000  4.4610  0.5469  3.5452  3.6565  3.4294  3.3068  3.1855  3.0267  2.9526  2.9373  3.3440  3.4538
  54  1.045800  3.9032  4.4613  0.5624  3.5063  3.6122  3.3908  3.2737  3.1584  3.0055  2.9368  2.9216  3.3087  3.4132
  55  1.053189  3.9064  4.4613  0.5780  3.4669  3.5674  3.3519  3.2401  3.1309  2.9839  2.9208  2.9056  3.2730  3.3721
  56  1.060711  3.9096  4.4614  0.5938  3.4271  3.5221  3.3125  3.2062  3.1032  2.9621  2.9047  2.8895  3.2369  3.3306
  57  1.068300  3.9128  4.4614  0.6097  3.3869  3.4768  3.2730  3.1722  3.0755  2.9404  2.8885  2.8734  3.2008  3.2891
  58  1.075895  3.9160  4.4614  0.6255  3.3466  3.4323  3.2340  3.1384  3.0481  2.9187  2.8723  2.8573  3.1650  3.2480
  59  1.083417  3.9191  4.4613  0.6410  3.3069  3.3888  3.1960  3.1055  3.0213  2.8973  2.8562  2.8413  3.1301  3.2081
  60  1.090851  3.9221  4.4612  0.6564  3.2680  3.3466  3.1592  3.0737  2.9954  2.8765  2.8401  2.8253  3.0963  3.1695
  61  1.098104  3.9250  4.4609  0.6712  3.2307  3.3060  3.1243  3.0435  2.9706  2.8566  2.8245  2.8098  3.0641  3.1327
  62  1.105255  3.9279  4.4605  0.6858  3.1947  3.2665  3.0911  3.0149  2.9468  2.8376  2.8094  2.7947  3.0333  3.0977
  63  1.112325  3.9307  4.4600  0.7002  3.1598  3.2280  3.0594  2.9878  2.9240  2.8194  2.7946  2.7800  3.0037  3.0641
  64  1.119350  3.9334  4.4594  0.7144  3.1258  3.1905  3.0288  2.9616  2.9018  2.8016  2.7799  2.7653  2.9750  3.0316
  65  1.126401  3.9361  4.4588  0.7286  3.0918  3.1538  2.9988  2.9357  2.8799  2.7840  2.7652  2.7505  2.9468  2.9998
  66  1.133474  3.9387  4.4580  0.7427  3.0580  3.1176  2.9692  2.9102  2.8580  2.7663  2.7502  2.7356  2.9190  2.9686
  67  1.140557  3.9414  4.4571  0.7569  3.0242  3.0821  2.9401  2.8849  2.8362  2.7485  2.7350  2.7205  2.8914  2.9378
  68  1.147710  3.9440  4.4560  0.7711  2.9901  3.0472  2.9109  2.8593  2.8141  2.7303  2.7193  2.7051  2.8638  2.9073
  69  1.154839  3.9465  4.4548  0.7852  2.9561  3.0129  2.8822  2.8339  2.7921  2.7121  2.7034  2.6895  2.8365  2.8772
  70  1.162086  3.9491  4.4534  0.7994  2.9218  2.9790  2.8534  2.8083  2.7697  2.6935  2.6871  2.6735  2.8092  2.8472
  71  1.169259  3.9515  4.4519  0.8134  2.8879  2.9458  2.8251  2.7830  2.7475  2.6749  2.6706  2.6574  2.7822  2.8178
  72  1.176429  3.9539  4.4502  0.8273  2.8541  2.9132  2.7972  2.7579  2.7253  2.6562  2.6539  2.6410  2.7555  2.7888
  73  1.183609  3.9562  4.4483  0.8411  2.8205  2.8811  2.7695  2.7328  2.7030  2.6372  2.6368  2.6243  2.7290  2.7602
  74  1.190716  3.9585  4.4462  0.8547  2.7872  2.8496  2.7423  2.7079  2.6807  2.6182  2.6196  2.6074  2.7027  2.7321
  75  1.197838  3.9606  4.4439  0.8683  2.7541  2.8185  2.7152  2.6831  2.6584  2.5988  2.6019  2.5900  2.6766  2.7042
  76  1.204939  3.9627  4.4413  0.8817  2.7213  2.7879  2.6883  2.6583  2.6359  2.5792  2.5838  2.5724  2.6506  2.6767
  77  1.212038  3.9646  4.4384  0.8950  2.6887  2.7575  2.6615  2.6334  2.6132  2.5592  2.5653  2.5542  2.6247  2.6492
  78  1.219137  3.9665  4.4352  0.9082  2.6562  2.7275  2.6348  2.6084  2.5903  2.5389  2.5464  2.5356  2.5987  2.6219
  79  1.226226  3.9683  4.4317  0.9213  2.6240  2.6977  2.6081  2.5834  2.5672  2.5182  2.5269  2.5165  2.5727  2.5947
  80  1.233279  3.9700  4.4279  0.9343  2.5920  2.6683  2.5816  2.5584  2.5439  2.4972  2.5070  2.4970  2.5468  2.5677
  81  1.240447  3.9715  4.4238  0.9473  2.5600  2.6387  2.5548  2.5329  2.5201  2.4755  2.4864  2.4767  2.5206  2.5404
  82  1.245222  3.9726  4.4208  0.9560  2.5385  2.6188  2.5367  2.5157  2.5039  2.4606  2.4722  2.4627  2.5028  2.5220
  83  1.249999  3.9735  4.4177  0.9646  2.5171  2.5991  2.5186  2.4984  2.4876  2.4456  2.4578  2.4485  2.4851  2.5037
  84  1.254731  3.9744  4.4144  0.9732  2.4961  2.5796  2.5006  2.4812  2.4714  2.4305  2.4433  2.4342  2.4674  2.4855
  85  1.259399  3.9753  4.4111  0.9815  2.4753  2.5603  2.4828  2.4641  2.4551  2.4154  2.4287  2.4198  2.4499  2.4674
  86  1.263995  3.9761  4.4076  0.9898  2.4547  2.5412  2.4651  2.4471  2.4389  2.4002  2.4140  2.4053  2.4325  2.4495
  87  1.268673  3.9769  4.4041  0.9981  2.4343  2.5221  2.4474  2.4300  2.4227  2.3850  2.3993  2.3907  2.4151  2.4316
  88  1.273216  3.9776  4.4003  1.0062  2.4140  2.5032  2.4297  2.4129  2.4062  2.3695  2.3842  2.3758  2.3976  2.4137
  89  1.277810  3.9782  4.3964  1.0144  2.3937  2.4841  2.4118  2.3955  2.3895  2.3536  2.3688  2.3605  2.3799  2.3957
  90  1.282378  3.9789  4.3923  1.0225  2.3734  2.4649  2.3938  2.3780  2.3727  2.3375  2.3530  2.3449  2.3620  2.3775
  91  1.286960  3.9794  4.3880  1.0307  2.3531  2.4457  2.3756  2.3602  2.3555  2.3211  2.3369  2.3290  2.3440  2.3591
  92  1.291556  3.9800  4.3835  1.0389  2.3326  2.4262  2.3572  2.3423  2.3381  2.3044  2.3205  2.3127  2.3258  2.3406
  93  1.296175  3.9805  4.3789  1.0471  2.3121  2.4066  2.3385  2.3240  2.3204  2.2873  2.3038  2.2961  2.3073  2.3218
  94  1.300808  3.9810  4.3741  1.0554  2.2914  2.3869  2.3197  2.3056  2.3025  2.2700  2.2867  2.2792  2.2886  2.3029
  95  1.305161  3.9814  4.3695  1.0633  2.2718  2.3681  2.3018  2.2881  2.2855  2.2535  2.2705  2.2631  2.2709  2.2849
  96  1.309132  3.9818  4.3651  1.0705  2.2536  2.3507  2.2851  2.2717  2.2695  2.2380  2.2552  2.2479  2.2543  2.2681
  97  1.312805  3.9822  4.3609  1.0774  2.2364  2.3342  2.2693  2.2562  2.2544  2.2233  2.2407  2.2335  2.2386  2.2522
  98  1.316268  3.9825  4.3569  1.0840  2.2199  2.3183  2.2542  2.2414  2.2400  2.2093  2.2269  2.2198  2.2236  2.2370
  99  1.319596  3.9829  4.3529  1.0905  2.2037  2.3029  2.2394  2.2269  2.2259  2.1956  2.2135  2.2065  2.2090  2.2221
 100  1.322883  3.9833  4.3491  1.0970  2.1874  2.2875  2.2247  2.2125  2.2119  2.1822  2.2002  2.1933  2.1944  2.2074
 101  1.326227  3.9838  4.3455  1.1036  2.1708  2.2719  2.2101  2.1982  2.1981  2.1690  2.1872  2.1805  2.1799  2.1926
 102  1.329719  3.9844  4.3422  1.1106  2.1534  2.2560  2.1952  2.1838  2.1843  2.1559  2.1745  2.1679  2.1652  2.1776
 103  1.333389  3.9852  4.3391  1.1180  2.1351  2.2394  2.1798  2.1690  2.1701  2.1427  2.1617  2.1552  2.1500  2.1621
 104  1.337405  3.9861  4.3360  1.1260  2.1152  2.2217  2.1635  2.1533  2.1552  2.1289  2.1483  2.1421  2.1340  2.1456
 105  1.342026  3.9873  4.3330  1.1352  2.0926  2.2019  2.1455  2.1360  2.1389  2.1140  2.1341  2.1281  2.1163  2.1273
 106  1.347414  3.9884  4.3286  1.1457  2.0666  2.1786  2.1240  2.1152  2.1189  2.0954  2.1160  2.1103  2.0950  2.1056
 107  1.368114  3.9897  4.3024  1.1839  1.9705  2.0856  2.0339  2.0261  2.0314  2.0094  2.0306  2.0254  2.0052  2.0151
 108  1.398784  3.9907  4.2581  1.2418  1.8241  1.9412  1.8925  1.8859  1.8928  1.8718  1.8934  1.8888  1.8643  1.8736
 109  1.404280  3.9923  4.2556  1.2526  1.7976  1.9192  1.8729  1.8672  1.8752  1.8562  1.8785  1.8743  1.8450  1.8536
 110  1.407538  3.9941  4.2563  1.2599  1.7799  1.9065  1.8625  1.8577  1.8669  1.8501  1.8731  1.8693  1.8349  1.8429
 111  1.409575  3.9960  4.2587  1.2655  1.7665  1.8984  1.8567  1.8529  1.8632  1.8487  1.8725  1.8691  1.8295  1.8369
 112  1.410800  3.9975  4.2612  1.2695  1.7572  1.8937  1.8538  1.8507  1.8620  1.8493  1.8737  1.8707  1.8268  1.8337
 113  1.411869  3.9991  4.2642  1.2734  1.7482  1.8895  1.8517  1.8494  1.8616  1.8510  1.8760  1.8733  1.8250  1.8314
 114  1.412759  4.0009  4.2677  1.2774  1.7391  1.8860  1.8504  1.8489  1.8621  1.8536  1.8793  1.8771  1.8239  1.8297
 115  1.413500  4.0028  4.2717  1.2813  1.7301  1.8829  1.8497  1.8490  1.8632  1.8571  1.8834  1.8817  1.8234  1.8287
 116  1.414144  4.0049  4.2760  1.2853  1.7212  1.8803  1.8495  1.8497  1.8649  1.8613  1.8883  1.8870  1.8235  1.8283
 117  1.414642  4.0069  4.2804  1.2893  1.7123  1.8778  1.8495  1.8505  1.8667  1.8655  1.8932  1.8924  1.8237  1.8279
 118  1.415075  4.0090  4.2849  1.2932  1.7035  1.8757  1.8498  1.8516  1.8689  1.8702  1.8985  1.8983  1.8242  1.8280
 119  1.415372  4.0111  4.2893  1.2972  1.6949  1.8737  1.8502  1.8528  1.8710  1.8748  1.9038  1.9040  1.8248  1.8281
 120  1.415532  4.0132  4.2939  1.3011  1.6867  1.8721  1.8509  1.8543  1.8735  1.8797  1.9094  1.9101  1.8257  1.8285
 121  1.415478  4.0153  4.2984  1.3049  1.6789  1.8709  1.8518  1.8560  1.8762  1.8849  1.9152  1.9164  1.8269  1.8292
 122  1.415311  4.0172  4.3024  1.3087  1.6711  1.8692  1.8522  1.8571  1.8782  1.8891  1.9201  1.9217  1.8275  1.8293
 123  1.415097  4.0190  4.3058  1.3125  1.6632  1.8670  1.8518  1.8574  1.8794  1.8923  1.9238  1.9259  1.8273  1.8288
 124  1.414859  4.0207  4.3084  1.3163  1.6552  1.8641  1.8506  1.8568  1.8795  1.8942  1.9262  1.9287  1.8262  1.8273
 125  1.414617  4.0221  4.3103  1.3202  1.6469  1.8604  1.8484  1.8550  1.8784  1.8948  1.9272  1.9300  1.8241  1.8249
 126  1.414403  4.0233  4.3110  1.3242  1.6380  1.8552  1.8444  1.8515  1.8754  1.8931  1.9258  1.9289  1.8203  1.8208
 127  1.414310  4.0235  4.3074  1.3283  1.6276  1.8454  1.8348  1.8420  1.8660  1.8838  1.9167  1.9198  1.8107  1.8113
 128  1.414219  4.0226  4.3000  1.3324  1.6164  1.8316  1.8204  1.8273  1.8510  1.8679  1.9005  1.9035  1.7962  1.7969
 129  1.414159  4.0214  4.2909  1.3364  1.6047  1.8161  1.8037  1.8102  1.8336  1.8490  1.8812  1.8840  1.7795  1.7804
 130  1.414255  4.0203  4.2824  1.3406  1.5929  1.8008  1.7876  1.7938  1.8167  1.8309  1.8627  1.8652  1.7632  1.7644
 131  1.414669  4.0193  4.2749  1.3445  1.5820  1.7871  1.7731  1.7790  1.8015  1.8147  1.8462  1.8486  1.7487  1.7500
 132  1.415265  4.0186  4.2686  1.3480  1.5723  1.7751  1.7605  1.7661  1.7884  1.8007  1.8320  1.8343  1.7360  1.7375
 133  1.415948  4.0180  4.2631  1.3512  1.5635  1.7644  1.7492  1.7547  1.7768  1.7884  1.8194  1.8216  1.7247  1.7263
 134  1.416681  4.0175  4.2584  1.3541  1.5554  1.7548  1.7392  1.7445  1.7665  1.7774  1.8083  1.8104  1.7147  1.7164
 135  1.417430  4.0171  4.2542  1.3571  1.5476  1.7458  1.7300  1.7352  1.7570  1.7675  1.7983  1.8003  1.7054  1.7072
 136  1.418198  4.0168  4.2505  1.3599  1.5400  1.7374  1.7214  1.7265  1.7482  1.7585  1.7891  1.7911  1.6968  1.6986
 137  1.418986  4.0165  4.2468  1.3627  1.5327  1.7292  1.7130  1.7181  1.7397  1.7496  1.7801  1.7821  1.6884  1.6903
 138  1.419793  4.0163  4.2432  1.3654  1.5255  1.7212  1.7048  1.7097  1.7313  1.7409  1.7713  1.7732  1.6801  1.6821
 139  1.420617  4.0160  4.2397  1.3681  1.5184  1.7133  1.6967  1.7016  1.7231  1.7323  1.7627  1.7646  1.6720  1.6740
 140  1.421458  4.0158  4.2365  1.3709  1.5113  1.7056  1.6889  1.6937  1.7152  1.7242  1.7545  1.7564  1.6642  1.6663
 141  1.422319  4.0156  4.2333  1.3736  1.5041  1.6979  1.6810  1.6858  1.7073  1.7160  1.7463  1.7481  1.6564  1.6585
 142  1.423197  4.0155  4.2301  1.3763  1.4970  1.6902  1.6733  1.6781  1.6994  1.7080  1.7382  1.7400  1.6486  1.6507
 143  1.424090  4.0153  4.2270  1.3791  1.4898  1.6825  1.6655  1.6702  1.6916  1.7000  1.7301  1.7319  1.6408  1.6430
 144  1.424996  4.0151  4.2238  1.3819  1.4825  1.6747  1.6576  1.6623  1.6836  1.6918  1.7218  1.7236  1.6329  1.6351
 145  1.425917  4.0149  4.2205  1.3848  1.4751  1.6667  1.6496  1.6542  1.6755  1.6834  1.7134  1.7152  1.6249  1.6271
 146  1.426858  4.0147  4.2170  1.3876  1.4676  1.6586  1.6413  1.6459  1.6671  1.6748  1.7047  1.7065  1.6166  1.6188
 147  1.427818  4.0145  4.2136  1.3905  1.4600  1.6503  1.6329  1.6374  1.6586  1.6660  1.6958  1.6976  1.6082  1.6105
 148  1.428798  4.0143  4.2100  1.3935  1.4523  1.6419  1.6243  1.6288  1.6499  1.6570  1.6867  1.6884  1.5996  1.6019
 149  1.429798  4.0140  4.2063  1.3965  1.4445  1.6333  1.6156  1.6200  1.6410  1.6479  1.6775  1.6791  1.5908  1.5932
 150  1.430818  4.0138  4.2025  1.3995  1.4366  1.6246  1.6067  1.6110  1.6320  1.6385  1.6680  1.6697  1.5819  1.5843
 151  1.431856  4.0135  4.1987  1.4025  1.4286  1.6157  1.5976  1.6019  1.6228  1.6290  1.6584  1.6600  1.5728  1.5753
 152  1.432913  4.0132  4.1947  1.4056  1.4204  1.6066  1.5883  1.5925  1.6133  1.6192  1.6485  1.6500  1.5635  1.5661
 153  1.433986  4.0129  4.1906  1.4088  1.4122  1.5974  1.5789  1.5830  1.6037  1.6091  1.6383  1.6398  1.5541  1.5566
 154  1.435077  4.0126  4.1865  1.4120  1.4038  1.5880  1.5692  1.5733  1.5939  1.5989  1.6280  1.6295  1.5444  1.5471
 155  1.436180  4.0122  4.1821  1.4152  1.3953  1.5784  1.5594  1.5633  1.5838  1.5884  1.6173  1.6187  1.5345  1.5372
 156  1.437299  4.0118  4.1777  1.4184  1.3867  1.5686  1.5493  1.5531  1.5735  1.5776  1.6065  1.6078  1.5244  1.5272
 157  1.438429  4.0114  4.1731  1.4217  1.3780  1.5586  1.5390  1.5427  1.5629  1.5666  1.5953  1.5966  1.5141  1.5170
 158  1.439569  4.0110  4.1684  1.4251  1.3692  1.5483  1.5284  1.5320  1.5521  1.5552  1.5837  1.5849  1.5035  1.5064
 159  1.440718  4.0105  4.1635  1.4285  1.3602  1.5380  1.5177  1.5211  1.5411  1.5437  1.5720  1.5731  1.4927  1.4958
 160  1.441874  4.0100  4.1585  1.4319  1.3512  1.5273  1.5067  1.5100  1.5298  1.5318  1.5599  1.5610  1.4817  1.4848
 161  1.443037  4.0095  4.1533  1.4353  1.3421  1.5165  1.4955  1.4986  1.5182  1.5196  1.5476  1.5485  1.4704  1.4736
 162  1.445607  4.0083  4.1414  1.4430  1.3216  1.4920  1.4699  1.4727  1.4919  1.4917  1.5193  1.5200  1.4448  1.4483
 163  1.448197  4.0068  4.1287  1.4509  1.3008  1.4666  1.4433  1.4456  1.4643  1.4623  1.4894  1.4898  1.4180  1.4218
 164  1.450796  4.0052  4.1150  1.4588  1.2797  1.4401  1.4155  1.4173  1.4353  1.4314  1.4579  1.4580  1.3901  1.3942
 165  1.453371  4.0034  4.1005  1.4668  1.2584  1.4128  1.3865  1.3878  1.4051  1.3989  1.4247  1.4244  1.3610  1.3655
 166  1.455894  4.0013  4.0850  1.4748  1.2370  1.3847  1.3565  1.3571  1.3735  1.3647  1.3898  1.3891  1.3308  1.3357
 167  1.458344  3.9990  4.0684  1.4827  1.2156  1.3557  1.3254  1.3251  1.3405  1.3288  1.3530  1.3518  1.2995  1.3049
 168  1.460702  3.9963  4.0506  1.4906  1.1943  1.3259  1.2933  1.2920  1.3060  1.2910  1.3141  1.3124  1.2669  1.2731
 169  1.462957  3.9933  4.0314  1.4984  1.1732  1.2953  1.2600  1.2575  1.2699  1.2511  1.2730  1.2706  1.2332  1.2403
 170  1.465097  3.9899  4.0108  1.5059  1.1527  1.2640  1.2255  1.2215  1.2321  1.2089  1.2293  1.2262  1.1982  1.2063
 171  1.467114  3.9860  3.9885  1.5132  1.1330  1.2323  1.1901  1.1844  1.1926  1.1644  1.1830  1.1790  1.1621  1.1715
 172  1.469002  3.9816  3.9645  1.5202  1.1146  1.2003  1.1538  1.1461  1.1514  1.1175  1.1337  1.1289  1.1250  1.1359
 173  1.470757  3.9767  3.9388  1.5269  1.0975  1.1686  1.1170  1.1067  1.1086  1.0681  1.0817  1.0758  1.0871  1.0999
 174  1.472377  3.9713  3.9113  1.5331  1.0822  1.1375  1.0798  1.0665  1.0644  1.0164  1.0268  1.0198  1.0486  1.0637
 175  1.473866  3.9653  3.8823  1.5387  1.0690  1.1077  1.0431  1.0261  1.0193  0.9629  0.9697  0.9614  1.0103  1.0282
 176  1.475225  3.9589  3.8519  1.5439  1.0580  1.0796  1.0074  0.9862  0.9739  0.9081  0.9106  0.9009  0.9727  0.9938
 177  1.476464  3.9521  3.8204  1.5484  1.0486  1.0542  0.9735  0.9472  0.9284  0.8524  0.8499  0.8387  0.9364  0.9616
 178  1.477591  3.9449  3.7881  1.5523  1.0407  1.0323  0.9422  0.9095  0.8829  0.7961  0.7877  0.7751  0.9020  0.9324
 179  1.478615  3.9374  3.7552  1.5556  1.0357  1.0148  0.9140  0.8740  0.8385  0.7399  0.7247  0.7109  0.8702  0.9068
 180  1.479547  3.9297  3.7220  1.5583  1.0336  1.0025  0.8894  0.8408  0.7956  0.6844  0.6614  0.6464  0.8414  0.8851
 181  1.480397  3.9218  3.6886  1.5605  1.0330  0.9992  0.8693  0.8095  0.7526  0.6287  0.5974  0.5814  0.8158  0.8694
 182  1.481257  3.9129  3.6514  1.5623  1.0330  1.0086  0.8528  0.7768  0.7048  0.5666  0.5251  0.5085  0.7917  0.8599
 183  1.482084  3.9034  3.6121  1.5636  1.0378  1.0213  0.8422  0.7494  0.6607  0.5052  0.4510  0.4335  0.7724  0.8561
 184  1.482876  3.8932  3.5708  1.5643  1.0477  1.0380  0.8377  0.7274  0.6199  0.4452  0.3750  0.3567  0.7579  0.8585
 185  1.483631  3.8824  3.5279  1.5643  1.0603  1.0620  0.8382  0.7088  0.5809  0.3853  0.2959  0.2770  0.7472  0.8667
 186  1.484346  3.8711  3.4835  1.5637  1.0767  1.0910  0.8436  0.6942  0.5444  0.3259  0.2153  0.1956  0.7403  0.8801
 187  1.485024  3.8593  3.4378  1.5625  1.0970  1.1259  0.8534  0.6830  0.5105  0.2672  0.1333  0.1129  0.7370  0.8986
 188  1.485677  3.8473  3.3921  1.5604  1.1233  1.1644  0.8668  0.6761  0.4814  0.2116  0.0530  0.0316  0.7374  0.9209
 189  1.486312  3.8355  3.3482  1.5574  1.1548  1.2080  0.8841  0.6731  0.4567  0.1600 -0.0235 -0.0460  0.7416  0.9473
 190  1.486923  3.8241  3.3068  1.5534  1.1918  1.2558  0.9047  0.6739  0.4367  0.1138 -0.0942 -0.1178  0.7492  0.9769
 191  1.487527  3.8135  3.2693  1.5483  1.2349  1.3062  0.9282  0.6789  0.4227  0.0746 -0.1567 -0.1816  0.7606  1.0091
 192  1.488145  3.8040  3.2382  1.5419  1.2829  1.3578  0.9547  0.6891  0.4163  0.0452 -0.2073 -0.2334  0.7763  1.0434
 193  1.488778  3.7962  3.2154  1.5337  1.3331  1.4091  0.9838  0.7049  0.4186  0.0285 -0.2412 -0.2686  0.7965  1.0791
 194  1.489389  3.7897  3.1992  1.5240  1.3840  1.4603  1.0162  0.7263  0.4288  0.0221 -0.2626 -0.2909  0.8215  1.1167
 195  1.489960  3.7842  3.1883  1.5131  1.4340  1.5134  1.0511  0.7512  0.4436  0.0238 -0.2727 -0.3027  0.8498  1.1564
 196  1.490487  3.7795  3.1815  1.5012  1.4844  1.5707  1.0872  0.7764  0.4595  0.0307 -0.2741 -0.3071  0.8790  1.1978
 197  1.490979  3.7753  3.1775  1.4886  1.5399  1.6239  1.1240  0.8054  0.4813  0.0419 -0.2729 -0.3071  0.9106  1.2388
 198  1.491453  3.7716  3.1756  1.4756  1.5979  1.6744  1.1611  0.8366  0.5067  0.0561 -0.2692 -0.3036  0.9437  1.2793
 199  1.491933  3.7681  3.1743  1.4630  1.6530  1.7236  1.1974  0.8670  0.5314  0.0713 -0.2623 -0.2977  0.9760  1.3188
 200  1.492424  3.7648  3.1729  1.4516  1.7039  1.7692  1.2304  0.8943  0.5533  0.0849 -0.2556 -0.2922  1.0052  1.3547
 201  1.492926  3.7618  3.1711  1.4414  1.7523  1.8115  1.2606  0.9191  0.5729  0.0967 -0.2504 -0.2882  1.0317  1.3877
 202  1.493474  3.7587  3.1685  1.4320  1.7999  1.8518  1.2884  0.9416  0.5904  0.1062 -0.2476 -0.2865  1.0560  1.4185
 203  1.494137  3.7555  3.1634  1.4244  1.8458  1.8890  1.3123  0.9598  0.6033  0.1107 -0.2502 -0.2903  1.0760  1.4455
 204  1.494976  3.7523  3.1539  1.4214  1.8815  1.9148  1.3249  0.9668  0.6050  0.1039 -0.2641 -0.3055  1.0848  1.4611
 205  1.495872  3.7498  3.1407  1.4246  1.8974  1.9217  1.3211  0.9586  0.5926  0.0844 -0.2893 -0.3317  1.0779  1.4597
 206  1.496709  3.7479  3.1264  1.4316  1.8982  1.9151  1.3068  0.9410  0.5720  0.0586 -0.3194 -0.3625  1.0614  1.4472
 207  1.497486  3.7464  3.1122  1.4403  1.8910  1.9018  1.2875  0.9193  0.5479  0.0304 -0.3511 -0.3946  1.0404  1.4293
 208  1.498220  3.7452  3.0981  1.4498  1.8796  1.8851  1.2659  0.8957  0.5224  0.0014 -0.3829 -0.4268  1.0174  1.4088
 209  1.498929  3.7442  3.0843  1.4596  1.8659  1.8666  1.2430  0.8711  0.4961 -0.0279 -0.4147 -0.4590  0.9933  1.3870
 210  1.499620  3.7432  3.0705  1.4698  1.8506  1.8468  1.2193  0.8457  0.4692 -0.0575 -0.4466 -0.4913  0.9684  1.3642
 211  1.500298  3.7424  3.0568  1.4802  1.8340  1.8260  1.1949  0.8198  0.4419 -0.0874 -0.4786 -0.5235  0.9430  1.3406
 212  1.500965  3.7415  3.0431  1.4908  1.8165  1.8045  1.1699  0.7934  0.4142 -0.1174 -0.5105 -0.5558  0.9170  1.3165
 213  1.501625  3.7408  3.0295  1.5015  1.7981  1.7824  1.1446  0.7668  0.3863 -0.1475 -0.5424 -0.5880  0.8908  1.2919
 214  1.502277  3.7401  3.0160  1.5123  1.7792  1.7599  1.1189  0.7398  0.3581 -0.1778 -0.5743 -0.6202  0.8642  1.2670
 215  1.502922  3.7394  3.0025  1.5232  1.7599  1.7371  1.0930  0.7126  0.3297 -0.2081 -0.6060 -0.6523  0.8374  1.2418
 216  1.503562  3.7387  2.9890  1.5341  1.7405  1.7142  1.0670  0.6852  0.3011 -0.2386 -0.6378 -0.6845  0.8104  1.2165
 217  1.503752  3.7385  2.9849  1.5374  1.7348  1.7074  1.0592  0.6770  0.2925 -0.2477 -0.6474 -0.6942  0.8023  1.2089
 218  1.503942  3.7383  2.9809  1.5407  1.7289  1.7004  1.0513  0.6687  0.2839 -0.2568 -0.6569 -0.7038  0.7942  1.2013
 219  1.504132  3.7380  2.9768  1.5440  1.7230  1.6935  1.0434  0.6605  0.2753 -0.2660 -0.6665 -0.7135  0.7860  1.1936
 220  1.504321  3.7378  2.9727  1.5473  1.7171  1.6866  1.0356  0.6522  0.2667 -0.2752 -0.6761 -0.7232  0.7779  1.1860
 221  1.504510  3.7376  2.9687  1.5507  1.7112  1.6796  1.0277  0.6439  0.2580 -0.2844 -0.6856 -0.7329  0.7697  1.1783
 222  1.504698  3.7374  2.9646  1.5540  1.7052  1.6726  1.0198  0.6356  0.2494 -0.2936 -0.6952 -0.7426  0.7615  1.1706
 223  1.504886  3.7373  2.9606  1.5573  1.6992  1.6656  1.0118  0.6273  0.2407 -0.3028 -0.7047 -0.7522  0.7533  1.1629
 224  1.505074  3.7371  2.9565  1.5607  1.6932  1.6585  1.0039  0.6189  0.2320 -0.3120 -0.7144 -0.7620  0.7451  1.1551
 225  1.505260  3.7369  2.9524  1.5640  1.6871  1.6514  0.9959  0.6106  0.2233 -0.3212 -0.7240 -0.7717  0.7368  1.1473
 226  1.505447  3.7367  2.9483  1.5674  1.6811  1.6444  0.9879  0.6022  0.2146 -0.3305 -0.7336 -0.7814  0.7286  1.1396
 227  1.507448  3.7346  2.9036  1.6044  1.6132  1.5653  0.8994  0.5097  0.1185 -0.4323 -0.8395 -0.8885  0.6373  1.0533
 228  1.509365  3.7326  2.8590  1.6418  1.5443  1.4852  0.8103  0.4169  0.0222 -0.5341 -0.9456 -0.9955  0.5455  0.9663
 229  1.511137  3.7308  2.8156  1.6782  1.4765  1.4064  0.7232  0.3264 -0.0715 -0.6333 -1.0491 -1.0999  0.4560  0.8812
 230  1.512934  3.7288  2.7693  1.7172  1.4041  1.3219  0.6302  0.2298 -0.1714 -0.7392 -1.1599 -1.2113  0.3605  0.7902
 231  1.514488  3.7271  2.7270  1.7529  1.3377  1.2445  0.5450  0.1414 -0.2627 -0.8361 -1.2613 -1.3133  0.2730  0.7069
 232  1.516031  3.7253  2.6830  1.7901  1.2691  1.1641  0.4565  0.0498 -0.3575 -0.9367 -1.3667 -1.4192  0.1822  0.6204
 233  1.517377  3.7236  2.6428  1.8242  1.2060  1.0902  0.3754 -0.0343 -0.4444 -1.0288 -1.4634 -1.5163  0.0989  0.5410
 234  1.518717  3.7220  2.6011  1.8596  1.1409  1.0136  0.2912 -0.1215 -0.5345 -1.1243 -1.5635 -1.6168  0.0125  0.4587
 235  1.519943  3.7204  2.5612  1.8934  1.0790  0.9406  0.2109 -0.2049 -0.6206 -1.2156 -1.6591 -1.7129 -0.0701  0.3801
 236  1.521143  3.7187  2.5212  1.9272  1.0182  0.8681  0.1306 -0.2884 -0.7069 -1.3071 -1.7548 -1.8092 -0.1526  0.3018
 237  1.522191  3.7172  2.4854  1.9572  0.9659  0.8048  0.0598 -0.3622 -0.7835 -1.3885 -1.8400 -1.8950 -0.2257  0.2329
 238  1.523244  3.7156  2.4485  1.9878  0.9146  0.7413 -0.0119 -0.4373 -0.8616 -1.4717 -1.9273 -1.9830 -0.2998  0.1632
 239  1.524218  3.7140  2.4133  2.0170  0.8669  0.6811 -0.0804 -0.5091 -0.9363 -1.5513 -2.0108 -2.0672 -0.3707  0.0968
 240  1.525144  3.7124  2.3786  2.0456  0.8206  0.6222 -0.1474 -0.5794 -1.0094 -1.6294 -2.0928 -2.1498 -0.4402  0.0318
 241  1.526056  3.7108  2.3426  2.0754  0.7725  0.5612 -0.2167 -0.6521 -1.0852 -1.7103 -2.1779 -2.2356 -0.5120 -0.0355
 242  1.526889  3.7092  2.3081  2.1038  0.7265  0.5032 -0.2827 -0.7214 -1.1575 -1.7876 -2.2594 -2.3177 -0.5804 -0.0996
 243  1.527707  3.7075  2.2724  2.1330  0.6785  0.4435 -0.3504 -0.7924 -1.2317 -1.8673 -2.3434 -2.4024 -0.6507 -0.1655
 244  1.528464  3.7059  2.2372  2.1619  0.6260  0.3841 -0.4165 -0.8614 -1.3040 -1.9453 -2.4262 -2.4859 -0.7191 -0.2304
 245  1.529204  3.7041  2.2006  2.1917  0.5716  0.3230 -0.4845 -0.9325 -1.3786 -2.0260 -2.5121 -2.5725 -0.7895 -0.2972
 246  1.529903  3.7024  2.1640  2.2215  0.5181  0.2622 -0.5522 -1.0033 -1.4530 -2.1066 -2.5982 -2.6591 -0.8597 -0.3636
 247  1.530560  3.7006  2.1274  2.2511  0.4667  0.2024 -0.6193 -1.0737 -1.5271 -2.1870 -2.6844 -2.7456 -0.9295 -0.4293
 248  1.531188  3.6988  2.0907  2.2807  0.4191  0.1437 -0.6863 -1.1443 -1.6012 -2.2676 -2.7708 -2.8324 -0.9993 -0.4944
 249  1.531766  3.6970  2.0552  2.3094  0.3816  0.0888 -0.7514 -1.2137 -1.6739 -2.3463 -2.8551 -2.9167 -1.0677 -0.5565
 250  1.532321  3.6952  2.0188  2.3385  0.3471  0.0344 -0.8173 -1.2842 -1.7479 -2.4264 -2.9411 -3.0028 -1.1370 -0.6188
 251  1.532838  3.6933  1.9829  2.3671  0.3152 -0.0185 -0.8822 -1.3538 -1.8209 -2.5056 -3.0259 -3.0877 -1.2054 -0.6800
 252  1.533330  3.6914  1.9468  2.3957  0.2854 -0.0702 -0.9464 -1.4230 -1.8938 -2.5847 -3.1109 -3.1730 -1.2734 -0.7404
 253  1.533797  3.6896  1.9119  2.4235  0.2548 -0.1209 -1.0086 -1.4898 -1.9641 -2.6613 -3.1929 -3.2555 -1.3391 -0.7993
 254  1.534239  3.6881  1.8838  2.4457  0.2299 -0.1614 -1.0579 -1.5427 -2.0199 -2.7224 -3.2582 -3.3215 -1.3911 -0.8463
 255  1.534666  3.6873  1.8651  2.4616  0.2063 -0.1932 -1.0943 -1.5810 -2.0598 -2.7649 -3.3028 -3.3666 -1.4290 -0.8816
 256  1.535088  3.6867  1.8509  2.4732  0.1914 -0.2154 -1.1204 -1.6087 -2.0888 -2.7963 -3.3361 -3.4002 -1.4564 -0.9067
 257  1.535305  3.6862  1.8461  2.4764  0.1919 -0.2191 -1.1266 -1.6158 -2.0968 -2.8058 -3.3468 -3.4112 -1.4633 -0.9122
 258  1.535732  3.6860  1.8396  2.4820  0.1830 -0.2308 -1.1397 -1.6295 -2.1110 -2.8209 -3.3625 -3.4270 -1.4769 -0.9250
 259  1.536162  3.6850  1.8202  2.4976  0.1653 -0.2593 -1.1742 -1.6664 -2.1499 -2.8634 -3.4078 -3.4729 -1.5133 -0.9580
 260  1.536591  3.6831  1.7843  2.5259  0.1360 -0.3102 -1.2365 -1.7334 -2.2209 -2.9413 -3.4910 -3.5574 -1.5792 -1.0175
 261  1.536989  3.6810  1.7457  2.5563  0.1067 -0.3638 -1.3030 -1.8050 -2.2967 -3.0249 -3.5802 -3.6481 -1.6497 -1.0807
 262  1.537365  3.6789  1.7077  2.5862  0.0794 -0.4158 -1.3678 -1.8751 -2.3712 -3.1070 -3.6682 -3.7375 -1.7187 -1.1422
 263  1.537718  3.6769  1.6705  2.6155  0.0538 -0.4663 -1.4312 -1.9437 -2.4441 -3.1876 -3.7546 -3.8253 -1.7862 -1.2022
 264  1.538051  3.6749  1.6338  2.6443  0.0302 -0.5153 -1.4932 -2.0110 -2.5158 -3.2670 -3.8398 -3.9120 -1.8524 -1.2607
 265  1.538359  3.6730  1.5984  2.6722  0.0079 -0.5624 -1.5528 -2.0758 -2.5848 -3.3434 -3.9219 -3.9954 -1.9162 -1.3169
 266  1.538651  3.6711  1.5632  2.6998 -0.0131 -0.6086 -1.6116 -2.1398 -2.6530 -3.4191 -4.0033 -4.0782 -1.9792 -1.3723
 267  1.538926  3.6693  1.5287  2.7269 -0.0328 -0.6536 -1.6690 -2.2024 -2.7198 -3.4934 -4.0831 -4.1593 -2.0408 -1.4263
 268  1.539182  3.6674  1.4953  2.7531 -0.0508 -0.6967 -1.7242 -2.2627 -2.7843 -3.5651 -4.1603 -4.2379 -2.1001 -1.4781
 269  1.539428  3.6655  1.4617  2.7792 -0.0667 -0.7389 -1.7788 -2.3226 -2.8484 -3.6368 -4.2378 -4.3167 -2.1591 -1.5293
 270  1.539658  3.6637  1.4289  2.8046 -0.0804 -0.7793 -1.8315 -2.3806 -2.9107 -3.7065 -4.3133 -4.3935 -2.2161 -1.5784
 271  1.539873  3.6619  1.3970  2.8293 -0.0922 -0.8178 -1.8823 -2.4366 -2.9709 -3.7742 -4.3866 -4.4681 -2.2712 -1.6256
 272  1.540077  3.6601  1.3654  2.8537 -0.1027 -0.8553 -1.9322 -2.4918 -3.0303 -3.8411 -4.4592 -4.5420 -2.3255 -1.6718
 273  1.540273  3.6583  1.3340  2.8780 -0.1120 -0.8921 -1.9813 -2.5463 -3.0892 -3.9075 -4.5313 -4.6155 -2.3792 -1.7171
 274  1.540455  3.6565  1.3039  2.9012 -0.1200 -0.9268 -2.0281 -2.5984 -3.1454 -3.9711 -4.6004 -4.6860 -2.4303 -1.7602
 275  1.540630  3.6548  1.2737  2.9243 -0.1270 -0.9610 -2.0744 -2.6501 -3.2015 -4.0345 -4.6694 -4.7565 -2.4813 -1.8027
 276  1.540796  3.6530  1.2441  2.9471 -0.1330 -0.9941 -2.1196 -2.7007 -3.2563 -4.0967 -4.7372 -4.8256 -2.5310 -1.8439
 277  1.540953  3.6513  1.2153  2.9692 -0.1377 -1.0256 -2.1630 -2.7495 -3.3094 -4.1571 -4.8030 -4.8929 -2.5790 -1.8835
 278  1.541102  3.6497  1.1871  2.9908 -0.1415 -1.0561 -2.2052 -2.7970 -3.3613 -4.2162 -4.8674 -4.9588 -2.6258 -1.9218