#NUMBER OF AGES=1 
#----------------------------------------------------       
#MIX-LEN  Y      Z          Zeff        [Fe/H] [a/Fe]
# 1.9380  0.3300 4.8170E-03 4.8170E-03  -0.50   0.00
#----------------------------------------------------       
#**PHOTOMETRIC SYSTEM**: Bessell UBV(RI)c + 2MASS JHKs + Kepler (Vega)
#----------------------------------------------------       
#AGE= 1.000 EEPS=277
#EEP   M/Mo    LogTeff  LogG   LogL/Lo U       B       V       R       I       J       H       Ks      Kp      D51     
   3  0.112048  3.5197  5.2547 -2.7350 16.8133 15.0532 13.3503 12.3056 11.0338  9.7527  9.1709  8.9484 12.3369 14.1168
   4  0.132672  3.5230  5.1886 -2.5824 16.2859 14.5929 12.9161 11.8864 10.6462  9.3806  8.7999  8.5761 11.9293 13.6691
   5  0.167520  3.5302  5.1168 -2.3806 15.5424 13.9441 12.3096 11.3064 10.1276  8.8955  8.3160  8.0923 11.3711 13.0430
   6  0.218972  3.5429  5.0616 -2.1582 14.6647 13.1712 11.5958 10.6303  9.5483  8.3739  7.7940  7.5735 10.7273 12.3066
   7  0.251754  3.5500  5.0332 -2.0410 14.2176 12.7695 11.2239 10.2757  9.2439  8.1005  7.5197  7.3008 10.3885 11.9231
   8  0.263899  3.5523  5.0207 -1.9987 14.0637 12.6296 11.0937 10.1508  9.1351  8.0015  7.4202  7.2018 10.2685 11.7888
   9  0.270146  3.5534  5.0131 -1.9764 13.9844 12.5572 11.0261 10.0858  9.0778  7.9490  7.3674  7.1492 10.2058 11.7192
  10  0.274083  3.5541  5.0072 -1.9616 13.9327 12.5097 10.9817 10.0430  9.0398  7.9138  7.3320  7.1139 10.1644 11.6735
  11  0.277339  3.5547  5.0020 -1.9489 13.8887 12.4695 10.9440 10.0066  9.0075  7.8839  7.3019  7.0839 10.1293 11.6347
  12  0.280466  3.5552  4.9969 -1.9367 13.8470 12.4309 10.9079  9.9717  8.9763  7.8549  7.2728  7.0548 10.0955 11.5975
  13  0.283773  3.5558  4.9915 -1.9240 13.8036 12.3908 10.8701  9.9353  8.9438  7.8247  7.2423  7.0244 10.0602 11.5587
  14  0.287900  3.5565  4.9854 -1.9088 13.7515 12.3426 10.8249  9.8917  8.9050  7.7888  7.2061  6.9883 10.0180 11.5122
  15  0.293761  3.5576  4.9779 -1.8883 13.6803 12.2766 10.7631  9.8322  8.8527  7.7407  7.1575  6.9400  9.9606 11.4486
  16  0.310003  3.5608  4.9606 -1.8345 13.4867 12.0977 10.5961  9.6724  8.7149  7.6158  7.0311  6.8145  9.8072 11.2766
  17  0.359006  3.5729  4.9074 -1.6694 12.8751 11.5299 10.0685  9.1712  8.2917  7.2392  6.6480  6.4360  9.3273 10.7325
  18  0.374413  3.5774  4.8880 -1.6136 12.6654 11.3343  9.8875  9.0003  8.1486  7.1133  6.5192  6.3099  9.1635 10.5459
  19  0.385767  3.5810  4.8732 -1.5713 12.5042 11.1847  9.7495  8.8705  8.0403  7.0185  6.4218  6.2151  9.0388 10.4032
  20  0.397034  3.5849  4.8585 -1.5286 12.3374 11.0312  9.6087  8.7387  7.9308  6.9234  6.3238  6.1206  8.9122 10.2571
  21  0.408829  3.5893  4.8433 -1.4833 12.1589 10.8667  9.4587  8.5990  7.8147  6.8229  6.2196  6.0212  8.7776 10.1012
  22  0.419342  3.5934  4.8296 -1.4420 11.9979 10.7160  9.3224  8.4728  7.7089  6.7311  6.1241  5.9311  8.6553  9.9604
  23  0.429338  3.5976  4.8167 -1.4022 11.8440 10.5695  9.1909  8.3518  7.6066  6.6424  6.0311  5.8445  8.5375  9.8254
  24  0.440082  3.6023  4.8034 -1.3593 11.6777 10.4100  9.0491  8.2221  7.4966  6.5470  5.9305  5.7521  8.4107  9.6798
  25  0.452701  3.6082  4.7891 -1.3092 11.4769 10.2196  8.8813  8.0700  7.3687  6.4366  5.8129  5.6452  8.2618  9.5055
  26  0.467602  3.6159  4.7740 -1.2492 11.2315  9.9848  8.6776  7.8877  7.2162  6.3054  5.6728  5.5200  8.0824  9.2936
  27  0.483521  3.6249  4.7600 -1.1846 10.9672  9.7232  8.4547  7.6911  7.0521  6.1645  5.5245  5.3889  7.8875  9.0636
  28  0.498899  3.6341  4.7487 -1.1228 10.7110  9.4638  8.2370  7.5018  6.8950  6.0303  5.3889  5.2688  7.6987  8.8394
  29  0.511941  3.6423  4.7410 -1.0711 10.4651  9.2372  8.0502  7.3424  6.7635  5.9203  5.2832  5.1746  7.5383  8.6368
  30  0.523096  3.6498  4.7359 -1.0269 10.2307  9.0362  7.8866  7.2053  6.6500  5.8285  5.2010  5.1012  7.3990  8.4512
  31  0.535843  3.6584  4.7313 -0.9772  9.9394  8.8058  7.7006  7.0516  6.5214  5.7274  5.1161  5.0253  7.2413  8.2288
  32  0.556477  3.6721  4.7241 -0.8991  9.4460  8.4498  7.4120  6.8151  6.3188  5.5723  4.9963  4.9166  6.9963  7.8650
  33  0.595301  3.6967  4.7107 -0.7577  8.5553  7.8394  6.9146  6.4051  5.9593  5.3002  4.7968  4.7333  6.5687  7.2332
  34  0.770206  3.7785  4.6116 -0.2197  5.8788  5.9218  5.3592  5.0324  4.7158  4.3019  4.0008  3.9693  5.1453  5.4924
  35  0.781684  3.7822  4.6025 -0.1894  5.7655  5.8280  5.2809  4.9604  4.6492  4.2444  3.9503  3.9202  5.0710  5.4097
  36  0.793896  3.7860  4.5925 -0.1574  5.6495  5.7300  5.1985  4.8846  4.5789  4.1833  3.8964  3.8677  4.9928  5.3231
  37  0.807730  3.7903  4.5808 -0.1211  5.5226  5.6199  5.1049  4.7982  4.4989  4.1134  3.8345  3.8073  4.9039  5.2253
  38  0.821330  3.7945  4.5690 -0.0852  5.4004  5.5120  5.0129  4.7132  4.4202  4.0445  3.7734  3.7476  4.8164  5.1292
  39  0.835990  3.7989  4.5561 -0.0469  5.2727  5.3977  4.9150  4.6227  4.3363  3.9710  3.7083  3.6837  4.7233  5.0270
  40  0.853643  3.8040  4.5405 -0.0018  5.1262  5.2644  4.8002  4.5163  4.2376  3.8839  3.6307  3.6076  4.6138  4.9073
  41  0.874522  3.8096  4.5210  0.0506  4.9627  5.1119  4.6669  4.3924  4.1221  3.7812  3.5386  3.5170  4.4865  4.7690
  42  0.896478  3.8153  4.5003  0.1047  4.7999  4.9560  4.5295  4.2644  4.0029  3.6747  3.4428  3.4226  4.3550  4.6267
  43  0.914983  3.8200  4.4831  0.1495  4.6683  4.8275  4.4156  4.1583  3.9043  3.5864  3.3638  3.3443  4.2461  4.5088
  44  0.930576  3.8239  4.4684  0.1871  4.5595  4.7203  4.3201  4.0693  3.8215  3.5122  3.2972  3.2785  4.1547  4.4099
  45  1.015881  3.8459  4.4059  0.3760  4.0301  4.1801  3.8389  3.6249  3.4140  3.1527  2.9817  2.9652  3.6970  3.9104
  46  1.027064  3.8489  4.3982  0.4003  3.9656  4.1101  3.7766  3.5681  3.3626  3.1074  2.9426  2.9262  3.6382  3.8456
  47  1.037020  3.8516  4.3914  0.4219  3.9087  4.0477  3.7212  3.5177  3.3173  3.0675  2.9083  2.8921  3.5859  3.7878
  48  1.048247  3.8547  4.3847  0.4458  3.8465  3.9786  3.6600  3.4624  3.2680  3.0244  2.8718  2.8557  3.5284  3.7239
  49  1.060185  3.8581  4.3784  0.4706  3.7814  3.9064  3.5962  3.4049  3.2170  2.9803  2.8349  2.8188  3.4686  3.6572
  50  1.071600  3.8614  4.3730  0.4941  3.7188  3.8387  3.5360  3.3506  3.1688  2.9390  2.8005  2.7844  3.4121  3.5942
  51  1.082841  3.8649  4.3683  0.5170  3.6578  3.7728  3.4775  3.2978  3.1223  2.8996  2.7679  2.7518  3.3572  3.5329
  52  1.090714  3.8673  4.3654  0.5329  3.6155  3.7271  3.4370  3.2615  3.0903  2.8728  2.7460  2.7297  3.3193  3.4904
  53  1.098834  3.8699  4.3628  0.5491  3.5724  3.6803  3.3955  3.2244  3.0580  2.8458  2.7241  2.7078  3.2807  3.4469
  54  1.106678  3.8725  4.3606  0.5646  3.5312  3.6352  3.3559  3.1892  3.0276  2.8206  2.7039  2.6876  3.2438  3.4052
  55  1.113468  3.8748  4.3591  0.5780  3.4956  3.5961  3.3215  3.1588  3.0016  2.7992  2.6871  2.6707  3.2119  3.3690
  56  1.119600  3.8769  4.3578  0.5903  3.4632  3.5604  3.2903  3.1313  2.9780  2.7800  2.6720  2.6556  3.1830  3.3360
  57  1.125812  3.8791  4.3566  0.6026  3.4306  3.5245  3.2589  3.1036  2.9545  2.7608  2.6569  2.6405  3.1539  3.3028
  58  1.133915  3.8819  4.3553  0.6182  3.3897  3.4791  3.2192  3.0689  2.9250  2.7369  2.6384  2.6219  3.1173  3.2609
  59  1.221821  3.9090  4.3377  0.7767  2.9712  3.0316  2.8232  2.7178  2.6235  2.4872  2.4357  2.4195  2.7486  2.8451
  60  1.224901  3.9097  4.3350  0.7831  2.9550  3.0141  2.8071  2.7030  2.6102  2.4750  2.4246  2.4084  2.7333  2.8284
  61  1.228055  3.9104  4.3324  0.7897  2.9385  2.9962  2.7908  2.6880  2.5966  2.4626  2.4134  2.3973  2.7177  2.8115
  62  1.232823  3.9115  4.3297  0.7984  2.9165  2.9722  2.7691  2.6684  2.5792  2.4471  2.3997  2.3836  2.6972  2.7890
  63  1.241655  3.9136  4.3267  0.8131  2.8791  2.9316  2.7327  2.6359  2.5512  2.4229  2.3790  2.3630  2.6632  2.7509
  64  1.341641  3.9360  4.2794  0.9836  2.4454  2.4773  2.3299  2.2716  2.2263  2.1348  2.1201  2.1054  2.2805  2.3321
  65  1.365751  3.9405  4.2638  1.0249  2.3414  2.3723  2.2364  2.1849  2.1459  2.0613  2.0510  2.0367  2.1899  2.2359
  66  1.384930  3.9437  4.2495  1.0581  2.2579  2.2892  2.1611  2.1141  2.0797  1.9998  1.9926  1.9786  2.1166  2.1589
  67  1.398883  3.9458  4.2387  1.0814  2.1990  2.2309  2.1077  2.0635  2.0320  1.9551  1.9497  1.9361  2.0644  2.1045
  68  1.408778  3.9469  4.2302  1.0978  2.1578  2.1902  2.0698  2.0273  1.9974  1.9223  1.9179  1.9045  2.0272  2.0660
  69  1.416387  3.9476  4.2225  1.1105  2.1259  2.1582  2.0396  1.9981  1.9692  1.8950  1.8913  1.8780  1.9975  2.0355
  70  1.422638  3.9480  4.2150  1.1213  2.0987  2.1308  2.0133  1.9723  1.9441  1.8704  1.8669  1.8537  1.9714  2.0090
  71  1.428335  3.9481  4.2073  1.1313  2.0736  2.1052  1.9884  1.9478  1.9200  1.8464  1.8431  1.8300  1.9467  1.9840
  72  1.433853  3.9482  4.1995  1.1411  2.0491  2.0802  1.9639  1.9236  1.8960  1.8225  1.8193  1.8062  1.9223  1.9594
  73  1.439613  3.9482  4.1913  1.1512  2.0239  2.0544  1.9386  1.8985  1.8713  1.7978  1.7947  1.7816  1.8971  1.9340
  74  1.445961  3.9483  4.1828  1.1620  1.9969  2.0267  1.9117  1.8718  1.8450  1.7715  1.7685  1.7554  1.8703  1.9070
  75  1.452989  3.9484  4.1735  1.1738  1.9674  1.9966  1.8822  1.8427  1.8162  1.7428  1.7399  1.7269  1.8409  1.8774
  76  1.460283  3.9484  4.1634  1.1860  1.9366  1.9650  1.8512  1.8120  1.7857  1.7122  1.7094  1.6964  1.8100  1.8464
  77  1.468033  3.9483  4.1525  1.1988  1.9046  1.9320  1.8186  1.7796  1.7535  1.6798  1.6769  1.6640  1.7775  1.8138
  78  1.475787  3.9481  4.1412  1.2116  1.8727  1.8989  1.7858  1.7467  1.7207  1.6467  1.6436  1.6307  1.7447  1.7809
  79  1.483451  3.9478  4.1297  1.2242  1.8413  1.8663  1.7532  1.7141  1.6880  1.6134  1.6101  1.5972  1.7120  1.7483
  80  1.490764  3.9474  4.1181  1.2362  1.8114  1.8349  1.7216  1.6823  1.6561  1.5807  1.5772  1.5642  1.6804  1.7169
  81  1.497747  3.9468  4.1067  1.2475  1.7831  1.8050  1.6914  1.6518  1.6252  1.5490  1.5451  1.5320  1.6500  1.6868
  82  1.501672  3.9465  4.0998  1.2540  1.7671  1.7879  1.6740  1.6341  1.6073  1.5305  1.5263  1.5131  1.6325  1.6695
  83  1.505429  3.9460  4.0930  1.2601  1.7518  1.7715  1.6571  1.6170  1.5898  1.5123  1.5077  1.4945  1.6155  1.6528
  84  1.509064  3.9456  4.0862  1.2661  1.7370  1.7556  1.6407  1.6002  1.5726  1.4943  1.4894  1.4761  1.5989  1.6365
  85  1.512613  3.9451  4.0794  1.2719  1.7226  1.7400  1.6246  1.5836  1.5556  1.4765  1.4712  1.4579  1.5826  1.6205
  86  1.516113  3.9445  4.0725  1.2777  1.7084  1.7246  1.6085  1.5671  1.5387  1.4587  1.4530  1.4396  1.5663  1.6047
  87  1.519564  3.9440  4.0655  1.2834  1.6943  1.7092  1.5924  1.5506  1.5216  1.4407  1.4345  1.4210  1.5500  1.5888
  88  1.523030  3.9433  4.0583  1.2892  1.6802  1.6938  1.5763  1.5339  1.5043  1.4225  1.4158  1.4022  1.5336  1.5728
  89  1.526533  3.9427  4.0509  1.2949  1.6660  1.6782  1.5599  1.5169  1.4867  1.4038  1.3966  1.3829  1.5169  1.5566
  90  1.530082  3.9420  4.0431  1.3008  1.6517  1.6624  1.5431  1.4995  1.4687  1.3846  1.3767  1.3630  1.4999  1.5402
  91  1.533713  3.9412  4.0352  1.3068  1.6372  1.6463  1.5260  1.4817  1.4502  1.3649  1.3563  1.3425  1.4825  1.5233
  92  1.537417  3.9404  4.0267  1.3129  1.6224  1.6297  1.5084  1.4633  1.4309  1.3442  1.3350  1.3210  1.4645  1.5060
  93  1.541236  3.9395  4.0180  1.3192  1.6072  1.6128  1.4903  1.4444  1.4110  1.3229  1.3128  1.2987  1.4459  1.4882
  94  1.545184  3.9385  4.0088  1.3256  1.5916  1.5953  1.4716  1.4247  1.3903  1.3007  1.2898  1.2756  1.4267  1.4698
  95  1.549258  3.9375  3.9993  1.3324  1.5755  1.5772  1.4521  1.4043  1.3689  1.2776  1.2657  1.2514  1.4068  1.4507
  96  1.553464  3.9365  3.9892  1.3394  1.5589  1.5583  1.4320  1.3832  1.3465  1.2534  1.2405  1.2260  1.3861  1.4310
  97  1.557782  3.9353  3.9785  1.3466  1.5417  1.5388  1.4111  1.3612  1.3231  1.2281  1.2140  1.1993  1.3647  1.4105
  98  1.562207  3.9341  3.9674  1.3541  1.5241  1.5189  1.3896  1.3384  1.2989  1.2019  1.1865  1.1717  1.3425  1.3894
  99  1.566713  3.9328  3.9560  1.3617  1.5062  1.4985  1.3677  1.3152  1.2742  1.1750  1.1583  1.1434  1.3199  1.3680
 100  1.571192  3.9316  3.9444  1.3695  1.4880  1.4781  1.3455  1.2916  1.2491  1.1478  1.1297  1.1146  1.2970  1.3463
 101  1.575646  3.9303  3.9327  1.3772  1.4699  1.4576  1.3233  1.2680  1.2239  1.1204  1.1010  1.0856  1.2740  1.3246
 102  1.580044  3.9290  3.9211  1.3850  1.4517  1.4373  1.3012  1.2445  1.1989  1.0932  1.0724  1.0569  1.2512  1.3030
 103  1.584319  3.9278  3.9096  1.3927  1.4338  1.4174  1.2795  1.2214  1.1742  1.0664  1.0442  1.0286  1.2288  1.2819
 104  1.588457  3.9267  3.8987  1.4004  1.4159  1.3978  1.2583  1.1989  1.1502  1.0405  1.0172  1.0014  1.2069  1.2612
 105  1.592429  3.9258  3.8886  1.4080  1.3980  1.3784  1.2378  1.1773  1.1274  1.0162  0.9918  0.9759  1.1857  1.2411
 106  1.596127  3.9252  3.8798  1.4154  1.3801  1.3593  1.2181  1.1570  1.1063  0.9941  0.9691  0.9531  1.1657  1.2217
 107  1.599483  3.9251  3.8730  1.4227  1.3621  1.3404  1.1997  1.1387  1.0879  0.9755  0.9503  0.9343  1.1472  1.2033
 108  1.602366  3.9255  3.8686  1.4296  1.3445  1.3221  1.1830  1.1228  1.0728  0.9610  0.9363  0.9203  1.1309  1.1862
 109  1.604778  3.9265  3.8667  1.4361  1.3273  1.3047  1.1683  1.1099  1.0615  0.9512  0.9276  0.9117  1.1170  1.1708
 110  1.606649  3.9280  3.8674  1.4420  1.3110  1.2888  1.1561  1.1000  1.0539  0.9461  0.9240  0.9084  1.1059  1.1577
 111  1.608092  3.9300  3.8700  1.4475  1.2956  1.2747  1.1463  1.0929  1.0494  0.9448  0.9247  0.9093  1.0973  1.1468
 112  1.608323  3.9303  3.8706  1.4484  1.2928  1.2723  1.1448  1.0918  1.0488  0.9448  0.9251  0.9098  1.0960  1.1450
 113  1.608553  3.9308  3.8715  1.4494  1.2897  1.2697  1.1431  1.0908  1.0484  0.9452  0.9260  0.9107  1.0946  1.1431
 114  1.608783  3.9312  3.8723  1.4504  1.2868  1.2672  1.1415  1.0897  1.0479  0.9454  0.9266  0.9114  1.0933  1.1413
 115  1.609012  3.9316  3.8730  1.4514  1.2839  1.2648  1.1399  1.0887  1.0474  0.9456  0.9273  0.9121  1.0919  1.1395
 116  1.609241  3.9321  3.8740  1.4525  1.2808  1.2621  1.1383  1.0877  1.0471  0.9460  0.9282  0.9131  1.0906  1.1377
 117  1.609470  3.9327  3.8752  1.4537  1.2773  1.2593  1.1366  1.0867  1.0469  0.9468  0.9296  0.9146  1.0892  1.1357
 118  1.609698  3.9333  3.8763  1.4548  1.2739  1.2565  1.1350  1.0858  1.0467  0.9475  0.9308  0.9159  1.0879  1.1338
 119  1.609926  3.9338  3.8775  1.4560  1.2705  1.2538  1.1333  1.0848  1.0465  0.9482  0.9321  0.9172  1.0866  1.1319
 120  1.610153  3.9345  3.8790  1.4573  1.2665  1.2507  1.1316  1.0839  1.0465  0.9494  0.9340  0.9192  1.0853  1.1299
 121  1.610379  3.9352  3.8806  1.4587  1.2625  1.2477  1.1299  1.0831  1.0465  0.9506  0.9359  0.9212  1.0840  1.1278
 122  1.610605  3.9360  3.8822  1.4600  1.2585  1.2446  1.1282  1.0822  1.0466  0.9519  0.9378  0.9233  1.0827  1.1258
 123  1.610830  3.9368  3.8842  1.4615  1.2539  1.2413  1.1265  1.0815  1.0470  0.9536  0.9404  0.9260  1.0814  1.1237
 124  1.611054  3.9377  3.8862  1.4631  1.2494  1.2380  1.1248  1.0809  1.0474  0.9555  0.9431  0.9288  1.0802  1.1217
 125  1.611276  3.9387  3.8885  1.4647  1.2446  1.2347  1.1231  1.0802  1.0480  0.9575  0.9460  0.9319  1.0791  1.1196
 126  1.611498  3.9398  3.8912  1.4665  1.2391  1.2310  1.1214  1.0798  1.0489  0.9602  0.9497  0.9358  1.0779  1.1175
 127  1.611717  3.9409  3.8938  1.4683  1.2338  1.2275  1.1197  1.0793  1.0498  0.9628  0.9533  0.9396  1.0769  1.1154
 128  1.611935  3.9422  3.8970  1.4704  1.2277  1.2236  1.1180  1.0790  1.0510  0.9661  0.9577  0.9442  1.0758  1.1132
 129  1.612148  3.9435  3.9003  1.4725  1.2214  1.2196  1.1163  1.0787  1.0523  0.9694  0.9622  0.9489  1.0748  1.1110
 130  1.612356  3.9451  3.9041  1.4750  1.2142  1.2151  1.1145  1.0786  1.0539  0.9734  0.9675  0.9546  1.0737  1.1086
 131  1.612561  3.9468  3.9083  1.4777  1.2067  1.2107  1.1129  1.0786  1.0558  0.9779  0.9733  0.9607  1.0728  1.1063
 132  1.612759  3.9486  3.9129  1.4806  1.1986  1.2060  1.1113  1.0789  1.0581  0.9829  0.9798  0.9676  1.0721  1.1041
 133  1.612950  3.9507  3.9180  1.4837  1.1898  1.2012  1.1098  1.0793  1.0607  0.9886  0.9870  0.9751  1.0715  1.1020
 134  1.613132  3.9529  3.9234  1.4871  1.1803  1.1963  1.1084  1.0799  1.0635  0.9946  0.9947  0.9833  1.0709  1.0998
 135  1.613302  3.9553  3.9292  1.4909  1.1700  1.1911  1.1069  1.0805  1.0665  1.0011  1.0028  0.9919  1.0704  1.0976
 136  1.613459  3.9578  3.9353  1.4950  1.1588  1.1856  1.1054  1.0812  1.0695  1.0077  1.0111  1.0008  1.0698  1.0954
 137  1.613597  3.9604  3.9414  1.4995  1.1466  1.1796  1.1036  1.0814  1.0722  1.0142  1.0193  1.0096  1.0688  1.0928
 138  1.613721  3.9632  3.9476  1.5043  1.1340  1.1735  1.1017  1.0817  1.0749  1.0206  1.0275  1.0184  1.0678  1.0902
 139  1.613832  3.9660  3.9538  1.5093  1.1209  1.1674  1.0998  1.0818  1.0774  1.0270  1.0356  1.0271  1.0668  1.0876
 140  1.613925  3.9687  3.9595  1.5145  1.1074  1.1608  1.0973  1.0813  1.0792  1.0325  1.0426  1.0348  1.0650  1.0845
 141  1.614005  3.9714  3.9648  1.5200  1.0935  1.1539  1.0943  1.0801  1.0801  1.0371  1.0487  1.0415  1.0628  1.0808
 142  1.614075  3.9740  3.9699  1.5255  1.0794  1.1470  1.0911  1.0787  1.0807  1.0411  1.0542  1.0476  1.0602  1.0771
 143  1.614139  3.9766  3.9746  1.5311  1.0653  1.1400  1.0877  1.0769  1.0809  1.0447  1.0591  1.0531  1.0574  1.0731
 144  1.614199  3.9791  3.9790  1.5368  1.0510  1.1329  1.0840  1.0746  1.0805  1.0476  1.0633  1.0579  1.0543  1.0689
 145  1.614258  3.9816  3.9831  1.5425  1.0368  1.1259  1.0802  1.0722  1.0798  1.0500  1.0671  1.0622  1.0510  1.0646
 146  1.614355  3.9837  3.9877  1.5463  1.0276  1.1229  1.0797  1.0728  1.0818  1.0547  1.0727  1.0684  1.0509  1.0638
 147  1.614411  3.9826  3.9881  1.5415  1.0396  1.1317  1.0869  1.0794  1.0877  1.0592  1.0767  1.0721  1.0579  1.0713
 148  1.614437  3.9806  3.9864  1.5352  1.0553  1.1415  1.0941  1.0854  1.0922  1.0612  1.0778  1.0727  1.0646  1.0788
 149  1.614461  3.9784  3.9838  1.5293  1.0702  1.1503  1.0999  1.0900  1.0953  1.0615  1.0770  1.0714  1.0701  1.0850
 150  1.614487  3.9758  3.9793  1.5235  1.0846  1.1575  1.1036  1.0922  1.0956  1.0584  1.0726  1.0663  1.0731  1.0892
 151  1.614526  3.9719  3.9681  1.5189  1.0963  1.1582  1.0991  1.0852  1.0856  1.0432  1.0552  1.0481  1.0677  1.0856
 152  1.614579  3.9675  3.9485  1.5209  1.0913  1.1412  1.0767  1.0600  1.0569  1.0085  1.0179  1.0098  1.0441  1.0640
 153  1.614619  3.9649  3.9322  1.5268  1.0771  1.1196  1.0521  1.0338  1.0286  0.9766  0.9843  0.9756  1.0188  1.0400
 154  1.614653  3.9630  3.9184  1.5330  1.0618  1.0988  1.0295  1.0100  1.0033  0.9485  0.9549  0.9458  0.9956  1.0177
 155  1.614691  3.9611  3.9049  1.5391  1.0470  1.0788  1.0075  0.9868  0.9785  0.9211  0.9262  0.9168  0.9730  0.9961
 156  1.614739  3.9590  3.8904  1.5450  1.0328  1.0587  0.9851  0.9630  0.9529  0.8924  0.8960  0.8861  0.9499  0.9741
 157  1.614803  3.9564  3.8745  1.5506  1.0196  1.0386  0.9620  0.9381  0.9257  0.8614  0.8632  0.8527  0.9260  0.9517
 158  1.614887  3.9534  3.8574  1.5558  1.0077  1.0191  0.9389  0.9127  0.8975  0.8288  0.8285  0.8174  0.9018  0.9293
 159  1.614994  3.9502  3.8398  1.5605  0.9973  1.0008  0.9166  0.8878  0.8695  0.7960  0.7933  0.7815  0.8783  0.9079
 160  1.615126  3.9469  3.8224  1.5647  0.9886  0.9845  0.8959  0.8643  0.8426  0.7641  0.7588  0.7463  0.8562  0.8882
 161  1.615282  3.9436  3.8060  1.5681  0.9819  0.9707  0.8777  0.8431  0.8179  0.7344  0.7263  0.7132  0.8365  0.8710
 162  1.615615  3.9386  3.7818  1.5722  0.9758  0.9541  0.8539  0.8144  0.7833  0.6918  0.6792  0.6652  0.8103  0.8488
 163  1.615979  3.9339  3.7596  1.5756  0.9720  0.9412  0.8338  0.7894  0.7527  0.6535  0.6364  0.6216  0.7878  0.8306
 164  1.616373  3.9295  3.7397  1.5783  0.9699  0.9320  0.8173  0.7680  0.7257  0.6194  0.5979  0.5824  0.7688  0.8158
 165  1.616781  3.9254  3.7210  1.5807  0.9686  0.9264  0.8035  0.7486  0.7006  0.5876  0.5618  0.5458  0.7522  0.8042
 166  1.617194  3.9214  3.7028  1.5828  0.9671  0.9248  0.7914  0.7298  0.6757  0.5563  0.5265  0.5100  0.7370  0.7951
 167  1.617607  3.9173  3.6845  1.5847  0.9656  0.9266  0.7806  0.7112  0.6505  0.5249  0.4909  0.4741  0.7227  0.7878
 168  1.618015  3.9130  3.6659  1.5864  0.9649  0.9308  0.7710  0.6932  0.6255  0.4931  0.4546  0.4376  0.7093  0.7821
 169  1.618417  3.9085  3.6467  1.5879  0.9657  0.9358  0.7628  0.6765  0.6012  0.4614  0.4175  0.4002  0.6970  0.7777
 170  1.618809  3.9038  3.6267  1.5891  0.9686  0.9411  0.7564  0.6615  0.5780  0.4299  0.3796  0.3619  0.6862  0.7750
 171  1.619190  3.8988  3.6057  1.5901  0.9732  0.9474  0.7515  0.6479  0.5554  0.3982  0.3406  0.3223  0.6765  0.7739
 172  1.619557  3.8935  3.5839  1.5908  0.9793  0.9556  0.7481  0.6353  0.5331  0.3660  0.3002  0.2815  0.6678  0.7744
 173  1.619909  3.8879  3.5612  1.5912  0.9871  0.9660  0.7464  0.6237  0.5112  0.3334  0.2586  0.2393  0.6604  0.7771
 174  1.620244  3.8820  3.5377  1.5912  0.9966  0.9788  0.7464  0.6133  0.4898  0.3005  0.2159  0.1961  0.6543  0.7818
 175  1.620561  3.8759  3.5136  1.5909  1.0077  0.9939  0.7480  0.6042  0.4692  0.2677  0.1723  0.1521  0.6495  0.7883
 176  1.620860  3.8695  3.4890  1.5903  1.0207  1.0115  0.7514  0.5964  0.4493  0.2350  0.1281  0.1074  0.6462  0.7968
 177  1.621140  3.8630  3.4640  1.5892  1.0356  1.0310  0.7565  0.5901  0.4306  0.2029  0.0838  0.0625  0.6442  0.8070
 178  1.621401  3.8563  3.4387  1.5879  1.0529  1.0523  0.7630  0.5852  0.4133  0.1716  0.0396  0.0177  0.6437  0.8189
 179  1.621644  3.8495  3.4133  1.5862  1.0722  1.0762  0.7711  0.5815  0.3969  0.1406 -0.0046 -0.0271  0.6444  0.8326
 180  1.621871  3.8427  3.3878  1.5842  1.0941  1.1023  0.7805  0.5790  0.3817  0.1102 -0.0487 -0.0720  0.6463  0.8478
 181  1.622086  3.8357  3.3626  1.5818  1.1186  1.1305  0.7914  0.5778  0.3678  0.0809 -0.0920 -0.1160  0.6496  0.8644
 182  1.622368  3.8264  3.3292  1.5779  1.1565  1.1723  0.8087  0.5788  0.3518  0.0438 -0.1483 -0.1732  0.6565  0.8896
 183  1.622648  3.8174  3.2981  1.5730  1.2004  1.2179  0.8289  0.5833  0.3402  0.0113 -0.1996 -0.2258  0.6667  0.9176
 184  1.622926  3.8091  3.2712  1.5668  1.2494  1.2661  0.8526  0.5924  0.3346 -0.0140 -0.2424 -0.2697  0.6810  0.9484
 185  1.623199  3.8015  3.2485  1.5591  1.3041  1.3176  0.8797  0.6061  0.3351 -0.0319 -0.2767 -0.3052  0.6995  0.9822
 186  1.623464  3.7947  3.2308  1.5497  1.3628  1.3715  0.9108  0.6254  0.3425 -0.0412 -0.3008 -0.3304  0.7228  1.0193
 187  1.623718  3.7888  3.2183  1.5386  1.4251  1.4275  0.9457  0.6498  0.3568 -0.0416 -0.3144 -0.3450  0.7510  1.0596
 188  1.623956  3.7834  3.2099  1.5257  1.4914  1.4862  0.9844  0.6791  0.3769 -0.0349 -0.3195 -0.3511  0.7835  1.1032
 189  1.624176  3.7786  3.2051  1.5114  1.5608  1.5472  1.0266  0.7127  0.4023 -0.0218 -0.3172 -0.3498  0.8201  1.1499
 190  1.624377  3.7743  3.2032  1.4959  1.6326  1.6099  1.0717  0.7498  0.4321 -0.0033 -0.3087 -0.3422  0.8599  1.1992
 191  1.624562  3.7703  3.2037  1.4794  1.7063  1.6737  1.1189  0.7898  0.4652  0.0194 -0.2953 -0.3297  0.9023  1.2503
 192  1.624734  3.7665  3.2059  1.4623  1.7814  1.7383  1.1676  0.8316  0.5007  0.0450 -0.2782 -0.3137  0.9464  1.3028
 193  1.624897  3.7629  3.2094  1.4446  1.8584  1.8038  1.2175  0.8750  0.5381  0.0728 -0.2587 -0.2951  0.9920  1.3564
 194  1.625059  3.7594  3.2136  1.4262  1.9392  1.8715  1.2694  0.9203  0.5774  0.1026 -0.2374 -0.2747  1.0394  1.4119
 195  1.625238  3.7556  3.2174  1.4075  2.0252  1.9420  1.3229  0.9668  0.6176  0.1327 -0.2163 -0.2547  1.0883  1.4695
 196  1.625456  3.7514  3.2167  1.3913  2.1111  2.0089  1.3711  1.0072  0.6510  0.1544 -0.2045 -0.2441  1.1311  1.5221
 197  1.625704  3.7471  3.2072  1.3837  2.1807  2.0559  1.3986  1.0267  0.6633  0.1545 -0.2147 -0.2557  1.1530  1.5544
 198  1.625954  3.7433  3.1926  1.3830  2.2316  2.0837  1.4084  1.0291  0.6594  0.1394 -0.2393 -0.2816  1.1578  1.5688
 199  1.626230  3.7395  3.1734  1.3873  2.2698  2.0983  1.4057  1.0193  0.6434  0.1125 -0.2755 -0.3191  1.1502  1.5707
 200  1.626508  3.7364  3.1502  1.3981  2.2848  2.0928  1.3859  0.9936  0.6124  0.0723 -0.3236 -0.3682  1.1262  1.5546
 201  1.626757  3.7341  3.1268  1.4124  2.2805  2.0730  1.3556  0.9589  0.5739  0.0268 -0.3748 -0.4203  1.0927  1.5270
 202  1.626985  3.7323  3.1040  1.4281  2.2662  2.0462  1.3207  0.9206  0.5326 -0.0199 -0.4261 -0.4722  1.0554  1.4943
 203  1.627201  3.7309  3.0821  1.4442  2.2471  2.0164  1.2843  0.8814  0.4909 -0.0662 -0.4762 -0.5227  1.0170  1.4597
 204  1.627413  3.7295  3.0610  1.4600  2.2265  1.9860  1.2481  0.8427  0.4500 -0.1113 -0.5246 -0.5716  0.9790  1.4251
 205  1.627625  3.7283  3.0402  1.4758  2.2051  1.9554  1.2118  0.8040  0.4092 -0.1560 -0.5725 -0.6199  0.9410  1.3903
 206  1.627837  3.7271  3.0197  1.4917  2.1827  1.9242  1.1753  0.7652  0.3684 -0.2005 -0.6201 -0.6679  0.9028  1.3553
 207  1.628047  3.7260  2.9993  1.5076  2.1598  1.8928  1.1387  0.7263  0.3276 -0.2449 -0.6674 -0.7156  0.8645  1.3200
 208  1.628258  3.7249  2.9790  1.5235  2.1367  1.8614  1.1020  0.6874  0.2867 -0.2892 -0.7145 -0.7632  0.8262  1.2848
 209  1.628469  3.7238  2.9588  1.5394  2.1135  1.8302  1.0653  0.6484  0.2459 -0.3335 -0.7615 -0.8108  0.7879  1.2495
 210  1.628679  3.7227  2.9387  1.5553  2.0901  1.7989  1.0286  0.6095  0.2050 -0.3777 -0.8083 -0.8582  0.7496  1.2143
 211  1.628890  3.7217  2.9187  1.5712  2.0666  1.7676  0.9919  0.5706  0.1642 -0.4217 -0.8548 -0.9054  0.7113  1.1790
 212  1.629102  3.7207  2.8988  1.5871  2.0429  1.7362  0.9553  0.5318  0.1236 -0.4655 -0.9011 -0.9523  0.6731  1.1438
 213  1.629314  3.7196  2.8790  1.6029  2.0193  1.7049  0.9188  0.4931  0.0831 -0.5092 -0.9472 -0.9990  0.6350  1.1086
 214  1.629527  3.7186  2.8593  1.6187  1.9957  1.6736  0.8824  0.4546  0.0427 -0.5527 -0.9931 -1.0456  0.5971  1.0736
 215  1.629741  3.7177  2.8397  1.6344  1.9722  1.6422  0.8461  0.4161  0.0025 -0.5960 -1.0389 -1.0920  0.5592  1.0385
 216  1.629955  3.7167  2.8201  1.6501  1.9486  1.6109  0.8098  0.3779 -0.0375 -0.6391 -1.0845 -1.1381  0.5215  1.0036
 217  1.629975  3.7166  2.8183  1.6516  1.9465  1.6080  0.8064  0.3743 -0.0413 -0.6432 -1.0888 -1.1424  0.5179  1.0003
 218  1.629995  3.7165  2.8165  1.6531  1.9442  1.6051  0.8030  0.3707 -0.0451 -0.6473 -1.0931 -1.1468  0.5144  0.9970
 219  1.630015  3.7164  2.8147  1.6545  1.9419  1.6021  0.7996  0.3671 -0.0488 -0.6513 -1.0973 -1.1511  0.5108  0.9937
 220  1.630035  3.7163  2.8128  1.6560  1.9398  1.5992  0.7962  0.3635 -0.0526 -0.6553 -1.1016 -1.1554  0.5073  0.9905
 221  1.630055  3.7162  2.8110  1.6575  1.9376  1.5962  0.7928  0.3599 -0.0563 -0.6594 -1.1059 -1.1597  0.5038  0.9872
 222  1.630075  3.7161  2.8092  1.6589  1.9355  1.5933  0.7895  0.3564 -0.0600 -0.6634 -1.1102 -1.1640  0.5003  0.9840
 223  1.630095  3.7160  2.8073  1.6604  1.9333  1.5904  0.7861  0.3528 -0.0638 -0.6674 -1.1144 -1.1683  0.4967  0.9807
 224  1.630114  3.7160  2.8055  1.6619  1.9310  1.5874  0.7827  0.3492 -0.0675 -0.6715 -1.1187 -1.1726  0.4932  0.9774
 225  1.630134  3.7159  2.8037  1.6634  1.9288  1.5845  0.7793  0.3456 -0.0713 -0.6755 -1.1229 -1.1770  0.4897  0.9741
 226  1.630154  3.7158  2.8019  1.6648  1.9266  1.5815  0.7759  0.3420 -0.0750 -0.6795 -1.1272 -1.1813  0.4861  0.9709
 227  1.630449  3.7145  2.7757  1.6859  1.8953  1.5394  0.7274  0.2909 -0.1285 -0.7373 -1.1883 -1.2430  0.4357  0.9241
 228  1.630751  3.7131  2.7486  1.7077  1.8628  1.4955  0.6771  0.2378 -0.1839 -0.7971 -1.2518 -1.3070  0.3833  0.8755
 229  1.631017  3.7120  2.7252  1.7265  1.8350  1.4578  0.6339  0.1922 -0.2316 -0.8486 -1.3064 -1.3620  0.3383  0.8338
 230  1.631266  3.7109  2.7032  1.7443  1.8090  1.4224  0.5932  0.1493 -0.2764 -0.8971 -1.3578 -1.4139  0.2959  0.7946
 231  1.631586  3.7095  2.6755  1.7666  1.7764  1.3778  0.5420  0.0953 -0.3330 -0.9583 -1.4228 -1.4794  0.2426  0.7453
 232  1.631814  3.7086  2.6556  1.7826  1.7532  1.3460  0.5055  0.0566 -0.3733 -1.0020 -1.4692 -1.5262  0.2045  0.7100
 233  1.632107  3.7073  2.6304  1.8030  1.7240  1.3055  0.4589  0.0075 -0.4248 -1.0577 -1.5283 -1.5858  0.1559  0.6651
 234  1.632382  3.7061  2.6067  1.8220  1.6974  1.2678  0.4155 -0.0384 -0.4728 -1.1097 -1.5836 -1.6416  0.1106  0.6233
 235  1.632694  3.7048  2.5803  1.8432  1.6679  1.2259  0.3670 -0.0896 -0.5263 -1.1678 -1.6453 -1.7039  0.0601  0.5767
 236  1.632936  3.7038  2.5595  1.8601  1.6446  1.1928  0.3288 -0.1301 -0.5687 -1.2138 -1.6940 -1.7532  0.0201  0.5398
 237  1.633168  3.7028  2.5396  1.8761  1.6227  1.1615  0.2924 -0.1685 -0.6090 -1.2575 -1.7404 -1.8001 -0.0178  0.5049
 238  1.633453  3.7016  2.5155  1.8954  1.5959  1.1236  0.2484 -0.2151 -0.6577 -1.3103 -1.7964 -1.8568 -0.0638  0.4626
 239  1.633717  3.7005  2.4933  1.9133  1.5718  1.0889  0.2081 -0.2579 -0.7026 -1.3591 -1.8483 -1.9092 -0.1060  0.4239
 240  1.633967  3.6994  2.4721  1.9302  1.5493  1.0563  0.1699 -0.2984 -0.7452 -1.4055 -1.8976 -1.9591 -0.1460  0.3873
 241  1.634252  3.6982  2.4480  1.9494  1.5226  1.0193  0.1268 -0.3443 -0.7934 -1.4580 -1.9538 -2.0157 -0.1913  0.3460
 242  1.634476  3.6972  2.4289  1.9645  1.5012  0.9905  0.0931 -0.3802 -0.8312 -1.4993 -1.9981 -2.0603 -0.2267  0.3137
 243  1.634733  3.6961  2.4072  1.9818  1.4767  0.9576  0.0545 -0.4212 -0.8745 -1.5465 -2.0488 -2.1113 -0.2673  0.2769
 244  1.634975  3.6950  2.3867  1.9981  1.4538  0.9268  0.0185 -0.4597 -0.9151 -1.5909 -2.0966 -2.1592 -0.3052  0.2424
 245  1.635209  3.6939  2.3669  2.0138  1.4318  0.8971 -0.0164 -0.4970 -0.9544 -1.6338 -2.1429 -2.2057 -0.3420  0.2091
 246  1.635439  3.6929  2.3475  2.0291  1.4109  0.8685 -0.0501 -0.5331 -0.9925 -1.6757 -2.1880 -2.2510 -0.3776  0.1770
 247  1.635685  3.6918  2.3266  2.0456  1.3885  0.8376 -0.0865 -0.5720 -1.0336 -1.7207 -2.2367 -2.2999 -0.4161  0.1423
 248  1.635919  3.6907  2.3068  2.0613  1.3676  0.8084 -0.1211 -0.6090 -1.0727 -1.7636 -2.2829 -2.3463 -0.4525  0.1094
 249  1.636137  3.6897  2.2882  2.0759  1.3493  0.7813 -0.1533 -0.6435 -1.1092 -1.8037 -2.3260 -2.3898 -0.4866  0.0787
 250  1.636354  3.6888  2.2698  2.0905  1.3324  0.7545 -0.1853 -0.6778 -1.1454 -1.8435 -2.3688 -2.4331 -0.5205  0.0483
 251  1.636588  3.6877  2.2499  2.1062  1.3147  0.7256 -0.2199 -0.7149 -1.1845 -1.8866 -2.4149 -2.4798 -0.5570  0.0155
 252  1.636807  3.6867  2.2313  2.1209  1.2986  0.6988 -0.2521 -0.7494 -1.2210 -1.9268 -2.4580 -2.5235 -0.5910 -0.0151
 253  1.637023  3.6857  2.2128  2.1354  1.2832  0.6724 -0.2839 -0.7835 -1.2570 -1.9666 -2.5007 -2.5668 -0.6247 -0.0452
 254  1.637224  3.6848  2.1955  2.1490  1.2689  0.6476 -0.3137 -0.8156 -1.2909 -2.0039 -2.5407 -2.6074 -0.6563 -0.0735
 255  1.637441  3.6838  2.1770  2.1637  1.2540  0.6212 -0.3456 -0.8498 -1.3271 -2.0439 -2.5835 -2.6509 -0.6900 -0.1037
 256  1.637628  3.6829  2.1609  2.1763  1.2415  0.5984 -0.3732 -0.8795 -1.3586 -2.0787 -2.6207 -2.6887 -0.7193 -0.1299
 257  1.637850  3.6819  2.1419  2.1913  1.2266  0.5713 -0.4060 -0.9147 -1.3957 -2.1197 -2.6647 -2.7333 -0.7540 -0.1609
 258  1.638038  3.6810  2.1258  2.2039  1.2147  0.5488 -0.4332 -0.9441 -1.4269 -2.1542 -2.7017 -2.7709 -0.7830 -0.1866
 259  1.638240  3.6801  2.1087  2.2175  1.2014  0.5246 -0.4626 -0.9757 -1.4603 -2.1912 -2.7414 -2.8112 -0.8141 -0.2143
 260  1.638434  3.6792  2.0922  2.2304  1.1892  0.5017 -0.4904 -1.0057 -1.4922 -2.2265 -2.7794 -2.8497 -0.8438 -0.2406
 261  1.638621  3.6784  2.0766  2.2427  1.1779  0.4800 -0.5168 -1.0343 -1.5224 -2.2601 -2.8155 -2.8864 -0.8719 -0.2654
 262  1.638816  3.6775  2.0602  2.2555  1.1661  0.4574 -0.5445 -1.0641 -1.5541 -2.2952 -2.8532 -2.9247 -0.9013 -0.2914
 263  1.639004  3.6766  2.0448  2.2676  1.1554  0.4363 -0.5704 -1.0921 -1.5839 -2.3283 -2.8888 -2.9610 -0.9290 -0.3157
 264  1.639186  3.6758  2.0298  2.2793  1.1450  0.4159 -0.5954 -1.1193 -1.6127 -2.3603 -2.9232 -2.9959 -0.9557 -0.3392
 265  1.639373  3.6750  2.0147  2.2912  1.1345  0.3952 -0.6209 -1.1468 -1.6419 -2.3928 -2.9580 -3.0314 -0.9828 -0.3631
 266  1.639556  3.6742  2.0002  2.3026  1.1248  0.3756 -0.6451 -1.1731 -1.6699 -2.4238 -2.9914 -3.0654 -1.0087 -0.3857
 267  1.639726  3.6734  1.9870  2.3129  1.1164  0.3579 -0.6670 -1.1969 -1.6952 -2.4521 -3.0218 -3.0964 -1.0322 -0.4062
 268  1.639908  3.6727  1.9733  2.3235  1.1077  0.3398 -0.6895 -1.2214 -1.7213 -2.4812 -3.0531 -3.1283 -1.0563 -0.4273
 269  1.640086  3.6720  1.9607  2.3333  1.1000  0.3231 -0.7103 -1.2440 -1.7454 -2.5080 -3.0820 -3.1578 -1.0786 -0.4466
 270  1.640268  3.6713  1.9488  2.3426  1.0927  0.3074 -0.7299 -1.2654 -1.7682 -2.5334 -3.1094 -3.1857 -1.0997 -0.4649
 271  1.640445  3.6707  1.9387  2.3504  1.0869  0.2943 -0.7463 -1.2833 -1.7873 -2.5548 -3.1324 -3.2093 -1.1173 -0.4802
 272  1.640612  3.6703  1.9315  2.3561  1.0824  0.2847 -0.7583 -1.2963 -1.8012 -2.5703 -3.1491 -3.2263 -1.1302 -0.4913
 273  1.640790  3.6701  1.9270  2.3597  1.0788  0.2782 -0.7661 -1.3047 -1.8101 -2.5801 -3.1595 -3.2369 -1.1384 -0.4987
 274  1.640969  3.6702  1.9278  2.3593  1.0779  0.2783 -0.7655 -1.3039 -1.8091 -2.5788 -3.1579 -3.2353 -1.1377 -0.4983
 275  1.641142  3.6706  1.9354  2.3537  1.0809  0.2872 -0.7539 -1.2911 -1.7953 -2.5632 -3.1410 -3.2179 -1.1251 -0.4876
 276  1.641334  3.6714  1.9478  2.3442  1.0872  0.3027 -0.7343 -1.2696 -1.7723 -2.5372 -3.1129 -3.1892 -1.1039 -0.4694
 277  1.641538  3.6726  1.9681  2.3288  1.0971  0.3278 -0.7022 -1.2343 -1.7344 -2.4947 -3.0668 -3.1421 -1.0692 -0.4398
 278  1.641752  3.6743  1.9965  2.3072  1.1115  0.3631 -0.6572 -1.1849 -1.6815 -2.4352 -3.0024 -3.0763 -1.0206 -0.3981
 279  1.641978  3.6765  2.0322  2.2804  1.1279  0.4063 -0.6016 -1.1237 -1.6158 -2.3609 -2.9218 -2.9940 -0.9605 -0.3467