#NUMBER OF AGES=1 MAGS=10
#----------------------------------------------------       
#MIX-LEN  Y      Z          Zeff        [Fe/H] [a/Fe]
# 1.9380  0.3300 1.5308E-03 1.5308E-03  -1.00   0.00
#----------------------------------------------------       
#**PHOTOMETRIC SYSTEM**: Bessell UBV(RI)c + 2MASS JHKs + Kepler (Vega)
#----------------------------------------------------  
#AGE= 1.750 EEPS=275
#EEP   M/Mo    LogTeff  LogG   LogL/Lo U       B       V       R       I       J       H       Ks      Kp      D51     
   5  0.103830  3.5273  5.2964 -2.7794 17.0498 15.0714 13.2811 12.2509 11.1194  9.9049  9.3110  9.1194 12.3396 14.1159
   6  0.120058  3.5344  5.2405 -2.6323 16.4070 14.5613 12.8199 11.8138 10.7422  9.5572  8.9625  8.7663 11.9226 13.6315
   7  0.140048  3.5420  5.1848 -2.4791 15.7576 14.0337 12.3442 11.3609 10.3491  9.1955  8.6017  8.4016 11.4885 13.1295
   8  0.171385  3.5534  5.1307 -2.2918 14.9546 13.3717 11.7533 10.7996  9.8662  8.7578  8.1670  7.9642 10.9498 12.5017
   9  0.209155  3.5645  5.0872 -2.1173 14.2335 12.7615 11.2100 10.2837  9.4175  8.3513  7.7639  7.5603 10.4509 11.9226
  10  0.237596  3.5706  5.0593 -2.0097 13.8184 12.4018 10.8863  9.9757  9.1428  8.0989  7.5129  7.3093 10.1503 11.5786
  11  0.251809  3.5734  5.0434 -1.9574 13.6216 12.2302 10.7313  9.8281  9.0099  7.9759  7.3904  7.1869 10.0058 11.4139
  12  0.259590  3.5748  5.0333 -1.9285 13.5155 12.1371 10.6467  9.7475  8.9365  7.9075  7.3221  7.1187  9.9265 11.3242
  13  0.264721  3.5757  5.0260 -1.9091 13.4461 12.0758 10.5907  9.6940  8.8875  7.8616  7.2763  7.0728  9.8739 11.2650
  14  0.268325  3.5763  5.0201 -1.8950 13.3961 12.0315 10.5502  9.6552  8.8517  7.8279  7.2426  7.0391  9.8356 11.2221
  15  0.271146  3.5768  5.0150 -1.8835 13.3560 11.9958 10.5174  9.6238  8.8227  7.8006  7.2152  7.0118  9.8047 11.1876
  16  0.273638  3.5772  5.0104 -1.8732 13.3204 11.9641 10.4884  9.5959  8.7969  7.7761  7.1908  6.9873  9.7772 11.1569
  17  0.276194  3.5776  5.0059 -1.8631 13.2849 11.9325 10.4594  9.5682  8.7713  7.7519  7.1666  6.9631  9.7498 11.1263
  18  0.279141  3.5780  5.0014 -1.8520 13.2460 11.8980 10.4278  9.5379  8.7433  7.7256  7.1403  6.9368  9.7199 11.0928
  19  0.282034  3.5785  4.9967 -1.8410 13.2078 11.8639 10.3965  9.5080  8.7156  7.6994  7.1140  6.9106  9.6904 11.0598
  20  0.286946  3.5793  4.9909 -1.8246 13.1493 11.8120 10.3491  9.4629  8.6741  7.6607  7.0752  6.8720  9.6459 11.0096
  21  0.295811  3.5808  4.9822 -1.7969 13.0467 11.7219 10.2674  9.3856  8.6036  7.5954  7.0099  6.8071  9.5697 10.9225
  22  0.376297  3.6015  4.8938 -1.5209 11.9294 10.7560  9.4172  8.6018  7.8988  6.9605  6.3723  6.1861  8.7935 10.0004
  23  0.386594  3.6053  4.8787 -1.4791 11.7562 10.6044  9.2857  8.4830  7.7920  6.8654  6.2755  6.0945  8.6749  9.8574
  24  0.397633  3.6096  4.8630 -1.4337 11.5661 10.4374  9.1416  8.3537  7.6762  6.7629  6.1703  5.9962  8.5456  9.7004
  25  0.409888  3.6150  4.8467 -1.3828 11.3482 10.2449  8.9770  8.2076  7.5463  6.6488  6.0524  5.8877  8.3991  9.5209
  26  0.421553  3.6208  4.8321 -1.3328 11.1315 10.0515  8.8130  8.0634  7.4193  6.5381  5.9373  5.7832  8.2542  9.3420
  27  0.432347  3.6266  4.8195 -1.2858 10.9288  9.8671  8.6571  7.9271  7.3001  6.4343  5.8299  5.6865  8.1170  9.1729
  28  0.442451  3.6324  4.8088 -1.2418 10.7389  9.6923  8.5097  7.7991  7.1889  6.3378  5.7314  5.5978  7.9879  9.0138
  29  0.451841  3.6381  4.7999 -1.2013 10.5561  9.5253  8.3705  7.6796  7.0865  6.2500  5.6438  5.5193  7.8669  8.8629
  30  0.459859  3.6432  4.7934 -1.1665 10.3912  9.3776  8.2484  7.5761  6.9987  6.1759  5.5722  5.4551  7.7617  8.7294
  31  0.466570  3.6478  4.7887 -1.1371 10.2449  9.2503  8.1439  7.4881  6.9243  6.1139  5.5141  5.4029  7.6719  8.6134
  32  0.472723  3.6522  4.7849 -1.1100 10.1037  9.1316  8.0468  7.4069  6.8557  6.0575  5.4629  5.3567  7.5888  8.5038
  33  0.479236  3.6570  4.7815 -1.0815  9.9466  9.0052  7.9438  7.3214  6.7835  5.9992  5.4117  5.3106  7.5010  8.3844
  34  0.487469  3.6631  4.7779 -1.0462  9.7414  8.8479  7.8161  7.2160  6.6940  5.9282  5.3517  5.2564  7.3922  8.2324
  35  0.499608  3.6719  4.7731 -0.9955  9.4340  8.6253  7.6351  7.0669  6.5658  5.8280  5.2705  5.1825  7.2375  8.0117
  36  0.517830  3.6850  4.7659 -0.9206  8.9689  8.3063  7.3742  6.8504  6.3759  5.6827  5.1600  5.0804  7.0123  7.6883
  37  0.543454  3.7030  4.7561 -0.8175  8.3157  7.8832  7.0330  6.5636  6.1220  5.4908  5.0197  4.9495  6.7136  7.2726
  38  0.574805  3.7232  4.7417 -0.6982  7.6629  7.4333  6.6692  6.2448  5.8359  5.2700  4.8535  4.7918  6.3840  6.8605
  39  0.636983  3.7572  4.7031 -0.4790  6.6212  6.6737  6.0596  5.6997  5.3427  4.8718  4.5287  4.4825  5.8202  6.2001
  40  0.711293  3.7892  4.6404 -0.2404  5.7329  5.9307  5.4412  5.1343  4.8245  4.4302  4.1436  4.1122  5.2370  5.5503
  41  0.723723  3.7942  4.6298 -0.2020  5.6039  5.8153  5.3436  5.0453  4.7432  4.3598  4.0809  4.0523  5.1449  5.4482
  42  0.733840  3.7983  4.6209 -0.1709  5.5019  5.7219  5.2645  4.9734  4.6778  4.3024  4.0288  4.0027  5.0705  5.3655
  43  0.744337  3.8023  4.6115 -0.1393  5.4025  5.6287  5.1842  4.8998  4.6105  4.2436  3.9765  3.9522  4.9946  5.2819
  44  0.755612  3.8063  4.6011 -0.1063  5.3023  5.5331  5.1005  4.8224  4.5391  4.1812  3.9217  3.8985  4.9150  5.1949
  45  0.766631  3.8099  4.5905 -0.0750  5.2087  5.4430  5.0209  4.7485  4.4708  4.1210  3.8682  3.8461  4.8391  5.1123
  46  0.777645  3.8134  4.5798 -0.0441  5.1184  5.3552  4.9427  4.6758  4.4034  4.0614  3.8149  3.7939  4.7645  5.0313
  47  0.788825  3.8168  4.5687 -0.0131  5.0289  5.2669  4.8639  4.6026  4.3354  4.0011  3.7609  3.7410  4.6894  4.9499
  48  0.800128  3.8203  4.5574  0.0184  4.9397  5.1776  4.7840  4.5284  4.2667  3.9401  3.7066  3.6876  4.6132  4.8672
  49  0.810966  3.8237  4.5464  0.0488  4.8549  5.0914  4.7066  4.4565  4.2002  3.8810  3.6541  3.6358  4.5394  4.7871
  50  0.821200  3.8269  4.5357  0.0776  4.7754  5.0098  4.6331  4.3883  4.1372  3.8249  3.6042  3.5865  4.4694  4.7111
  51  0.831310  3.8300  4.5252  0.1059  4.6977  4.9299  4.5611  4.3213  4.0754  3.7699  3.5552  3.5381  4.4006  4.6366
  52  0.837926  3.8321  4.5185  0.1243  4.6477  4.8782  4.5144  4.2780  4.0354  3.7344  3.5237  3.5070  4.3561  4.5883
  53  0.844864  3.8342  4.5118  0.1432  4.5964  4.8246  4.4660  4.2332  3.9941  3.6979  3.4916  3.4752  4.3100  4.5382
  54  0.852254  3.8366  4.5051  0.1631  4.5429  4.7683  4.4152  4.1862  3.9509  3.6600  3.4584  3.4423  4.2617  4.4855
  55  0.860349  3.8392  4.4982  0.1845  4.4857  4.7076  4.3605  4.1357  3.9048  3.6196  3.4233  3.4075  4.2098  4.4288
  56  0.868918  3.8420  4.4914  0.2068  4.4260  4.6440  4.3032  4.0831  3.8569  3.5778  3.3873  3.3718  4.1555  4.3693
  57  0.877611  3.8449  4.4849  0.2292  4.3665  4.5799  4.2455  4.0303  3.8092  3.5362  3.3518  3.3364  4.1010  4.3095
  58  0.886118  3.8477  4.4787  0.2511  4.3102  4.5170  4.1895  3.9795  3.7636  3.4965  3.3180  3.3029  4.0484  4.2511
  59  0.894153  3.8505  4.4729  0.2717  4.2580  4.4575  4.1367  3.9318  3.7210  3.4593  3.2864  3.2717  3.9988  4.1960
  60  0.901474  3.8529  4.4675  0.2905  4.2105  4.4031  4.0884  3.8882  3.6821  3.4253  3.2575  3.2432  3.9535  4.1456
  61  0.908171  3.8552  4.4625  0.3078  4.1670  4.3533  4.0439  3.8480  3.6462  3.3939  3.2308  3.2167  3.9118  4.0992
  62  0.914449  3.8573  4.4576  0.3241  4.1259  4.3065  4.0020  3.8100  3.6122  3.3642  3.2055  3.1916  3.8724  4.0556
  63  0.920424  3.8593  4.4530  0.3396  4.0849  4.2625  3.9619  3.7731  3.5786  3.3352  3.1809  3.1668  3.8343  4.0141
  64  0.926174  3.8613  4.4485  0.3546  4.0452  4.2201  3.9232  3.7373  3.5461  3.3073  3.1573  3.1429  3.7976  3.9740
  65  0.931781  3.8632  4.4443  0.3693  4.0065  4.1789  3.8854  3.7024  3.5145  3.2802  3.1344  3.1198  3.7617  3.9349
  66  0.937283  3.8652  4.4403  0.3836  3.9686  4.1384  3.8484  3.6683  3.4837  3.2538  3.1123  3.0974  3.7266  3.8965
  67  0.942739  3.8672  4.4366  0.3978  3.9313  4.0982  3.8117  3.6347  3.4535  3.2281  3.0909  3.0757  3.6919  3.8586
  68  0.948173  3.8692  4.4331  0.4119  3.8945  4.0583  3.7754  3.6016  3.4239  3.2030  3.0702  3.0547  3.6577  3.8208
  69  0.953576  3.8713  4.4300  0.4258  3.8600  4.0179  3.7395  3.5696  3.3960  3.1794  3.0508  3.0354  3.6243  3.7832
  70  0.958839  3.8734  4.4273  0.4393  3.8268  3.9784  3.7046  3.5387  3.3694  3.1568  3.0325  3.0172  3.5919  3.7466
  71  0.963967  3.8755  4.4248  0.4525  3.7946  3.9399  3.6706  3.5089  3.3438  3.1353  3.0152  3.0001  3.5605  3.7109
  72  0.968951  3.8776  4.4227  0.4653  3.7634  3.9024  3.6376  3.4800  3.3192  3.1147  2.9988  2.9838  3.5301  3.6762
  73  0.973798  3.8797  4.4208  0.4777  3.7329  3.8659  3.6055  3.4519  3.2954  3.0948  2.9832  2.9683  3.5005  3.6425
  74  0.978530  3.8818  4.4192  0.4899  3.7022  3.8305  3.5742  3.4243  3.2717  3.0754  2.9679  2.9530  3.4715  3.6097
  75  0.983147  3.8839  4.4177  0.5017  3.6711  3.7963  3.5437  3.3970  3.2481  3.0562  2.9529  2.9378  3.4430  3.5778
  76  0.987689  3.8859  4.4163  0.5133  3.6404  3.7629  3.5137  3.3702  3.2249  3.0375  2.9383  2.9230  3.4151  3.5466
  77  0.992160  3.8880  4.4151  0.5248  3.6100  3.7301  3.4843  3.3438  3.2021  3.0191  2.9239  2.9085  3.3876  3.5159
  78  0.996578  3.8900  4.4139  0.5361  3.5799  3.6978  3.4554  3.3178  3.1797  3.0010  2.9098  2.8941  3.3606  3.4857
  79  1.000962  3.8920  4.4127  0.5473  3.5502  3.6658  3.4267  3.2922  3.1576  2.9832  2.8959  2.8800  3.3338  3.4559
  80  1.005305  3.8941  4.4115  0.5584  3.5217  3.6341  3.3985  3.2674  3.1365  2.9660  2.8824  2.8665  3.3077  3.4264
  81  1.009583  3.8961  4.4105  0.5693  3.4937  3.6029  3.3709  3.2430  3.1159  2.9493  2.8693  2.8535  3.2821  3.3974
  82  1.013845  3.8981  4.4094  0.5802  3.4661  3.5718  3.3434  3.2189  3.0956  2.9329  2.8564  2.8407  3.2567  3.3686
  83  1.018013  3.9000  4.4084  0.5908  3.4391  3.5415  3.3166  3.1955  3.0760  2.9169  2.8439  2.8282  3.2320  3.3405
  84  1.022095  3.9020  4.4074  0.6012  3.4129  3.5118  3.2905  3.1727  3.0569  2.9013  2.8317  2.8161  3.2079  3.3131
  85  1.026089  3.9038  4.4064  0.6114  3.3872  3.4829  3.2650  3.1504  3.0382  2.8861  2.8197  2.8042  3.1844  3.2864
  86  1.030001  3.9056  4.4053  0.6214  3.3621  3.4545  3.2401  3.1286  3.0200  2.8712  2.8081  2.7925  3.1613  3.2602
  87  1.033838  3.9074  4.4042  0.6311  3.3376  3.4268  3.2157  3.1073  3.0021  2.8567  2.7966  2.7811  3.1388  3.2347
  88  1.037597  3.9091  4.4030  0.6407  3.3135  3.3997  3.1919  3.0865  2.9846  2.8423  2.7853  2.7698  3.1168  3.2097
  89  1.041291  3.9107  4.4018  0.6500  3.2900  3.3732  3.1686  3.0660  2.9674  2.8282  2.7740  2.7585  3.0952  3.1853
  90  1.044920  3.9123  4.4005  0.6591  3.2668  3.3475  3.1458  3.0460  2.9506  2.8142  2.7628  2.7474  3.0740  3.1615
  91  1.048483  3.9138  4.3991  0.6681  3.2441  3.3223  3.1235  3.0263  2.9340  2.8004  2.7516  2.7363  3.0533  3.1382
  92  1.051979  3.9153  4.3977  0.6769  3.2218  3.2979  3.1017  3.0070  2.9177  2.7868  2.7406  2.7252  3.0331  3.1154
  93  1.055376  3.9167  4.3963  0.6854  3.2001  3.2743  3.0806  2.9883  2.9019  2.7735  2.7296  2.7144  3.0135  3.0935
  94  1.058666  3.9181  4.3948  0.6936  3.1791  3.2515  3.0603  2.9703  2.8866  2.7605  2.7189  2.7037  2.9945  3.0723
  95  1.061859  3.9194  4.3932  0.7016  3.1588  3.2295  3.0407  2.9529  2.8718  2.7479  2.7083  2.6932  2.9762  3.0519
  96  1.064953  3.9206  4.3917  0.7094  3.1391  3.2083  3.0217  2.9360  2.8574  2.7356  2.6980  2.6829  2.9585  3.0321
  97  1.067955  3.9218  4.3901  0.7169  3.1201  3.1877  3.0035  2.9197  2.8434  2.7236  2.6879  2.6729  2.9414  3.0131
  98  1.070874  3.9229  4.3885  0.7243  3.1015  3.1678  2.9858  2.9039  2.8299  2.7119  2.6779  2.6629  2.9249  2.9947
  99  1.073712  3.9240  4.3868  0.7314  3.0835  3.1484  2.9687  2.8887  2.8166  2.7005  2.6681  2.6531  2.9088  2.9769
 100  1.076476  3.9251  4.3852  0.7385  3.0660  3.1295  2.9521  2.8738  2.8037  2.6893  2.6584  2.6435  2.8931  2.9596
 101  1.079184  3.9261  4.3836  0.7453  3.0489  3.1110  2.9359  2.8594  2.7911  2.6784  2.6490  2.6341  2.8779  2.9428
 102  1.081837  3.9271  4.3818  0.7521  3.0321  3.0929  2.9202  2.8453  2.7788  2.6677  2.6396  2.6247  2.8629  2.9263
 103  1.084451  3.9281  4.3801  0.7588  3.0156  3.0751  2.9047  2.8315  2.7666  2.6572  2.6303  2.6155  2.8483  2.9102
 104  1.087037  3.9291  4.3785  0.7654  2.9994  3.0575  2.8895  2.8179  2.7547  2.6468  2.6212  2.6064  2.8339  2.8944
 105  1.089600  3.9300  4.3767  0.7719  2.9833  3.0401  2.8746  2.8046  2.7428  2.6365  2.6121  2.5972  2.8197  2.8788
 106  1.092144  3.9309  4.3749  0.7785  2.9675  3.0229  2.8599  2.7914  2.7311  2.6263  2.6029  2.5881  2.8056  2.8634
 107  1.094657  3.9319  4.3732  0.7849  2.9517  3.0059  2.8453  2.7784  2.7195  2.6163  2.5940  2.5792  2.7918  2.8482
 108  1.097140  3.9328  4.3715  0.7914  2.9359  2.9891  2.8309  2.7655  2.7080  2.6062  2.5850  2.5702  2.7780  2.8332
 109  1.099593  3.9337  4.3697  0.7978  2.9203  2.9723  2.8166  2.7526  2.6965  2.5963  2.5760  2.5612  2.7643  2.8182
 110  1.102024  3.9347  4.3680  0.8043  2.9046  2.9556  2.8023  2.7398  2.6852  2.5864  2.5672  2.5524  2.7507  2.8033
 111  1.104442  3.9356  4.3663  0.8108  2.8889  2.9390  2.7881  2.7271  2.6738  2.5765  2.5583  2.5436  2.7371  2.7885
 112  1.107594  3.9369  4.3640  0.8193  2.8681  2.9171  2.7693  2.7102  2.6588  2.5634  2.5465  2.5318  2.7192  2.7690
 113  1.110791  3.9381  4.3615  0.8281  2.8469  2.8948  2.7501  2.6930  2.6433  2.5498  2.5342  2.5196  2.7008  2.7490
 114  1.114024  3.9394  4.3589  0.8370  2.8251  2.8722  2.7306  2.6753  2.6274  2.5359  2.5215  2.5070  2.6821  2.7288
 115  1.117284  3.9407  4.3561  0.8461  2.8029  2.8492  2.7108  2.6573  2.6112  2.5216  2.5085  2.4941  2.6630  2.7082
 116  1.120560  3.9419  4.3532  0.8554  2.7804  2.8261  2.6906  2.6390  2.5946  2.5069  2.4950  2.4807  2.6437  2.6873
 117  1.123843  3.9432  4.3500  0.8647  2.7575  2.8028  2.6702  2.6202  2.5776  2.4918  2.4811  2.4669  2.6239  2.6662
 118  1.127125  3.9444  4.3467  0.8742  2.7344  2.7794  2.6495  2.6013  2.5603  2.4763  2.4668  2.4527  2.6041  2.6449
 119  1.130394  3.9456  4.3433  0.8837  2.7111  2.7561  2.6288  2.5821  2.5428  2.4606  2.4521  2.4382  2.5840  2.6235
 120  1.133643  3.9467  4.3396  0.8932  2.6878  2.7327  2.6079  2.5628  2.5251  2.4445  2.4371  2.4234  2.5638  2.6021
 121  1.136862  3.9479  4.3358  0.9027  2.6645  2.7094  2.5871  2.5434  2.5072  2.4283  2.4219  2.4083  2.5436  2.5807
 122  1.140045  3.9489  4.3319  0.9121  2.6412  2.6863  2.5662  2.5239  2.4892  2.4119  2.4065  2.3931  2.5234  2.5594
 123  1.143184  3.9500  4.3279  0.9215  2.6181  2.6634  2.5455  2.5045  2.4712  2.3954  2.3909  2.3777  2.5033  2.5382
 124  1.146278  3.9510  4.3238  0.9308  2.5951  2.6407  2.5250  2.4852  2.4532  2.3789  2.3753  2.3622  2.4833  2.5172
 125  1.149318  3.9520  4.3196  0.9400  2.5724  2.6183  2.5046  2.4660  2.4353  2.3624  2.3596  2.3467  2.4634  2.4964
 126  1.152307  3.9529  4.3152  0.9491  2.5498  2.5961  2.4843  2.4468  2.4174  2.3457  2.3437  2.3310  2.4436  2.4757
 127  1.155261  3.9538  4.3107  0.9583  2.5272  2.5739  2.4639  2.4275  2.3992  2.3289  2.3276  2.3150  2.4237  2.4550
 128  1.158180  3.9546  4.3061  0.9674  2.5046  2.5518  2.4436  2.4082  2.3810  2.3118  2.3113  2.2989  2.4038  2.4343
 129  1.161051  3.9554  4.3014  0.9765  2.4820  2.5297  2.4232  2.3887  2.3626  2.2946  2.2947  2.2824  2.3838  2.4136
 130  1.163871  3.9561  4.2963  0.9855  2.4596  2.5077  2.4027  2.3691  2.3440  2.2770  2.2777  2.2656  2.3637  2.3928
 131  1.166636  3.9568  4.2912  0.9945  2.4373  2.4858  2.3823  2.3495  2.3253  2.2593  2.2606  2.2487  2.3437  2.3721
 132  1.169350  3.9575  4.2859  1.0033  2.4151  2.4640  2.3619  2.3299  2.3066  2.2415  2.2433  2.2315  2.3236  2.3515
 133  1.172007  3.9581  4.2805  1.0122  2.3931  2.4423  2.3416  2.3103  2.2878  2.2235  2.2258  2.2141  2.3036  2.3309
 134  1.174607  3.9586  4.2749  1.0209  2.3712  2.4208  2.3213  2.2906  2.2690  2.2054  2.2081  2.1966  2.2836  2.3105
 135  1.177149  3.9591  4.2692  1.0296  2.3496  2.3994  2.3011  2.2710  2.2500  2.1872  2.1903  2.1789  2.2637  2.2901
 136  1.179633  3.9596  4.2633  1.0381  2.3282  2.3782  2.2809  2.2514  2.2310  2.1687  2.1723  2.1609  2.2437  2.2697
 137  1.182060  3.9600  4.2573  1.0466  2.3069  2.3571  2.2608  2.2317  2.2120  2.1502  2.1541  2.1428  2.2238  2.2494
 138  1.184431  3.9603  4.2510  1.0550  2.2858  2.3361  2.2406  2.2120  2.1928  2.1315  2.1356  2.1245  2.2039  2.2292
 139  1.186739  3.9606  4.2446  1.0634  2.2650  2.3152  2.2205  2.1923  2.1735  2.1126  2.1169  2.1058  2.1839  2.2089
 140  1.188994  3.9608  4.2380  1.0716  2.2443  2.2944  2.2003  2.1724  2.1541  2.0934  2.0979  2.0869  2.1639  2.1887
 141  1.191197  3.9609  4.2313  1.0798  2.2238  2.2737  2.1802  2.1526  2.1346  2.0740  2.0787  2.0678  2.1439  2.1685
 142  1.193350  3.9610  4.2243  1.0879  2.2035  2.2531  2.1600  2.1326  2.1150  2.0545  2.0592  2.0484  2.1238  2.1483
 143  1.195453  3.9611  4.2172  1.0959  2.1833  2.2325  2.1398  2.1126  2.0952  2.0347  2.0395  2.0287  2.1037  2.1280
 144  1.197510  3.9610  4.2098  1.1039  2.1633  2.2119  2.1196  2.0925  2.0752  2.0147  2.0194  2.0086  2.0835  2.1078
 145  1.199514  3.9609  4.2023  1.1118  2.1434  2.1914  2.0993  2.0722  2.0551  1.9943  1.9991  1.9883  2.0632  2.0874
 146  1.201476  3.9608  4.1944  1.1196  2.1237  2.1709  2.0788  2.0518  2.0347  1.9736  1.9783  1.9675  2.0428  2.0670
 147  1.203393  3.9605  4.1864  1.1274  2.1041  2.1504  2.0583  2.0312  2.0141  1.9526  1.9571  1.9463  2.0222  2.0465
 148  1.205267  3.9602  4.1780  1.1352  2.0846  2.1298  2.0376  2.0104  1.9931  1.9312  1.9355  1.9247  2.0015  2.0258
 149  1.207096  3.9598  4.1694  1.1429  2.0653  2.1092  2.0167  1.9894  1.9719  1.9093  1.9134  1.9025  1.9805  2.0051
 150  1.208880  3.9593  4.1604  1.1505  2.0461  2.0886  1.9957  1.9681  1.9504  1.8871  1.8908  1.8799  1.9594  1.9841
 151  1.210622  3.9587  4.1511  1.1581  2.0270  2.0679  1.9745  1.9466  1.9285  1.8643  1.8677  1.8567  1.9381  1.9631
 152  1.212320  3.9580  4.1414  1.1657  2.0080  2.0471  1.9530  1.9247  1.9063  1.8410  1.8439  1.8328  1.9165  1.9418
 153  1.213973  3.9573  4.1314  1.1732  1.9892  2.0263  1.9314  1.9026  1.8836  1.8171  1.8195  1.8083  1.8946  1.9204
 154  1.215582  3.9564  4.1209  1.1806  1.9705  2.0055  1.9096  1.8801  1.8605  1.7926  1.7944  1.7830  1.8725  1.8988
 155  1.217146  3.9553  4.1100  1.1880  1.9520  1.9846  1.8875  1.8573  1.8368  1.7674  1.7684  1.7569  1.8501  1.8769
 156  1.218665  3.9542  4.0985  1.1954  1.9336  1.9637  1.8651  1.8342  1.8127  1.7416  1.7417  1.7300  1.8274  1.8549
 157  1.220137  3.9529  4.0866  1.2026  1.9154  1.9427  1.8425  1.8106  1.7880  1.7149  1.7141  1.7021  1.8044  1.8327
 158  1.221563  3.9514  4.0741  1.2098  1.8973  1.9217  1.8198  1.7866  1.7628  1.6874  1.6855  1.6733  1.7811  1.8104
 159  1.222943  3.9498  4.0609  1.2169  1.8794  1.9008  1.7967  1.7622  1.7368  1.6590  1.6558  1.6434  1.7574  1.7878
 160  1.224273  3.9480  4.0472  1.2240  1.8618  1.8800  1.7735  1.7374  1.7102  1.6296  1.6250  1.6123  1.7335  1.7652
 161  1.225555  3.9460  4.0327  1.2309  1.8445  1.8593  1.7501  1.7121  1.6830  1.5993  1.5930  1.5801  1.7092  1.7425
 162  1.226605  3.9441  4.0199  1.2367  1.8300  1.8420  1.7302  1.6905  1.6594  1.5728  1.5650  1.5517  1.6885  1.7232
 163  1.227649  3.9420  4.0059  1.2426  1.8154  1.8243  1.7095  1.6677  1.6343  1.5444  1.5347  1.5212  1.6668  1.7033
 164  1.228689  3.9397  3.9908  1.2486  1.8010  1.8065  1.6882  1.6440  1.6079  1.5142  1.5023  1.4885  1.6444  1.6829
 165  1.229720  3.9370  3.9743  1.2547  1.7866  1.7885  1.6664  1.6193  1.5799  1.4819  1.4674  1.4531  1.6211  1.6621
 166  1.230743  3.9339  3.9563  1.2609  1.7723  1.7707  1.6439  1.5934  1.5501  1.4472  1.4296  1.4149  1.5969  1.6408
 167  1.231752  3.9304  3.9365  1.2671  1.7583  1.7534  1.6207  1.5661  1.5184  1.4097  1.3885  1.3734  1.5717  1.6191
 168  1.232744  3.9265  3.9148  1.2733  1.7448  1.7374  1.5974  1.5377  1.4846  1.3693  1.3437  1.3282  1.5459  1.5977
 169  1.233716  3.9220  3.8908  1.2795  1.7320  1.7240  1.5752  1.5089  1.4487  1.3260  1.2950  1.2791  1.5203  1.5782
 170  1.234661  3.9168  3.8644  1.2857  1.7200  1.7144  1.5545  1.4797  1.4104  1.2792  1.2417  1.2253  1.4950  1.5609
 171  1.235573  3.9110  3.8354  1.2917  1.7090  1.7084  1.5352  1.4502  1.3704  1.2290  1.1837  1.1668  1.4702  1.5457
 172  1.236445  3.9044  3.8036  1.2974  1.6998  1.7042  1.5170  1.4209  1.3294  1.1758  1.1210  1.1036  1.4460  1.5320
 173  1.237271  3.8970  3.7690  1.3028  1.6934  1.7026  1.5013  1.3929  1.2880  1.1205  1.0540  1.0361  1.4231  1.5210
 174  1.238045  3.8889  3.7318  1.3077  1.6892  1.7059  1.4884  1.3661  1.2460  1.0628  0.9824  0.9640  1.4020  1.5137
 175  1.238763  3.8800  3.6924  1.3120  1.6876  1.7144  1.4789  1.3413  1.2043  1.0037  0.9071  0.8883  1.3832  1.5104
 176  1.239424  3.8705  3.6510  1.3157  1.6905  1.7272  1.4732  1.3193  1.1643  0.9443  0.8297  0.8104  1.3673  1.5114
 177  1.240027  3.8605  3.6080  1.3186  1.6963  1.7459  1.4710  1.2995  1.1255  0.8844  0.7497  0.7299  1.3540  1.5165
 178  1.240581  3.8500  3.5643  1.3209  1.7068  1.7694  1.4720  1.2824  1.0890  0.8252  0.6691  0.6488  1.3435  1.5254
 179  1.241106  3.8394  3.5203  1.3223  1.7226  1.7975  1.4766  1.2684  1.0554  0.7679  0.5893  0.5682  1.3361  1.5382
 180  1.241636  3.8286  3.4768  1.3231  1.7439  1.8291  1.4835  1.2571  1.0248  0.7126  0.5111  0.4890  1.3311  1.5536
 181  1.242198  3.8181  3.4351  1.3227  1.7725  1.8649  1.4938  1.2495  0.9988  0.6619  0.4376  0.4143  1.3297  1.5722
 182  1.242822  3.8080  3.3972  1.3204  1.8100  1.9065  1.5094  1.2480  0.9798  0.6187  0.3723  0.3476  1.3340  1.5960
 183  1.243437  3.7987  3.3655  1.3155  1.8562  1.9537  1.5313  1.2543  0.9703  0.5868  0.3200  0.2939  1.3454  1.6255
 184  1.244023  3.7905  3.3406  1.3075  1.9098  2.0067  1.5605  1.2698  0.9718  0.5677  0.2827  0.2549  1.3655  1.6614
 185  1.244561  3.7834  3.3231  1.2968  1.9652  2.0651  1.5969  1.2939  0.9833  0.5617  0.2612  0.2314  1.3936  1.7034
 186  1.245056  3.7773  3.3114  1.2842  2.0294  2.1290  1.6357  1.3204  0.9988  0.5637  0.2511  0.2184  1.4244  1.7486
 187  1.245520  3.7719  3.3039  1.2704  2.1020  2.1905  1.6756  1.3506  1.0204  0.5716  0.2469  0.2123  1.4580  1.7940
 188  1.245987  3.7671  3.2984  1.2567  2.1705  2.2495  1.7158  1.3824  1.0444  0.5830  0.2478  0.2115  1.4926  1.8387
 189  1.246509  3.7623  3.2925  1.2439  2.2373  2.3063  1.7542  1.4127  1.0669  0.5933  0.2481  0.2100  1.5255  1.8814
 190  1.247128  3.7578  3.2826  1.2360  2.2941  2.3507  1.7804  1.4311  1.0779  0.5925  0.2375  0.1976  1.5464  1.9119
 191  1.247831  3.7538  3.2674  1.2355  2.3303  2.3742  1.7875  1.4312  1.0715  0.5756  0.2119  0.1704  1.5488  1.9228
 192  1.248514  3.7508  3.2495  1.2415  2.3432  2.3763  1.7772  1.4158  1.0512  0.5470  0.1766  0.1340  1.5349  1.9153
 193  1.249140  3.7486  3.2308  1.2516  2.3398  2.3640  1.7558  1.3905  1.0223  0.5119  0.1365  0.0930  1.5108  1.8959
 194  1.249726  3.7468  3.2122  1.2633  2.3285  2.3449  1.7295  1.3612  0.9902  0.4748  0.0952  0.0511  1.4824  1.8713
 195  1.250284  3.7453  3.1938  1.2759  2.3122  2.3219  1.7004  1.3297  0.9563  0.4367  0.0535  0.0089  1.4517  1.8437
 196  1.250824  3.7441  3.1757  1.2891  2.2926  2.2962  1.6696  1.2967  0.9213  0.3980  0.0118 -0.0333  1.4194  1.8140
 197  1.251349  3.7429  3.1577  1.3027  2.2707  2.2688  1.6375  1.2628  0.8856  0.3590 -0.0299 -0.0754  1.3860  1.7831
 198  1.251864  3.7419  3.1399  1.3166  2.2470  2.2400  1.6046  1.2282  0.8493  0.3197 -0.0716 -0.1174  1.3519  1.7511
 199  1.252370  3.7410  3.1222  1.3307  2.2223  2.2105  1.5712  1.1932  0.8128  0.2804 -0.1132 -0.1593  1.3173  1.7187
 200  1.252870  3.7401  3.1047  1.3449  2.1965  2.1802  1.5373  1.1577  0.7759  0.2410 -0.1546 -0.2011  1.2823  1.6856
 201  1.253364  3.7393  3.0872  1.3593  2.1700  2.1495  1.5030  1.1219  0.7387  0.2015 -0.1959 -0.2427  1.2470  1.6522
 202  1.253854  3.7385  3.0699  1.3737  2.1428  2.1183  1.4684  1.0859  0.7014  0.1620 -0.2370 -0.2842  1.2114  1.6184
 203  1.254335  3.7377  3.0524  1.3883  2.1149  2.0864  1.4333  1.0494  0.6636  0.1221 -0.2784 -0.3260  1.1753  1.5841
 204  1.254807  3.7370  3.0349  1.4031  2.0863  2.0540  1.3977  1.0125  0.6254  0.0820 -0.3200 -0.3680  1.1388  1.5492
 205  1.255269  3.7363  3.0172  1.4182  2.0570  2.0209  1.3616  0.9750  0.5867  0.0413 -0.3621 -0.4104  1.1017  1.5138
 206  1.255727  3.7356  2.9996  1.4332  2.0276  1.9877  1.3253  0.9374  0.5479  0.0006 -0.4042 -0.4529  1.0645  1.4783
 207  1.256176  3.7349  2.9817  1.4485  1.9980  1.9542  1.2887  0.8994  0.5087 -0.0406 -0.4468 -0.4959  1.0269  1.4424
 208  1.256621  3.7343  2.9637  1.4638  1.9681  1.9205  1.2518  0.8612  0.4692 -0.0820 -0.4896 -0.5391  0.9891  1.4062
 209  1.257053  3.7335  2.9454  1.4794  1.9381  1.8863  1.2143  0.8223  0.4291 -0.1241 -0.5333 -0.5831  0.9506  1.3696
 210  1.257482  3.7328  2.9271  1.4951  1.9075  1.8517  1.1766  0.7832  0.3888 -0.1664 -0.5770 -0.6272  0.9119  1.3325
 211  1.257902  3.7321  2.9086  1.5110  1.8767  1.8167  1.1385  0.7438  0.3482 -0.2091 -0.6213 -0.6718  0.8729  1.2952
 212  1.258315  3.7314  2.8900  1.5269  1.8458  1.7816  1.1003  0.7044  0.3075 -0.2519 -0.6657 -0.7165  0.8338  1.2577
 213  1.258720  3.7307  2.8713  1.5428  1.8148  1.7463  1.0619  0.6647  0.2667 -0.2949 -0.7104 -0.7615  0.7945  1.2201
 214  1.259118  3.7300  2.8526  1.5589  1.7834  1.7106  1.0232  0.6248  0.2256 -0.3381 -0.7553 -0.8067  0.7549  1.1822
 215  1.259510  3.7293  2.8338  1.5751  1.7519  1.6748  0.9844  0.5847  0.1843 -0.3815 -0.8005 -0.8521  0.7152  1.1440
 216  1.259892  3.7286  2.8147  1.5914  1.7205  1.6388  0.9453  0.5443  0.1427 -0.4254 -0.8462 -0.8981  0.6752  1.1057
 217  1.259981  3.7285  2.8104  1.5952  1.7132  1.6305  0.9362  0.5349  0.1331 -0.4355 -0.8568 -0.9087  0.6659  1.0968
 218  1.260069  3.7283  2.8059  1.5990  1.7058  1.6221  0.9271  0.5255  0.1234 -0.4457 -0.8674 -0.9193  0.6566  1.0878
 219  1.260156  3.7281  2.8015  1.6028  1.6984  1.6136  0.9179  0.5161  0.1137 -0.4560 -0.8781 -0.9301  0.6472  1.0788
 220  1.260243  3.7280  2.7970  1.6066  1.6910  1.6051  0.9087  0.5065  0.1038 -0.4664 -0.8889 -0.9409  0.6377  1.0698
 221  1.260330  3.7278  2.7925  1.6105  1.6836  1.5966  0.8994  0.4970  0.0940 -0.4768 -0.8997 -0.9518  0.6283  1.0607
 222  1.260417  3.7276  2.7879  1.6144  1.6762  1.5881  0.8902  0.4874  0.0841 -0.4872 -0.9106 -0.9627  0.6188  1.0516
 223  1.260505  3.7274  2.7835  1.6182  1.6689  1.5797  0.8810  0.4779  0.0744 -0.4975 -0.9213 -0.9735  0.6094  1.0426
 224  1.260591  3.7273  2.7789  1.6221  1.6615  1.5711  0.8717  0.4683  0.0644 -0.5080 -0.9323 -0.9846  0.5998  1.0335
 225  1.260677  3.7271  2.7743  1.6260  1.6539  1.5625  0.8622  0.4585  0.0544 -0.5186 -0.9434 -0.9957  0.5902  1.0243
 226  1.260764  3.7269  2.7697  1.6299  1.6464  1.5538  0.8529  0.4489  0.0445 -0.5290 -0.9543 -1.0066  0.5806  1.0151
 227  1.261665  3.7250  2.7194  1.6729  1.5647  1.4595  0.7502  0.3428 -0.0649 -0.6446 -1.0751 -1.1279  0.4754  0.9144
 228  1.262438  3.7232  2.6734  1.7120  1.4911  1.3740  0.6569  0.2463 -0.1645 -0.7500 -1.1855 -1.2387  0.3798  0.8230
 229  1.263159  3.7214  2.6274  1.7511  1.4181  1.2888  0.5637  0.1499 -0.2639 -0.8553 -1.2957 -1.3494  0.2842  0.7318
 230  1.263885  3.7195  2.5775  1.7934  1.3408  1.1975  0.4634  0.0459 -0.3713 -0.9690 -1.4148 -1.4691  0.1812  0.6338
 231  1.264506  3.7176  2.5320  1.8318  1.2717  1.1153  0.3724 -0.0487 -0.4691 -1.0726 -1.5231 -1.5781  0.0876  0.5449
 232  1.265118  3.7156  2.4836  1.8724  1.2008  1.0294  0.2765 -0.1486 -0.5727 -1.1825 -1.6381 -1.6939 -0.0112  0.4515
 233  1.265664  3.7136  2.4373  1.9107  1.1372  0.9496  0.1864 -0.2430 -0.6707 -1.2869 -1.7475 -1.8041 -0.1045  0.3640
 234  1.266169  3.7115  2.3908  1.9491  1.0743  0.8703  0.0965 -0.3372 -0.7687 -1.3914 -1.8571 -1.9146 -0.1975  0.2767
 235  1.266636  3.7095  2.3453  1.9866  1.0133  0.7935  0.0093 -0.4287 -0.8641 -1.4933 -1.9643 -2.0226 -0.2879  0.1920
 236  1.267085  3.7073  2.2983  2.0251  0.9490  0.7146 -0.0799 -0.5222 -0.9617 -1.5979 -2.0747 -2.1339 -0.3804  0.1051
 237  1.267489  3.7052  2.2529  2.0622  0.8810  0.6380 -0.1650 -0.6109 -1.0547 -1.6982 -2.1811 -2.2412 -0.4684  0.0216
 238  1.267865  3.7031  2.2079  2.0988  0.8142  0.5630 -0.2483 -0.6981 -1.1462 -1.7971 -2.2865 -2.3473 -0.5548 -0.0603
 239  1.268213  3.7010  2.1637  2.1347  0.7505  0.4899 -0.3299 -0.7835 -1.2359 -1.8943 -2.3904 -2.4518 -0.6395 -0.1403
 240  1.268541  3.6988  2.1191  2.1708  0.6907  0.4176 -0.4117 -0.8694 -1.3261 -1.9922 -2.4952 -2.5570 -0.7245 -0.2199
 241  1.268834  3.6968  2.0772  2.2047  0.6457  0.3524 -0.4888 -0.9514 -1.4120 -2.0850 -2.5945 -2.6564 -0.8054 -0.2935
 242  1.269117  3.6947  2.0347  2.2389  0.6037  0.2876 -0.5667 -1.0346 -1.4990 -2.1790 -2.6952 -2.7571 -0.8872 -0.3673
 243  1.269383  3.6926  1.9926  2.2726  0.5652  0.2249 -0.6430 -1.1163 -1.5847 -2.2718 -2.7945 -2.8565 -0.9676 -0.4394
 244  1.269632  3.6905  1.9527  2.3042  0.5317  0.1674 -0.7141 -1.1929 -1.6652 -2.3592 -2.8882 -2.9506 -1.0427 -0.5064
 245  1.269861  3.6887  1.9179  2.3319  0.5004  0.1167 -0.7757 -1.2589 -1.7348 -2.4353 -2.9696 -3.0327 -1.1078 -0.5651
 246  1.270080  3.6876  1.8961  2.3495  0.4780  0.0832 -0.8154 -1.3011 -1.7792 -2.4833 -3.0206 -3.0843 -1.1494 -0.6032
 247  1.270298  3.6886  1.9116  2.3379  0.4879  0.1029 -0.7902 -1.2737 -1.7499 -2.4507 -2.9853 -3.0484 -1.1225 -0.5795
 248  1.270543  3.6891  1.9194  2.3323  0.4911  0.1116 -0.7785 -1.2607 -1.7358 -2.4347 -2.9677 -3.0306 -1.1098 -0.5685
 249  1.270796  3.6868  1.8754  2.3672  0.4512  0.0475 -0.8560 -1.3438 -1.8235 -2.5305 -3.0701 -3.1342 -1.1916 -0.6426
 250  1.271028  3.6841  1.8256  2.4064  0.4089 -0.0235 -0.9427 -1.4367 -1.9218 -2.6384 -3.1853 -3.2510 -1.2832 -0.7254
 251  1.271244  3.6816  1.7780  2.4440  0.3710 -0.0905 -1.0250 -1.5253 -2.0156 -2.7416 -3.2955 -3.3630 -1.3704 -0.8038
 252  1.271441  3.6791  1.7320  2.4802  0.3367 -0.1540 -1.1039 -1.6103 -2.1058 -2.8409 -3.4018 -3.4710 -1.4541 -0.8787
 253  1.271622  3.6767  1.6872  2.5154  0.3057 -0.2148 -1.1800 -1.6927 -2.1934 -2.9377 -3.5056 -3.5765 -1.5352 -0.9507
 254  1.271791  3.6744  1.6430  2.5501  0.2766 -0.2741 -1.2547 -1.7738 -2.2797 -3.0331 -3.6080 -3.6805 -1.6150 -1.0213
 255  1.271945  3.6721  1.6008  2.5834  0.2502 -0.3303 -1.3258 -1.8511 -2.3620 -3.1243 -3.7059 -3.7802 -1.6910 -1.0883
 256  1.272090  3.6698  1.5584  2.6166  0.2247 -0.3861 -1.3965 -1.9281 -2.4441 -3.2154 -3.8037 -3.8796 -1.7668 -1.1550
 257  1.272224  3.6676  1.5174  2.6488  0.2014 -0.4397 -1.4648 -2.0025 -2.5235 -3.3036 -3.8985 -3.9760 -1.8401 -1.2192
 258  1.272349  3.6653  1.4769  2.6804  0.1811 -0.4910 -1.5309 -2.0748 -2.6009 -3.3900 -3.9917 -4.0709 -1.9113 -1.2811
 259  1.272465  3.6631  1.4368  2.7115  0.1642 -0.5404 -1.5953 -2.1457 -2.6770 -3.4752 -4.0840 -4.1647 -1.9811 -1.3412
 260  1.272572  3.6609  1.3981  2.7414  0.1501 -0.5870 -1.6567 -2.2135 -2.7499 -3.5572 -4.1729 -4.2552 -2.0478 -1.3982
 261  1.272674  3.6587  1.3596  2.7712  0.1376 -0.6326 -1.7174 -2.2807 -2.8224 -3.6388 -4.2614 -4.3454 -2.1139 -1.4543
 262  1.272768  3.6565  1.3217  2.8003  0.1272 -0.6764 -1.7762 -2.3462 -2.8930 -3.7186 -4.3482 -4.4339 -2.1783 -1.5084
 263  1.272857  3.6543  1.2847  2.8288  0.1183 -0.7185 -1.8331 -2.4096 -2.9617 -3.7964 -4.4328 -4.5202 -2.2407 -1.5606
 264  1.272940  3.6522  1.2484  2.8566  0.1111 -0.7589 -1.8883 -2.4714 -3.0288 -3.8726 -4.5158 -4.6050 -2.3015 -1.6109
 265  1.273018  3.6501  1.2124  2.8842  0.1055 -0.7982 -1.9424 -2.5323 -3.0951 -3.9479 -4.5980 -4.6890 -2.3614 -1.6601
 266  1.273091  3.6480  1.1773  2.9109  0.1016 -0.8354 -1.9943 -2.5909 -3.1591 -4.0210 -4.6778 -4.7707 -2.4191 -1.7070
 267  1.273160  3.6459  1.1427  2.9373  0.0994 -0.8714 -2.0449 -2.6483 -3.2219 -4.0929 -4.7564 -4.8512 -2.4756 -1.7525
 268  1.273225  3.6439  1.1089  2.9630  0.0989 -0.9057 -2.0937 -2.7039 -3.2830 -4.1630 -4.8333 -4.9299 -2.5304 -1.7961
 269  1.273286  3.6419  1.0755  2.9883  0.1003 -0.9385 -2.1411 -2.7583 -3.3428 -4.2320 -4.9090 -5.0075 -2.5839 -1.8380
 270  1.273344  3.6399  1.0426  3.0131  0.1033 -0.9699 -2.1872 -2.8114 -3.4014 -4.2997 -4.9833 -5.0838 -2.6361 -1.8785
 271  1.273399  3.6379  1.0102  3.0375  0.1077 -1.0001 -2.2320 -2.8632 -3.4589 -4.3662 -5.0564 -5.1590 -2.6872 -1.9176
 272  1.273450  3.6358  0.9782  3.0615  0.1147 -1.0284 -2.2753 -2.9137 -3.5151 -4.4316 -5.1284 -5.2332 -2.7369 -1.9548
 273  1.273499  3.6338  0.9467  3.0849  0.1239 -1.0549 -2.3167 -2.9625 -3.5697 -4.4955 -5.1988 -5.3059 -2.7849 -1.9900
 274  1.273546  3.6318  0.9157  3.1079  0.1345 -1.0800 -2.3567 -3.0100 -3.6230 -4.5581 -5.2680 -5.3774 -2.8317 -2.0236
 275  1.273590  3.6299  0.8854  3.1304  0.1461 -1.1039 -2.3954 -3.0562 -3.6749 -4.6193 -5.3356 -5.4473 -2.8771 -2.0557
 276  1.273632  3.6279  0.8557  3.1524  0.1586 -1.1266 -2.4328 -3.1010 -3.7256 -4.6791 -5.4018 -5.5159 -2.9213 -2.0864
 277  1.273672  3.6260  0.8269  3.1737  0.1714 -1.1483 -2.4688 -3.1444 -3.7746 -4.7370 -5.4659 -5.5824 -2.9640 -2.1157
 278  1.273710  3.6242  0.7990  3.1943  0.1844 -1.1687 -2.5032 -3.1859 -3.8218 -4.7928 -5.5278 -5.6464 -3.0050 -2.1434
 279  1.273793  3.6226  0.7742  3.2127  0.1962 -1.1868 -2.5337 -3.2230 -3.8639 -4.8426 -5.5830 -5.7037 -3.0415 -2.1679