#NUMBER OF AGES=1 
#----------------------------------------------------       
#MIX-LEN  Y      Z          Zeff        [Fe/H] [a/Fe]
# 1.9380  0.3300 4.8170E-03 4.8170E-03  -0.50   0.00
#----------------------------------------------------       
#**PHOTOMETRIC SYSTEM**: Bessell UBV(RI)c + 2MASS JHKs + Kepler (Vega)
#----------------------------------------------------       
#AGE= 1.500 EEPS=274
#EEP   M/Mo    LogTeff  LogG   LogL/Lo U       B       V       R       I       J       H       Ks      Kp      D51     
   3  0.106958  3.5168  5.3205 -2.8328 17.2031 15.3732 13.6453 12.5858 11.2839  9.9887  9.4055  9.1849 12.6058 14.4249
   4  0.119404  3.5181  5.2652 -2.7244 16.8444 15.0608 13.3488 12.2974 11.0109  9.7218  9.1396  8.9172 12.3231 14.1194
   5  0.135080  3.5197  5.2059 -2.6050 16.4493 14.7151 13.0209 11.9785 10.7098  9.4280  8.8470  8.6228 12.0108 13.7816
   6  0.161183  3.5237  5.1399 -2.4465 15.8919 14.2289 12.5632 11.5379 10.3059  9.0428  8.4629  8.2376 11.5836 13.3096
   7  0.207871  3.5340  5.0802 -2.2350 15.0642 13.5084 11.8953 10.9047  9.7568  8.5419  7.9627  7.7393 10.9799 12.6195
   8  0.267278  3.5455  5.0292 -2.0288 14.2735 12.8037 11.2424 10.2839  9.2212  8.0578  7.4776  7.2572 10.3870 11.9470
   9  0.297716  3.5504  5.0066 -1.9397 13.9458 12.5064 10.9656 10.0189  8.9908  7.8488  7.2677  7.0484 10.1327 11.6621
  10  0.310385  3.5524  4.9937 -1.9008 13.8073 12.3797 10.8472  9.9051  8.8908  7.7571  7.1756  6.9566 10.0231 11.5402
  11  0.317116  3.5534  4.9853 -1.8791 13.7326 12.3107 10.7826  9.8427  8.8352  7.7058  7.1238  6.9050  9.9628 11.4737
  12  0.321444  3.5540  4.9790 -1.8643 13.6829 12.2647 10.7393  9.8009  8.7976  7.6707  7.0884  6.8698  9.9222 11.4293
  13  0.324923  3.5545  4.9735 -1.8521 13.6422 12.2269 10.7037  9.7664  8.7666  7.6417  7.0591  6.8406  9.8888 11.3927
  14  0.328172  3.5550  4.9682 -1.8407 13.6040 12.1915 10.6703  9.7341  8.7374  7.6144  7.0316  6.8131  9.8574 11.3584
  15  0.331952  3.5555  4.9625 -1.8279 13.5614 12.1518 10.6330  9.6979  8.7049  7.5840  7.0009  6.7825  9.8223 11.3200
  16  0.337252  3.5563  4.9557 -1.8112 13.5050 12.0994 10.5837  9.6503  8.6624  7.5446  6.9611  6.7428  9.7762 11.2694
  17  0.346063  3.5577  4.9463 -1.7852 13.4148 12.0157 10.5051  9.5747  8.5960  7.4835  6.8993  6.6814  9.7033 11.1886
  18  0.408073  3.5699  4.8878 -1.6063 12.7620 11.4089  9.9394  9.0357  8.1375  7.0727  6.4816  6.2679  9.1869 10.6061
  19  0.425489  3.5740  4.8684 -1.5520 12.5611 11.2210  9.7647  8.8703  7.9984  6.9495  6.3557  6.1441  9.0283 10.4263
  20  0.438019  3.5773  4.8536 -1.5117 12.4113 11.0807  9.6346  8.7474  7.8953  6.8586  6.2625  6.0529  8.9104 10.2924
  21  0.450852  3.5808  4.8384 -1.4698 12.2529 10.9331  9.4982  8.6190  7.7880  6.7645  6.1657  5.9588  8.7871 10.1515
  22  0.464043  3.5847  4.8227 -1.4260 12.0842 10.7772  9.3547  8.4845  7.6759  6.6667  6.0646  5.8613  8.6578 10.0028
  23  0.476462  3.5886  4.8078 -1.3840 11.9213 10.6264  9.2167  8.3557  7.5685  6.5732  5.9675  5.7686  8.5336  9.8597
  24  0.488404  3.5926  4.7937 -1.3433 11.7639 10.4788  9.0827  8.2313  7.4642  6.4825  5.8728  5.6792  8.4132  9.7213
  25  0.499907  3.5967  4.7809 -1.3039 11.6135 10.3347  8.9532  8.1120  7.3633  6.3948  5.7807  5.5935  8.2971  9.5888
  26  0.510250  3.6006  4.7699 -1.2684 11.4769 10.2028  8.8356  8.0044  7.2722  6.3158  5.6972  5.5167  8.1920  9.4686
  27  0.519183  3.6042  4.7608 -1.2374 11.3549 10.0859  8.7321  7.9103  7.1929  6.2472  5.6242  5.4502  8.1000  9.3620
  28  0.527830  3.6078  4.7524 -1.2073 11.2331  9.9702  8.6306  7.8185  7.1160  6.1811  5.5533  5.3862  8.0101  9.2564
  29  0.537622  3.6121  4.7435 -1.1732 11.0939  9.8376  8.5150  7.7148  7.0295  6.1066  5.4735  5.3147  7.9082  9.1361
  30  0.550526  3.6181  4.7330 -1.1286 10.9117  9.6605  8.3626  7.5792  6.9162  6.0091  5.3697  5.2224  7.7745  8.9781
  31  0.568068  3.6268  4.7205 -1.0675 10.6622  9.4096  8.1498  7.3924  6.7609  5.8759  5.2309  5.0998  7.5891  8.7597
  32  0.589213  3.6383  4.7083 -0.9935 10.3376  9.0914  7.8850  7.1643  6.5726  5.7167  5.0734  4.9602  7.3608  8.4824
  33  0.611162  3.6506  4.6983 -0.9183  9.9438  8.7527  7.6085  6.9316  6.3797  5.5594  4.9309  4.8325  7.1248  8.1696
  34  0.633717  3.6639  4.6912 -0.8423  9.4788  8.4001  7.3241  6.6978  6.1823  5.4062  4.8065  4.7210  6.8839  7.8204
  35  0.665838  3.6820  4.6811 -0.7383  8.8110  7.9366  6.9463  6.3881  5.9130  5.2023  4.6561  4.5831  6.5618  7.3367
  36  0.732723  3.7160  4.6568 -0.5367  7.6096  7.1195  6.2781  5.8236  5.4111  4.8187  4.3752  4.3183  5.9746  6.5225
  37  0.881388  3.7724  4.5739 -0.1479  5.7625  5.7723  5.1855  4.8484  4.5230  4.0932  3.7799  3.7461  4.9648  5.3252
  38  0.896155  3.7768  4.5623 -0.1114  5.6236  5.6583  5.0903  4.7610  4.4421  4.0233  3.7185  3.6865  4.8747  5.2248
  39  0.910298  3.7808  4.5511 -0.0773  5.4967  5.5528  5.0019  4.6797  4.3666  3.9579  3.6608  3.6304  4.7909  5.1317
  40  0.922687  3.7843  4.5410 -0.0476  5.3893  5.4621  4.9254  4.6091  4.3011  3.9007  3.6102  3.5810  4.7182  5.0514
  41  0.935007  3.7876  4.5308 -0.0183  5.2868  5.3735  4.8501  4.5394  4.2363  3.8439  3.5597  3.5317  4.6465  4.9726
  42  0.948507  3.7912  4.5197  0.0134  5.1788  5.2782  4.7685  4.4639  4.1661  3.7821  3.5046  3.4778  4.5688  4.8876
  43  0.963399  3.7951  4.5075  0.0480  5.0627  5.1745  4.6797  4.3816  4.0898  3.7149  3.4448  3.4192  4.4842  4.7949
  44  0.979047  3.7992  4.4947  0.0840  4.9442  5.0673  4.5875  4.2963  4.0106  3.6451  3.3828  3.3583  4.3964  4.6988
  45  0.995246  3.8032  4.4813  0.1209  4.8257  4.9586  4.4936  4.2091  3.9296  3.5735  3.3189  3.2956  4.3068  4.6010
  46  1.011308  3.8071  4.4675  0.1570  4.7129  4.8533  4.4016  4.1236  3.8500  3.5026  3.2553  3.2331  4.2189  4.5056
  47  1.026797  3.8106  4.4539  0.1914  4.6081  4.7536  4.3140  4.0419  3.7737  3.4343  3.1938  3.1725  4.1350  4.4148
  48  1.042113  3.8140  4.4403  0.2251  4.5077  4.6567  4.2283  3.9620  3.6991  3.3675  3.1336  3.1130  4.0530  4.3261
  49  1.057566  3.8175  4.4270  0.2587  4.4090  4.5603  4.1428  3.8822  3.6250  3.3011  3.0742  3.0541  3.9712  4.2376
  50  1.072338  3.8208  4.4143  0.2906  4.3165  4.4691  4.0616  3.8065  3.5545  3.2379  3.0176  2.9980  3.8935  4.1536
  51  1.087543  3.8242  4.4015  0.3229  4.2234  4.3767  3.9793  3.7298  3.4833  3.1742  2.9605  2.9415  3.8147  4.0684
  52  1.096248  3.8261  4.3946  0.3411  4.1714  4.3247  3.9330  3.6868  3.4434  3.1386  2.9288  2.9101  3.7705  4.0204
  53  1.105227  3.8282  4.3878  0.3596  4.1189  4.2718  3.8859  3.6431  3.4030  3.1028  2.8970  2.8786  3.7255  3.9715
  54  1.113095  3.8300  4.3821  0.3757  4.0735  4.2257  3.8449  3.6052  3.3681  3.0719  2.8698  2.8516  3.6865  3.9291
  55  1.120053  3.8316  4.3772  0.3899  4.0333  4.1849  3.8086  3.5716  3.3373  3.0447  2.8459  2.8279  3.6520  3.8913
  56  1.126857  3.8332  4.3724  0.4038  3.9942  4.1449  3.7730  3.5388  3.3072  3.0181  2.8226  2.8047  3.6181  3.8544
  57  1.135715  3.8353  4.3665  0.4214  3.9449  4.0942  3.7280  3.4972  3.2692  2.9847  2.7935  2.7758  3.5753  3.8076
  58  1.231420  3.8583  4.3071  0.6078  3.4436  3.5584  3.2504  3.0605  2.8743  2.6379  2.4943  2.4776  3.1237  3.3107
  59  1.238825  3.8602  4.3039  0.6211  3.4081  3.5199  3.2162  3.0296  2.8469  2.6143  2.4745  2.4579  3.0915  3.2750
  60  1.355932  3.8902  4.2587  0.8257  2.8708  2.9345  2.6942  2.5603  2.4347  2.2624  2.1811  2.1639  2.6024  2.7288
  61  1.382959  3.8961  4.2442  0.8723  2.7488  2.8055  2.5768  2.4527  2.3381  2.1772  2.1063  2.0892  2.4909  2.6070
  62  1.399539  3.8993  4.2348  0.8999  2.6767  2.7301  2.5077  2.3890  2.2804  2.1255  2.0602  2.0431  2.4251  2.5355
  63  1.410280  3.9012  4.2278  0.9174  2.6313  2.6827  2.4639  2.3482  2.2430  2.0916  2.0294  2.0123  2.3831  2.4904
  64  1.418369  3.9023  4.2215  0.9308  2.5971  2.6467  2.4303  2.3167  2.2137  2.0644  2.0041  1.9871  2.3507  2.4559
  65  1.425112  3.9031  4.2152  0.9423  2.5680  2.6160  2.4015  2.2893  2.1880  2.0401  1.9812  1.9641  2.3227  2.4264
  66  1.431376  3.9037  4.2087  0.9531  2.5409  2.5873  2.3743  2.2633  2.1633  2.0165  1.9587  1.9417  2.2962  2.3987
  67  1.437555  3.9042  4.2020  0.9638  2.5140  2.5589  2.3472  2.2374  2.1387  1.9927  1.9359  1.9189  2.2698  2.3712
  68  1.444320  3.9048  4.1950  0.9751  2.4856  2.5287  2.3186  2.2100  2.1125  1.9676  1.9118  1.8948  2.2419  2.3421
  69  1.451647  3.9054  4.1874  0.9873  2.4552  2.4964  2.2879  2.1805  2.0845  1.9406  1.8859  1.8688  2.2119  2.3108
  70  1.459308  3.9060  4.1794  0.9999  2.4236  2.4630  2.2561  2.1500  2.0553  1.9124  1.8588  1.8418  2.1808  2.2785
  71  1.466924  3.9064  4.1709  1.0125  2.3924  2.4299  2.2244  2.1194  2.0259  1.8838  1.8310  1.8140  2.1497  2.2463
  72  1.474539  3.9068  4.1622  1.0250  2.3614  2.3971  2.1928  2.0888  1.9963  1.8548  1.8027  1.7857  2.1187  2.2144
  73  1.482001  3.9070  4.1531  1.0372  2.3310  2.3650  2.1618  2.0585  1.9668  1.8257  1.7742  1.7571  2.0880  2.1831
  74  1.489311  3.9071  4.1437  1.0492  2.3014  2.3339  2.1313  2.0285  1.9373  1.7964  1.7452  1.7281  2.0578  2.1524
  75  1.496388  3.9071  4.1339  1.0609  2.2728  2.3038  2.1017  1.9991  1.9081  1.7670  1.7159  1.6988  2.0283  2.1227
  76  1.503196  3.9069  4.1238  1.0721  2.2454  2.2751  2.0730  1.9703  1.8793  1.7377  1.6865  1.6693  1.9995  2.0941
  77  1.509723  3.9065  4.1134  1.0830  2.2190  2.2475  2.0452  1.9422  1.8509  1.7087  1.6571  1.6398  1.9716  2.0664
  78  1.516017  3.9061  4.1029  1.0935  2.1936  2.2211  2.0183  1.9148  1.8229  1.6798  1.6276  1.6103  1.9443  2.0398
  79  1.522140  3.9055  4.0921  1.1037  2.1691  2.1956  1.9921  1.8878  1.7952  1.6510  1.5981  1.5807  1.9177  2.0139
  80  1.528037  3.9048  4.0810  1.1136  2.1454  2.1711  1.9666  1.8614  1.7678  1.6222  1.5684  1.5509  1.8917  1.9888
  81  1.533834  3.9039  4.0695  1.1232  2.1226  2.1475  1.9416  1.8353  1.7404  1.5932  1.5381  1.5206  1.8660  1.9644
  82  1.537423  3.9033  4.0622  1.1291  2.1087  2.1331  1.9263  1.8191  1.7233  1.5750  1.5191  1.5015  1.8502  1.9495
  83  1.541018  3.9027  4.0547  1.1351  2.0948  2.1188  1.9110  1.8029  1.7061  1.5565  1.4997  1.4821  1.8343  1.9346
  84  1.544633  3.9020  4.0470  1.1410  2.0810  2.1045  1.8956  1.7865  1.6886  1.5377  1.4799  1.4622  1.8183  1.9196
  85  1.548281  3.9012  4.0390  1.1470  2.0672  2.0903  1.8802  1.7699  1.6709  1.5186  1.4596  1.4419  1.8022  1.9047
  86  1.551952  3.9004  4.0308  1.1529  2.0534  2.0761  1.8647  1.7533  1.6529  1.4991  1.4389  1.4211  1.7860  1.8898
  87  1.555586  3.8995  4.0223  1.1588  2.0399  2.0623  1.8494  1.7366  1.6347  1.4793  1.4178  1.3999  1.7699  1.8750
  88  1.559202  3.8985  4.0136  1.1647  2.0266  2.0488  1.8343  1.7200  1.6165  1.4592  1.3962  1.3782  1.7539  1.8606
  89  1.562809  3.8975  4.0046  1.1704  2.0136  2.0357  1.8193  1.7034  1.5981  1.4389  1.3743  1.3562  1.7380  1.8463
  90  1.566408  3.8963  3.9955  1.1762  2.0006  2.0228  1.8044  1.6868  1.5797  1.4183  1.3520  1.3339  1.7221  1.8322
  91  1.569985  3.8952  3.9861  1.1819  1.9879  2.0101  1.7897  1.6702  1.5611  1.3975  1.3293  1.3111  1.7062  1.8183
  92  1.573559  3.8939  3.9764  1.1876  1.9753  1.9978  1.7750  1.6536  1.5423  1.3764  1.3063  1.2880  1.6904  1.8045
  93  1.577130  3.8926  3.9665  1.1932  1.9629  1.9857  1.7605  1.6369  1.5234  1.3550  1.2827  1.2643  1.6746  1.7909
  94  1.580685  3.8912  3.9563  1.1988  1.9507  1.9738  1.7461  1.6202  1.5042  1.3332  1.2586  1.2402  1.6588  1.7775
  95  1.584258  3.8898  3.9459  1.2044  1.9386  1.9623  1.7318  1.6035  1.4849  1.3112  1.2342  1.2156  1.6431  1.7643
  96  1.587839  3.8882  3.9352  1.2100  1.9267  1.9509  1.7175  1.5868  1.4655  1.2888  1.2093  1.1906  1.6273  1.7511
  97  1.591429  3.8867  3.9242  1.2155  1.9149  1.9397  1.7033  1.5700  1.4459  1.2661  1.1839  1.1652  1.6115  1.7381
  98  1.595050  3.8851  3.9131  1.2212  1.9031  1.9285  1.6890  1.5530  1.4260  1.2431  1.1582  1.1394  1.5956  1.7250
  99  1.598657  3.8834  3.9018  1.2268  1.8914  1.9174  1.6747  1.5360  1.4060  1.2198  1.1321  1.1132  1.5796  1.7120
 100  1.602259  3.8817  3.8902  1.2325  1.8796  1.9063  1.6603  1.5187  1.3857  1.1962  1.1055  1.0865  1.5635  1.6989
 101  1.605894  3.8799  3.8785  1.2383  1.8678  1.8952  1.6459  1.5014  1.3653  1.1723  1.0787  1.0595  1.5473  1.6857
 102  1.609526  3.8782  3.8666  1.2441  1.8560  1.8841  1.6313  1.4840  1.3448  1.1483  1.0516  1.0323  1.5310  1.6725
 103  1.613155  3.8765  3.8548  1.2500  1.8439  1.8727  1.6166  1.4664  1.3242  1.1242  1.0245  1.0051  1.5145  1.6591
 104  1.616788  3.8748  3.8432  1.2561  1.8313  1.8607  1.6014  1.4486  1.3035  1.1002  0.9977  0.9782  1.4977  1.6451
 105  1.620357  3.8733  3.8319  1.2623  1.8184  1.8482  1.5859  1.4306  1.2829  1.0765  0.9713  0.9517  1.4807  1.6308
 106  1.623853  3.8721  3.8216  1.2689  1.8042  1.8343  1.5697  1.4125  1.2626  1.0539  0.9465  0.9269  1.4633  1.6154
 107  1.627138  3.8715  3.8130  1.2756  1.7888  1.8186  1.5528  1.3945  1.2435  1.0334  0.9249  0.9051  1.4457  1.5990
 108  1.630017  3.8715  3.8072  1.2823  1.7723  1.8013  1.5357  1.3776  1.2268  1.0167  0.9083  0.8886  1.4287  1.5819
 109  1.632351  3.8722  3.8045  1.2887  1.7554  1.7830  1.5192  1.3626  1.2133  1.0048  0.8979  0.8782  1.4131  1.5647
 110  1.634103  3.8736  3.8045  1.2945  1.7390  1.7649  1.5041  1.3498  1.2033  0.9974  0.8932  0.8735  1.3995  1.5485
 111  1.635422  3.8754  3.8066  1.2998  1.7233  1.7472  1.4902  1.3391  1.1959  0.9936  0.8926  0.8730  1.3875  1.5332
 112  1.635643  3.8757  3.8072  1.3008  1.7203  1.7438  1.4876  1.3371  1.1947  0.9931  0.8929  0.8733  1.3853  1.5303
 113  1.635863  3.8762  3.8080  1.3019  1.7169  1.7398  1.4847  1.3350  1.1935  0.9929  0.8935  0.8739  1.3829  1.5270
 114  1.636084  3.8766  3.8087  1.3030  1.7137  1.7362  1.4819  1.3330  1.1923  0.9925  0.8939  0.8744  1.3806  1.5239
 115  1.636303  3.8770  3.8094  1.3040  1.7105  1.7325  1.4792  1.3310  1.1911  0.9922  0.8944  0.8748  1.3783  1.5209
 116  1.636523  3.8776  3.8105  1.3052  1.7067  1.7282  1.4760  1.3288  1.1899  0.9922  0.8953  0.8759  1.3757  1.5172
 117  1.636742  3.8782  3.8115  1.3064  1.7029  1.7238  1.4728  1.3266  1.1888  0.9921  0.8963  0.8768  1.3731  1.5136
 118  1.636960  3.8787  3.8125  1.3077  1.6991  1.7195  1.4697  1.3244  1.1876  0.9920  0.8972  0.8778  1.3706  1.5100
 119  1.637178  3.8793  3.8138  1.3089  1.6951  1.7148  1.4663  1.3221  1.1865  0.9921  0.8984  0.8790  1.3678  1.5061
 120  1.637395  3.8801  3.8154  1.3104  1.6904  1.7094  1.4624  1.3196  1.1854  0.9925  0.9002  0.8809  1.3648  1.5017
 121  1.637611  3.8808  3.8169  1.3118  1.6858  1.7042  1.4588  1.3171  1.1843  0.9929  0.9018  0.8825  1.3619  1.4975
 122  1.637826  3.8816  3.8185  1.3133  1.6810  1.6986  1.4548  1.3146  1.1832  0.9933  0.9037  0.8844  1.3588  1.4929
 123  1.638041  3.8825  3.8206  1.3150  1.6755  1.6922  1.4504  1.3118  1.1822  0.9941  0.9061  0.8869  1.3553  1.4877
 124  1.638253  3.8834  3.8225  1.3167  1.6702  1.6860  1.4461  1.3091  1.1812  0.9948  0.9084  0.8892  1.3520  1.4827
 125  1.638465  3.8845  3.8250  1.3187  1.6639  1.6787  1.4411  1.3060  1.1802  0.9959  0.9114  0.8923  1.3481  1.4769
 126  1.638674  3.8855  3.8274  1.3206  1.6578  1.6715  1.4362  1.3030  1.1792  0.9970  0.9144  0.8954  1.3444  1.4711
 127  1.638881  3.8868  3.8304  1.3228  1.6505  1.6631  1.4305  1.2995  1.1782  0.9986  0.9182  0.8993  1.3400  1.4644
 128  1.639085  3.8882  3.8335  1.3251  1.6432  1.6545  1.4248  1.2961  1.1773  1.0002  0.9221  0.9032  1.3357  1.4576
 129  1.639285  3.8897  3.8371  1.3277  1.6348  1.6448  1.4182  1.2923  1.1764  1.0023  0.9268  0.9080  1.3307  1.4498
 130  1.639481  3.8913  3.8409  1.3304  1.6260  1.6346  1.4114  1.2884  1.1755  1.0045  0.9318  0.9130  1.3257  1.4418
 131  1.639670  3.8931  3.8452  1.3334  1.6162  1.6232  1.4039  1.2841  1.1746  1.0070  0.9374  0.9187  1.3200  1.4329
 132  1.639850  3.8951  3.8498  1.3368  1.6053  1.6107  1.3956  1.2792  1.1736  1.0097  0.9434  0.9249  1.3137  1.4230
 133  1.640021  3.8973  3.8548  1.3406  1.5935  1.5972  1.3867  1.2741  1.1726  1.0128  0.9500  0.9317  1.3071  1.4125
 134  1.640177  3.8997  3.8601  1.3447  1.5804  1.5823  1.3768  1.2684  1.1713  1.0158  0.9568  0.9386  1.2996  1.4008
 135  1.640320  3.9022  3.8657  1.3492  1.5664  1.5665  1.3663  1.2623  1.1699  1.0189  0.9639  0.9459  1.2916  1.3884
 136  1.640449  3.9048  3.8714  1.3539  1.5517  1.5499  1.3554  1.2560  1.1685  1.0222  0.9712  0.9534  1.2833  1.3755
 137  1.640566  3.9075  3.8773  1.3589  1.5363  1.5325  1.3441  1.2496  1.1671  1.0257  0.9785  0.9610  1.2748  1.3622
 138  1.640670  3.9102  3.8830  1.3641  1.5207  1.5144  1.3327  1.2432  1.1656  1.0290  0.9857  0.9683  1.2659  1.3486
 139  1.640759  3.9129  3.8884  1.3696  1.5046  1.4957  1.3207  1.2363  1.1636  1.0317  0.9919  0.9748  1.2567  1.3345
 140  1.640834  3.9155  3.8931  1.3753  1.4882  1.4766  1.3085  1.2290  1.1610  1.0334  0.9970  0.9801  1.2469  1.3201
 141  1.640899  3.9180  3.8975  1.3811  1.4716  1.4578  1.2961  1.2214  1.1580  1.0346  1.0013  0.9847  1.2370  1.3056
 142  1.640958  3.9205  3.9016  1.3869  1.4548  1.4393  1.2838  1.2137  1.1547  1.0353  1.0050  0.9886  1.2271  1.2914
 143  1.641013  3.9230  3.9055  1.3929  1.4379  1.4214  1.2719  1.2061  1.1513  1.0357  1.0083  0.9921  1.2174  1.2776
 144  1.641069  3.9254  3.9093  1.3989  1.4205  1.4039  1.2602  1.1984  1.1476  1.0360  1.0113  0.9954  1.2077  1.2642
 145  1.641167  3.9276  3.9143  1.4026  1.4092  1.3934  1.2546  1.1961  1.1485  1.0404  1.0182  1.0025  1.2037  1.2572
 146  1.641211  3.9262  3.9150  1.3964  1.4260  1.4102  1.2678  1.2071  1.1575  1.0472  1.0234  1.0076  1.2159  1.2713
 147  1.641235  3.9245  3.9145  1.3901  1.4432  1.4274  1.2810  1.2175  1.1651  1.0521  1.0265  1.0105  1.2277  1.2856
 148  1.641256  3.9227  3.9132  1.3839  1.4604  1.4451  1.2941  1.2274  1.1719  1.0559  1.0281  1.0119  1.2392  1.3001
 149  1.641277  3.9205  3.9108  1.3778  1.4776  1.4633  1.3070  1.2365  1.1773  1.0579  1.0276  1.0112  1.2502  1.3147
 150  1.641302  3.9178  3.9060  1.3718  1.4948  1.4824  1.3194  1.2440  1.1800  1.0563  1.0227  1.0060  1.2600  1.3292
 151  1.641346  3.9134  3.8926  1.3676  1.5090  1.4999  1.3262  1.2426  1.1708  1.0397  1.0006  0.9836  1.2626  1.3395
 152  1.641399  3.9090  3.8707  1.3717  1.5032  1.4969  1.3126  1.2211  1.1414  1.0026  0.9577  0.9402  1.2448  1.3294
 153  1.641439  3.9063  3.8543  1.3776  1.4912  1.4859  1.2959  1.1999  1.1158  0.9723  0.9238  0.9061  1.2257  1.3147
 154  1.641481  3.9040  3.8389  1.3837  1.4789  1.4741  1.2793  1.1794  1.0912  0.9435  0.8916  0.8738  1.2069  1.2998
 155  1.641533  3.9014  3.8227  1.3895  1.4674  1.4632  1.2633  1.1590  1.0663  0.9139  0.8582  0.8402  1.1884  1.2856
 156  1.641604  3.8983  3.8050  1.3950  1.4577  1.4544  1.2483  1.1389  1.0407  0.8827  0.8223  0.8040  1.1704  1.2729
 157  1.641700  3.8948  3.7861  1.3998  1.4503  1.4483  1.2352  1.1198  1.0153  0.8507  0.7847  0.7661  1.1538  1.2623
 158  1.641823  3.8911  3.7673  1.4038  1.4452  1.4450  1.2243  1.1026  0.9912  0.8197  0.7477  0.7288  1.1392  1.2542
 159  1.641972  3.8874  3.7495  1.4070  1.4423  1.4441  1.2159  1.0880  0.9699  0.7913  0.7132  0.6941  1.1271  1.2486
 160  1.642143  3.8840  3.7335  1.4094  1.4414  1.4452  1.2100  1.0761  0.9517  0.7665  0.6826  0.6633  1.1176  1.2453
 161  1.642327  3.8809  3.7194  1.4111  1.4417  1.4473  1.2057  1.0665  0.9364  0.7451  0.6558  0.6363  1.1102  1.2435
 162  1.642798  3.8746  3.6913  1.4139  1.4448  1.4546  1.1996  1.0496  0.9077  0.7037  0.6031  0.5831  1.0975  1.2424
 163  1.643299  3.8689  3.6671  1.4158  1.4496  1.4635  1.1964  1.0367  0.8843  0.6688  0.5580  0.5376  1.0884  1.2436
 164  1.643808  3.8636  3.6444  1.4171  1.4556  1.4740  1.1950  1.0257  0.8632  0.6368  0.5158  0.4952  1.0811  1.2465
 165  1.644316  3.8582  3.6219  1.4181  1.4632  1.4861  1.1948  1.0161  0.8435  0.6059  0.4745  0.4535  1.0751  1.2508
 166  1.644817  3.8525  3.5989  1.4187  1.4733  1.5001  1.1961  1.0077  0.8246  0.5751  0.4328  0.4114  1.0703  1.2566
 167  1.645306  3.8466  3.5750  1.4189  1.4862  1.5169  1.1989  1.0003  0.8063  0.5439  0.3898  0.3680  1.0667  1.2643
 168  1.645781  3.8402  3.5500  1.4186  1.5025  1.5369  1.2036  0.9940  0.7886  0.5122  0.3453  0.3229  1.0644  1.2742
 169  1.646240  3.8336  3.5243  1.4178  1.5225  1.5605  1.2103  0.9892  0.7718  0.4805  0.2998  0.2769  1.0638  1.2866
 170  1.646687  3.8268  3.4988  1.4163  1.5467  1.5871  1.2192  0.9864  0.7569  0.4501  0.2554  0.2318  1.0652  1.3012
 171  1.647120  3.8199  3.4737  1.4140  1.5756  1.6172  1.2303  0.9859  0.7442  0.4216  0.2126  0.1881  1.0689  1.3182
 172  1.647541  3.8132  3.4502  1.4108  1.6095  1.6501  1.2440  0.9881  0.7349  0.3966  0.1735  0.1482  1.0752  1.3375
 173  1.647952  3.8070  3.4299  1.4065  1.6468  1.6856  1.2606  0.9940  0.7301  0.3771  0.1409  0.1146  1.0849  1.3593
 174  1.648341  3.8013  3.4127  1.4009  1.6883  1.7233  1.2799  1.0035  0.7298  0.3630  0.1146  0.0873  1.0979  1.3837
 175  1.648699  3.7960  3.3983  1.3943  1.7324  1.7631  1.3021  1.0166  0.7340  0.3542  0.0944  0.0663  1.1142  1.4104
 176  1.649022  3.7912  3.3870  1.3866  1.7786  1.8042  1.3266  1.0328  0.7420  0.3504  0.0802  0.0512  1.1332  1.4391
 177  1.649311  3.7869  3.3783  1.3781  1.8268  1.8459  1.3526  1.0513  0.7534  0.3510  0.0713  0.0414  1.1543  1.4690
 178  1.649568  3.7831  3.3719  1.3691  1.8758  1.8880  1.3799  1.0717  0.7674  0.3551  0.0670  0.0362  1.1772  1.4999
 179  1.649797  3.7795  3.3673  1.3595  1.9251  1.9300  1.4081  1.0938  0.7835  0.3623  0.0663  0.0347  1.2014  1.5314
 180  1.650002  3.7763  3.3645  1.3496  1.9740  1.9716  1.4370  1.1170  0.8014  0.3721  0.0690  0.0367  1.2265  1.5633
 181  1.650188  3.7733  3.3627  1.3395  2.0235  2.0132  1.4663  1.1410  0.8204  0.3834  0.0736  0.0404  1.2524  1.5956
 182  1.650471  3.7687  3.3618  1.3218  2.1079  2.0837  1.5173  1.1836  0.8553  0.4060  0.0857  0.0513  1.2978  1.6512
 183  1.650735  3.7642  3.3630  1.3030  2.1959  2.1563  1.5710  1.2293  0.8937  0.4327  0.1024  0.0667  1.3462  1.7095
 184  1.650986  3.7600  3.3653  1.2836  2.2864  2.2304  1.6264  1.2769  0.9342  0.4618  0.1217  0.0848  1.3963  1.7693
 185  1.651234  3.7557  3.3681  1.2641  2.3793  2.3051  1.6824  1.3252  0.9755  0.4918  0.1419  0.1037  1.4471  1.8297
 186  1.651491  3.7514  3.3699  1.2450  2.4750  2.3799  1.7379  1.3727  1.0159  0.5203  0.1604  0.1207  1.4971  1.8899
 187  1.651781  3.7467  3.3685  1.2276  2.5753  2.4538  1.7904  1.4164  1.0520  0.5430  0.1720  0.1306  1.5436  1.9477
 188  1.652138  3.7414  3.3595  1.2155  2.6760  2.5199  1.8315  1.4473  1.0742  0.5499  0.1660  0.1226  1.5776  1.9955
 189  1.652546  3.7363  3.3391  1.2156  2.7457  2.5546  1.8427  1.4487  1.0672  0.5279  0.1313  0.0861  1.5819  2.0130
 190  1.652923  3.7325  3.3136  1.2259  2.7738  2.5554  1.8261  1.4248  1.0371  0.4861  0.0801  0.0334  1.5602  2.0013
 191  1.653262  3.7297  3.2879  1.2405  2.7784  2.5389  1.7968  1.3901  0.9976  0.4380  0.0248 -0.0230  1.5269  1.9755
 192  1.653580  3.7275  3.2627  1.2569  2.7701  2.5136  1.7614  1.3505  0.9543  0.3878 -0.0311 -0.0797  1.4885  1.9431
 193  1.653883  3.7256  3.2380  1.2743  2.7543  2.4835  1.7230  1.3085  0.9092  0.3369 -0.0867 -0.1361  1.4475  1.9070
 194  1.654178  3.7240  3.2139  1.2922  2.7338  2.4506  1.6828  1.2651  0.8631  0.2857 -0.1419 -0.1920  1.4050  1.8689
 195  1.654468  3.7226  3.1901  1.3103  2.7103  2.4162  1.6415  1.2209  0.8165  0.2345 -0.1966 -0.2474  1.3616  1.8295
 196  1.654755  3.7213  3.1666  1.3286  2.6848  2.3806  1.5997  1.1764  0.7696  0.1835 -0.2509 -0.3024  1.3178  1.7894
 197  1.655040  3.7200  3.1434  1.3470  2.6580  2.3444  1.5574  1.1316  0.7227  0.1327 -0.3048 -0.3570  1.2737  1.7488
 198  1.655323  3.7189  3.1204  1.3654  2.6300  2.3075  1.5149  1.0866  0.6757  0.0820 -0.3583 -0.4111  1.2294  1.7078
 199  1.655607  3.7178  3.0977  1.3838  2.6015  2.2704  1.4723  1.0417  0.6288  0.0316 -0.4114 -0.4650  1.1851  1.6667
 200  1.655890  3.7167  3.0751  1.4021  2.5726  2.2331  1.4298  0.9969  0.5820 -0.0185 -0.4642 -0.5184  1.1409  1.6256
 201  1.656173  3.7157  3.0527  1.4204  2.5434  2.1956  1.3872  0.9522  0.5355 -0.0684 -0.5166 -0.5715  1.0967  1.5844
 202  1.656457  3.7147  3.0304  1.4387  2.5142  2.1581  1.3448  0.9077  0.4891 -0.1181 -0.5689 -0.6242  1.0528  1.5434
 203  1.656742  3.7137  3.0083  1.4569  2.4848  2.1204  1.3025  0.8633  0.4430 -0.1675 -0.6208 -0.6766  1.0089  1.5023
 204  1.657027  3.7126  2.9862  1.4750  2.4563  2.0832  1.2605  0.8193  0.3971 -0.2167 -0.6727 -0.7290  0.9653  1.4617
 205  1.657313  3.7116  2.9641  1.4931  2.4279  2.0462  1.2186  0.7754  0.3514 -0.2658 -0.7246 -0.7813  0.9219  1.4212
 206  1.657599  3.7106  2.9421  1.5111  2.3996  2.0092  1.1770  0.7317  0.3059 -0.3147 -0.7762 -0.8333  0.8787  1.3808
 207  1.657885  3.7096  2.9202  1.5291  2.3714  1.9723  1.1354  0.6881  0.2605 -0.3635 -0.8278 -0.8852  0.8356  1.3406
 208  1.658172  3.7086  2.8984  1.5470  2.3435  1.9356  1.0941  0.6447  0.2154 -0.4121 -0.8792 -0.9370  0.7928  1.3006
 209  1.658458  3.7076  2.8766  1.5649  2.3155  1.8989  1.0528  0.6014  0.1703 -0.4606 -0.9305 -0.9886  0.7499  1.2607
 210  1.658746  3.7066  2.8549  1.5828  2.2883  1.8625  1.0118  0.5584  0.1255 -0.5089 -0.9818 -1.0402  0.7074  1.2210
 211  1.659033  3.7056  2.8332  1.6006  2.2612  1.8261  0.9709  0.5154  0.0807 -0.5571 -1.0329 -1.0916  0.6649  1.1814
 212  1.659320  3.7046  2.8115  1.6183  2.2342  1.7900  0.9301  0.4726  0.0361 -0.6052 -1.0840 -1.1430  0.6225  1.1419
 213  1.659607  3.7036  2.7899  1.6361  2.2074  1.7540  0.8894  0.4299 -0.0084 -0.6533 -1.1349 -1.1943  0.5803  1.1026
 214  1.659894  3.7027  2.7683  1.6537  2.1806  1.7181  0.8489  0.3873 -0.0528 -0.7011 -1.1857 -1.2454  0.5381  1.0634
 215  1.660180  3.7017  2.7467  1.6715  2.1537  1.6822  0.8083  0.3447 -0.0972 -0.7490 -1.2364 -1.2965  0.4960  1.0242
 216  1.660467  3.7007  2.7252  1.6891  2.1273  1.6468  0.7681  0.3023 -0.1414 -0.7968 -1.2871 -1.3476  0.4541  0.9854
 217  1.660536  3.7004  2.7199  1.6934  2.1208  1.6382  0.7583  0.2920 -0.1522 -0.8084 -1.2994 -1.3600  0.4439  0.9760
 218  1.660606  3.7002  2.7147  1.6977  2.1144  1.6296  0.7485  0.2817 -0.1629 -0.8200 -1.3117 -1.3724  0.4337  0.9666
 219  1.660676  3.7000  2.7095  1.7019  2.1078  1.6210  0.7388  0.2714 -0.1736 -0.8315 -1.3239 -1.3848  0.4236  0.9571
 220  1.660745  3.6997  2.7043  1.7062  2.1013  1.6123  0.7290  0.2611 -0.1844 -0.8431 -1.3362 -1.3971  0.4134  0.9477
 221  1.660815  3.6995  2.6991  1.7105  2.0949  1.6038  0.7193  0.2509 -0.1951 -0.8547 -1.3485 -1.4095  0.4032  0.9383
 222  1.660884  3.6992  2.6938  1.7148  2.0883  1.5952  0.7095  0.2406 -0.2059 -0.8663 -1.3607 -1.4219  0.3930  0.9289
 223  1.660954  3.6990  2.6886  1.7190  2.0821  1.5868  0.6998  0.2304 -0.2165 -0.8778 -1.3730 -1.4342  0.3830  0.9196
 224  1.661024  3.6988  2.6834  1.7233  2.0752  1.5781  0.6901  0.2201 -0.2272 -0.8893 -1.3852 -1.4466  0.3728  0.9102
 225  1.661094  3.6985  2.6782  1.7276  2.0686  1.5697  0.6804  0.2100 -0.2379 -0.9008 -1.3975 -1.4589  0.3628  0.9009
 226  1.661163  3.6983  2.6730  1.7319  2.0616  1.5611  0.6707  0.1997 -0.2486 -0.9124 -1.4098 -1.4713  0.3526  0.8915
 227  1.661818  3.6960  2.6238  1.7720  1.9984  1.4815  0.5799  0.1037 -0.3491 -1.0208 -1.5252 -1.5875  0.2577  0.8041
 228  1.662449  3.6937  2.5759  1.8111  1.9371  1.4042  0.4916  0.0104 -0.4468 -1.1264 -1.6376 -1.7006  0.1654  0.7192
 229  1.663073  3.6915  2.5285  1.8497  1.8786  1.3287  0.4049 -0.0815 -0.5432 -1.2307 -1.7489 -1.8127  0.0746  0.6360
 230  1.663643  3.6894  2.4841  1.8857  1.8275  1.2591  0.3245 -0.1669 -0.6327 -1.3280 -1.8526 -1.9173 -0.0098  0.5590
 231  1.664208  3.6871  2.4391  1.9219  1.7815  1.1903  0.2440 -0.2526 -0.7228 -1.4263 -1.9574 -2.0234 -0.0944  0.4823
 232  1.664769  3.6848  2.3938  1.9582  1.7378  1.1218  0.1636 -0.3383 -0.8130 -1.5251 -2.0627 -2.1301 -0.1791  0.4057
 233  1.665292  3.6826  2.3510  1.9924  1.6985  1.0579  0.0883 -0.4188 -0.8978 -1.6181 -2.1619 -2.2307 -0.2586  0.3341
 234  1.665782  3.6806  2.3109  2.0245  1.6624  0.9981  0.0177 -0.4942 -0.9772 -1.7053 -2.2552 -2.3252 -0.3330  0.2672
 235  1.666283  3.6785  2.2704  2.0569  1.6263  0.9379 -0.0532 -0.5700 -1.0572 -1.7933 -2.3495 -2.4205 -0.4080  0.2000
 236  1.666748  3.6766  2.2328  2.0870  1.5934  0.8825 -0.1187 -0.6402 -1.1312 -1.8747 -2.4368 -2.5087 -0.4772  0.1381
 237  1.667205  3.6748  2.1966  2.1160  1.5620  0.8291 -0.1818 -0.7079 -1.2026 -1.9533 -2.5209 -2.5940 -0.5441  0.0784
 238  1.667649  3.6732  2.1641  2.1420  1.5349  0.7818 -0.2382 -0.7684 -1.2667 -2.0238 -2.5964 -2.6706 -0.6040  0.0253
 239  1.668076  3.6719  2.1386  2.1625  1.5136  0.7448 -0.2825 -0.8160 -1.3169 -2.0791 -2.6556 -2.7308 -0.6510 -0.0163
 240  1.668506  3.6713  2.1261  2.1726  1.5027  0.7264 -0.3044 -0.8395 -1.3418 -2.1064 -2.6847 -2.7604 -0.6742 -0.0370
 241  1.668952  3.6727  2.1524  2.1523  1.5192  0.7609 -0.2616 -0.7929 -1.2921 -2.0509 -2.6247 -2.6992 -0.6283  0.0027
 242  1.669484  3.6785  2.2649  2.0630  1.6123  0.9233 -0.0682 -0.5851 -1.0724 -1.8087 -2.3650 -2.4360 -0.4230  0.1851
 243  1.670222  3.6798  2.2885  2.0449  1.6287  0.9552 -0.0294 -0.5432 -1.0278 -1.7589 -2.3112 -2.3815 -0.3816  0.2214
 244  1.671022  3.6804  2.2919  2.0439  1.6197  0.9523 -0.0295 -0.5420 -1.0255 -1.7546 -2.3052 -2.3752 -0.3807  0.2202
 245  1.671885  3.6772  2.2270  2.0961  1.5598  0.8545 -0.1443 -0.6645 -1.1545 -1.8961 -2.4565 -2.5282 -0.5018  0.1113
 246  1.672668  3.6728  2.1449  2.1612  1.4957  0.7381 -0.2843 -0.8154 -1.3144 -2.0729 -2.6464 -2.7209 -0.6507 -0.0202
 247  1.673352  3.6694  2.0799  2.2125  1.4484  0.6482 -0.3936 -0.9337 -1.4401 -2.2122 -2.7960 -2.8733 -0.7675 -0.1225
 248  1.673966  3.6661  2.0183  2.2610  1.4065  0.5645 -0.4962 -1.0451 -1.5587 -2.3440 -2.9375 -3.0178 -0.8774 -0.2179
 249  1.674518  3.6628  1.9593  2.3072  1.3706  0.4866 -0.5926 -1.1504 -1.6711 -2.4694 -3.0725 -3.1556 -0.9813 -0.3071
 250  1.675017  3.6596  1.9027  2.3512  1.3405  0.4138 -0.6835 -1.2501 -1.7780 -2.5891 -3.2016 -3.2875 -1.0797 -0.3905
 251  1.675468  3.6566  1.8483  2.3934  1.3152  0.3453 -0.7697 -1.3450 -1.8800 -2.7039 -3.3255 -3.4142 -1.1734 -0.4689
 252  1.675882  3.6536  1.7955  2.4343  1.2939  0.2804 -0.8520 -1.4361 -1.9784 -2.8148 -3.4455 -3.5371 -1.2633 -0.5433
 253  1.676259  3.6506  1.7440  2.4741  1.2751  0.2183 -0.9314 -1.5242 -2.0737 -2.9227 -3.5625 -3.6569 -1.3504 -0.6144
 254  1.676603  3.6477  1.6940  2.5125  1.2589  0.1595 -1.0073 -1.6090 -2.1657 -3.0270 -3.6758 -3.7730 -1.4340 -0.6819
 255  1.676922  3.6448  1.6446  2.5505  1.2447  0.1027 -1.0813 -1.6920 -2.2561 -3.1298 -3.7876 -3.8878 -1.5161 -0.7473
 256  1.677214  3.6420  1.5967  2.5873  1.2331  0.0488 -1.1522 -1.7719 -2.3433 -3.2292 -3.8960 -3.9991 -1.5950 -0.8093
 257  1.677484  3.6392  1.5498  2.6231  1.2236 -0.0027 -1.2205 -1.8493 -2.4282 -3.3261 -4.0016 -4.1078 -1.6715 -0.8684
 258  1.677731  3.6366  1.5045  2.6577  1.2166 -0.0512 -1.2855 -1.9234 -2.5097 -3.4194 -4.1037 -4.2128 -1.7447 -0.9241
 259  1.677961  3.6339  1.4599  2.6916  1.2126 -0.0970 -1.3479 -1.9951 -2.5890 -3.5107 -4.2037 -4.3160 -1.8156 -0.9769
 260  1.678174  3.6312  1.4161  2.7247  1.2108 -0.1404 -1.4081 -2.0646 -2.6662 -3.6000 -4.3017 -4.4174 -1.8843 -1.0271
 261  1.678371  3.6285  1.3735  2.7568  1.2106 -0.1815 -1.4657 -2.1315 -2.7409 -3.6865 -4.3969 -4.5158 -1.9506 -1.0746
 262  1.678556  3.6259  1.3317  2.7883  1.2121 -0.2207 -1.5214 -2.1964 -2.8138 -3.7712 -4.4901 -4.6124 -2.0150 -1.1200
 263  1.678727  3.6234  1.2910  2.8189  1.2147 -0.2580 -1.5747 -2.2591 -2.8845 -3.8534 -4.5805 -4.7062 -2.0771 -1.1631
 264  1.678887  3.6209  1.2510  2.8489  1.2189 -0.2937 -1.6263 -2.3200 -2.9536 -3.9340 -4.6692 -4.7983 -2.1377 -1.2041
 265  1.679036  3.6185  1.2121  2.8782  1.2239 -0.3277 -1.6758 -2.3788 -3.0206 -4.0124 -4.7556 -4.8881 -2.1962 -1.2431
 266  1.679176  3.6161  1.1740  2.9067  1.2294 -0.3603 -1.7236 -2.4358 -3.0859 -4.0889 -4.8398 -4.9756 -2.2529 -1.2805
 267  1.679307  3.6137  1.1366  2.9347  1.2357 -0.3914 -1.7697 -2.4910 -3.1498 -4.1638 -4.9223 -5.0616 -2.3081 -1.3164
 268  1.679430  3.6114  1.1002  2.9620  1.2427 -0.4209 -1.8140 -2.5443 -3.2117 -4.2367 -5.0027 -5.1453 -2.3614 -1.3506
 269  1.679546  3.6092  1.0645  2.9887  1.2501 -0.4491 -1.8567 -2.5960 -3.2723 -4.3080 -5.0813 -5.2273 -2.4133 -1.3835
 270  1.679655  3.6069  1.0294  3.0150  1.2579 -0.4761 -1.8981 -2.6462 -3.3317 -4.3781 -5.1587 -5.3081 -2.4638 -1.4151
 271  1.679758  3.6048  0.9950  3.0406  1.2668 -0.5012 -1.9375 -2.6943 -3.3893 -4.4464 -5.2341 -5.3869 -2.5124 -1.4448
 272  1.679855  3.6026  0.9613  3.0656  1.2768 -0.5248 -1.9750 -2.7406 -3.4455 -4.5132 -5.3080 -5.4641 -2.5594 -1.4728
 273  1.679947  3.6004  0.9282  3.0901  1.2866 -0.5473 -2.0112 -2.7854 -3.5002 -4.5786 -5.3802 -5.5396 -2.6049 -1.4997
 274  1.680097  3.5984  0.8964  3.1137  1.2963 -0.5682 -2.0452 -2.8278 -3.5527 -4.6415 -5.4498 -5.6124 -2.6482 -1.5250
 275  1.680180  3.5963  0.8651  3.1369  1.3058 -0.5881 -2.0780 -2.8688 -3.6041 -4.7032 -5.5179 -5.6837 -2.6902 -1.5494
 276  1.680258  3.5944  0.8353  3.1589  1.3148 -0.6065 -2.1086 -2.9071 -3.6530 -4.7620 -5.5830 -5.7518 -2.7299 -1.5722