#NUMBER OF AGES=1 
#----------------------------------------------------       
#MIX-LEN  Y      Z          Zeff        [Fe/H] [a/Fe]
# 1.9380  0.2478 1.7242E-03 1.7242E-03  -1.00   0.00
#----------------------------------------------------       
#**PHOTOMETRIC SYSTEM**: Bessell UBV(RI)c + 2MASS JHKs + Kepler (Vega)
#----------------------------------------------------       

#AGE= 0.500 EEPS=365
#EEP   M/Mo    LogTeff  LogG   LogL/Lo U       B       V       R       I       J       H       Ks      Kp      D51     
   2  0.173383  3.5453  5.1395 -2.3279 15.2612 13.5921 11.9273 10.9536  9.9676  8.8269  8.2335  8.0311 11.0889 12.6994
   3  0.228369  3.5606  5.0814 -2.0889 14.2497 12.7465 11.1741 10.2386  9.3511  8.2701  7.6813  7.4771 10.4007 11.8977
   4  0.299061  3.5726  5.0295 -1.8721 13.4222 12.0268 10.5246  9.6196  8.7978  7.7606  7.1746  6.9705  9.7965 11.2089
   5  0.318648  3.5755  5.0130 -1.8164 13.2150 11.8453 10.3603  9.4633  8.6563  7.6295  7.0439  6.8400  9.6431 11.0343
   6  0.327010  3.5767  5.0042 -1.7916 13.1248 11.7659 10.2881  9.3944  8.5934  7.5708  6.9852  6.7815  9.5753 10.9577
   7  0.333369  3.5776  4.9966 -1.7719 13.0541 11.7034 10.2311  9.3401  8.5436  7.5242  6.9386  6.7349  9.5218 10.8973
   8  0.340311  3.5786  4.9879 -1.7501 12.9758 11.6341 10.1679  9.2800  8.4884  7.4727  6.8870  6.6835  9.4625 10.8302
   9  0.349366  3.5801  4.9767 -1.7218 12.8724 11.5430 10.0852  9.2015  8.4167  7.4059  6.8201  6.6168  9.3851 10.7422
  10  0.369844  3.5837  4.9536 -1.6593 12.6347 11.3359  9.8992  9.0266  8.2581  7.2600  6.6739  6.4721  9.2127 10.5426
  11  0.400921  3.5904  4.9186 -1.5627 12.2503 11.0043  9.6052  8.7536  8.0120  7.0366  6.4498  6.2519  8.9429 10.2243
  12  0.415837  3.5940  4.8998 -1.5135 12.0530 10.8332  9.4543  8.6147  7.8865  6.9233  6.3357  6.1410  8.8050 10.0608
  13  0.426954  3.5969  4.8853 -1.4759 11.9014 10.7010  9.3383  8.5082  7.7904  6.8367  6.2484  6.0567  8.6993  9.9350
  14  0.437071  3.5998  4.8722 -1.4411 11.7601 10.5773  9.2302  8.4097  7.7015  6.7571  6.1677  5.9794  8.6012  9.8179
  15  0.448513  3.6033  4.8577 -1.4014 11.5963 10.4338  9.1055  8.2968  7.6000  6.6667  6.0757  5.8922  8.4886  9.6825
  16  0.461590  3.6078  4.8417 -1.3551 11.4021 10.2633  8.9585  8.1648  7.4818  6.5622  5.9685  5.7918  8.3567  9.5223
  17  0.474659  3.6127  4.8261 -1.3076 11.1995 10.0846  8.8055  8.0286  7.3606  6.4556  5.8584  5.6901  8.2202  9.3554
  18  0.487801  3.6183  4.8114 -1.2588 10.9874  9.8959  8.6452  7.8875  7.2362  6.3471  5.7455  5.5875  8.0786  9.1806
  19  0.501824  3.6246  4.7972 -1.2071 10.7633  9.6934  8.4740  7.7377  7.1051  6.2330  5.6269  5.4806  7.9279  8.9945
  20  0.517309  3.6324  4.7838 -1.1490 10.5089  9.4598  8.2777  7.5677  6.9580  6.1058  5.4968  5.3640  7.7564  8.7822
  21  0.533164  3.6413  4.7724 -1.0890 10.2288  9.2060  8.0677  7.3890  6.8063  5.9773  5.3704  5.2512  7.5752  8.5536
  22  0.547569  3.6496  4.7637 -1.0355  9.9628  8.9750  7.8779  7.2291  6.6709  5.8644  5.2649  5.1561  7.4121  8.3429
  23  0.558968  3.6563  4.7578 -0.9940  9.7419  8.7945  7.7301  7.1056  6.5661  5.7785  5.1883  5.0867  7.2854  8.1734
  24  0.567663  3.6616  4.7542 -0.9626  9.5613  8.6554  7.6168  7.0118  6.4863  5.7148  5.1340  5.0375  7.1887  8.0388
  25  0.575321  3.6663  4.7514 -0.9349  9.3959  8.5332  7.5175  6.9300  6.4162  5.6596  5.0885  4.9961  7.1040  7.9186
  26  0.584131  3.6718  4.7486 -0.9035  9.2018  8.3951  7.4052  6.8377  6.3365  5.5979  5.0393  4.9514  7.0081  7.7805
  27  0.597695  3.6801  4.7447 -0.8564  8.9057  8.1919  7.2394  6.7007  6.2169  5.5066  4.9700  4.8876  6.8656  7.5739
  28  0.624493  3.6958  4.7358 -0.7658  8.3231  7.8149  6.9342  6.4459  5.9914  5.3357  4.8439  4.7703  6.6000  7.1969
  29  0.670229  3.7205  4.7188 -0.6191  7.5083  7.2537  6.4788  6.0495  5.6367  5.0617  4.6373  4.5748  6.1900  6.6750
  30  0.931420  3.8141  4.5580  0.0588  4.8596  5.0950  4.6850  4.4195  4.1483  3.8076  3.5624  3.5417  4.5077  4.7730
  31  0.962710  3.8224  4.5375  0.1269  4.6638  4.8995  4.5117  4.2596  4.0014  3.6792  3.4498  3.4312  4.3432  4.5931
  32  1.159932  3.8786  4.4636  0.5066  3.6572  3.8000  3.5361  3.3795  3.2198  3.0173  2.9025  2.8879  3.4292  3.5742
  33  1.189969  3.8895  4.4664  0.5584  3.5205  3.6477  3.4026  3.2630  3.1223  2.9428  2.8494  2.8341  3.3065  3.4337
  34  1.216466  3.8989  4.4703  0.6016  3.4081  3.5229  3.2933  3.1685  3.0447  2.8837  2.8074  2.7920  3.2066  3.3187
  35  1.240200  3.9071  4.4744  0.6387  3.3142  3.4156  3.2008  3.0899  2.9816  2.8360  2.7739  2.7588  3.1225  3.2207
  36  1.264352  3.9156  4.4778  0.6777  3.2152  3.3040  3.1043  3.0076  2.9159  2.7860  2.7387  2.7237  3.0347  3.1187
  37  1.289543  3.9245  4.4806  0.7192  3.1100  3.1890  3.0052  2.9229  2.8482  2.7335  2.7003  2.6857  2.9442  3.0141
  38  1.320570  3.9348  4.4839  0.7675  2.9931  3.0596  2.9002  2.8345  2.7759  2.6782  2.6578  2.6432  2.8470  2.9023
  39  1.424917  3.9660  4.4911  0.9180  2.6323  2.7063  2.6105  2.5827  2.5625  2.5108  2.5175  2.5064  2.5737  2.5978
  40  1.522115  3.9912  4.4910  1.0475  2.3196  2.4415  2.3849  2.3762  2.3785  2.3595  2.3811  2.3751  2.3557  2.3657
  41  1.529471  3.9929  4.4887  1.0590  2.2917  2.4179  2.3638  2.3562  2.3598  2.3430  2.3654  2.3598  2.3350  2.3443
  42  1.647156  4.0194  4.4790  1.2066  1.9370  2.1395  2.1204  2.1253  2.1447  2.1588  2.1908  2.1916  2.0954  2.0969
  43  1.662121  4.0224  4.4761  1.2253  1.8928  2.1045  2.0888  2.0948  2.1157  2.1331  2.1660  2.1675  2.0641  2.0649
  44  1.674560  4.0248  4.4733  1.2411  1.8555  2.0747  2.0617  2.0686  2.0907  2.1107  2.1444  2.1464  2.0373  2.0375
  45  1.689194  4.0276  4.4703  1.2589  1.8137  2.0415  2.0315  2.0394  2.0629  2.0859  2.1203  2.1231  2.0074  2.0070
  46  1.715213  4.0323  4.4658  1.2890  1.7435  1.9858  1.9808  1.9904  2.0161  2.0441  2.0798  2.0838  1.9571  1.9559
  47  1.752031  4.0387  4.4573  1.3322  1.6432  1.9051  1.9064  1.9180  1.9467  1.9814  2.0188  2.0244  1.8832  1.8808
  48  1.778359  4.0431  4.4499  1.3638  1.5701  1.8457  1.8510  1.8640  1.8947  1.9339  1.9724  1.9792  1.8283  1.8250
  49  1.800880  4.0468  4.4430  1.3908  1.5076  1.7944  1.8030  1.8171  1.8494  1.8924  1.9319  1.9396  1.7806  1.7767
  50  1.819889  4.0496  4.4364  1.4134  1.4552  1.7508  1.7619  1.7769  1.8105  1.8563  1.8965  1.9050  1.7398  1.7354
  51  1.835826  4.0519  4.4302  1.4325  1.4109  1.7135  1.7265  1.7421  1.7767  1.8248  1.8655  1.8746  1.7046  1.6998
  52  1.846130  4.0532  4.4258  1.4447  1.3824  1.6891  1.7033  1.7193  1.7544  1.8039  1.8449  1.8544  1.6815  1.6764
  53  1.856208  4.0545  4.4214  1.4566  1.3544  1.6651  1.6803  1.6967  1.7324  1.7831  1.8245  1.8343  1.6586  1.6534
  54  1.866188  4.0557  4.4168  1.4684  1.3267  1.6413  1.6574  1.6741  1.7104  1.7623  1.8040  1.8141  1.6359  1.6304
  55  1.876250  4.0570  4.4121  1.4804  1.2988  1.6171  1.6342  1.6513  1.6881  1.7413  1.7832  1.7936  1.6128  1.6071
  56  1.886451  4.0581  4.4071  1.4923  1.2707  1.5926  1.6106  1.6280  1.6653  1.7196  1.7618  1.7726  1.5893  1.5834
  57  1.896802  4.0593  4.4020  1.5045  1.2419  1.5674  1.5864  1.6041  1.6419  1.6973  1.7398  1.7509  1.5651  1.5591
  58  1.907351  4.0604  4.3965  1.5170  1.2125  1.5416  1.5615  1.5795  1.6178  1.6744  1.7171  1.7285  1.5403  1.5341
  59  1.917985  4.0615  4.3909  1.5294  1.1832  1.5156  1.5364  1.5547  1.5935  1.6511  1.6941  1.7058  1.5153  1.5090
  60  1.928652  4.0625  4.3850  1.5418  1.1537  1.4894  1.5109  1.5295  1.5688  1.6274  1.6706  1.6826  1.4900  1.4834
  61  1.939280  4.0635  4.3789  1.5541  1.1243  1.4630  1.4852  1.5041  1.5438  1.6033  1.6468  1.6590  1.4644  1.4577
  62  1.949841  4.0644  4.3725  1.5665  1.0947  1.4363  1.4593  1.4783  1.5185  1.5789  1.6225  1.6351  1.4385  1.4317
  63  1.960476  4.0652  4.3658  1.5789  1.0649  1.4092  1.4328  1.4521  1.4927  1.5538  1.5976  1.6104  1.4121  1.4052
  64  1.971162  4.0660  4.3588  1.5913  1.0348  1.3816  1.4058  1.4253  1.4663  1.5282  1.5721  1.5852  1.3852  1.3781
  65  1.981907  4.0667  4.3515  1.6039  1.0044  1.3535  1.3783  1.3980  1.4393  1.5019  1.5460  1.5593  1.3578  1.3506
  66  1.992718  4.0674  4.3439  1.6165  0.9737  1.3250  1.3503  1.3702  1.4118  1.4751  1.5193  1.5328  1.3298  1.3226
  67  2.003607  4.0680  4.3360  1.6292  0.9427  1.2959  1.3217  1.3418  1.3838  1.4475  1.4919  1.5056  1.3013  1.2940
  68  2.014376  4.0685  4.3278  1.6418  0.9117  1.2667  1.2929  1.3131  1.3554  1.4197  1.4642  1.4780  1.2726  1.2652
  69  2.025218  4.0690  4.3193  1.6545  0.8806  1.2372  1.2637  1.2840  1.3266  1.3913  1.4359  1.4499  1.2435  1.2359
  70  2.035975  4.0694  4.3106  1.6670  0.8496  1.2075  1.2343  1.2548  1.2976  1.3626  1.4073  1.4215  1.2142  1.2066
  71  2.046661  4.0697  4.3017  1.6795  0.8186  1.1776  1.2047  1.2253  1.2684  1.3337  1.3784  1.3927  1.1846  1.1770
  72  2.057316  4.0699  4.2924  1.6919  0.7875  1.1475  1.1748  1.1955  1.2388  1.3043  1.3490  1.3634  1.1548  1.1471
  73  2.067923  4.0701  4.2829  1.7043  0.7564  1.1171  1.1446  1.1653  1.2088  1.2744  1.3191  1.3337  1.1246  1.1169
  74  2.078536  4.0702  4.2731  1.7167  0.7251  1.0863  1.1139  1.1347  1.1783  1.2440  1.2888  1.3034  1.0940  1.0862
  75  2.089077  4.0701  4.2628  1.7291  0.6936  1.0550  1.0827  1.1035  1.1472  1.2128  1.2575  1.2723  1.0628  1.0550
  76  2.099795  4.0700  4.2521  1.7416  0.6616  1.0229  1.0506  1.0714  1.1152  1.1807  1.2254  1.2401  1.0307  1.0229
  77  2.110539  4.0698  4.2409  1.7542  0.6291  0.9900  1.0177  1.0385  1.0824  1.1477  1.1923  1.2071  0.9979  0.9901
  78  2.121358  4.0695  4.2291  1.7670  0.5960  0.9563  0.9839  1.0047  1.0486  1.1136  1.1580  1.1729  0.9641  0.9564
  79  2.132283  4.0691  4.2167  1.7799  0.5623  0.9216  0.9491  0.9698  1.0137  1.0783  1.1225  1.1374  0.9293  0.9216
  80  2.143240  4.0686  4.2038  1.7929  0.5282  0.8862  0.9135  0.9341  0.9779  1.0420  1.0861  1.1009  0.8937  0.8861
  81  2.154068  4.0679  4.1903  1.8058  0.4940  0.8503  0.8773  0.8978  0.9415  1.0049  1.0488  1.0636  0.8575  0.8499
  82  2.160480  4.0675  4.1822  1.8135  0.4736  0.8287  0.8555  0.8759  0.9196  0.9825  1.0262  1.0410  0.8357  0.8282
  83  2.166907  4.0670  4.1739  1.8212  0.4532  0.8071  0.8336  0.8539  0.8975  0.9600  1.0035  1.0183  0.8138  0.8064
  84  2.173299  4.0664  4.1654  1.8288  0.4328  0.7853  0.8116  0.8318  0.8753  0.9372  0.9806  0.9953  0.7917  0.7844
  85  2.179539  4.0658  4.1567  1.8363  0.4124  0.7633  0.7893  0.8094  0.8528  0.9141  0.9573  0.9719  0.7694  0.7622
  86  2.185732  4.0652  4.1479  1.8438  0.3921  0.7412  0.7670  0.7870  0.8302  0.8909  0.9339  0.9484  0.7471  0.7399
  87  2.191864  4.0645  4.1390  1.8512  0.3719  0.7192  0.7446  0.7645  0.8076  0.8676  0.9103  0.9248  0.7247  0.7176
  88  2.197919  4.0638  4.1299  1.8586  0.3518  0.6971  0.7222  0.7419  0.7848  0.8441  0.8866  0.9010  0.7022  0.6952
  89  2.203975  4.0630  4.1208  1.8658  0.3318  0.6749  0.6997  0.7192  0.7620  0.8205  0.8628  0.8770  0.6797  0.6728
  90  2.209951  4.0622  4.1114  1.8731  0.3118  0.6526  0.6769  0.6964  0.7389  0.7966  0.8386  0.8527  0.6569  0.6501
  91  2.215823  4.0613  4.1018  1.8803  0.2917  0.6301  0.6540  0.6733  0.7156  0.7724  0.8141  0.8282  0.6340  0.6273
  92  2.221664  4.0604  4.0922  1.8875  0.2716  0.6074  0.6310  0.6501  0.6921  0.7480  0.7895  0.8034  0.6109  0.6043
  93  2.227470  4.0595  4.0823  1.8947  0.2515  0.5846  0.6078  0.6267  0.6684  0.7233  0.7645  0.7783  0.5876  0.5811
  94  2.233244  4.0584  4.0721  1.9019  0.2314  0.5615  0.5842  0.6029  0.6443  0.6983  0.7391  0.7527  0.5640  0.5577
  95  2.239006  4.0574  4.0618  1.9090  0.2112  0.5382  0.5604  0.5789  0.6200  0.6729  0.7133  0.7268  0.5401  0.5340
  96  2.244724  4.0562  4.0513  1.9161  0.1910  0.5148  0.5365  0.5547  0.5955  0.6472  0.6873  0.7006  0.5161  0.5101
  97  2.250389  4.0551  4.0405  1.9233  0.1707  0.4910  0.5122  0.5302  0.5706  0.6211  0.6608  0.6739  0.4917  0.4859
  98  2.256011  4.0538  4.0296  1.9304  0.1503  0.4671  0.4877  0.5055  0.5455  0.5948  0.6341  0.6470  0.4672  0.4616
  99  2.261591  4.0525  4.0185  1.9375  0.1300  0.4430  0.4631  0.4806  0.5202  0.5681  0.6070  0.6197  0.4424  0.4370
 100  2.267131  4.0512  4.0072  1.9446  0.1095  0.4187  0.4382  0.4554  0.4946  0.5412  0.5796  0.5921  0.4175  0.4122
 101  2.272625  4.0499  3.9958  1.9517  0.0891  0.3943  0.4132  0.4302  0.4689  0.5141  0.5521  0.5643  0.3924  0.3873
 102  2.278073  4.0485  3.9842  1.9588  0.0687  0.3698  0.3883  0.4049  0.4431  0.4869  0.5244  0.5364  0.3673  0.3625
 103  2.283470  4.0472  3.9727  1.9660  0.0482  0.3452  0.3633  0.3797  0.4173  0.4597  0.4967  0.5084  0.3422  0.3376
 104  2.288815  4.0458  3.9612  1.9731  0.0278  0.3207  0.3384  0.3545  0.3915  0.4325  0.4690  0.4805  0.3171  0.3127
 105  2.294099  4.0446  3.9498  1.9803  0.0074  0.2964  0.3137  0.3295  0.3661  0.4057  0.4417  0.4529  0.2923  0.2881
 106  2.299279  4.0434  3.9390  1.9877 -0.0129  0.2726  0.2896  0.3052  0.3413  0.3798  0.4153  0.4264  0.2681  0.2641
 107  2.304364  4.0426  3.9290  1.9951 -0.0332  0.2496  0.2665  0.2820  0.3177  0.3552  0.3903  0.4013  0.2449  0.2411
 108  2.309230  4.0422  3.9208  2.0026 -0.0529  0.2287  0.2457  0.2611  0.2967  0.3337  0.3686  0.3795  0.2240  0.2202
 109  2.313765  4.0424  3.9152  2.0102 -0.0716  0.2109  0.2284  0.2439  0.2795  0.3169  0.3518  0.3628  0.2067  0.2029
 110  2.317630  4.0436  3.9133  2.0174 -0.0881  0.1980  0.2164  0.2322  0.2683  0.3069  0.3420  0.3533  0.1948  0.1908
 111  2.320698  4.0457  3.9155  2.0241 -0.1015  0.1911  0.2108  0.2272  0.2641  0.3048  0.3406  0.3523  0.1894  0.1850
 112  2.321306  4.0463  3.9166  2.0255 -0.1042  0.1903  0.2103  0.2268  0.2640  0.3053  0.3412  0.3531  0.1890  0.1845
 113  2.321913  4.0470  3.9180  2.0271 -0.1069  0.1897  0.2102  0.2269  0.2643  0.3064  0.3425  0.3546  0.1889  0.1843
 114  2.322520  4.0477  3.9194  2.0287 -0.1097  0.1893  0.2102  0.2270  0.2647  0.3076  0.3439  0.3562  0.1890  0.1842
 115  2.323127  4.0486  3.9214  2.0304 -0.1125  0.1893  0.2107  0.2277  0.2658  0.3096  0.3462  0.3586  0.1896  0.1847
 116  2.323733  4.0496  3.9238  2.0322 -0.1154  0.1896  0.2115  0.2288  0.2673  0.3122  0.3491  0.3617  0.1905  0.1854
 117  2.324339  4.0509  3.9269  2.0343 -0.1183  0.1904  0.2130  0.2307  0.2696  0.3158  0.3530  0.3659  0.1921  0.1869
 118  2.324944  4.0523  3.9306  2.0365 -0.1214  0.1919  0.2153  0.2332  0.2728  0.3204  0.3581  0.3713  0.1945  0.1890
 119  2.325547  4.0540  3.9351  2.0389 -0.1244  0.1940  0.2183  0.2367  0.2769  0.3262  0.3644  0.3780  0.1977  0.1919
 120  2.326148  4.0561  3.9406  2.0417 -0.1277  0.1970  0.2223  0.2412  0.2822  0.3336  0.3724  0.3865  0.2019  0.1957
 121  2.326746  4.0586  3.9475  2.0450 -0.1312  0.2010  0.2276  0.2471  0.2891  0.3430  0.3826  0.3971  0.2075  0.2009
 122  2.327338  4.0617  3.9562  2.0490 -0.1352  0.2064  0.2345  0.2547  0.2979  0.3549  0.3954  0.4106  0.2146  0.2076
 123  2.327916  4.0658  3.9673  2.0542 -0.1404  0.2133  0.2435  0.2646  0.3093  0.3704  0.4121  0.4280  0.2240  0.2163
 124  2.328465  4.0711  3.9817  2.0613 -0.1474  0.2221  0.2549  0.2772  0.3239  0.3901  0.4334  0.4503  0.2358  0.2273
 125  2.328945  4.0782  3.9995  2.0716 -0.1584  0.2314  0.2675  0.2914  0.3407  0.4136  0.4588  0.4771  0.2491  0.2395
 126  2.329309  4.0864  4.0184  2.0859 -0.1758  0.2375  0.2780  0.3037  0.3557  0.4364  0.4838  0.5036  0.2602  0.2493
 127  2.329643  4.0944  4.0360  2.1003 -0.1933  0.2422  0.2867  0.3141  0.3688  0.4567  0.5062  0.5274  0.2695  0.2574
 128  2.329791  4.0906  4.0369  2.0843 -0.1618  0.2631  0.3055  0.3321  0.3854  0.4699  0.5185  0.5390  0.2880  0.2765
 129  2.329899  4.0823  4.0237  2.0642 -0.1302  0.2713  0.3093  0.3340  0.3845  0.4613  0.5078  0.5268  0.2911  0.2809
 130  2.330074  4.0716  3.9705  2.0747 -0.1803  0.1907  0.2242  0.2467  0.2935  0.3602  0.4034  0.4205  0.2051  0.1965
 131  2.330219  4.0656  3.9277  2.0933 -0.2401  0.1133  0.1449  0.1662  0.2108  0.2716  0.3126  0.3288  0.1253  0.1176
 132  2.330461  4.0575  3.8786  2.1100 -0.2983  0.0309  0.0600  0.0795  0.1209  0.1736  0.2119  0.2265  0.0395  0.0331
 133  2.330834  4.0477  3.8270  2.1227 -0.3482 -0.0486 -0.0231 -0.0056  0.0318  0.0746  0.1094  0.1222 -0.0445 -0.0494
 134  2.331304  4.0381  3.7799  2.1313 -0.3857 -0.1163 -0.0945 -0.0792 -0.0459 -0.0133  0.0181  0.0289 -0.1171 -0.1202
 135  2.331821  4.0291  3.7382  2.1371 -0.4133 -0.1730 -0.1549 -0.1417 -0.1124 -0.0897 -0.0615 -0.0526 -0.1785 -0.1801
 136  2.332358  4.0204  3.6995  2.1412 -0.4343 -0.2226 -0.2086 -0.1975 -0.1721 -0.1591 -0.1341 -0.1271 -0.2332 -0.2332
 137  2.332901  4.0118  3.6620  2.1444 -0.4508 -0.2685 -0.2589 -0.2501 -0.2286 -0.2258 -0.2039 -0.1990 -0.2845 -0.2829
 138  2.333442  4.0029  3.6239  2.1469 -0.4632 -0.3122 -0.3078 -0.3014 -0.2843 -0.2924 -0.2738 -0.2711 -0.3345 -0.3311
 139  2.333977  3.9934  3.5843  2.1488 -0.4724 -0.3545 -0.3561 -0.3527 -0.3407 -0.3606 -0.3459 -0.3455 -0.3841 -0.3786
 140  2.334500  3.9832  3.5423  2.1500 -0.4775 -0.3952 -0.4042 -0.4046 -0.3987 -0.4319 -0.4219 -0.4240 -0.4340 -0.4257
 141  2.335006  3.9720  3.4972  2.1505 -0.4770 -0.4331 -0.4519 -0.4572 -0.4585 -0.5071 -0.5027 -0.5075 -0.4838 -0.4719
 142  2.335488  3.9598  3.4488  2.1502 -0.4712 -0.4673 -0.4979 -0.5093 -0.5197 -0.5860 -0.5887 -0.5966 -0.5326 -0.5160
 143  2.335942  3.9465  3.3971  2.1489 -0.4610 -0.4943 -0.5394 -0.5598 -0.5824 -0.6686 -0.6807 -0.6918 -0.5785 -0.5548
 144  2.336361  3.9322  3.3424  2.1465 -0.4438 -0.5092 -0.5738 -0.6066 -0.6450 -0.7540 -0.7783 -0.7924 -0.6190 -0.5849
 145  2.336742  3.9171  3.2852  2.1430 -0.4233 -0.4925 -0.6004 -0.6566 -0.7156 -0.8482 -0.8857 -0.9016 -0.6553 -0.6018
 146  2.337084  3.9012  3.2264  2.1383 -0.3954 -0.4481 -0.6122 -0.6989 -0.7833 -0.9420 -0.9968 -1.0135 -0.6800 -0.6001
 147  2.337388  3.8848  3.1668  2.1326 -0.3566 -0.3987 -0.6014 -0.7173 -0.8322 -1.0220 -1.1022 -1.1208 -0.6854 -0.5776
 148  2.337657  3.8682  3.1070  2.1260 -0.3116 -0.3388 -0.5795 -0.7259 -0.8730 -1.0967 -1.2073 -1.2273 -0.6815 -0.5435
 149  2.337895  3.8514  3.0474  2.1182 -0.2594 -0.2736 -0.5495 -0.7247 -0.9035 -1.1640 -1.3077 -1.3300 -0.6696 -0.5015
 150  2.338104  3.8352  2.9897  2.1111 -0.2030 -0.2066 -0.5178 -0.7206 -0.9298 -1.2280 -1.4054 -1.4300 -0.6556 -0.4578
 151  2.338291  3.8185  2.9324  2.1018 -0.1358 -0.1224 -0.4764 -0.7098 -0.9505 -1.2870 -1.5002 -1.5264 -0.6339 -0.4025
 152  2.338459  3.8033  2.8797  2.0936 -0.0654 -0.0416 -0.4375 -0.6986 -0.9675 -1.3406 -1.5879 -1.6160 -0.6132 -0.3506
 153  2.338633  3.7889  2.8351  2.0809  0.0254  0.0519 -0.3867 -0.6735 -0.9682 -1.3771 -1.6576 -1.6876 -0.5794 -0.2872
 154  2.338810  3.7782  2.8078  2.0652  0.1123  0.1512 -0.3310 -0.6413 -0.9572 -1.3891 -1.6913 -1.7260 -0.5389 -0.2202
 155  2.338971  3.7703  2.7941  2.0475  0.2018  0.2327 -0.2743 -0.5967 -0.9255 -1.3815 -1.7071 -1.7414 -0.4906 -0.1569
 156  2.339114  3.7642  2.7883  2.0291  0.2876  0.3120 -0.2182 -0.5516 -0.8910 -1.3631 -1.7029 -1.7387 -0.4419 -0.0951
 157  2.339242  3.7592  2.7871  2.0101  0.3710  0.3880 -0.1625 -0.5051 -0.8533 -1.3386 -1.6901 -1.7275 -0.3925 -0.0345
 158  2.339364  3.7547  2.7882  1.9911  0.4539  0.4625 -0.1068 -0.4577 -0.8137 -1.3111 -1.6733 -1.7121 -0.3424  0.0255
 159  2.339489  3.7502  2.7892  1.9720  0.5396  0.5378 -0.0508 -0.4099 -0.7738 -1.2833 -1.6563 -1.6966 -0.2920  0.0859
 160  2.339687  3.7435  2.7797  1.9549  0.6442  0.6243  0.0044 -0.3673 -0.7427 -1.2704 -1.6590 -1.7024 -0.2454  0.1482
 161  2.339949  3.7358  2.7424  1.9614  0.7112  0.6615  0.0039 -0.3829 -0.7719 -1.3205 -1.7258 -1.7734 -0.2563  0.1562
 162  2.340062  3.7330  2.7116  1.9808  0.6966  0.6324 -0.0385 -0.4308 -0.8247 -1.3813 -1.7928 -1.8419 -0.3025  0.1169
 163  2.340178  3.7305  2.6825  2.0003  0.6780  0.6006 -0.0816 -0.4784 -0.8766 -1.4403 -1.8576 -1.9077 -0.3489  0.0764
 164  2.340296  3.7285  2.6549  2.0197  0.6549  0.5660 -0.1256 -0.5261 -0.9278 -1.4976 -1.9198 -1.9707 -0.3955  0.0346
 165  2.340427  3.7267  2.6287  2.0389  0.6300  0.5306 -0.1691 -0.5730 -0.9777 -1.5529 -1.9797 -2.0312 -0.4414 -0.0071
 166  2.340575  3.7251  2.6037  2.0574  0.6046  0.4954 -0.2117 -0.6185 -1.0260 -1.6061 -2.0371 -2.0891 -0.4861 -0.0479
 167  2.340737  3.7237  2.5799  2.0755  0.5790  0.4607 -0.2532 -0.6627 -1.0727 -1.6574 -2.0921 -2.1447 -0.5296 -0.0877
 168  2.340908  3.7223  2.5568  2.0932  0.5532  0.4262 -0.2939 -0.7060 -1.1183 -1.7072 -2.1456 -2.1985 -0.5722 -0.1270
 169  2.341083  3.7211  2.5343  2.1107  0.5272  0.3917 -0.3344 -0.7488 -1.1633 -1.7563 -2.1979 -2.2513 -0.6143 -0.1659
 170  2.341261  3.7198  2.5121  2.1281  0.5012  0.3575 -0.3745 -0.7914 -1.2080 -1.8048 -2.2496 -2.3035 -0.6562 -0.2047
 171  2.341439  3.7187  2.4901  2.1454  0.4750  0.3231 -0.4146 -0.8338 -1.2525 -1.8530 -2.3008 -2.3552 -0.6980 -0.2433
 172  2.341619  3.7175  2.4682  2.1627  0.4488  0.2889 -0.4546 -0.8760 -1.2968 -1.9009 -2.3516 -2.4064 -0.7396 -0.2819
 173  2.341799  3.7164  2.4464  2.1799  0.4229  0.2549 -0.4943 -0.9181 -1.3410 -1.9487 -2.4023 -2.4576 -0.7811 -0.3202
 174  2.341979  3.7152  2.4248  2.1970  0.3973  0.2208 -0.5341 -0.9602 -1.3851 -1.9962 -2.4526 -2.5084 -0.8226 -0.3586
 175  2.342159  3.7141  2.4033  2.2142  0.3720  0.1869 -0.5738 -1.0022 -1.4291 -2.0436 -2.5027 -2.5590 -0.8639 -0.3968
 176  2.342340  3.7130  2.3819  2.2313  0.3467  0.1529 -0.6133 -1.0440 -1.4729 -2.0908 -2.5526 -2.6093 -0.9051 -0.4350
 177  2.342522  3.7120  2.3606  2.2483  0.3212  0.1190 -0.6528 -1.0857 -1.5166 -2.1378 -2.6023 -2.6595 -0.9462 -0.4731
 178  2.342703  3.7109  2.3394  2.2653  0.2956  0.0851 -0.6921 -1.1272 -1.5600 -2.1847 -2.6519 -2.7095 -0.9872 -0.5111
 179  2.342885  3.7099  2.3182  2.2823  0.2698  0.0513 -0.7312 -1.1685 -1.6033 -2.2313 -2.7012 -2.7593 -1.0279 -0.5489
 180  2.343067  3.7088  2.2971  2.2992  0.2437  0.0174 -0.7703 -1.2097 -1.6465 -2.2778 -2.7505 -2.8090 -1.0686 -0.5867
 181  2.343250  3.7078  2.2760  2.3162  0.2174 -0.0163 -0.8091 -1.2506 -1.6894 -2.3242 -2.7997 -2.8586 -1.1090 -0.6244
 182  2.343433  3.7067  2.2550  2.3330  0.1882 -0.0504 -0.8476 -1.2910 -1.7319 -2.3702 -2.8487 -2.9080 -1.1489 -0.6620
 183  2.343616  3.7056  2.2339  2.3499  0.1583 -0.0844 -0.8858 -1.3311 -1.7741 -2.4161 -2.8976 -2.9574 -1.1887 -0.6995
 184  2.343800  3.7046  2.2130  2.3667  0.1283 -0.1184 -0.9239 -1.3710 -1.8162 -2.4618 -2.9465 -3.0067 -1.2283 -0.7369
 185  2.343984  3.7035  2.1920  2.3835  0.0986 -0.1522 -0.9618 -1.4108 -1.8581 -2.5075 -2.9954 -3.0559 -1.2677 -0.7741
 186  2.344169  3.7025  2.1712  2.4002  0.0689 -0.1860 -0.9997 -1.4505 -1.8999 -2.5529 -3.0440 -3.1048 -1.3070 -0.8113
 187  2.344354  3.7015  2.1505  2.4169  0.0399 -0.2196 -1.0374 -1.4901 -1.9416 -2.5982 -3.0925 -3.1536 -1.3462 -0.8482
 188  2.344540  3.7005  2.1297  2.4336  0.0116 -0.2529 -1.0750 -1.5296 -1.9831 -2.6434 -3.1411 -3.2024 -1.3854 -0.8849
 189  2.344727  3.6995  2.1092  2.4501 -0.0159 -0.2860 -1.1125 -1.5690 -2.0246 -2.6885 -3.1894 -3.2509 -1.4244 -0.9214
 190  2.344915  3.6985  2.0886  2.4667 -0.0404 -0.3184 -1.1500 -1.6087 -2.0662 -2.7336 -3.2378 -3.2995 -1.4636 -0.9576
 191  2.345105  3.6974  2.0681  2.4831 -0.0616 -0.3497 -1.1873 -1.6485 -2.1079 -2.7788 -3.2862 -3.3479 -1.5028 -0.9931
 192  2.345311  3.6965  2.0489  2.4987 -0.0818 -0.3796 -1.2228 -1.6863 -2.1474 -2.8214 -3.3319 -3.3935 -1.5400 -1.0269
 193  2.345553  3.6969  2.0545  2.4945 -0.0783 -0.3725 -1.2136 -1.6762 -2.1368 -2.8096 -3.3189 -3.3806 -1.5302 -1.0184
 194  2.345681  3.6982  2.0799  2.4746 -0.0551 -0.3357 -1.1688 -1.6281 -2.0861 -2.7544 -3.2594 -3.3210 -1.4829 -0.9760
 195  2.345818  3.6995  2.1076  2.4522 -0.0217 -0.2917 -1.1179 -1.5743 -2.0298 -2.6934 -3.1942 -3.2557 -1.4297 -0.9269
 196  2.345987  3.7008  2.1316  2.4331  0.0093 -0.2540 -1.0750 -1.5290 -1.9820 -2.6413 -3.1380 -3.1992 -1.3849 -0.8851
 197  2.346200  3.7018  2.1513  2.4176  0.0350 -0.2235 -1.0402 -1.4923 -1.9432 -2.5989 -3.0923 -3.1533 -1.3486 -0.8512
 198  2.346448  3.7027  2.1681  2.4043  0.0573 -0.1974 -1.0105 -1.4611 -1.9102 -2.5627 -3.0534 -3.1141 -1.3177 -0.8222
 199  2.346726  3.7034  2.1813  2.3940  0.0748 -0.1770 -0.9874 -1.4367 -1.8844 -2.5344 -3.0228 -3.0833 -1.2935 -0.7996
 200  2.347027  3.7039  2.1901  2.3874  0.0855 -0.1644 -0.9728 -1.4212 -1.8679 -2.5160 -3.0029 -3.0632 -1.2782 -0.7853
 201  2.347343  3.7042  2.1942  2.3846  0.0889 -0.1598 -0.9670 -1.4149 -1.8609 -2.5080 -2.9938 -3.0541 -1.2720 -0.7797
 202  2.347663  3.7044  2.1954  2.3841  0.0881 -0.1601 -0.9666 -1.4141 -1.8598 -2.5062 -2.9915 -3.0516 -1.2712 -0.7794
 203  2.347981  3.7045  2.1963  2.3838  0.0876 -0.1602 -0.9662 -1.4136 -1.8590 -2.5049 -2.9898 -3.0500 -1.2707 -0.7792
 204  2.348297  3.7046  2.1983  2.3823  0.0898 -0.1575 -0.9630 -1.4102 -1.8553 -2.5009 -2.9854 -3.0455 -1.2674 -0.7761
 205  2.348609  3.7048  2.2020  2.3795  0.0944 -0.1522 -0.9569 -1.4037 -1.8484 -2.4933 -2.9772 -3.0372 -1.2610 -0.7701
 206  2.348918  3.7051  2.2067  2.3759  0.1005 -0.1452 -0.9488 -1.3951 -1.8393 -2.4832 -2.9663 -3.0262 -1.2525 -0.7622
 207  2.349226  3.7054  2.2121  2.3718  0.1072 -0.1373 -0.9398 -1.3855 -1.8291 -2.4720 -2.9542 -3.0139 -1.2430 -0.7533
 208  2.349534  3.7057  2.2175  2.3677  0.1141 -0.1293 -0.9306 -1.3758 -1.8188 -2.4606 -2.9418 -3.0015 -1.2334 -0.7443
 209  2.349842  3.7060  2.2226  2.3638  0.1206 -0.1217 -0.9218 -1.3666 -1.8089 -2.4497 -2.9302 -2.9897 -1.2242 -0.7358
 210  2.350150  3.7063  2.2274  2.3602  0.1265 -0.1147 -0.9138 -1.3581 -1.7999 -2.4398 -2.9194 -2.9788 -1.2158 -0.7279
 211  2.350459  3.7065  2.2317  2.3568  0.1321 -0.1082 -0.9064 -1.3502 -1.7916 -2.4306 -2.9096 -2.9689 -1.2081 -0.7207
 212  2.351955  3.7076  2.2511  2.3421  0.1559 -0.0798 -0.8735 -1.3154 -1.7545 -2.3898 -2.8656 -2.9245 -1.1737 -0.6886
 213  2.353488  3.7087  2.2701  2.3277  0.1759 -0.0525 -0.8410 -1.2807 -1.7179 -2.3497 -2.8226 -2.8810 -1.1395 -0.6573
 214  2.355063  3.7097  2.2886  2.3136  0.1949 -0.0259 -0.8092 -1.2469 -1.6820 -2.3105 -2.7806 -2.8386 -1.1062 -0.6268
 215  2.356669  3.7108  2.3068  2.2999  0.2130 -0.0001 -0.7782 -1.2138 -1.6470 -2.2721 -2.7395 -2.7971 -1.0736 -0.5970
 216  2.358296  3.7118  2.3246  2.2865  0.2304  0.0252 -0.7478 -1.1812 -1.6125 -2.2344 -2.6992 -2.7564 -1.0416 -0.5678
 217  2.359944  3.7128  2.3421  2.2734  0.2471  0.0497 -0.7180 -1.1493 -1.5788 -2.1975 -2.6597 -2.7165 -1.0102 -0.5393
 218  2.361617  3.7138  2.3592  2.2606  0.2632  0.0737 -0.6889 -1.1181 -1.5458 -2.1614 -2.6211 -2.6774 -0.9796 -0.5115
 219  2.363305  3.7148  2.3761  2.2480  0.2785  0.0969 -0.6604 -1.0876 -1.5134 -2.1259 -2.5831 -2.6390 -0.9496 -0.4843
 220  2.365016  3.7158  2.3927  2.2358  0.2931  0.1193 -0.6327 -1.0578 -1.4817 -2.0911 -2.5458 -2.6013 -0.9204 -0.4579
 221  2.366716  3.7169  2.4093  2.2237  0.3077  0.1413 -0.6054 -1.0283 -1.4503 -2.0564 -2.5086 -2.5636 -0.8915 -0.4319
 222  2.368419  3.7179  2.4258  2.2117  0.3219  0.1628 -0.5785 -0.9992 -1.4193 -2.0222 -2.4717 -2.5262 -0.8630 -0.4063
 223  2.370170  3.7190  2.4419  2.2002  0.3350  0.1831 -0.5528 -0.9713 -1.3895 -1.9891 -2.4360 -2.4900 -0.8357 -0.3819
 224  2.371981  3.7201  2.4575  2.1894  0.3465  0.2018 -0.5286 -0.9449 -1.3612 -1.9573 -2.4015 -2.4550 -0.8100 -0.3591
 225  2.373876  3.7213  2.4726  2.1793  0.3555  0.2182 -0.5065 -0.9206 -1.3348 -1.9274 -2.3687 -2.4217 -0.7862 -0.3383
 226  2.375880  3.7225  2.4867  2.1703  0.3616  0.2318 -0.4872 -0.8989 -1.3110 -1.9000 -2.3383 -2.3908 -0.7652 -0.3204
 227  2.377990  3.7237  2.4998  2.1626  0.3640  0.2418 -0.4711 -0.8804 -1.2903 -1.8755 -2.3105 -2.3626 -0.7474 -0.3058
 228  2.380224  3.7250  2.5116  2.1565  0.3617  0.2472 -0.4593 -0.8661 -1.2737 -1.8548 -2.2865 -2.3380 -0.7338 -0.2955
 229  2.382575  3.7264  2.5218  2.1523  0.3539  0.2473 -0.4525 -0.8566 -1.2617 -1.8386 -2.2668 -2.3177 -0.7250 -0.2902
 230  2.385044  3.7279  2.5298  2.1506  0.3401  0.2412 -0.4516 -0.8530 -1.2556 -1.8282 -2.2527 -2.3030 -0.7222 -0.2910
 231  2.387620  3.7295  2.5355  2.1516  0.3182  0.2272 -0.4580 -0.8564 -1.2563 -1.8242 -2.2448 -2.2945 -0.7265 -0.2991
 232  2.390226  3.7311  2.5387  2.1557  0.2880  0.2050 -0.4722 -0.8674 -1.2643 -1.8273 -2.2438 -2.2928 -0.7384 -0.3151
 233  2.392723  3.7329  2.5386  2.1631  0.2494  0.1740 -0.4948 -0.8867 -1.2806 -1.8387 -2.2510 -2.2993 -0.7587 -0.3396
 234  2.395003  3.7347  2.5362  2.1731  0.2043  0.1365 -0.5238 -0.9124 -1.3032 -1.8562 -2.2642 -2.3117 -0.7854 -0.3705
 235  2.397050  3.7365  2.5322  2.1848  0.1551  0.0944 -0.5572 -0.9423 -1.3299 -1.8776 -2.2813 -2.3280 -0.8163 -0.4058
 236  2.398892  3.7384  2.5275  2.1975  0.1030  0.0490 -0.5933 -0.9748 -1.3590 -1.9014 -2.3004 -2.3462 -0.8499 -0.4441
 237  2.400564  3.7405  2.5226  2.2110  0.0483  0.0006 -0.6316 -1.0089 -1.3895 -1.9261 -2.3202 -2.3651 -0.8853 -0.4846
 238  2.402158  3.7426  2.5179  2.2246 -0.0066 -0.0499 -0.6704 -1.0432 -1.4198 -1.9505 -2.3394 -2.3830 -0.9211 -0.5260
 239  2.403711  3.7450  2.5138  2.2383 -0.0625 -0.1020 -0.7099 -1.0777 -1.4499 -1.9744 -2.3576 -2.3997 -0.9572 -0.5683
 240  2.405247  3.7475  2.5106  2.2521 -0.1196 -0.1556 -0.7499 -1.1122 -1.4797 -1.9972 -2.3742 -2.4149 -0.9936 -0.6114
 241  2.406792  3.7505  2.5087  2.2659 -0.1789 -0.2098 -0.7904 -1.1471 -1.5092 -2.0188 -2.3886 -2.4282 -1.0302 -0.6550
 242  2.407708  3.7524  2.5085  2.2739 -0.2144 -0.2417 -0.8141 -1.1672 -1.5259 -2.0303 -2.3954 -2.4344 -1.0515 -0.6806
 243  2.408644  3.7544  2.5090  2.2817 -0.2504 -0.2740 -0.8378 -1.1871 -1.5421 -2.0409 -2.4008 -2.4393 -1.0725 -0.7062
 244  2.409607  3.7567  2.5107  2.2894 -0.2871 -0.3069 -0.8613 -1.2063 -1.5573 -2.0498 -2.4041 -2.4420 -1.0931 -0.7319
 245  2.410592  3.7590  2.5126  2.2970 -0.3238 -0.3401 -0.8848 -1.2254 -1.5722 -2.0583 -2.4069 -2.4442 -1.1136 -0.7577
 246  2.411599  3.7618  2.5164  2.3044 -0.3619 -0.3747 -0.9082 -1.2438 -1.5856 -2.0644 -2.4063 -2.4429 -1.1336 -0.7838
 247  2.412634  3.7647  2.5208  2.3117 -0.4001 -0.4096 -0.9317 -1.2618 -1.5984 -2.0696 -2.4044 -2.4403 -1.1534 -0.8101
 248  2.413701  3.7680  2.5272  2.3186 -0.4392 -0.4456 -0.9550 -1.2789 -1.6096 -2.0720 -2.3987 -2.4339 -1.1724 -0.8365
 249  2.414790  3.7716  2.5354  2.3254 -0.4789 -0.4824 -0.9781 -1.2952 -1.6193 -2.0719 -2.3897 -2.4242 -1.1909 -0.8631
 250  2.415908  3.7756  2.5451  2.3317 -0.5182 -0.5191 -1.0007 -1.3107 -1.6276 -2.0695 -2.3773 -2.4112 -1.2087 -0.8894
 251  2.417070  3.7797  2.5556  2.3378 -0.5552 -0.5551 -1.0225 -1.3250 -1.6345 -2.0656 -2.3634 -2.3966 -1.2255 -0.9151
 252  2.418321  3.7834  2.5649  2.3435 -0.5878 -0.5887 -1.0429 -1.3380 -1.6405 -2.0624 -2.3516 -2.3839 -1.2410 -0.9391
 253  2.419522  3.7877  2.5766  2.3493 -0.6228 -0.6248 -1.0642 -1.3510 -1.6454 -2.0566 -2.3357 -2.3671 -1.2568 -0.9645
 254  2.420976  3.7897  2.5803  2.3539 -0.6436 -0.6461 -1.0789 -1.3619 -1.6526 -2.0587 -2.3331 -2.3641 -1.2690 -0.9811
 255  2.422547  3.7890  2.5740  2.3576 -0.6491 -0.6520 -1.0871 -1.3715 -1.6634 -2.0714 -2.3474 -2.3786 -1.2781 -0.9886
 256  2.424072  3.7867  2.5622  2.3606 -0.6457 -0.6489 -1.0913 -1.3799 -1.6760 -2.0897 -2.3710 -2.4026 -1.2851 -0.9908
 257  2.425567  3.7842  2.5497  2.3633 -0.6402 -0.6434 -1.0943 -1.3877 -1.6884 -2.1083 -2.3953 -2.4275 -1.2913 -0.9914
 258  2.427075  3.7821  2.5386  2.3661 -0.6362 -0.6396 -1.0979 -1.3954 -1.7001 -2.1254 -2.4174 -2.4500 -1.2976 -0.9929
 259  2.428621  3.7800  2.5278  2.3689 -0.6325 -0.6364 -1.1018 -1.4032 -1.7117 -2.1422 -2.4391 -2.4721 -1.3041 -0.9949
 260  2.430199  3.7776  2.5159  2.3714 -0.6256 -0.6307 -1.1043 -1.4101 -1.7230 -2.1598 -2.4625 -2.4959 -1.3096 -0.9951
 261  2.431768  3.7742  2.5012  2.3728 -0.6094 -0.6169 -1.1023 -1.4142 -1.7332 -2.1791 -2.4900 -2.5241 -1.3117 -0.9900
 262  2.433278  3.7698  2.4841  2.3727 -0.5824 -0.5933 -1.0947 -1.4147 -1.7416 -2.1990 -2.5204 -2.5554 -1.3095 -0.9783
 263  2.434653  3.7645  2.4641  2.3716 -0.5444 -0.5607 -1.0826 -1.4127 -1.7492 -2.2207 -2.5552 -2.5912 -1.3042 -0.9610
 264  2.435897  3.7589  2.4444  2.3693 -0.4986 -0.5225 -1.0668 -1.4073 -1.7539 -2.2404 -2.5884 -2.6257 -1.2955 -0.9397
 265  2.436991  3.7541  2.4301  2.3646 -0.4493 -0.4814 -1.0457 -1.3952 -1.7505 -2.2501 -2.6101 -2.6486 -1.2806 -0.9138
 266  2.437912  3.7497  2.4187  2.3584 -0.3973 -0.4382 -1.0215 -1.3794 -1.7426 -2.2544 -2.6254 -2.6651 -1.2621 -0.8853
 267  2.438695  3.7458  2.4103  2.3513 -0.3449 -0.3927 -0.9953 -1.3612 -1.7318 -2.2542 -2.6348 -2.6764 -1.2414 -0.8548
 268  2.439371  3.7423  2.4042  2.3435 -0.2927 -0.3471 -0.9682 -1.3415 -1.7185 -2.2504 -2.6395 -2.6830 -1.2192 -0.8234
 269  2.439973  3.7391  2.3999  2.3352 -0.2405 -0.3032 -0.9405 -1.3203 -1.7030 -2.2438 -2.6406 -2.6857 -1.1959 -0.7921
 270  2.440536  3.7361  2.3966  2.3268 -0.1880 -0.2612 -0.9126 -1.2981 -1.6861 -2.2353 -2.6395 -2.6857 -1.1720 -0.7611
 271  2.441140  3.7340  2.3965  2.3183 -0.1428 -0.2244 -0.8863 -1.2758 -1.6677 -2.2233 -2.6329 -2.6800 -1.1486 -0.7324
 272  2.441296  3.7335  2.3974  2.3156 -0.1311 -0.2144 -0.8784 -1.2688 -1.6615 -2.2184 -2.6292 -2.6764 -1.1413 -0.7241
 273  2.441448  3.7329  2.3979  2.3129 -0.1180 -0.2037 -0.8704 -1.2618 -1.6554 -2.2140 -2.6262 -2.6736 -1.1340 -0.7154
 274  2.441603  3.7323  2.3979  2.3102 -0.1036 -0.1921 -0.8621 -1.2548 -1.6496 -2.2102 -2.6241 -2.6718 -1.1266 -0.7064
 275  2.441771  3.7314  2.3973  2.3075 -0.0876 -0.1795 -0.8534 -1.2477 -1.6440 -2.2069 -2.6229 -2.6709 -1.1191 -0.6968
 276  2.441975  3.7304  2.3959  2.3049 -0.0694 -0.1657 -0.8445 -1.2407 -1.6387 -2.2046 -2.6230 -2.6715 -1.1115 -0.6868
 277  2.442238  3.7292  2.3932  2.3026 -0.0485 -0.1506 -0.8355 -1.2341 -1.6344 -2.2040 -2.6257 -2.6746 -1.1042 -0.6764
 278  2.442588  3.7275  2.3882  2.3011 -0.0249 -0.1349 -0.8278 -1.2296 -1.6328 -2.2072 -2.6330 -2.6826 -1.0988 -0.6669
 279  2.442966  3.7258  2.3809  2.3016 -0.0045 -0.1232 -0.8246 -1.2297 -1.6359 -2.2155 -2.6456 -2.6959 -1.0979 -0.6618
 280  2.443266  3.7246  2.3739  2.3038  0.0058 -0.1194 -0.8269 -1.2344 -1.6428 -2.2259 -2.6591 -2.7099 -1.1019 -0.6627
 281  2.443430  3.7241  2.3690  2.3066  0.0054 -0.1228 -0.8328 -1.2412 -1.6505 -2.2352 -2.6697 -2.7207 -1.1085 -0.6679
 282  2.443522  3.7239  2.3654  2.3096  0.0002 -0.1290 -0.8398 -1.2486 -1.6582 -2.2434 -2.6782 -2.7293 -1.1157 -0.6748
 283  2.443587  3.7239  2.3625  2.3126 -0.0072 -0.1366 -0.8473 -1.2560 -1.6656 -2.2508 -2.6856 -2.7367 -1.1232 -0.6823
 284  2.443644  3.7241  2.3600  2.3157 -0.0171 -0.1458 -0.8557 -1.2641 -1.6734 -2.2581 -2.6925 -2.7434 -1.1314 -0.6909
 285  2.443745  3.7248  2.3600  2.3187 -0.0337 -0.1587 -0.8649 -1.2719 -1.6799 -2.2624 -2.6951 -2.7457 -1.1396 -0.7009
 286  2.443935  3.7264  2.3646  2.3203 -0.0573 -0.1745 -0.8729 -1.2769 -1.6821 -2.2600 -2.6887 -2.7387 -1.1455 -0.7107
 287  2.444147  3.7282  2.3700  2.3221 -0.0837 -0.1922 -0.8819 -1.2824 -1.6845 -2.2571 -2.6813 -2.7305 -1.1519 -0.7217
 288  2.444411  3.7299  2.3754  2.3238 -0.1092 -0.2094 -0.8906 -1.2877 -1.6867 -2.2542 -2.6740 -2.7225 -1.1583 -0.7323
 289  2.444784  3.7314  2.3795  2.3256 -0.1310 -0.2246 -0.8987 -1.2931 -1.6894 -2.2526 -2.6687 -2.7167 -1.1644 -0.7420
 290  2.445276  3.7323  2.3820  2.3268 -0.1447 -0.2343 -0.9039 -1.2965 -1.6913 -2.2517 -2.6656 -2.7131 -1.1684 -0.7483
 291  2.445818  3.7326  2.3828  2.3272 -0.1485 -0.2370 -0.9054 -1.2976 -1.6919 -2.2516 -2.6648 -2.7123 -1.1696 -0.7500
 292  2.446359  3.7324  2.3823  2.3271 -0.1461 -0.2355 -0.9047 -1.2972 -1.6918 -2.2521 -2.6657 -2.7133 -1.1691 -0.7491
 293  2.446892  3.7320  2.3812  2.3268 -0.1413 -0.2322 -0.9032 -1.2964 -1.6916 -2.2529 -2.6675 -2.7152 -1.1680 -0.7472
 294  2.447424  3.7316  2.3798  2.3266 -0.1357 -0.2285 -0.9015 -1.2955 -1.6915 -2.2541 -2.6697 -2.7176 -1.1669 -0.7451
 295  2.447957  3.7311  2.3783  2.3264 -0.1302 -0.2249 -0.9000 -1.2949 -1.6917 -2.2555 -2.6722 -2.7203 -1.1661 -0.7431
 296  2.448492  3.7307  2.3768  2.3263 -0.1248 -0.2215 -0.8988 -1.2944 -1.6920 -2.2571 -2.6749 -2.7231 -1.1654 -0.7414
 297  2.449028  3.7303  2.3752  2.3263 -0.1199 -0.2185 -0.8977 -1.2942 -1.6925 -2.2588 -2.6777 -2.7261 -1.1649 -0.7399
 298  2.449566  3.7299  2.3736  2.3264 -0.1152 -0.2157 -0.8970 -1.2942 -1.6932 -2.2608 -2.6807 -2.7292 -1.1647 -0.7387
 299  2.450106  3.7295  2.3720  2.3266 -0.1110 -0.2133 -0.8964 -1.2944 -1.6941 -2.2628 -2.6837 -2.7323 -1.1647 -0.7377
 300  2.450646  3.7291  2.3704  2.3268 -0.1071 -0.2111 -0.8961 -1.2948 -1.6951 -2.2649 -2.6867 -2.7355 -1.1648 -0.7369
 301  2.451187  3.7288  2.3687  2.3270 -0.1033 -0.2091 -0.8958 -1.2952 -1.6962 -2.2671 -2.6898 -2.7387 -1.1651 -0.7363
 302  2.454575  3.7266  2.3580  2.3296 -0.0825 -0.1992 -0.8966 -1.3002 -1.7051 -2.2825 -2.7107 -2.7606 -1.1689 -0.7346
 303  2.457951  3.7246  2.3469  2.3335 -0.0678 -0.1947 -0.9017 -1.3090 -1.7173 -2.3004 -2.7335 -2.7842 -1.1766 -0.7375
 304  2.461296  3.7228  2.3349  2.3386 -0.0556 -0.1928 -0.9093 -1.3205 -1.7321 -2.3209 -2.7585 -2.8101 -1.1870 -0.7430
 305  2.464548  3.7206  2.3201  2.3454 -0.0437 -0.1932 -0.9207 -1.3361 -1.7516 -2.3467 -2.7895 -2.8421 -1.2014 -0.7517
 306  2.467327  3.7180  2.2990  2.3566 -0.0349 -0.2004 -0.9414 -1.3623 -1.7825 -2.3854 -2.8344 -2.8884 -1.2260 -0.7692
 307  2.469067  3.7154  2.2733  2.3724 -0.0364 -0.2190 -0.9734 -1.3996 -1.8246 -2.4352 -2.8904 -2.9457 -1.2619 -0.7980
 308  2.470126  3.7133  2.2478  2.3895 -0.0453 -0.2442 -1.0099 -1.4406 -1.8695 -2.4867 -2.9472 -3.0035 -1.3017 -0.8317
 309  2.470883  3.7114  2.2231  2.4069 -0.0594 -0.2725 -1.0478 -1.4824 -1.9147 -2.5377 -3.0029 -3.0600 -1.3425 -0.8673
 310  2.471493  3.7098  2.1990  2.4244 -0.0769 -0.3025 -1.0863 -1.5243 -1.9597 -2.5881 -3.0576 -3.1154 -1.3835 -0.9037
 311  2.472016  3.7082  2.1753  2.4419 -0.0967 -0.3334 -1.1250 -1.5661 -2.0045 -2.6380 -3.1118 -3.1702 -1.4245 -0.9406
 312  2.472715  3.7059  2.1395  2.4688 -0.1355 -0.3829 -1.1841 -1.6293 -2.0722 -2.7134 -3.1938 -3.2531 -1.4869 -0.9978
 313  2.473386  3.7036  2.1005  2.4984 -0.1822 -0.4386 -1.2491 -1.6985 -2.1461 -2.7957 -3.2834 -3.3435 -1.5552 -1.0612
 314  2.474031  3.7011  2.0587  2.5304 -0.2318 -0.4990 -1.3195 -1.7734 -2.2260 -2.8844 -3.3800 -3.4407 -1.6293 -1.1298
 315  2.474647  3.6985  2.0143  2.5647 -0.2796 -0.5629 -1.3953 -1.8543 -2.3120 -2.9794 -3.4834 -3.5445 -1.7091 -1.2028
 316  2.475234  3.6957  1.9668  2.6011 -0.3144 -0.6266 -1.4762 -1.9421 -2.4050 -3.0816 -3.5942 -3.6556 -1.7951 -1.2785
 317  2.475788  3.6928  1.9167  2.6396 -0.3477 -0.6925 -1.5613 -2.0349 -2.5032 -3.1896 -3.7112 -3.7729 -1.8860 -1.3577
 318  2.476309  3.6897  1.8641  2.6799 -0.3837 -0.7617 -1.6500 -2.1314 -2.6057 -3.3025 -3.8333 -3.8957 -1.9806 -1.4407
 319  2.476795  3.6865  1.8093  2.7220 -0.4235 -0.8347 -1.7419 -2.2309 -2.7116 -3.4196 -3.9594 -4.0235 -2.0783 -1.5278
 320  2.477246  3.6832  1.7525  2.7658 -0.4621 -0.9097 -1.8367 -2.3336 -2.8210 -3.5410 -4.0899 -4.1561 -2.1793 -1.6177
 321  2.477661  3.6798  1.6938  2.8109 -0.4984 -0.9859 -1.9338 -2.4392 -2.9336 -3.6662 -4.2245 -4.2932 -2.2831 -1.7095
 322  2.477829  3.6783  1.6680  2.8307 -0.5129 -1.0186 -1.9760 -2.4853 -2.9829 -3.7212 -4.2839 -4.3535 -2.3284 -1.7492
 323  2.477921  3.6775  1.6535  2.8420 -0.5216 -1.0375 -2.0001 -2.5115 -3.0109 -3.7523 -4.3173 -4.3876 -2.3542 -1.7719
 324  2.478058  3.6762  1.6309  2.8594 -0.5335 -1.0659 -2.0370 -2.5519 -3.0541 -3.8005 -4.3694 -4.4406 -2.3938 -1.8065
 325  2.478146  3.6754  1.6162  2.8708 -0.5418 -1.0848 -2.0613 -2.5784 -3.0825 -3.8321 -4.4035 -4.4752 -2.4199 -1.8294
 326  2.478275  3.6740  1.5931  2.8885 -0.5532 -1.1134 -2.0986 -2.6193 -3.1263 -3.8812 -4.4565 -4.5292 -2.4601 -1.8643
 327  2.478410  3.6726  1.5677  2.9080 -0.5652 -1.1447 -2.1396 -2.6643 -3.1746 -3.9352 -4.5149 -4.5887 -2.5043 -1.9027
 328  2.478471  3.6720  1.5569  2.9165 -0.5716 -1.1589 -2.1577 -2.6840 -3.1956 -3.9585 -4.5399 -4.6142 -2.5237 -1.9197
 329  2.478587  3.6706  1.5338  2.9343 -0.5823 -1.1873 -2.1948 -2.7248 -3.2394 -4.0076 -4.5930 -4.6682 -2.5638 -1.9545
 330  2.478697  3.6694  1.5114  2.9516 -0.5927 -1.2150 -2.2311 -2.7646 -3.2821 -4.0553 -4.6446 -4.7208 -2.6029 -1.9884
 331  2.478751  3.6687  1.5004  2.9601 -0.5981 -1.2288 -2.2489 -2.7841 -3.3029 -4.0786 -4.6697 -4.7463 -2.6221 -2.0051
 332  2.478863  3.6673  1.4757  2.9790 -0.6072 -1.2580 -2.2877 -2.8270 -3.3492 -4.1308 -4.7264 -4.8040 -2.6643 -2.0413
 333  2.478949  3.6661  1.4564  2.9937 -0.6144 -1.2810 -2.3181 -2.8606 -3.3853 -4.1715 -4.7706 -4.8490 -2.6973 -2.0695
 334  2.479043  3.6648  1.4344  3.0105 -0.6218 -1.3067 -2.3525 -2.8986 -3.4263 -4.2177 -4.8209 -4.9002 -2.7347 -2.1015
 335  2.479132  3.6635  1.4123  3.0272 -0.6279 -1.3320 -2.3866 -2.9365 -3.4672 -4.2640 -4.8713 -4.9516 -2.7719 -2.1330
 336  2.479175  3.6629  1.4021  3.0351 -0.6316 -1.3442 -2.4028 -2.9544 -3.4864 -4.2856 -4.8947 -4.9754 -2.7894 -2.1480
 337  2.479261  3.6616  1.3803  3.0517 -0.6372 -1.3690 -2.4364 -2.9918 -3.5269 -4.3314 -4.9446 -5.0262 -2.8262 -2.1790
 338  2.479331  3.6605  1.3619  3.0658 -0.6419 -1.3901 -2.4648 -3.0234 -3.5611 -4.3702 -4.9868 -5.0693 -2.8573 -2.2053
 339  2.479409  3.6592  1.3407  3.0818 -0.6461 -1.4134 -2.4969 -3.0593 -3.6000 -4.4144 -5.0350 -5.1185 -2.8925 -2.2347
 340  2.479474  3.6581  1.3226  3.0956 -0.6497 -1.4336 -2.5245 -3.0901 -3.6335 -4.4524 -5.0765 -5.1608 -2.9228 -2.2600
 341  2.479565  3.6565  1.2955  3.1160 -0.6534 -1.4625 -2.5648 -3.1354 -3.6827 -4.5086 -5.1380 -5.2236 -2.9673 -2.2967
 342  2.479624  3.6554  1.2778  3.1294 -0.6557 -1.4814 -2.5912 -3.1651 -3.7151 -4.5455 -5.1784 -5.2649 -2.9965 -2.3207
 343  2.479688  3.6543  1.2592  3.1436 -0.6584 -1.5015 -2.6190 -3.1964 -3.7491 -4.5844 -5.2208 -5.3082 -3.0273 -2.3461
 344  2.479744  3.6532  1.2419  3.1567 -0.6603 -1.5198 -2.6446 -3.2253 -3.7806 -4.6203 -5.2602 -5.3485 -3.0556 -2.3693
 345  2.479790  3.6523  1.2277  3.1675 -0.6618 -1.5349 -2.6656 -3.2490 -3.8065 -4.6499 -5.2925 -5.3815 -3.0790 -2.3884
 346  2.479870  3.6507  1.2018  3.1869 -0.6631 -1.5613 -2.7032 -3.2917 -3.8532 -4.7035 -5.3512 -5.4417 -3.1209 -2.4223
 347  2.479913  3.6499  1.1880  3.1973 -0.6637 -1.5754 -2.7232 -3.3144 -3.8781 -4.7320 -5.3825 -5.4737 -3.1432 -2.4403
 348  2.479986  3.6484  1.1633  3.2160 -0.6639 -1.6002 -2.7587 -3.3548 -3.9225 -4.7831 -5.4386 -5.5311 -3.1830 -2.4722
 349  2.480030  3.6475  1.1495  3.2263 -0.6638 -1.6139 -2.7784 -3.3773 -3.9472 -4.8116 -5.4698 -5.5631 -3.2051 -2.4898
 350  2.480089  3.6463  1.1294  3.2414 -0.6636 -1.6337 -2.8070 -3.4100 -3.9831 -4.8529 -5.5152 -5.6096 -3.2373 -2.5153
 351  2.480130  3.6455  1.1167  3.2510 -0.6625 -1.6458 -2.8248 -3.4304 -4.0057 -4.8790 -5.5439 -5.6391 -3.2574 -2.5311
 352  2.480182  3.6444  1.1002  3.2634 -0.6617 -1.6619 -2.8482 -3.4572 -4.0352 -4.9131 -5.5813 -5.6774 -3.2837 -2.5518
 353  2.480238  3.6433  1.0820  3.2770 -0.6600 -1.6792 -2.8736 -3.4864 -4.0674 -4.9504 -5.6224 -5.7196 -3.3125 -2.5742
 354  2.480268  3.6428  1.0740  3.2830 -0.6588 -1.6865 -2.8845 -3.4990 -4.0814 -4.9667 -5.6403 -5.7380 -3.3248 -2.5838
 355  2.480317  3.6418  1.0588  3.2943 -0.6562 -1.7002 -2.9052 -3.5231 -4.1081 -4.9977 -5.6746 -5.7732 -3.3485 -2.6018
 356  2.480363  3.6409  1.0449  3.3046 -0.6530 -1.7123 -2.9237 -3.5447 -4.1322 -5.0259 -5.7058 -5.8053 -3.3697 -2.6179
 357  2.480408  3.6400  1.0316  3.3144 -0.6498 -1.7238 -2.9415 -3.5655 -4.1554 -5.0530 -5.7358 -5.8361 -3.3902 -2.6332
 358  2.480466  3.6389  1.0137  3.3279 -0.6470 -1.7403 -2.9661 -3.5941 -4.1871 -5.0897 -5.7761 -5.8776 -3.4183 -2.6547
 359  2.480504  3.6382  1.0016  3.3370 -0.6450 -1.7513 -2.9827 -3.6133 -4.2084 -5.1144 -5.8033 -5.9056 -3.4372 -2.6691
 360  2.480593  3.6371  0.9841  3.3502 -0.6416 -1.7671 -3.0066 -3.6412 -4.2393 -5.1504 -5.8428 -5.9463 -3.4647 -2.6898
 361  2.480630  3.6363  0.9714  3.3595 -0.6378 -1.7777 -3.0232 -3.6607 -4.2612 -5.1760 -5.8711 -5.9755 -3.4839 -2.7040
 362  2.480681  3.6350  0.9520  3.3741 -0.6328 -1.7945 -3.0492 -3.6911 -4.2951 -5.2156 -5.9147 -6.0205 -3.5138 -2.7262
 363  2.480717  3.6341  0.9363  3.3859 -0.6294 -1.8084 -3.0705 -3.7160 -4.3228 -5.2477 -5.9499 -6.0568 -3.5383 -2.7444
 364  2.480770  3.6324  0.9103  3.4052 -0.6208 -1.8297 -3.1043 -3.7560 -4.3676 -5.3003 -6.0080 -6.1168 -3.5777 -2.7729
 365  2.480820  3.6306  0.8831  3.4251 -0.6086 -1.8500 -3.1381 -3.7967 -4.4136 -5.3548 -6.0683 -6.1793 -3.6177 -2.8008
 366  2.480872  3.6286  0.8532  3.4470 -0.5936 -1.8714 -3.1747 -3.8409 -4.4638 -5.4145 -6.1348 -6.2482 -3.6613 -2.8305
