#NUMBER OF AGES=1 
#----------------------------------------------------       
#MIX-LEN  Y      Z          Zeff        [Fe/H] [a/Fe]
# 1.9380  0.2826 2.3222E-02 5.2928E-03  -0.48   0.80
#----------------------------------------------------       
#**PHOTOMETRIC SYSTEM**: Bessell UBV(RI)c + 2MASS JHKs + Kepler (Vega)
#----------------------------------------------------       
#AGE= 1.000 EEPS=278
#EEP   M/Mo    LogTeff  LogG   LogL/Lo U       B       V       R       I       J       H       Ks      Kp      D51     
   2  0.118159  3.4921  5.2155 -2.7832 16.4016 15.5729 14.0816 12.8763 11.2357  9.7460  9.4055  9.1254 12.7434 14.6991
   3  0.138061  3.4943  5.1547 -2.6461 15.9837 15.1765 13.7103 12.5156 10.8938  9.4115  9.0695  8.7901 12.3912 14.3132
   4  0.172825  3.4998  5.0882 -2.4602 15.3826 14.6003 13.1737 12.0042 10.4218  8.9622  8.6159  8.3415 11.8971 13.7571
   5  0.252648  3.5125  5.0077 -2.1637 14.3847 13.6312 12.2765 11.1608  9.6555  8.2482  7.8858  7.6288 11.0858 12.8305
   6  0.303779  3.5189  4.9714 -2.0221 13.9168 13.1723 11.8519 10.7605  9.2877  7.9042  7.5289  7.2826 10.6981 12.3933
   7  0.316415  3.5203  4.9602 -1.9874 13.8048 13.0626 11.7505 10.6644  9.1982  7.8196  7.4407  7.1969 10.6044 12.2887
   8  0.321839  3.5209  4.9541 -1.9715 13.7545 13.0134 11.7050 10.6210  9.1575  7.7807  7.4002  7.1575 10.5620 12.2418
   9  0.325324  3.5213  4.9493 -1.9606 13.7204 12.9802 11.6744 10.5916  9.1296  7.7537  7.3722  7.1302 10.5331 12.2100
  10  0.328369  3.5216  4.9446 -1.9507 13.6898 12.9504 11.6468 10.5651  9.1044  7.7293  7.3468  7.1054 10.5070 12.1815
  11  0.331739  3.5219  4.9397 -1.9399 13.6565 12.9179 11.6169 10.5363  9.0769  7.7028  7.3193  7.0785 10.4787 12.1505
  12  0.336469  3.5224  4.9338 -1.9259 13.6124 12.8749 11.5772 10.4983  9.0410  7.6683  7.2832  7.0435 10.4415 12.1094
  13  0.343507  3.5232  4.9262 -1.9062 13.5499 12.8136 11.5206 10.4444  8.9903  7.6200  7.2326  6.9943 10.3887 12.0510
  14  0.443092  3.5386  4.8448 -1.6524 12.6855 11.9511 10.7338  9.7103  8.3171  7.0031  6.5630  6.3494  9.6752 11.2438
  15  0.467040  3.5437  4.8222 -1.5865 12.4567 11.7179 10.5220  9.5147  8.1395  6.8449  6.3844  6.1771  9.4852 11.0286
  16  0.488815  3.5490  4.8013 -1.5246 12.2420 11.4960 10.3196  9.3285  7.9725  6.6982  6.2162  6.0146  9.3049 10.8242
  17  0.504323  3.5533  4.7870 -1.4797 12.0865 11.3324 10.1692  9.1909  7.8513  6.5934  6.0945  5.8968  9.1725 10.6737
  18  0.514776  3.5565  4.7778 -1.4490 11.9802 11.2187 10.0638  9.0949  7.7687  6.5230  6.0118  5.8168  9.0808 10.5690
  19  0.522729  3.5590  4.7710 -1.4253 11.9016 11.1328  9.9825  9.0211  7.7070  6.4704  5.9501  5.7569  9.0111 10.4889
  20  0.530061  3.5614  4.7648 -1.4034 11.8295 11.0530  9.9063  8.9520  7.6502  6.4223  5.8934  5.7020  8.9462 10.4143
  21  0.538517  3.5643  4.7579 -1.3781 11.7470 10.9606  9.8173  8.8715  7.5850  6.3675  5.8288  5.6393  8.8710 10.3275
  22  0.549985  3.5684  4.7490 -1.3439 11.6364 10.8347  9.6946  8.7606  7.4972  6.2944  5.7425  5.5556  8.7681 10.2089
  23  0.564932  3.5739  4.7375 -1.2986 11.4919 10.6669  9.5284  8.6108  7.3819  6.1997  5.6310  5.4476  8.6300 10.0498
  24  0.582775  3.5810  4.7245 -1.2438 11.3159 10.4569  9.3162  8.4202  7.2413  6.0876  5.5000  5.3215  8.4564  9.8498
  25  0.604116  3.5898  4.7100 -1.1785 11.0980 10.1902  9.0410  8.1737  7.0682  5.9564  5.3499  5.1794  8.2342  9.5952
  26  0.627712  3.5999  4.6954 -1.1065 10.8497  9.8843  8.7225  7.8887  6.8758  5.8151  5.1930  5.0326  7.9786  9.3044
  27  0.669129  3.6187  4.6735 -0.9817 10.3846  9.3345  8.1640  7.3860  6.5460  5.5758  4.9409  4.8023  7.5246  8.7959
  28  0.885658  3.7149  4.5916 -0.3933  7.1676  6.7359  5.9444  5.4718  5.0519  4.4547  4.0196  3.9696  5.6241  6.2349
  29  0.922307  3.7283  4.5735 -0.3042  6.7311  6.4099  5.6737  5.2365  4.8401  4.2856  3.8859  3.8424  5.3801  5.9139
  30  0.961150  3.7411  4.5517 -0.2130  6.3149  6.0936  5.4076  5.0009  4.6261  4.1115  3.7444  3.7059  5.1366  5.6113
  31  1.014739  3.7571  4.5173 -0.0913  5.8069  5.6930  5.0674  4.6944  4.3455  3.8778  3.5474  3.5151  4.8208  5.2381
  32  1.079894  3.7739  4.4697  0.0508  5.2707  5.2484  4.6846  4.3444  4.0221  3.6008  3.3055  3.2799  4.4607  4.8294
  33  1.126327  3.7845  4.4333  0.1477  4.9314  4.9555  4.4290  4.1085  3.8026  3.4092  3.1347  3.1129  4.2184  4.5600
  34  1.273951  3.8154  4.3215  0.4365  3.9945  4.1068  3.6817  3.4154  3.1571  2.8410  2.6240  2.6112  3.5063  3.7791
  35  1.285953  3.8177  4.3117  0.4594  3.9249  4.0413  3.6231  3.3607  3.1058  2.7953  2.5824  2.5701  3.4501  3.7184
  36  1.299439  3.8202  4.3017  0.4843  3.8494  3.9698  3.5596  3.3015  3.0506  2.7462  2.5380  2.5263  3.3894  3.6524
  37  1.314076  3.8231  4.2918  0.5105  3.7700  3.8943  3.4929  3.2398  2.9934  2.6957  2.4925  2.4815  3.3258  3.5831
  38  1.328186  3.8259  4.2830  0.5351  3.6954  3.8231  3.4304  3.1821  2.9400  2.6488  2.4503  2.4402  3.2662  3.5180
  39  1.342331  3.8286  4.2745  0.5592  3.6225  3.7531  3.3689  3.1254  2.8877  2.6029  2.4091  2.3997  3.2076  3.4539
  40  1.357638  3.8315  4.2651  0.5849  3.5461  3.6791  3.3036  3.0650  2.8319  2.5536  2.3647  2.3560  3.1454  3.3861
  41  1.374004  3.8343  4.2547  0.6120  3.4669  3.6018  3.2351  3.0014  2.7728  2.5011  2.3170  2.3091  3.0799  3.3151
  42  1.392354  3.8374  4.2433  0.6412  3.3821  3.5186  3.1610  2.9326  2.7088  2.4440  2.2651  2.2579  3.0089  3.2383
  43  1.409933  3.8402  4.2328  0.6686  3.3035  3.4409  3.0919  2.8684  2.6493  2.3908  2.2167  2.2103  2.9428  3.1667
  44  1.427407  3.8429  4.2225  0.6949  3.2284  3.3661  3.0252  2.8064  2.5917  2.3393  2.1697  2.1640  2.8790  3.0977
  45  1.445652  3.8456  4.2121  0.7217  3.1529  3.2903  2.9577  2.7437  2.5335  2.2871  2.1221  2.1170  2.8143  3.0278
  46  1.466169  3.8486  4.2011  0.7508  3.0711  3.2075  2.8841  2.6755  2.4705  2.2307  2.0707  2.0665  2.7439  2.9516
  47  1.487417  3.8516  4.1900  0.7802  2.9890  3.1238  2.8099  2.6068  2.4070  2.1738  2.0189  2.0155  2.6729  2.8748
  48  1.511987  3.8554  4.1797  0.8127  2.8976  3.0306  2.7281  2.5318  2.3385  2.1134  1.9648  1.9624  2.5951  2.7898
  49  1.530139  3.8581  4.1716  0.8369  2.8300  2.9615  2.6671  2.4757  2.2870  2.0678  1.9236  1.9219  2.5369  2.7265
  50  1.547341  3.8604  4.1630  0.8595  2.7677  2.8980  2.6102  2.4229  2.2381  2.0239  1.8835  1.8823  2.4824  2.6678
  51  1.564398  3.8624  4.1540  0.8814  2.7081  2.8371  2.5552  2.3715  2.1903  1.9805  1.8434  1.8427  2.4295  2.6111
  52  1.572567  3.8633  4.1491  0.8920  2.6796  2.8079  2.5286  2.3465  2.1667  1.9587  1.8231  1.8226  2.4038  2.5837
  53  1.580563  3.8641  4.1441  0.9024  2.6519  2.7795  2.5025  2.3218  2.1435  1.9372  1.8030  1.8025  2.3786  2.5570
  54  1.588471  3.8648  4.1390  0.9127  2.6246  2.7515  2.4767  2.2974  2.1203  1.9157  1.7826  1.7824  2.3535  2.5306
  55  1.596325  3.8655  4.1337  0.9229  2.5975  2.7237  2.4510  2.2729  2.0971  1.8940  1.7620  1.7619  2.3285  2.5042
  56  1.604203  3.8662  4.1280  0.9332  2.5704  2.6959  2.4250  2.2482  2.0735  1.8717  1.7409  1.7409  2.3033  2.4777
  57  1.611914  3.8667  4.1221  0.9434  2.5439  2.6686  2.3994  2.2236  2.0499  1.8494  1.7195  1.7196  2.2783  2.4517
  58  1.619427  3.8672  4.1161  0.9535  2.5179  2.6419  2.3742  2.1993  2.0265  1.8270  1.6980  1.6982  2.2535  2.4260
  59  1.627189  3.8676  4.1097  0.9637  2.4916  2.6148  2.3485  2.1744  2.0025  1.8039  1.6756  1.6759  2.2283  2.3999
  60  1.635131  3.8681  4.1030  0.9741  2.4650  2.5873  2.3223  2.1491  1.9779  1.7803  1.6526  1.6531  2.2026  2.3733
  61  1.643022  3.8685  4.0965  0.9846  2.4381  2.5596  2.2960  2.1237  1.9534  1.7567  1.6298  1.6303  2.1768  2.3466
  62  1.651627  3.8689  4.0895  0.9955  2.4100  2.5306  2.2684  2.0969  1.9275  1.7318  1.6057  1.6063  2.1497  2.3186
  63  1.660482  3.8694  4.0826  1.0067  2.3813  2.5010  2.2403  2.0698  1.9013  1.7066  1.5813  1.5820  2.1222  2.2901
  64  1.669552  3.8700  4.0757  1.0180  2.3521  2.4709  2.2119  2.0424  1.8748  1.6812  1.5569  1.5577  2.0943  2.2612
  65  1.678804  3.8705  4.0688  1.0295  2.3225  2.4404  2.1830  2.0146  1.8480  1.6556  1.5322  1.5331  2.0660  2.2319
  66  1.688093  3.8710  4.0619  1.0411  2.2927  2.4097  2.1540  1.9866  1.8211  1.6299  1.5074  1.5084  2.0376  2.2024
  67  1.697747  3.8715  4.0543  1.0529  2.2625  2.3785  2.1243  1.9579  1.7932  1.6030  1.4813  1.4824  2.0084  2.1723
  68  1.707860  3.8719  4.0463  1.0651  2.2314  2.3463  2.0934  1.9278  1.7640  1.5747  1.4537  1.4549  1.9780  2.1411
  69  1.718525  3.8723  4.0377  1.0780  2.1988  2.3128  2.0611  1.8963  1.7333  1.5448  1.4244  1.4257  1.9462  2.1084
  70  1.729403  3.8726  4.0288  1.0910  2.1660  2.2789  2.0284  1.8644  1.7020  1.5143  1.3946  1.3959  1.9139  2.0753
  71  1.739661  3.8729  4.0199  1.1033  2.1350  2.2468  1.9973  1.8338  1.6720  1.4849  1.3656  1.3670  1.8831  2.0440
  72  1.749546  3.8730  4.0111  1.1150  2.1062  2.2171  1.9680  1.8049  1.6433  1.4564  1.3373  1.3387  1.8540  2.0145
  73  1.758291  3.8729  4.0027  1.1253  2.0810  2.1910  1.9420  1.7789  1.6173  1.4303  1.3112  1.3126  1.8279  1.9885
  74  1.766264  3.8727  3.9946  1.1347  2.0583  2.1675  1.9183  1.7550  1.5933  1.4059  1.2866  1.2880  1.8041  1.9649
  75  1.773780  3.8724  3.9865  1.1435  2.0374  2.1458  1.8960  1.7324  1.5703  1.3824  1.2628  1.2641  1.7817  1.9427
  76  1.781177  3.8721  3.9783  1.1521  2.0171  2.1247  1.8742  1.7102  1.5476  1.3590  1.2390  1.2402  1.7596  1.9212
  77  1.788689  3.8717  3.9699  1.1608  1.9966  2.1035  1.8522  1.6876  1.5246  1.3352  1.2147  1.2158  1.7373  1.8994
  78  1.796619  3.8713  3.9611  1.1699  1.9753  2.0814  1.8291  1.6640  1.5004  1.3102  1.1890  1.1901  1.7139  1.8765
  79  1.805313  3.8708  3.9514  1.1798  1.9522  2.0573  1.8040  1.6382  1.4740  1.2828  1.1610  1.1620  1.6884  1.8517
  80  1.814750  3.8703  3.9406  1.1906  1.9271  2.0313  1.7767  1.6101  1.4451  1.2528  1.1302  1.1311  1.6607  1.8248
  81  1.824777  3.8696  3.9288  1.2021  1.9006  2.0036  1.7475  1.5800  1.4140  1.2203  1.0969  1.0975  1.6310  1.7961
  82  1.832075  3.8690  3.9199  1.2105  1.8816  1.9838  1.7263  1.5581  1.3913  1.1964  1.0722  1.0727  1.6094  1.7753
  83  1.839392  3.8684  3.9107  1.2189  1.8628  1.9642  1.7051  1.5359  1.3681  1.1719  1.0468  1.0472  1.5876  1.7545
  84  1.846676  3.8677  3.9013  1.2271  1.8444  1.9451  1.6842  1.5138  1.3450  1.1473  1.0211  1.0213  1.5660  1.7341
  85  1.853820  3.8669  3.8916  1.2353  1.8266  1.9265  1.6636  1.4920  1.3219  1.1226  0.9952  0.9953  1.5447  1.7141
  86  1.860857  3.8660  3.8820  1.2432  1.8096  1.9087  1.6436  1.4707  1.2993  1.0982  0.9696  0.9695  1.5240  1.6947
  87  1.867713  3.8651  3.8724  1.2508  1.7935  1.8918  1.6244  1.4500  1.2773  1.0743  0.9443  0.9440  1.5040  1.6761
  88  1.874322  3.8642  3.8628  1.2580  1.7784  1.8760  1.6060  1.4302  1.2559  1.0509  0.9195  0.9190  1.4847  1.6585
  89  1.880686  3.8631  3.8533  1.2649  1.7645  1.8613  1.5886  1.4111  1.2352  1.0280  0.8952  0.8944  1.4664  1.6419
  90  1.886808  3.8621  3.8440  1.2714  1.7515  1.8476  1.5721  1.3929  1.2153  1.0059  0.8714  0.8704  1.4489  1.6261
  91  1.892664  3.8610  3.8348  1.2776  1.7396  1.8350  1.5565  1.3755  1.1961  0.9844  0.8483  0.8470  1.4323  1.6113
  92  1.898227  3.8598  3.8256  1.2834  1.7289  1.8236  1.5419  1.3590  1.1778  0.9636  0.8257  0.8242  1.4166  1.5976
  93  1.903541  3.8586  3.8165  1.2889  1.7192  1.8132  1.5282  1.3432  1.1600  0.9433  0.8035  0.8017  1.4017  1.5848
  94  1.908719  3.8574  3.8074  1.2941  1.7101  1.8034  1.5149  1.3279  1.1427  0.9233  0.7816  0.7795  1.3872  1.5725
  95  1.913775  3.8561  3.7984  1.2992  1.7017  1.7941  1.5021  1.3130  1.1258  0.9035  0.7599  0.7575  1.3732  1.5607
  96  1.918727  3.8548  3.7892  1.3042  1.6938  1.7854  1.4897  1.2984  1.1091  0.8839  0.7382  0.7355  1.3595  1.5493
  97  1.923614  3.8534  3.7800  1.3090  1.6863  1.7770  1.4775  1.2840  1.0925  0.8643  0.7165  0.7135  1.3461  1.5381
  98  1.928463  3.8520  3.7706  1.3139  1.6790  1.7687  1.4654  1.2696  1.0758  0.8446  0.6946  0.6912  1.3326  1.5270
  99  1.933316  3.8506  3.7613  1.3188  1.6719  1.7606  1.4533  1.2552  1.0592  0.8249  0.6726  0.6689  1.3192  1.5160
 100  1.938199  3.8492  3.7518  1.3237  1.6647  1.7523  1.4411  1.2407  1.0424  0.8050  0.6506  0.6465  1.3056  1.5049
 101  1.943097  3.8478  3.7422  1.3288  1.6572  1.7436  1.4285  1.2257  1.0253  0.7848  0.6281  0.6237  1.2916  1.4934
 102  1.948060  3.8465  3.7326  1.3341  1.6489  1.7342  1.4153  1.2103  1.0077  0.7643  0.6054  0.6007  1.2771  1.4812
 103  1.953118  3.8452  3.7232  1.3398  1.6395  1.7236  1.4012  1.1943  0.9898  0.7435  0.5828  0.5777  1.2619  1.4681
 104  1.958109  3.8442  3.7142  1.3459  1.6282  1.7112  1.3860  1.1775  0.9714  0.7229  0.5606  0.5553  1.2457  1.4537
 105  1.962792  3.8437  3.7065  1.3524  1.6144  1.6965  1.3698  1.1604  0.9534  0.7037  0.5405  0.5350  1.2290  1.4379
 106  1.966732  3.8436  3.7008  1.3588  1.5988  1.6803  1.3536  1.1443  0.9373  0.6876  0.5244  0.5189  1.2129  1.4217
 107  1.969749  3.8441  3.6975  1.3647  1.5825  1.6638  1.3386  1.1302  0.9241  0.6755  0.5131  0.5078  1.1984  1.4063
 108  1.972093  3.8450  3.6960  1.3701  1.5662  1.6474  1.3248  1.1179  0.9132  0.6665  0.5056  0.5004  1.1855  1.3918
 109  1.973915  3.8460  3.6956  1.3751  1.5503  1.6316  1.3121  1.1070  0.9041  0.6597  0.5005  0.4957  1.1739  1.3782
 110  1.975351  3.8472  3.6961  1.3797  1.5347  1.6162  1.3003  1.0973  0.8964  0.6547  0.4975  0.4929  1.1633  1.3654
 111  1.976474  3.8485  3.6972  1.3840  1.5196  1.6014  1.2893  1.0885  0.8898  0.6510  0.4959  0.4916  1.1536  1.3533
 112  1.976778  3.8489  3.6976  1.3852  1.5151  1.5969  1.2860  1.0859  0.8879  0.6500  0.4956  0.4915  1.1507  1.3497
 113  1.977081  3.8494  3.6982  1.3867  1.5098  1.5918  1.2823  1.0831  0.8859  0.6492  0.4956  0.4915  1.1476  1.3457
 114  1.977384  3.8498  3.6988  1.3880  1.5050  1.5870  1.2789  1.0805  0.8840  0.6483  0.4954  0.4915  1.1446  1.3418
 115  1.977686  3.8503  3.6993  1.3894  1.5001  1.5822  1.2754  1.0778  0.8821  0.6474  0.4953  0.4915  1.1415  1.3380
 116  1.977988  3.8509  3.7001  1.3910  1.4941  1.5763  1.2713  1.0747  0.8800  0.6466  0.4954  0.4918  1.1380  1.3334
 117  1.978289  3.8515  3.7009  1.3925  1.4883  1.5706  1.2672  1.0716  0.8779  0.6458  0.4956  0.4921  1.1345  1.3289
 118  1.978589  3.8520  3.7017  1.3941  1.4824  1.5648  1.2632  1.0686  0.8758  0.6450  0.4957  0.4924  1.1311  1.3243
 119  1.978888  3.8527  3.7027  1.3958  1.4760  1.5585  1.2588  1.0653  0.8736  0.6443  0.4961  0.4929  1.1273  1.3194
 120  1.979187  3.8535  3.7040  1.3978  1.4687  1.5512  1.2538  1.0617  0.8713  0.6437  0.4968  0.4938  1.1232  1.3138
 121  1.979483  3.8542  3.7051  1.3996  1.4618  1.5444  1.2491  1.0582  0.8691  0.6431  0.4973  0.4945  1.1192  1.3085
 122  1.979778  3.8551  3.7065  1.4017  1.4538  1.5366  1.2437  1.0544  0.8667  0.6426  0.4982  0.4956  1.1147  1.3025
 123  1.980071  3.8560  3.7080  1.4040  1.4453  1.5281  1.2380  1.0502  0.8641  0.6421  0.4992  0.4968  1.1099  1.2959
 124  1.980362  3.8570  3.7097  1.4063  1.4366  1.5195  1.2321  1.0461  0.8616  0.6417  0.5003  0.4981  1.1050  1.2894
 125  1.980650  3.8581  3.7116  1.4089  1.4266  1.5095  1.2255  1.0414  0.8588  0.6414  0.5018  0.4999  1.0995  1.2818
 126  1.980934  3.8592  3.7136  1.4115  1.4167  1.4995  1.2188  1.0367  0.8561  0.6411  0.5033  0.5017  1.0939  1.2742
 127  1.981212  3.8606  3.7159  1.4146  1.4049  1.4877  1.2109  1.0313  0.8529  0.6408  0.5052  0.5039  1.0874  1.2652
 128  1.981485  3.8620  3.7184  1.4178  1.3929  1.4755  1.2029  1.0257  0.8497  0.6407  0.5073  0.5063  1.0808  1.2560
 129  1.981750  3.8635  3.7212  1.4213  1.3796  1.4620  1.1940  1.0196  0.8463  0.6407  0.5098  0.5091  1.0735  1.2459
 130  1.982008  3.8652  3.7243  1.4251  1.3654  1.4477  1.1845  1.0132  0.8428  0.6407  0.5125  0.5122  1.0657  1.2351
 131  1.982256  3.8671  3.7276  1.4292  1.3501  1.4321  1.1743  1.0062  0.8390  0.6409  0.5155  0.5156  1.0574  1.2234
 132  1.982492  3.8691  3.7312  1.4336  1.3337  1.4154  1.1634  0.9988  0.8350  0.6411  0.5188  0.5194  1.0484  1.2109
 133  1.982715  3.8712  3.7350  1.4383  1.3161  1.3977  1.1517  0.9909  0.8306  0.6413  0.5222  0.5233  1.0388  1.1976
 134  1.982918  3.8734  3.7389  1.4434  1.2974  1.3788  1.1392  0.9822  0.8258  0.6412  0.5255  0.5271  1.0284  1.1833
 135  1.983104  3.8758  3.7429  1.4489  1.2777  1.3589  1.1259  0.9730  0.8206  0.6409  0.5288  0.5310  1.0174  1.1681
 136  1.983272  3.8782  3.7470  1.4546  1.2572  1.3382  1.1120  0.9635  0.8151  0.6406  0.5322  0.5349  1.0059  1.1524
 137  1.983421  3.8807  3.7510  1.4606  1.2361  1.3169  1.0977  0.9534  0.8093  0.6400  0.5352  0.5385  0.9939  1.1362
 138  1.983554  3.8832  3.7550  1.4667  1.2146  1.2951  1.0829  0.9431  0.8031  0.6391  0.5380  0.5419  0.9815  1.1195
 139  1.983672  3.8858  3.7588  1.4730  1.1928  1.2730  1.0679  0.9325  0.7968  0.6380  0.5405  0.5449  0.9689  1.1027
 140  1.983779  3.8883  3.7625  1.4794  1.1708  1.2508  1.0527  0.9217  0.7903  0.6366  0.5427  0.5477  0.9561  1.0856
 141  1.983873  3.8907  3.7659  1.4859  1.1488  1.2285  1.0373  0.9107  0.7834  0.6348  0.5443  0.5499  0.9430  1.0684
 142  1.983957  3.8932  3.7690  1.4925  1.1269  1.2062  1.0218  0.8994  0.7762  0.6325  0.5454  0.5515  0.9297  1.0511
 143  1.984034  3.8955  3.7718  1.4992  1.1050  1.1841  1.0062  0.8880  0.7688  0.6298  0.5460  0.5526  0.9163  1.0337
 144  1.984109  3.8979  3.7746  1.5059  1.0830  1.1619  0.9905  0.8765  0.7614  0.6271  0.5464  0.5536  0.9028  1.0163
 145  1.984195  3.9003  3.7776  1.5126  1.0611  1.1398  0.9751  0.8654  0.7543  0.6248  0.5473  0.5550  0.8897  0.9991
 146  1.984334  3.9012  3.7819  1.5120  1.0607  1.1396  0.9773  0.8691  0.7595  0.6318  0.5555  0.5633  0.8927  1.0007
 147  1.984377  3.8995  3.7826  1.5044  1.0834  1.1627  0.9955  0.8842  0.7716  0.6405  0.5619  0.5693  0.9092  1.0202
 148  1.984409  3.8978  3.7827  1.4974  1.1044  1.1841  1.0121  0.8976  0.7822  0.6476  0.5667  0.5738  0.9242  1.0380
 149  1.984438  3.8959  3.7822  1.4904  1.1258  1.2058  1.0286  0.9108  0.7921  0.6538  0.5704  0.5771  0.9389  1.0559
 150  1.984468  3.8938  3.7806  1.4835  1.1479  1.2282  1.0450  0.9234  0.8011  0.6586  0.5722  0.5784  0.9534  1.0740
 151  1.984502  3.8912  3.7770  1.4767  1.1707  1.2513  1.0610  0.9348  0.8081  0.6603  0.5704  0.5760  0.9669  1.0918
 152  1.984555  3.8875  3.7679  1.4710  1.1935  1.2742  1.0736  0.9411  0.8082  0.6528  0.5577  0.5626  0.9762  1.1072
 153  1.984652  3.8819  3.7448  1.4718  1.2056  1.2854  1.0697  0.9277  0.7856  0.6188  0.5158  0.5194  0.9671  1.1073
 154  1.984735  3.8784  3.7242  1.4785  1.1980  1.2766  1.0517  0.9040  0.7563  0.5823  0.4744  0.4772  0.9460  1.0918
 155  1.984826  3.8753  3.7054  1.4848  1.1907  1.2682  1.0349  0.8820  0.7293  0.5489  0.4364  0.4385  0.9264  1.0773
 156  1.984957  3.8715  3.6849  1.4903  1.1880  1.2641  1.0206  0.8614  0.7025  0.5141  0.3960  0.3972  0.9085  1.0658
 157  1.985140  3.8671  3.6635  1.4942  1.1909  1.2661  1.0103  0.8435  0.6773  0.4797  0.3550  0.3552  0.8940  1.0588
 158  1.985368  3.8628  3.6438  1.4965  1.1979  1.2722  1.0041  0.8298  0.6564  0.4495  0.3182  0.3174  0.8836  1.0560
 159  1.985623  3.8589  3.6272  1.4976  1.2072  1.2808  1.0014  0.8204  0.6404  0.4251  0.2877  0.2860  0.8771  1.0564
 160  1.985893  3.8555  3.6132  1.4980  1.2171  1.2898  1.0006  0.8137  0.6281  0.4054  0.2626  0.2601  0.8730  1.0583
 161  1.986170  3.8525  3.6013  1.4980  1.2272  1.2988  1.0009  0.8089  0.6183  0.3889  0.2414  0.2381  0.8703  1.0610
 162  1.986854  3.8468  3.5797  1.4971  1.2493  1.3185  1.0042  0.8025  0.6025  0.3604  0.2038  0.1990  0.8679  1.0689
 163  1.987538  3.8414  3.5595  1.4958  1.2728  1.3392  1.0088  0.7977  0.5888  0.3346  0.1691  0.1629  0.8670  1.0779
 164  1.988223  3.8363  3.5409  1.4941  1.2976  1.3606  1.0147  0.7947  0.5772  0.3113  0.1373  0.1298  0.8676  1.0880
 165  1.988902  3.8312  3.5228  1.4921  1.3246  1.3835  1.0220  0.7931  0.5672  0.2896  0.1070  0.0982  0.8696  1.0995
 166  1.989573  3.8262  3.5053  1.4895  1.3543  1.4083  1.0309  0.7931  0.5589  0.2695  0.0782  0.0680  0.8731  1.1128
 167  1.990231  3.8211  3.4882  1.4863  1.3874  1.4354  1.0418  0.7951  0.5524  0.2510  0.0508  0.0391  0.8786  1.1282
 168  1.990872  3.8158  3.4715  1.4823  1.4248  1.4654  1.0551  0.7992  0.5480  0.2340  0.0247  0.0115  0.8862  1.1460
 169  1.991491  3.8106  3.4555  1.4775  1.4664  1.4985  1.0711  0.8060  0.5462  0.2195  0.0008 -0.0139  0.8964  1.1667
 170  1.992086  3.8055  3.4411  1.4717  1.5116  1.5342  1.0900  0.8158  0.5477  0.2084 -0.0196 -0.0358  0.9096  1.1902
 171  1.992650  3.8006  3.4284  1.4649  1.5602  1.5724  1.1116  0.8286  0.5524  0.2008 -0.0362 -0.0538  0.9256  1.2165
 172  1.993176  3.7959  3.4173  1.4571  1.6121  1.6132  1.1361  0.8445  0.5604  0.1968 -0.0490 -0.0681  0.9446  1.2456
 173  1.993660  3.7913  3.4079  1.4484  1.6670  1.6562  1.1632  0.8632  0.5716  0.1963 -0.0582 -0.0787  0.9663  1.2772
 174  1.994103  3.7870  3.4002  1.4388  1.7241  1.7009  1.1926  0.8845  0.5856  0.1991 -0.0637 -0.0855  0.9903  1.3109
 175  1.994505  3.7829  3.3943  1.4286  1.7824  1.7467  1.2237  0.9081  0.6024  0.2052 -0.0655 -0.0887  1.0165  1.3463
 176  1.994869  3.7791  3.3900  1.4177  1.8416  1.7931  1.2563  0.9335  0.6214  0.2141 -0.0642 -0.0886  1.0443  1.3829
 177  1.995198  3.7756  3.3871  1.4065  1.9011  1.8396  1.2901  0.9606  0.6425  0.2255 -0.0600 -0.0855  1.0735  1.4204
 178  1.995498  3.7722  3.3854  1.3948  1.9607  1.8861  1.3246  0.9889  0.6652  0.2390 -0.0534 -0.0798  1.1038  1.4585
 179  1.995772  3.7690  3.3847  1.3829  2.0202  1.9327  1.3598  1.0182  0.6892  0.2542 -0.0449 -0.0722  1.1350  1.4971
 180  1.996024  3.7661  3.3849  1.3708  2.0796  1.9793  1.3955  1.0482  0.7141  0.2708 -0.0346 -0.0628  1.1667  1.5361
 181  1.996257  3.7632  3.3859  1.3585  2.1388  2.0260  1.4315  1.0788  0.7399  0.2886 -0.0229 -0.0520  1.1990  1.5754
 182  1.996600  3.7589  3.3887  1.3387  2.2328  2.1007  1.4897  1.1284  0.7821  0.3187 -0.0021 -0.0327  1.2512  1.6387
 183  1.996925  3.7548  3.3928  1.3181  2.3296  2.1776  1.5501  1.1804  0.8269  0.3515  0.0217 -0.0106  1.3058  1.7043
 184  1.997237  3.7507  3.3977  1.2969  2.4288  2.2561  1.6122  1.2341  0.8733  0.3862  0.0473  0.0133  1.3619  1.7717
 185  1.997543  3.7466  3.4028  1.2756  2.5304  2.3354  1.6750  1.2886  0.9206  0.4216  0.0734  0.0378  1.4188  1.8402
 186  1.997852  3.7425  3.4075  1.2544  2.6343  2.4150  1.7379  1.3428  0.9675  0.4564  0.0988  0.0614  1.4754  1.9088
 187  1.998173  3.7383  3.4110  1.2340  2.7406  2.4945  1.8000  1.3958  1.0129  0.4891  0.1216  0.0824  1.5309  1.9773
 188  1.998524  3.7337  3.4119  1.2151  2.8497  2.5733  1.8599  1.4460  1.0549  0.5172  0.1389  0.0977  1.5836  2.0445
 189  1.998932  3.7287  3.4075  1.1995  2.9595  2.6477  1.9136  1.4886  1.0884  0.5352  0.1447  0.1012  1.6291  2.1064
 190  1.999418  3.7233  3.3932  1.1922  3.0576  2.7056  1.9488  1.5119  1.1017  0.5315  0.1276  0.0815  1.6552  2.1512
 191  1.999920  3.7185  3.3692  1.1974  3.1185  2.7290  1.9521  1.5044  1.0854  0.4999  0.0839  0.0356  1.6503  2.1634
 192  2.000372  3.7150  3.3418  1.2105  3.1436  2.7243  1.9320  1.4761  1.0503  0.4531  0.0279 -0.0222  1.6240  2.1503
 193  2.000782  3.7122  3.3143  1.2271  3.1480  2.7050  1.9008  1.4386  1.0075  0.4012 -0.0313 -0.0826  1.5878  2.1245
 194  2.001169  3.7100  3.2873  1.2452  3.1416  2.6785  1.8643  1.3969  0.9614  0.3476 -0.0909 -0.1433  1.5472  2.0924
 195  2.001544  3.7080  3.2607  1.2641  3.1287  2.6479  1.8249  1.3529  0.9136  0.2932 -0.1504 -0.2038  1.5043  2.0570
 196  2.001909  3.7063  3.2345  1.2833  3.1115  2.6147  1.7838  1.3077  0.8650  0.2387 -0.2096 -0.2638  1.4599  2.0193
 197  2.002269  3.7047  3.2087  1.3029  3.0915  2.5797  1.7415  1.2615  0.8157  0.1841 -0.2685 -0.3235  1.4146  1.9801
 198  2.002625  3.7032  3.1831  1.3227  3.0694  2.5435  1.6983  1.2149  0.7661  0.1293 -0.3272 -0.3830  1.3687  1.9399
 199  2.002978  3.7018  3.1577  1.3426  3.0458  2.5064  1.6546  1.1678  0.7162  0.0747 -0.3856 -0.4421  1.3224  1.8990
 200  2.003329  3.7005  3.1325  1.3626  3.0213  2.4689  1.6106  1.1205  0.6662  0.0201 -0.4437 -0.5010  1.2758  1.8577
 201  2.003679  3.6992  3.1074  1.3826  2.9962  2.4310  1.5664  1.0732  0.6162 -0.0344 -0.5017 -0.5597  1.2291  1.8162
 202  2.004029  3.6979  3.0824  1.4026  2.9708  2.3929  1.5222  1.0258  0.5662 -0.0887 -0.5594 -0.6182  1.1824  1.7746
 203  2.004379  3.6967  3.0576  1.4225  2.9450  2.3548  1.4780  0.9786  0.5164 -0.1428 -0.6168 -0.6764  1.1357  1.7330
 204  2.004729  3.6955  3.0329  1.4425  2.9191  2.3167  1.4338  0.9314  0.4667 -0.1967 -0.6741 -0.7343  1.0892  1.6915
 205  2.005080  3.6943  3.0082  1.4624  2.8935  2.2787  1.3898  0.8844  0.4172 -0.2505 -0.7312 -0.7922  1.0427  1.6501
 206  2.005431  3.6931  2.9835  1.4822  2.8686  2.2411  1.3461  0.8376  0.3678 -0.3042 -0.7882 -0.8499  0.9966  1.6091
 207  2.005783  3.6918  2.9589  1.5020  2.8442  2.2038  1.3027  0.7910  0.3186 -0.3577 -0.8451 -0.9076  0.9506  1.5684
 208  2.006135  3.6906  2.9343  1.5218  2.8203  2.1669  1.2594  0.7446  0.2696 -0.4111 -0.9019 -0.9652  0.9048  1.5280
 209  2.006487  3.6894  2.9097  1.5415  2.7967  2.1301  1.2164  0.6984  0.2208 -0.4643 -0.9585 -1.0226  0.8592  1.4877
 210  2.006840  3.6881  2.8852  1.5611  2.7733  2.0935  1.1735  0.6524  0.1721 -0.5174 -1.0150 -1.0799  0.8138  1.4477
 211  2.007195  3.6869  2.8608  1.5806  2.7510  2.0575  1.1312  0.6068  0.1238 -0.5702 -1.0713 -1.1370  0.7688  1.4083
 212  2.007553  3.6857  2.8366  1.6000  2.7288  2.0219  1.0892  0.5616  0.0758 -0.6225 -1.1270 -1.1936  0.7242  1.3692
 213  2.007911  3.6845  2.8125  1.6194  2.7066  1.9862  1.0473  0.5165  0.0281 -0.6746 -1.1825 -1.2499  0.6797  1.3302
 214  2.008271  3.6832  2.7885  1.6385  2.6855  1.9512  1.0059  0.4720 -0.0191 -0.7263 -1.2377 -1.3059  0.6357  1.2919
 215  2.008631  3.6820  2.7647  1.6577  2.6643  1.9163  0.9647  0.4275 -0.0663 -0.7779 -1.2926 -1.3617  0.5918  1.2536
 216  2.008993  3.6808  2.7407  1.6768  2.6444  1.8820  0.9239  0.3834 -0.1131 -0.8293 -1.3475 -1.4175  0.5482  1.2161
 217  2.009056  3.6806  2.7365  1.6801  2.6407  1.8759  0.9166  0.3756 -0.1215 -0.8384 -1.3572 -1.4273  0.5405  1.2094
 218  2.009119  3.6804  2.7322  1.6836  2.6372  1.8698  0.9093  0.3676 -0.1299 -0.8476 -1.3671 -1.4374  0.5327  1.2027
 219  2.009184  3.6801  2.7280  1.6869  2.6338  1.8637  0.9021  0.3599 -0.1381 -0.8567 -1.3768 -1.4472  0.5250  1.1961
 220  2.009248  3.6799  2.7238  1.6903  2.6304  1.8577  0.8950  0.3521 -0.1463 -0.8657 -1.3864 -1.4570  0.5174  1.1896
 221  2.009312  3.6797  2.7196  1.6937  2.6270  1.8517  0.8878  0.3443 -0.1546 -0.8748 -1.3961 -1.4669  0.5097  1.1830
 222  2.009376  3.6795  2.7154  1.6970  2.6234  1.8456  0.8805  0.3365 -0.1629 -0.8838 -1.4058 -1.4767  0.5020  1.1764
 223  2.009440  3.6793  2.7111  1.7004  2.6200  1.8396  0.8734  0.3287 -0.1711 -0.8929 -1.4155 -1.4866  0.4943  1.1698
 224  2.009504  3.6791  2.7069  1.7038  2.6164  1.8335  0.8661  0.3209 -0.1794 -0.9020 -1.4252 -1.4964  0.4866  1.1631
 225  2.009568  3.6788  2.7027  1.7071  2.6133  1.8276  0.8590  0.3132 -0.1876 -0.9110 -1.4349 -1.5063  0.4790  1.1567
 226  2.009632  3.6786  2.6984  1.7105  2.6098  1.8215  0.8518  0.3054 -0.1960 -0.9201 -1.4446 -1.5162  0.4712  1.1501
 227  2.010153  3.6768  2.6638  1.7380  2.5828  1.7727  0.7934  0.2420 -0.2633 -0.9942 -1.5239 -1.5968  0.4087  1.0968
 228  2.010766  3.6747  2.6228  1.7707  2.5518  1.7154  0.7246  0.1672 -0.3429 -1.0819 -1.6178 -1.6923  0.3350  1.0343
 229  2.011337  3.6727  2.5844  1.8012  2.5240  1.6624  0.6607  0.0976 -0.4172 -1.1638 -1.7057 -1.7817  0.2663  0.9763
 230  2.011862  3.6708  2.5486  1.8294  2.4995  1.6139  0.6018  0.0334 -0.4859 -1.2397 -1.7873 -1.8648  0.2029  0.9232
 231  2.012393  3.6688  2.5121  1.8583  2.4751  1.5647  0.5421 -0.0319 -0.5558 -1.3172 -1.8706 -1.9496  0.1383  0.8694
 232  2.012929  3.6668  2.4748  1.8876  2.4527  1.5158  0.4821 -0.0978 -0.6268 -1.3960 -1.9555 -2.0362  0.0733  0.8158
 233  2.013424  3.6649  2.4398  1.9150  2.4324  1.4706  0.4263 -0.1592 -0.6929 -1.4696 -2.0348 -2.1170  0.0126  0.7662
 234  2.013929  3.6629  2.4036  1.9434  2.4127  1.4244  0.3691 -0.2223 -0.7612 -1.5458 -2.1171 -2.2009 -0.0498  0.7155
 235  2.014384  3.6611  2.3702  1.9695  2.3958  1.3823  0.3164 -0.2805 -0.8239 -1.6158 -2.1926 -2.2781 -0.1072  0.6693
 236  2.014883  3.6590  2.3332  1.9985  2.3778  1.3359  0.2584 -0.3448 -0.8933 -1.6933 -2.2764 -2.3637 -0.1706  0.6187
 237  2.015330  3.6572  2.2999  2.0245  2.3622  1.2947  0.2066 -0.4023 -0.9556 -1.7630 -2.3516 -2.4406 -0.2274  0.5736
 238  2.015748  3.6554  2.2686  2.0489  2.3484  1.2565  0.1585 -0.4558 -1.0138 -1.8282 -2.4221 -2.5127 -0.2803  0.5318
 239  2.016194  3.6536  2.2350  2.0751  2.3338  1.2156  0.1069 -0.5131 -1.0763 -1.8983 -2.4979 -2.5902 -0.3371  0.4871
 240  2.016595  3.6519  2.2050  2.0986  2.3213  1.1795  0.0612 -0.5640 -1.1321 -1.9609 -2.5655 -2.6595 -0.3875  0.4475
 241  2.017004  3.6502  2.1751  2.1217  2.3111  1.1450  0.0170 -0.6136 -1.1867 -2.0226 -2.6326 -2.7282 -0.4367  0.4096
 242  2.017373  3.6486  2.1480  2.1425  2.3029  1.1147 -0.0223 -0.6579 -1.2358 -2.0783 -2.6931 -2.7903 -0.4806  0.3762
 243  2.017753  3.6471  2.1213  2.1632  2.2930  1.0836 -0.0619 -0.7022 -1.2848 -2.1336 -2.7530 -2.8517 -0.5247  0.3421
 244  2.018119  3.6458  2.0978  2.1816  2.2837  1.0559 -0.0970 -0.7415 -1.3283 -2.1826 -2.8060 -2.9059 -0.5637  0.3117
 245  2.018482  3.6448  2.0800  2.1954  2.2781  1.0359 -0.1227 -0.7704 -1.3606 -2.2192 -2.8457 -2.9467 -0.5925  0.2897
 246  2.018824  3.6448  2.0781  2.1976  2.2714  1.0296 -0.1288 -0.7763 -1.3663 -2.2246 -2.8508 -2.9518 -0.5985  0.2831
 247  2.019175  3.6467  2.1083  2.1751  2.2748  1.0593 -0.0885 -0.7300 -1.3137 -2.1639 -2.7843 -2.8833 -0.5523  0.3162
 248  2.019587  3.6518  2.1971  2.1065  2.3065  1.1619  0.0426 -0.5831 -1.1515 -1.9809 -2.5859 -2.6800 -0.4065  0.4290
 249  2.020121  3.6600  2.3491  1.9876  2.3792  1.3507  0.2787 -0.3215 -0.8676 -1.6637 -2.2437 -2.3302 -0.1477  0.6353
 250  2.020930  3.6622  2.3905  1.9552  2.4015  1.4037  0.3444 -0.2492 -0.7897 -1.5771 -2.1504 -2.2349 -0.0763  0.6932
 251  2.021962  3.6582  2.3184  2.0115  2.3671  1.3139  0.2317 -0.3740 -0.9247 -1.7280 -2.3135 -2.4016 -0.1996  0.5949
 252  2.022912  3.6549  2.2581  2.0588  2.3390  1.2392  0.1380 -0.4780 -1.0376 -1.8542 -2.4498 -2.5409 -0.3024  0.5133
 253  2.023751  3.6527  2.2155  2.0927  2.3155  1.1841  0.0700 -0.5528 -1.1186 -1.9442 -2.5465 -2.6398 -0.3765  0.4532
 254  2.024544  3.6518  2.1907  2.1142  2.2874  1.1425  0.0231 -0.6023 -1.1706 -1.9997 -2.6045 -2.6985 -0.4258  0.4087
 255  2.025300  3.6519  2.1888  2.1166  2.2802  1.1358  0.0166 -0.6085 -1.1767 -2.0055 -2.6100 -2.7040 -0.4320  0.4018
 256  2.026173  3.6486  2.1307  2.1616  2.2594  1.0683 -0.0696 -0.7052 -1.2832 -2.1257 -2.7402 -2.8375 -0.5279  0.3276
 257  2.026952  3.6456  2.0777  2.2028  2.2408  1.0072 -0.1477 -0.7927 -1.3802 -2.2354 -2.8590 -2.9593 -0.6150  0.2604
 258  2.027660  3.6428  2.0277  2.2418  2.2231  0.9498 -0.2212 -0.8751 -1.4719 -2.3389 -2.9711 -3.0743 -0.6969  0.1973
 259  2.028304  3.6395  1.9728  2.2835  2.2135  0.8935 -0.2963 -0.9609 -1.5690 -2.4503 -3.0927 -3.1994 -0.7824  0.1351
 260  2.028887  3.6369  1.9286  2.3174  2.2037  0.8474 -0.3572 -1.0302 -1.6478 -2.5405 -3.1908 -3.3002 -0.8516  0.0841
 261  2.029425  3.6343  1.8863  2.3497  2.1956  0.8048 -0.4138 -1.0950 -1.7224 -2.6262 -3.2843 -3.3964 -0.9165  0.0369
 262  2.029921  3.6319  1.8458  2.3807  2.1886  0.7651 -0.4669 -1.1560 -1.7935 -2.7083 -3.3737 -3.4886 -0.9779 -0.0073
 263  2.030396  3.6294  1.8050  2.4117  2.1821  0.7264 -0.5190 -1.2162 -1.8644 -2.7905 -3.4634 -3.5811 -1.0387 -0.0506
 264  2.030831  3.6271  1.7657  2.4415  2.1768  0.6905 -0.5676 -1.2726 -1.9320 -2.8693 -3.5495 -3.6699 -1.0960 -0.0908
 265  2.031241  3.6247  1.7272  2.4706  2.1720  0.6564 -0.6140 -1.3269 -1.9979 -2.9465 -3.6339 -3.7570 -1.1513 -0.1294
 266  2.031629  3.6223  1.6891  2.4994  2.1670  0.6234 -0.6591 -1.3797 -2.0627 -3.0225 -3.7171 -3.8429 -1.2053 -0.1669
 267  2.031988  3.6201  1.6525  2.5270  2.1619  0.5922 -0.7022 -1.4299 -2.1248 -3.0954 -3.7969 -3.9253 -1.2568 -0.2026
 268  2.032325  3.6178  1.6170  2.5537  2.1572  0.5632 -0.7425 -1.4773 -2.1845 -3.1659 -3.8741 -4.0051 -1.3056 -0.2361
 269  2.032647  3.6156  1.5814  2.5804  2.1520  0.5347 -0.7818 -1.5238 -2.2440 -3.2364 -3.9513 -4.0849 -1.3539 -0.2690
 270  2.032946  3.6135  1.5473  2.6060  2.1469  0.5083 -0.8184 -1.5673 -2.3006 -3.3039 -4.0252 -4.1613 -1.3993 -0.2999
 271  2.033229  3.6113  1.5137  2.6312  2.1418  0.4834 -0.8529 -1.6087 -2.3559 -3.3701 -4.0977 -4.2363 -1.4431 -0.3292
 272  2.033501  3.6092  1.4801  2.6562  2.1366  0.4595 -0.8860 -1.6490 -2.4107 -3.4363 -4.1701 -4.3113 -1.4860 -0.3576
 273  2.033754  3.6071  1.4478  2.6803  2.1312  0.4373 -0.9167 -1.6866 -2.4632 -3.4999 -4.2397 -4.3833 -1.5265 -0.3843
 274  2.033993  3.6051  1.4162  2.7039  2.1258  0.4165 -0.9455 -1.7222 -2.5142 -3.5621 -4.3078 -4.4538 -1.5653 -0.4096
 275  2.034223  3.6031  1.3848  2.7273  2.1200  0.3966 -0.9728 -1.7565 -2.5644 -3.6237 -4.3751 -4.5235 -1.6030 -0.4340
 276  2.034439  3.6011  1.3543  2.7500  2.1142  0.3779 -0.9986 -1.7886 -2.6132 -3.6836 -4.4405 -4.5913 -1.6390 -0.4574
 277  2.034643  3.5992  1.3245  2.7722  2.1077  0.3598 -1.0235 -1.8192 -2.6610 -3.7418 -4.5040 -4.6572 -1.6735 -0.4804
 278  2.034840  3.5973  1.2948  2.7943  2.1013  0.3429 -1.0468 -1.8485 -2.7083 -3.8000 -4.5675 -4.7230 -1.7072 -0.5023
 279  2.035025  3.5955  1.2667  2.8152  2.0951  0.3279 -1.0675 -1.8750 -2.7524 -3.8548 -4.6273 -4.7850 -1.7381 -0.5221