#NUMBER OF AGES=37 MAGS=10
#----------------------------------------------------       
#MIX-LEN  Y      Z          Zeff        [Fe/H] [a/Fe]
# 1.9380  0.2478 1.7242E-03 1.7242E-03  -1.00   0.00
#----------------------------------------------------       
#**PHOTOMETRIC SYSTEM**: Bessell UBV(RI)c + 2MASS JHKs + Kepler (Vega)
#----------------------------------------------------       
#AGE= 1.000 EEPS=278
#EEP   M/Mo    LogTeff  LogG   LogL/Lo U       B       V       R       I       J       H       Ks      Kp      D51     
#AGE= 1.000 EEPS=274
#EEP   M/Mo    LogTeff  LogG   LogL/Lo U       B       V       R       I       J       H       Ks      Kp      D51     
   2  0.113315  3.5266  5.3095 -2.7577 17.0337 15.0353 13.2385 12.2050 11.0659  9.8482  9.2546  9.0639 12.2911 14.0764
   3  0.124680  3.5297  5.2606 -2.6545 16.6274 14.7054 12.9344 11.9135 10.8044  9.5999  9.0053  8.8110 12.0099 13.7599
   4  0.140813  3.5342  5.2038 -2.5270 16.1228 14.2924 12.5555 11.5503 10.4805  9.2945  8.6992  8.5011 11.6597 13.3641
   5  0.173692  3.5455  5.1391 -2.3261 15.2525 13.5851 11.9212 10.9479  9.9629  8.8228  8.2294  8.0271 11.0835 12.6928
   6  0.223081  3.5596  5.0857 -2.1076 14.3232 12.8098 11.2311 10.2929  9.3991  8.3141  7.7250  7.5208 10.4534 11.9581
   7  0.279368  3.5696  5.0415 -1.9254 13.6234 12.2025 10.6834  9.7706  8.9336  7.8858  7.2993  7.0950  9.9443 11.3775
   8  0.306925  3.5738  5.0189 -1.8453 13.3250 11.9413 10.4468  9.5452  8.7300  7.6972  7.1113  6.9071  9.7234 11.1264
   9  0.316384  3.5752  5.0085 -1.8163 13.2204 11.8490 10.3627  9.4649  8.6565  7.6285  7.0427  6.8386  9.6444 11.0374
  10  0.321555  3.5759  5.0015 -1.7994 13.1608 11.7961 10.3142  9.4185  8.6138  7.5883  7.0025  6.7983  9.5987 10.9862
  11  0.325438  3.5764  4.9957 -1.7862 13.1148 11.7551 10.2766  9.3824  8.5804  7.5568  6.9709  6.7669  9.5631 10.9465
  12  0.329082  3.5769  4.9900 -1.7737 13.0715 11.7164 10.2410  9.3483  8.5488  7.5269  6.9410  6.7369  9.5294 10.9089
  13  0.333255  3.5775  4.9838 -1.7597 13.0233 11.6733 10.2013  9.3103  8.5137  7.4937  6.9077  6.7037  9.4919 10.8671
  14  0.338855  3.5783  4.9764 -1.7419 12.9607 11.6176 10.1503  9.2616  8.4687  7.4515  6.8654  6.6614  9.4438 10.8131
  15  0.347985  3.5796  4.9658 -1.7144 12.8610 11.5295 10.0701  9.1853  8.3989  7.3864  6.8001  6.5965  9.3687 10.7279
  16  0.405772  3.5912  4.9061 -1.5418 12.1803 10.9410  9.5467  8.6980  7.9595  6.9867  6.3993  6.2019  8.8875 10.1626
  17  0.421589  3.5952  4.8871 -1.4902 11.9714 10.7597  9.3875  8.5517  7.8278  6.8681  6.2799  6.0863  8.7424  9.9898
  18  0.432251  3.5981  4.8737 -1.4542 11.8243 10.6315  9.2755  8.4494  7.7357  6.7857  6.1966  6.0062  8.6407  9.8682
  19  0.443073  3.6014  4.8604 -1.4169 11.6697 10.4964  9.1581  8.3431  7.6402  6.7008  6.1105  5.9243  8.5347  9.7407
  20  0.456109  3.6057  4.8445 -1.3713 11.4786 10.3290  9.0135  8.2129  7.5236  6.5975  6.0048  5.8249  8.4047  9.5833
  21  0.469150  3.6105  4.8286 -1.3240 11.2771 10.1518  8.8615  8.0772  7.4026  6.4911  5.8951  5.7231  8.2689  9.4174
  22  0.482191  3.6158  4.8132 -1.2756 11.0691  9.9675  8.7042  7.9380  7.2794  6.3831  5.7830  5.6205  8.1294  9.2459
  23  0.495725  3.6217  4.7984 -1.2250 10.8504  9.7711  8.5377  7.7918  7.1509  6.2711  5.6663  5.5149  7.9825  9.0648
  24  0.510721  3.6288  4.7839 -1.1691 10.6095  9.5505  8.3514  7.6294  7.0092  6.1478  5.5391  5.4004  7.8188  8.8633
  25  0.527007  3.6376  4.7708 -1.1075 10.3319  9.2964  8.1396  7.4476  6.8535  6.0143  5.4052  5.2806  7.6349  8.6338
  26  0.542364  3.6464  4.7609 -1.0496 10.0512  9.0476  7.9348  7.2746  6.7073  5.8917  5.2882  5.1758  7.4589  8.4087
  27  0.555132  3.6539  4.7539 -1.0026  9.8065  8.8429  7.7671  7.1341  6.5882  5.7935  5.1993  5.0953  7.3151  8.2189
  28  0.564757  3.6598  4.7498 -0.9673  9.6066  8.6866  7.6398  7.0286  6.4987  5.7217  5.1374  5.0394  7.2065  8.0689
  29  0.572720  3.6649  4.7470 -0.9381  9.4325  8.5568  7.5344  6.9419  6.4247  5.6635  5.0891  4.9956  7.1167  7.9416
  30  0.581018  3.6702  4.7443 -0.9081  9.2471  8.4237  7.4264  6.8532  6.3485  5.6043  5.0416  4.9525  7.0247  7.8092
  31  0.592632  3.6775  4.7411 -0.8672  8.9891  8.2454  7.2813  6.7337  6.2445  5.5249  4.9808  4.8968  6.9002  7.6284
  32  0.613294  3.6898  4.7345 -0.7963  8.5478  7.9483  7.0385  6.5310  6.0658  5.3891  4.8796  4.8029  6.6895  7.3292
  33  0.650225  3.7108  4.7212 -0.6737  7.8254  7.4631  6.6452  6.1943  5.7663  5.1593  4.7078  4.6415  6.3401  6.8649
  34  0.712678  3.7417  4.6934 -0.4825  6.8280  6.7708  6.0902  5.7027  5.3224  4.8102  4.4361  4.3827  5.8316  6.2499
  35  0.888972  3.8038  4.5741 -0.0186  5.0949  5.3209  4.8820  4.6004  4.3136  3.9497  3.6854  3.6616  4.6942  4.9783
  36  0.905872  3.8086  4.5613  0.0214  4.9747  5.2053  4.7803  4.5062  4.2267  3.8736  3.6182  3.5958  4.5974  4.8727
  37  0.925335  3.8139  4.5467  0.0667  4.8409  5.0751  4.6651  4.3996  4.1283  3.7873  3.5418  3.5211  4.4878  4.7532
  38  0.947083  3.8198  4.5308  0.1162  4.6981  4.9332  4.5392  4.2831  4.0210  3.6930  3.4586  3.4396  4.3680  4.6226
  39  0.970931  3.8263  4.5144  0.1692  4.5495  4.7816  4.4040  4.1584  3.9067  3.5928  3.3711  3.3532  4.2397  4.4823
  40  1.001249  3.8344  4.4952  0.2344  4.3693  4.5952  4.2374  4.0052  3.7667  3.4709  3.2653  3.2488  4.0819  4.3094
  41  1.041543  3.8455  4.4728  0.3181  4.1449  4.3554  4.0227  3.8087  3.5888  3.3171  3.1340  3.1186  3.8790  4.0861
  42  1.075281  3.8550  4.4567  0.3863  3.9712  4.1569  3.8474  3.6513  3.4493  3.1967  3.0333  3.0192  3.7151  3.9028
  43  1.101308  3.8628  4.4469  0.4376  3.8360  4.0092  3.7149  3.5313  3.3426  3.1073  2.9606  2.9461  3.5908  3.7647
  44  1.118992  3.8685  4.4425  0.4718  3.7443  3.9106  3.6263  3.4513  3.2722  3.0500  2.9155  2.9002  3.5078  3.6722
  45  1.133667  3.8735  4.4398  0.4998  3.6744  3.8279  3.5538  3.3879  3.2184  3.0061  2.8817  2.8665  3.4411  3.5959
  46  1.147868  3.8784  4.4382  0.5266  3.6090  3.7482  3.4847  3.3283  3.1687  2.9658  2.8512  2.8364  3.3779  3.5227
  47  1.162593  3.8837  4.4375  0.5542  3.5386  3.6671  3.4136  3.2663  3.1166  2.9246  2.8205  2.8056  3.3126  3.4479
  48  1.177446  3.8893  4.4379  0.5818  3.4645  3.5871  3.3427  3.2036  3.0635  2.8835  2.7905  2.7750  3.2469  3.3737
  49  1.191765  3.8948  4.4389  0.6079  3.3955  3.5114  3.2761  3.1454  3.0150  2.8462  2.7634  2.7477  3.1856  3.3037
  50  1.204879  3.8995  4.4392  0.6311  3.3365  3.4450  3.2178  3.0950  2.9734  2.8134  2.7388  2.7233  3.1322  3.2424
  51  1.216793  3.9037  4.4399  0.6515  3.2848  3.3863  3.1668  3.0510  2.9375  2.7853  2.7180  2.7027  3.0855  3.1886
  52  1.225080  3.9066  4.4403  0.6655  3.2495  3.3461  3.1319  3.0210  2.9130  2.7662  2.7040  2.6887  3.0536  3.1518
  53  1.233447  3.9095  4.4408  0.6796  3.2138  3.3056  3.0968  2.9909  2.8884  2.7471  2.6900  2.6747  3.0214  3.1147
  54  1.242014  3.9124  4.4410  0.6941  3.1771  3.2643  3.0608  2.9599  2.8632  2.7273  2.6752  2.6600  2.9885  3.0769
  55  1.250899  3.9155  4.4411  0.7094  3.1379  3.2208  3.0228  2.9271  2.8366  2.7063  2.6596  2.6445  2.9537  3.0369
  56  1.259838  3.9186  4.4408  0.7251  3.0978  3.1770  2.9843  2.8937  2.8093  2.6844  2.6428  2.6278  2.9183  2.9965
  57  1.268814  3.9218  4.4405  0.7413  3.0567  3.1324  2.9455  2.8600  2.7819  2.6623  2.6258  2.6110  2.8826  2.9557
  58  1.278054  3.9249  4.4398  0.7578  3.0152  3.0873  2.9066  2.8263  2.7539  2.6396  2.6078  2.5930  2.8466  2.9148
  59  1.287757  3.9282  4.4390  0.7751  2.9724  3.0406  2.8672  2.7922  2.7255  2.6166  2.5892  2.5745  2.8099  2.8732
  60  1.298052  3.9317  4.4382  0.7932  2.9286  2.9924  2.8276  2.7583  2.6969  2.5938  2.5705  2.5558  2.7730  2.8313
  61  1.308024  3.9348  4.4371  0.8101  2.8879  2.9481  2.7913  2.7269  2.6701  2.5720  2.5522  2.5375  2.7388  2.7929
  62  1.316377  3.9375  4.4364  0.8245  2.8535  2.9112  2.7611  2.7009  2.6478  2.5540  2.5370  2.5224  2.7104  2.7610
  63  1.324089  3.9400  4.4354  0.8378  2.8217  2.8778  2.7335  2.6769  2.6271  2.5371  2.5224  2.5080  2.6843  2.7319
  64  1.333246  3.9427  4.4342  0.8530  2.7852  2.8399  2.7021  2.6494  2.6033  2.5175  2.5055  2.4912  2.6546  2.6989
  65  1.422259  3.9663  4.4162  0.9931  2.4436  2.5134  2.4211  2.3948  2.3770  2.3251  2.3325  2.3218  2.3850  2.4083
  66  1.426370  3.9672  4.4133  1.0010  2.4241  2.4951  2.4045  2.3791  2.3622  2.3116  2.3197  2.3092  2.3688  2.3913
  67  1.431377  3.9683  4.4103  1.0100  2.4019  2.4745  2.3859  2.3615  2.3459  2.2968  2.3057  2.2954  2.3506  2.3724
  68  1.441469  3.9706  4.4070  1.0254  2.3640  2.4402  2.3554  2.3330  2.3197  2.2736  2.2840  2.2742  2.3210  2.3413
  69  1.516881  3.9859  4.3768  1.1392  2.0838  2.1908  2.1308  2.1199  2.1207  2.0945  2.1138  2.1073  2.1009  2.1128
  70  1.521559  3.9865  4.3724  1.1471  2.0641  2.1723  2.1132  2.1028  2.1041  2.0785  2.0981  2.0917  2.0836  2.0952
  71  1.524662  3.9866  4.3676  1.1534  2.0480  2.1565  2.0979  2.0876  2.0892  2.0637  2.0834  2.0771  2.0683  2.0798
  72  1.527644  3.9867  4.3624  1.1597  2.0322  2.1407  2.0824  2.0722  2.0740  2.0486  2.0683  2.0621  2.0529  2.0643
  73  1.531987  3.9870  4.3573  1.1674  2.0130  2.1222  2.0645  2.0546  2.0567  2.0316  2.0515  2.0454  2.0350  2.0463
  74  1.541323  3.9883  4.3516  1.1807  1.9800  2.0921  2.0365  2.0274  2.0305  2.0070  2.0275  2.0217  2.0073  2.0181
  75  1.630966  4.0014  4.2895  1.3198  1.6342  1.7825  1.7467  1.7452  1.7583  1.7505  1.7763  1.7741  1.7202  1.7260
  76  1.635317  4.0011  4.2817  1.3276  1.6144  1.7617  1.7259  1.7243  1.7373  1.7292  1.7549  1.7527  1.6993  1.7052
  77  1.640278  4.0008  4.2737  1.3359  1.5930  1.7396  1.7037  1.7021  1.7151  1.7066  1.7322  1.7300  1.6772  1.6830
  78  1.646121  4.0006  4.2650  1.3453  1.5691  1.7150  1.6791  1.6775  1.6906  1.6818  1.7073  1.7051  1.6526  1.6585
  79  1.653104  4.0004  4.2551  1.3563  1.5411  1.6864  1.6506  1.6490  1.6621  1.6530  1.6784  1.6762  1.6241  1.6300
  80  1.660743  4.0001  4.2436  1.3684  1.5100  1.6542  1.6184  1.6167  1.6299  1.6203  1.6456  1.6434  1.5919  1.5979
  81  1.668824  3.9996  4.2306  1.3815  1.4765  1.6191  1.5831  1.5813  1.5944  1.5842  1.6093  1.6070  1.5566  1.5627
  82  1.673951  3.9992  4.2220  1.3898  1.4552  1.5965  1.5603  1.5585  1.5715  1.5607  1.5856  1.5833  1.5338  1.5400
  83  1.679030  3.9987  4.2132  1.3981  1.4340  1.5739  1.5374  1.5354  1.5483  1.5369  1.5616  1.5593  1.5108  1.5171
  84  1.683989  3.9982  4.2043  1.4061  1.4132  1.5515  1.5147  1.5126  1.5253  1.5133  1.5378  1.5354  1.4881  1.4945
  85  1.688804  3.9976  4.1954  1.4140  1.3931  1.5296  1.4924  1.4901  1.5026  1.4898  1.5141  1.5116  1.4657  1.4723
  86  1.693483  3.9970  4.1868  1.4215  1.3737  1.5083  1.4708  1.4682  1.4806  1.4670  1.4910  1.4885  1.4440  1.4507
  87  1.698000  3.9964  4.1782  1.4287  1.3551  1.4878  1.4498  1.4470  1.4591  1.4447  1.4685  1.4658  1.4230  1.4298
  88  1.702305  3.9957  4.1699  1.4355  1.3375  1.4682  1.4296  1.4267  1.4385  1.4233  1.4468  1.4440  1.4028  1.4098
  89  1.706459  3.9950  4.1616  1.4421  1.3204  1.4489  1.4099  1.4066  1.4182  1.4021  1.4253  1.4224  1.3829  1.3901
  90  1.710507  3.9943  4.1534  1.4485  1.3039  1.4302  1.3906  1.3871  1.3983  1.3813  1.4042  1.4012  1.3635  1.3709
  91  1.714483  3.9936  4.1450  1.4548  1.2875  1.4114  1.3712  1.3674  1.3784  1.3603  1.3829  1.3798  1.3441  1.3517
  92  1.718415  3.9928  4.1367  1.4610  1.2713  1.3929  1.3520  1.3480  1.3585  1.3395  1.3617  1.3585  1.3248  1.3326
  93  1.722320  3.9919  4.1280  1.4672  1.2552  1.3742  1.3326  1.3282  1.3383  1.3182  1.3401  1.3366  1.3052  1.3133
  94  1.726217  3.9911  4.1193  1.4734  1.2391  1.3554  1.3130  1.3082  1.3180  1.2967  1.3182  1.3146  1.2855  1.2939
  95  1.730124  3.9901  4.1101  1.4796  1.2229  1.3362  1.2930  1.2879  1.2971  1.2746  1.2956  1.2918  1.2654  1.2741
  96  1.734027  3.9891  4.1007  1.4859  1.2066  1.3168  1.2727  1.2671  1.2758  1.2520  1.2725  1.2685  1.2449  1.2539
  97  1.737952  3.9880  4.0909  1.4923  1.1900  1.2969  1.2518  1.2457  1.2539  1.2286  1.2486  1.2445  1.2238  1.2332
  98  1.741944  3.9868  4.0808  1.4988  1.1732  1.2765  1.2304  1.2238  1.2313  1.2045  1.2240  1.2197  1.2023  1.2119
  99  1.745937  3.9856  4.0703  1.5053  1.1562  1.2557  1.2084  1.2013  1.2081  1.1797  1.1986  1.1940  1.1801  1.1902
 100  1.749924  3.9842  4.0591  1.5120  1.1388  1.2343  1.1856  1.1780  1.1840  1.1538  1.1720  1.1672  1.1571  1.1676
 101  1.753949  3.9828  4.0477  1.5189  1.1210  1.2123  1.1624  1.1540  1.1593  1.1273  1.1448  1.1397  1.1336  1.1446
 102  1.757973  3.9814  4.0359  1.5260  1.1029  1.1899  1.1386  1.1296  1.1340  1.1001  1.1169  1.1115  1.1096  1.1211
 103  1.761972  3.9800  4.0240  1.5332  1.0844  1.1672  1.1145  1.1049  1.1084  1.0726  1.0886  1.0830  1.0852  1.0972
 104  1.765917  3.9785  4.0119  1.5404  1.0659  1.1443  1.0902  1.0799  1.0825  1.0447  1.0600  1.0541  1.0607  1.0732
 105  1.769805  3.9771  4.0000  1.5478  1.0471  1.1215  1.0660  1.0550  1.0568  1.0172  1.0316  1.0255  1.0362  1.0492
 106  1.773624  3.9759  3.9886  1.5553  1.0281  1.0988  1.0424  1.0308  1.0317  0.9904  1.0042  0.9979  1.0123  1.0257
 107  1.777309  3.9750  3.9782  1.5629  1.0089  1.0768  1.0197  1.0077  1.0080  0.9654  0.9786  0.9721  0.9894  1.0032
 108  1.780803  3.9746  3.9697  1.5706  0.9895  1.0559  0.9988  0.9867  0.9868  0.9436  0.9565  0.9499  0.9685  0.9824
 109  1.783956  3.9749  3.9640  1.5782  0.9704  1.0374  0.9811  0.9692  0.9696  0.9267  0.9397  0.9332  0.9508  0.9646
 110  1.786584  3.9760  3.9621  1.5853  0.9523  1.0223  0.9679  0.9568  0.9580  0.9167  0.9302  0.9241  0.9378  0.9511
 111  1.788625  3.9779  3.9638  1.5918  0.9358  1.0112  0.9595  0.9496  0.9523  0.9136  0.9280  0.9223  0.9299  0.9423
 112  1.788828  3.9782  3.9642  1.5925  0.9340  1.0101  0.9588  0.9491  0.9520  0.9136  0.9282  0.9226  0.9293  0.9416
 113  1.789031  3.9785  3.9648  1.5933  0.9321  1.0091  0.9582  0.9487  0.9518  0.9138  0.9286  0.9230  0.9287  0.9409
 114  1.789234  3.9788  3.9653  1.5941  0.9302  1.0081  0.9576  0.9482  0.9515  0.9140  0.9289  0.9234  0.9282  0.9402
 115  1.789436  3.9792  3.9659  1.5949  0.9282  1.0071  0.9570  0.9478  0.9514  0.9143  0.9295  0.9240  0.9277  0.9396
 116  1.789637  3.9795  3.9665  1.5957  0.9262  1.0061  0.9565  0.9475  0.9513  0.9147  0.9300  0.9246  0.9272  0.9390
 117  1.789839  3.9799  3.9673  1.5965  0.9241  1.0052  0.9561  0.9473  0.9514  0.9153  0.9308  0.9255  0.9269  0.9385
 118  1.790040  3.9803  3.9682  1.5973  0.9220  1.0042  0.9557  0.9471  0.9515  0.9159  0.9316  0.9264  0.9266  0.9380
 119  1.790240  3.9808  3.9691  1.5982  0.9199  1.0033  0.9553  0.9470  0.9517  0.9167  0.9326  0.9275  0.9263  0.9376
 120  1.790439  3.9812  3.9700  1.5991  0.9177  1.0024  0.9550  0.9469  0.9519  0.9175  0.9336  0.9286  0.9260  0.9372
 121  1.790638  3.9817  3.9711  1.6000  0.9154  1.0016  0.9548  0.9470  0.9523  0.9185  0.9349  0.9301  0.9259  0.9369
 122  1.790837  3.9822  3.9723  1.6010  0.9130  1.0008  0.9546  0.9471  0.9528  0.9197  0.9364  0.9316  0.9259  0.9366
 123  1.791034  3.9828  3.9736  1.6019  0.9106  1.0000  0.9545  0.9473  0.9534  0.9210  0.9379  0.9333  0.9259  0.9364
 124  1.791230  3.9834  3.9750  1.6030  0.9081  0.9993  0.9545  0.9476  0.9541  0.9225  0.9397  0.9352  0.9260  0.9363
 125  1.791426  3.9840  3.9765  1.6040  0.9055  0.9986  0.9545  0.9480  0.9549  0.9242  0.9417  0.9373  0.9262  0.9362
 126  1.791619  3.9847  3.9782  1.6052  0.9028  0.9980  0.9547  0.9485  0.9559  0.9260  0.9438  0.9396  0.9265  0.9363
 127  1.791812  3.9854  3.9800  1.6063  0.9000  0.9973  0.9549  0.9491  0.9570  0.9280  0.9462  0.9422  0.9269  0.9364
 128  1.792002  3.9862  3.9820  1.6075  0.8970  0.9968  0.9553  0.9498  0.9583  0.9303  0.9489  0.9450  0.9274  0.9366
 129  1.792190  3.9871  3.9841  1.6088  0.8940  0.9964  0.9558  0.9508  0.9597  0.9329  0.9518  0.9482  0.9280  0.9370
 130  1.792375  3.9880  3.9865  1.6102  0.8907  0.9959  0.9564  0.9518  0.9614  0.9357  0.9551  0.9516  0.9288  0.9374
 131  1.792556  3.9890  3.9890  1.6117  0.8871  0.9954  0.9570  0.9529  0.9631  0.9387  0.9585  0.9553  0.9296  0.9379
 132  1.792733  3.9901  3.9918  1.6133  0.8835  0.9951  0.9579  0.9543  0.9652  0.9421  0.9624  0.9595  0.9307  0.9386
 133  1.792907  3.9912  3.9948  1.6149  0.8797  0.9949  0.9589  0.9559  0.9675  0.9459  0.9667  0.9640  0.9319  0.9395
 134  1.793075  3.9924  3.9980  1.6167  0.8758  0.9948  0.9602  0.9577  0.9700  0.9500  0.9713  0.9689  0.9334  0.9405
 135  1.793238  3.9938  4.0015  1.6185  0.8716  0.9948  0.9615  0.9596  0.9728  0.9544  0.9762  0.9741  0.9350  0.9417
 136  1.793395  3.9951  4.0052  1.6204  0.8673  0.9949  0.9631  0.9618  0.9758  0.9591  0.9815  0.9797  0.9367  0.9430
 137  1.793544  3.9966  4.0090  1.6225  0.8627  0.9950  0.9648  0.9641  0.9789  0.9640  0.9870  0.9856  0.9386  0.9445
 138  1.793682  3.9982  4.0130  1.6247  0.8578  0.9950  0.9664  0.9664  0.9820  0.9691  0.9926  0.9916  0.9405  0.9459
 139  1.793810  3.9997  4.0171  1.6271  0.8526  0.9950  0.9680  0.9687  0.9851  0.9741  0.9982  0.9976  0.9423  0.9473
 140  1.793928  4.0014  4.0213  1.6295  0.8471  0.9950  0.9698  0.9711  0.9884  0.9794  1.0041  1.0039  0.9442  0.9488
 141  1.794038  4.0031  4.0255  1.6321  0.8415  0.9950  0.9716  0.9735  0.9916  0.9848  1.0100  1.0102  0.9462  0.9504
 142  1.794138  4.0048  4.0299  1.6347  0.8358  0.9950  0.9734  0.9760  0.9949  0.9902  1.0160  1.0167  0.9482  0.9520
 143  1.794230  4.0066  4.0342  1.6374  0.8298  0.9949  0.9751  0.9783  0.9980  0.9955  1.0218  1.0229  0.9501  0.9535
 144  1.794312  4.0083  4.0382  1.6402  0.8237  0.9946  0.9765  0.9803  1.0008  1.0003  1.0273  1.0288  0.9517  0.9547
 145  1.794384  4.0100  4.0422  1.6431  0.8175  0.9940  0.9777  0.9821  1.0034  1.0049  1.0324  1.0343  0.9530  0.9557
 146  1.794451  4.0117  4.0460  1.6460  0.8113  0.9935  0.9788  0.9837  1.0058  1.0093  1.0373  1.0397  0.9543  0.9566
 147  1.794510  4.0133  4.0496  1.6490  0.8051  0.9927  0.9795  0.9851  1.0078  1.0133  1.0418  1.0446  0.9552  0.9572
 148  1.794563  4.0150  4.0531  1.6520  0.7988  0.9917  0.9801  0.9862  1.0097  1.0171  1.0461  1.0492  0.9559  0.9576
 149  1.794612  4.0166  4.0564  1.6551  0.7925  0.9906  0.9804  0.9870  1.0112  1.0205  1.0500  1.0535  0.9564  0.9577
 150  1.794657  4.0181  4.0595  1.6582  0.7861  0.9893  0.9805  0.9876  1.0125  1.0235  1.0534  1.0573  0.9566  0.9576
 151  1.794698  4.0196  4.0625  1.6613  0.7797  0.9878  0.9804  0.9880  1.0135  1.0263  1.0567  1.0610  0.9567  0.9574
 152  1.794736  4.0211  4.0653  1.6645  0.7732  0.9862  0.9800  0.9881  1.0143  1.0287  1.0596  1.0642  0.9565  0.9569
 153  1.794774  4.0226  4.0679  1.6676  0.7668  0.9845  0.9796  0.9881  1.0149  1.0310  1.0623  1.0673  0.9562  0.9563
 154  1.794812  4.0240  4.0705  1.6708  0.7604  0.9827  0.9791  0.9881  1.0155  1.0332  1.0649  1.0702  0.9558  0.9556
 155  1.794859  4.0254  4.0732  1.6737  0.7547  0.9815  0.9791  0.9884  1.0164  1.0357  1.0678  1.0734  0.9559  0.9554
 156  1.794934  4.0260  4.0759  1.6736  0.7557  0.9846  0.9827  0.9922  1.0205  1.0405  1.0728  1.0786  0.9595  0.9590
 157  1.794961  4.0252  4.0758  1.6702  0.7632  0.9893  0.9866  0.9958  1.0237  1.0427  1.0748  1.0803  0.9633  0.9630
 158  1.794979  4.0242  4.0752  1.6669  0.7706  0.9934  0.9898  0.9988  1.0263  1.0442  1.0759  1.0813  0.9665  0.9663
 159  1.794994  4.0231  4.0743  1.6636  0.7778  0.9973  0.9927  1.0014  1.0284  1.0451  1.0766  1.0816  0.9693  0.9693
 160  1.795009  4.0220  4.0731  1.6603  0.7850  1.0008  0.9952  1.0035  1.0300  1.0454  1.0766  1.0814  0.9717  0.9719
 161  1.795023  4.0208  4.0715  1.6570  0.7919  1.0037  0.9971  1.0050  1.0309  1.0450  1.0758  1.0803  0.9735  0.9739
 162  1.795089  4.0151  4.0576  1.6483  0.8085  1.0019  0.9902  0.9963  1.0199  1.0275  1.0565  1.0597  0.9661  0.9677
 163  1.795175  4.0097  4.0273  1.6569  0.7820  0.9576  0.9415  0.9460  0.9673  0.9684  0.9956  0.9976  0.9169  0.9196
 164  1.795243  4.0069  4.0051  1.6680  0.7520  0.9182  0.9000  0.9037  0.9239  0.9216  0.9478  0.9492  0.8751  0.8783
 165  1.795345  4.0035  3.9806  1.6787  0.7229  0.8774  0.8568  0.8594  0.8780  0.8714  0.8963  0.8970  0.8315  0.8354
 166  1.795513  3.9989  3.9526  1.6884  0.6961  0.8352  0.8111  0.8121  0.8284  0.8161  0.8392  0.8388  0.7852  0.7902
 167  1.795730  3.9949  3.9280  1.6972  0.6722  0.7981  0.7711  0.7707  0.7848  0.7675  0.7889  0.7875  0.7446  0.7508
 168  1.796033  3.9904  3.9057  1.7015  0.6595  0.7708  0.7401  0.7378  0.7492  0.7262  0.7456  0.7432  0.7128  0.7203
 169  1.796370  3.9863  3.8858  1.7053  0.6490  0.7472  0.7129  0.7089  0.7178  0.6896  0.7070  0.7038  0.6849  0.6937
 170  1.796711  3.9831  3.8699  1.7083  0.6409  0.7287  0.6914  0.6859  0.6927  0.6602  0.6760  0.6720  0.6627  0.6726
 171  1.797040  3.9805  3.8579  1.7101  0.6361  0.7159  0.6761  0.6694  0.6744  0.6386  0.6530  0.6485  0.6469  0.6577
 172  1.797372  3.9747  3.8360  1.7086  0.6401  0.7020  0.6556  0.6458  0.6467  0.6030  0.6144  0.6085  0.6252  0.6382
 173  1.797697  3.9685  3.8082  1.7118  0.6333  0.6768  0.6235  0.6101  0.6064  0.5541  0.5618  0.5546  0.5916  0.6072
 174  1.798033  3.9628  3.7824  1.7150  0.6271  0.6542  0.5945  0.5777  0.5694  0.5090  0.5131  0.5046  0.5611  0.5793
 175  1.798379  3.9574  3.7583  1.7176  0.6224  0.6349  0.5690  0.5487  0.5357  0.4673  0.4678  0.4580  0.5339  0.5549
 176  1.798729  3.9522  3.7352  1.7198  0.6186  0.6183  0.5461  0.5219  0.5040  0.4277  0.4243  0.4134  0.5092  0.5332
 177  1.799079  3.9469  3.7123  1.7217  0.6156  0.6041  0.5251  0.4965  0.4730  0.3888  0.3812  0.3693  0.4860  0.5137
 178  1.799428  3.9415  3.6892  1.7234  0.6136  0.5919  0.5056  0.4720  0.4424  0.3499  0.3377  0.3247  0.4641  0.4959
 179  1.799771  3.9359  3.6653  1.7248  0.6134  0.5820  0.4875  0.4483  0.4119  0.3105  0.2931  0.2791  0.4432  0.4797
 180  1.800108  3.9300  3.6405  1.7259  0.6147  0.5747  0.4708  0.4252  0.3813  0.2700  0.2468  0.2318  0.4233  0.4652
 181  1.800437  3.9236  3.6145  1.7268  0.6168  0.5729  0.4559  0.4018  0.3490  0.2275  0.1977  0.1819  0.4043  0.4536
 182  1.800681  3.9186  3.5937  1.7272  0.6180  0.5776  0.4460  0.3830  0.3220  0.1926  0.1576  0.1414  0.3903  0.4474
 183  1.800922  3.9131  3.5718  1.7275  0.6200  0.5870  0.4376  0.3642  0.2941  0.1560  0.1151  0.0985  0.3773  0.4436
 184  1.801161  3.9073  3.5485  1.7275  0.6243  0.5972  0.4314  0.3474  0.2674  0.1193  0.0711  0.0542  0.3660  0.4419
 185  1.801396  3.9011  3.5239  1.7273  0.6317  0.6080  0.4283  0.3337  0.2427  0.0830  0.0261  0.0085  0.3572  0.4431
 186  1.801627  3.8944  3.4977  1.7268  0.6412  0.6218  0.4278  0.3215  0.2182  0.0459 -0.0214 -0.0396  0.3501  0.4471
 187  1.801853  3.8872  3.4701  1.7259  0.6522  0.6395  0.4296  0.3107  0.1939  0.0078 -0.0716 -0.0903  0.3446  0.4540
 188  1.802074  3.8796  3.4409  1.7247  0.6651  0.6605  0.4339  0.3014  0.1700 -0.0310 -0.1243 -0.1435  0.3409  0.4637
 189  1.802289  3.8715  3.4102  1.7232  0.6805  0.6846  0.4408  0.2939  0.1468 -0.0706 -0.1792 -0.1989  0.3390  0.4764
 190  1.802497  3.8630  3.3780  1.7211  0.6980  0.7129  0.4505  0.2882  0.1244 -0.1108 -0.2361 -0.2564  0.3391  0.4925
 191  1.802698  3.8540  3.3445  1.7187  0.7192  0.7441  0.4626  0.2846  0.1037 -0.1510 -0.2945 -0.3154  0.3413  0.5113
 192  1.802891  3.8445  3.3097  1.7157  0.7456  0.7774  0.4769  0.2835  0.0855 -0.1909 -0.3539 -0.3760  0.3456  0.5323
 193  1.803075  3.8347  3.2739  1.7123  0.7751  0.8173  0.4943  0.2835  0.0671 -0.2317 -0.4157 -0.4387  0.3518  0.5574
 194  1.803252  3.8246  3.2376  1.7083  0.8093  0.8614  0.5139  0.2855  0.0507 -0.2712 -0.4767 -0.5008  0.3600  0.5851
 195  1.803429  3.8148  3.2034  1.7034  0.8491  0.9081  0.5360  0.2906  0.0381 -0.3069 -0.5337 -0.5589  0.3709  0.6152
 196  1.803607  3.8057  3.1729  1.6976  0.8936  0.9570  0.5608  0.2995  0.0308 -0.3363 -0.5836 -0.6099  0.3852  0.6475
 197  1.803787  3.7980  3.1491  1.6904  0.9404  1.0058  0.5877  0.3130  0.0307 -0.3553 -0.6198 -0.6472  0.4031  0.6809
 198  1.803963  3.7913  3.1309  1.6819  0.9893  1.0548  0.6172  0.3309  0.0370 -0.3657 -0.6454 -0.6739  0.4249  0.7160
 199  1.804129  3.7855  3.1174  1.6722  1.0385  1.1047  0.6492  0.3529  0.0488 -0.3686 -0.6616 -0.6911  0.4502  0.7530
 200  1.804283  3.7804  3.1079  1.6615  1.0859  1.1618  0.6831  0.3747  0.0601 -0.3663 -0.6677 -0.7007  0.4764  0.7926
 201  1.804425  3.7760  3.1016  1.6500  1.1379  1.2150  0.7180  0.4007  0.0780 -0.3591 -0.6708 -0.7054  0.5055  0.8321
 202  1.804555  3.7720  3.0979  1.6379  1.1936  1.2636  0.7537  0.4305  0.1018 -0.3478 -0.6715 -0.7059  0.5371  0.8712
 203  1.804675  3.7684  3.0961  1.6253  1.2486  1.3127  0.7901  0.4611  0.1266 -0.3332 -0.6661 -0.7011  0.5696  0.9107
 204  1.804790  3.7651  3.0957  1.6125  1.3034  1.3627  0.8272  0.4923  0.1522 -0.3162 -0.6563 -0.6924  0.6027  0.9509
 205  1.804899  3.7620  3.0964  1.5993  1.3591  1.4128  0.8647  0.5242  0.1788 -0.2976 -0.6446 -0.6819  0.6365  0.9914
 206  1.805008  3.7588  3.0975  1.5856  1.4176  1.4647  0.9037  0.5576  0.2069 -0.2776 -0.6315 -0.6700  0.6717  1.0334
 207  1.805131  3.7554  3.0979  1.5716  1.4808  1.5193  0.9440  0.5919  0.2355 -0.2581 -0.6195 -0.6593  0.7079  1.0771
 208  1.805291  3.7513  3.0941  1.5590  1.5481  1.5748  0.9822  0.6228  0.2596 -0.2449 -0.6155 -0.6569  0.7411  1.1192
 209  1.805518  3.7462  3.0780  1.5548  1.6076  1.6160  1.0016  0.6333  0.2616 -0.2569 -0.6392 -0.6826  0.7543  1.1435
 210  1.805721  3.7425  3.0553  1.5625  1.6272  1.6196  0.9889  0.6140  0.2363 -0.2927 -0.6837 -0.7286  0.7372  1.1346
 211  1.805885  3.7400  3.0347  1.5734  1.6266  1.6078  0.9662  0.5869  0.2052 -0.3306 -0.7270 -0.7731  0.7114  1.1144
 212  1.806036  3.7382  3.0158  1.5850  1.6186  1.5910  0.9408  0.5580  0.1730 -0.3676 -0.7677 -0.8148  0.6836  1.0910
 213  1.806184  3.7367  2.9980  1.5967  1.6070  1.5719  0.9145  0.5287  0.1410 -0.4037 -0.8067 -0.8547  0.6552  1.0664
 214  1.806332  3.7353  2.9808  1.6085  1.5937  1.5517  0.8879  0.4993  0.1092 -0.4391 -0.8447 -0.8935  0.6266  1.0412
 215  1.806480  3.7341  2.9643  1.6202  1.5795  1.5310  0.8613  0.4704  0.0781 -0.4736 -0.8815 -0.9311  0.5984  1.0160
 216  1.806629  3.7329  2.9478  1.6320  1.5641  1.5093  0.8342  0.4409  0.0466 -0.5083 -0.9186 -0.9689  0.5696  0.9901
 217  1.806648  3.7328  2.9457  1.6336  1.5617  1.5062  0.8304  0.4369  0.0424 -0.5129 -0.9235 -0.9738  0.5657  0.9865
 218  1.806667  3.7326  2.9435  1.6352  1.5594  1.5031  0.8267  0.4329  0.0381 -0.5175 -0.9284 -0.9788  0.5618  0.9830
 219  1.806687  3.7325  2.9414  1.6368  1.5571  1.5000  0.8230  0.4289  0.0339 -0.5221 -0.9333 -0.9838  0.5579  0.9794
 220  1.806706  3.7324  2.9392  1.6384  1.5547  1.4969  0.8193  0.4250  0.0297 -0.5267 -0.9381 -0.9887  0.5540  0.9758
 221  1.806725  3.7322  2.9371  1.6401  1.5523  1.4937  0.8155  0.4210  0.0255 -0.5313 -0.9430 -0.9936  0.5501  0.9722
 222  1.806745  3.7321  2.9350  1.6417  1.5499  1.4906  0.8118  0.4170  0.0213 -0.5359 -0.9479 -0.9986  0.5461  0.9686
 223  1.806764  3.7320  2.9329  1.6433  1.5476  1.4875  0.8081  0.4130  0.0171 -0.5404 -0.9528 -1.0035  0.5422  0.9650
 224  1.806783  3.7318  2.9307  1.6449  1.5452  1.4844  0.8043  0.4090  0.0129 -0.5450 -0.9577 -1.0085  0.5383  0.9614
 225  1.806803  3.7317  2.9286  1.6465  1.5427  1.4812  0.8006  0.4051  0.0087 -0.5496 -0.9625 -1.0134  0.5344  0.9578
 226  1.806822  3.7316  2.9265  1.6481  1.5403  1.4780  0.7968  0.4011  0.0045 -0.5541 -0.9674 -1.0183  0.5305  0.9542
 227  1.807007  3.7304  2.9060  1.6639  1.5158  1.4465  0.7599  0.3620 -0.0366 -0.5988 -1.0148 -1.0663  0.4920  0.9186
 228  1.807194  3.7293  2.8858  1.6796  1.4907  1.4148  0.7231  0.3231 -0.0774 -0.6430 -1.0616 -1.1136  0.4538  0.8830
 229  1.807372  3.7283  2.8667  1.6947  1.4661  1.3840  0.6878  0.2860 -0.1162 -0.6849 -1.1061 -1.1585  0.4172  0.8488
 230  1.807643  3.7268  2.8384  1.7173  1.4283  1.3373  0.6348  0.2304 -0.1743 -0.7475 -1.1724 -1.2253  0.3622  0.7973
 231  1.807813  3.7259  2.8206  1.7317  1.4039  1.3073  0.6009  0.1949 -0.2112 -0.7872 -1.2145 -1.2676  0.3272  0.7644
 232  1.807978  3.7251  2.8035  1.7455  1.3804  1.2786  0.5685  0.1611 -0.2465 -0.8251 -1.2546 -1.3080  0.2938  0.7329
 233  1.808230  3.7239  2.7779  1.7662  1.3446  1.2349  0.5196  0.1100 -0.2996 -0.8821 -1.3151 -1.3687  0.2433  0.6852
 234  1.808379  3.7232  2.7628  1.7786  1.3234  1.2090  0.4906  0.0797 -0.3310 -0.9160 -1.3510 -1.4048  0.2133  0.6570
 235  1.808616  3.7221  2.7391  1.7979  1.2899  1.1682  0.4451  0.0323 -0.3803 -0.9688 -1.4070 -1.4610  0.1664  0.6126
 236  1.808840  3.7211  2.7169  1.8161  1.2585  1.1299  0.4023 -0.0123 -0.4266 -1.0185 -1.4596 -1.5139  0.1223  0.5710
 237  1.809064  3.7201  2.6949  1.8342  1.2272  1.0918  0.3598 -0.0565 -0.4726 -1.0677 -1.5117 -1.5662  0.0785  0.5296
 238  1.809274  3.7192  2.6745  1.8509  1.1983  1.0565  0.3204 -0.0977 -0.5153 -1.1135 -1.5600 -1.6147  0.0378  0.4912
 239  1.809479  3.7183  2.6547  1.8672  1.1704  1.0223  0.2821 -0.1376 -0.5567 -1.1578 -1.6068 -1.6618 -0.0017  0.4539
 240  1.809751  3.7171  2.6286  1.8887  1.1335  0.9771  0.2315 -0.1904 -0.6116 -1.2164 -1.6685 -1.7239 -0.0539  0.4047
 241  1.809933  3.7163  2.6114  1.9029  1.1096  0.9476  0.1982 -0.2252 -0.6478 -1.2551 -1.7093 -1.7650 -0.0883  0.3723
 242  1.810185  3.7153  2.5874  1.9227  1.0767  0.9065  0.1519 -0.2737 -0.6981 -1.3089 -1.7657 -1.8218 -0.1362  0.3273
 243  1.810419  3.7143  2.5654  1.9408  1.0469  0.8688  0.1093 -0.3183 -0.7445 -1.3583 -1.8176 -1.8741 -0.1803  0.2860
 244  1.810645  3.7133  2.5443  1.9583  1.0181  0.8325  0.0683 -0.3613 -0.7891 -1.4059 -1.8675 -1.9245 -0.2227  0.2462
 245  1.810863  3.7124  2.5240  1.9750  0.9907  0.7979  0.0292 -0.4022 -0.8317 -1.4513 -1.9152 -1.9725 -0.2632  0.2082
 246  1.811120  3.7114  2.5001  1.9947  0.9584  0.7573 -0.0168 -0.4505 -0.8820 -1.5049 -1.9715 -2.0292 -0.3108  0.1635
 247  1.811318  3.7105  2.4815  2.0098  0.9341  0.7265 -0.0520 -0.4874 -0.9205 -1.5462 -2.0150 -2.0731 -0.3473  0.1294
 248  1.811556  3.7095  2.4593  2.0279  0.9051  0.6897 -0.0940 -0.5315 -0.9666 -1.5956 -2.0671 -2.1257 -0.3909  0.0887
 249  1.811779  3.7085  2.4385  2.0448  0.8778  0.6554 -0.1330 -0.5726 -1.0095 -1.6417 -2.1158 -2.1748 -0.4315  0.0508
 250  1.811995  3.7075  2.4184  2.0612  0.8511  0.6222 -0.1708 -0.6123 -1.0510 -1.6863 -2.1629 -2.2224 -0.4707  0.0140
 251  1.812202  3.7066  2.3991  2.0768  0.8232  0.5903 -0.2065 -0.6496 -1.0902 -1.7287 -2.2078 -2.2677 -0.5077 -0.0209
 252  1.812396  3.7057  2.3808  2.0916  0.7963  0.5600 -0.2403 -0.6850 -1.1274 -1.7688 -2.2504 -2.3107 -0.5428 -0.0541
 253  1.812621  3.7047  2.3598  2.1086  0.7656  0.5254 -0.2791 -0.7256 -1.1700 -1.8149 -2.2995 -2.3603 -0.5829 -0.0921
 254  1.812838  3.7037  2.3394  2.1250  0.7361  0.4921 -0.3163 -0.7646 -1.2110 -1.8594 -2.3469 -2.4081 -0.6216 -0.1287
 255  1.813043  3.7027  2.3200  2.1406  0.7082  0.4605 -0.3516 -0.8016 -1.2500 -1.9017 -2.3921 -2.4537 -0.6583 -0.1633
 256  1.813236  3.7018  2.3015  2.1556  0.6817  0.4302 -0.3855 -0.8371 -1.2873 -1.9423 -2.4354 -2.4973 -0.6935 -0.1965
 257  1.813425  3.7009  2.2836  2.1699  0.6568  0.4014 -0.4179 -0.8711 -1.3232 -1.9812 -2.4772 -2.5394 -0.7272 -0.2282
 258  1.813633  3.6999  2.2637  2.1859  0.6299  0.3696 -0.4540 -0.9090 -1.3631 -2.0247 -2.5238 -2.5863 -0.7647 -0.2633
 259  1.813827  3.6990  2.2446  2.2012  0.6046  0.3391 -0.4886 -0.9455 -1.4014 -2.0664 -2.5685 -2.6312 -0.8008 -0.2970
 260  1.814021  3.6980  2.2260  2.2161  0.5847  0.3105 -0.5224 -0.9814 -1.4391 -2.1073 -2.6125 -2.6752 -0.8362 -0.3293
 261  1.814196  3.6972  2.2086  2.2301  0.5665  0.2838 -0.5540 -1.0152 -1.4745 -2.1456 -2.6535 -2.7164 -0.8695 -0.3595
 262  1.814395  3.6962  2.1890  2.2457  0.5472  0.2542 -0.5894 -1.0530 -1.5141 -2.1886 -2.6997 -2.7626 -0.9067 -0.3930
 263  1.814584  3.6952  2.1703  2.2606  0.5294  0.2261 -0.6233 -1.0892 -1.5521 -2.2298 -2.7439 -2.8068 -0.9423 -0.4251
 264  1.814760  3.6943  2.1526  2.2748  0.5126  0.1995 -0.6554 -1.1235 -1.5881 -2.2688 -2.7857 -2.8487 -0.9761 -0.4555
 265  1.814929  3.6934  2.1356  2.2884  0.4970  0.1740 -0.6862 -1.1565 -1.6226 -2.3062 -2.8259 -2.8889 -1.0085 -0.4846
 266  1.815113  3.6925  2.1171  2.3031  0.4804  0.1466 -0.7195 -1.1922 -1.6601 -2.3468 -2.8695 -2.9325 -1.0436 -0.5160
 267  1.815267  3.6917  2.1015  2.3156  0.4664  0.1234 -0.7476 -1.2224 -1.6917 -2.3811 -2.9063 -2.9694 -1.0733 -0.5426
 268  1.815434  3.6908  2.0847  2.3290  0.4514  0.0984 -0.7781 -1.2550 -1.7259 -2.4183 -2.9461 -3.0093 -1.1054 -0.5714
 269  1.815591  3.6900  2.0687  2.3418  0.4369  0.0747 -0.8068 -1.2858 -1.7582 -2.4534 -2.9837 -3.0470 -1.1357 -0.5986
 270  1.815762  3.6892  2.0515  2.3555  0.4203  0.0490 -0.8375 -1.3185 -1.7927 -2.4910 -3.0240 -3.0877 -1.1680 -0.6279
 271  1.815927  3.6883  2.0349  2.3688  0.4041  0.0242 -0.8671 -1.3501 -1.8259 -2.5272 -3.0627 -3.1267 -1.1991 -0.6562
 272  1.816079  3.6875  2.0194  2.3811  0.3892  0.0011 -0.8946 -1.3795 -1.8569 -2.5610 -3.0989 -3.1632 -1.2281 -0.6826
 273  1.816228  3.6868  2.0043  2.3933  0.3746 -0.0215 -0.9216 -1.4083 -1.8872 -2.5942 -3.1344 -3.1990 -1.2565 -0.7084
 274  1.816385  3.6859  1.9883  2.4059  0.3602 -0.0446 -0.9495 -1.4381 -1.9187 -2.6287 -3.1714 -3.2365 -1.2859 -0.7351
 275  1.816533  3.6851  1.9734  2.4176  0.3470 -0.0661 -0.9755 -1.4659 -1.9482 -2.6610 -3.2059 -3.2715 -1.3133 -0.7599
