#NUMBER OF AGES=1 
#----------------------------------------------------       
#MIX-LEN  Y      Z          Zeff        [Fe/H] [a/Fe]
# 1.9380  0.2478 1.7242E-03 1.7242E-03  -0.50   0.00
#----------------------------------------------------       
#**PHOTOMETRIC SYSTEM**: Bessell UBV(RI)c + 2MASS JHKs + Kepler (Vega)
#----------------------------------------------------       

#AGE= 0.500 EEPS=359
#EEP   M/Mo    LogTeff  LogG   LogL/Lo U       B       V       R       I       J       H       Ks      Kp      D51     
   2  0.193991  3.5310  5.0961 -2.2929 15.2900 13.7065 12.0787 11.0787  9.9072  8.6785  8.0993  7.8752 11.1458 12.8087
   3  0.280228  3.5475  5.0233 -1.9945 14.1457 12.6877 11.1344 10.1807  9.1320  7.9773  7.3969  7.1770 10.2882 11.8360
   4  0.313761  3.5529  4.9989 -1.8993 13.7960 12.3696 10.8384  9.8972  8.8862  7.7549  7.1733  6.9546 10.0163 11.5311
   5  0.326935  3.5550  4.9869 -1.8612 13.6606 12.2450 10.7220  9.7854  8.7883  7.6655  7.0832  6.8649  9.9086 11.4113
   6  0.335340  3.5563  4.9778 -1.8358 13.5716 12.1628 10.6450  9.7113  8.7232  7.6058  7.0229  6.8050  9.8372 11.3321
   7  0.343764  3.5576  4.9680 -1.8098 13.4809 12.0789 10.5664  9.6357  8.6567  7.5447  6.9612  6.7436  9.7643 11.2512
   8  0.354550  3.5595  4.9554 -1.7765 13.3635 11.9701 10.4646  9.5381  8.5716  7.4669  6.8824  6.6652  9.6703 11.1464
   9  0.374713  3.5633  4.9341 -1.7159 13.1451 11.7677 10.2757  9.3575  8.4165  7.3268  6.7403  6.5242  9.4970 10.9518
  10  0.399602  3.5685  4.9074 -1.6402 12.8691 11.5108 10.0364  9.1297  8.2229  7.1534  6.5638  6.3497  9.2786 10.7052
  11  0.415841  3.5722  4.8882 -1.5890 12.6824 11.3362  9.8737  8.9752  8.0919  7.0365  6.4445  6.2320  9.1303 10.5379
  12  0.429252  3.5755  4.8720 -1.5459 12.5240 11.1879  9.7359  8.8446  7.9816  6.9386  6.3443  6.1337  9.0049 10.3960
  13  0.441454  3.5787  4.8572 -1.5063 12.3770 11.0504  9.6084  8.7242  7.8804  6.8492  6.2526  6.0441  8.8893 10.2646
  14  0.454136  3.5822  4.8422 -1.4648 12.2195 10.9042  9.4735  8.5974  7.7743  6.7562  6.1569  5.9512  8.7674 10.1251
  15  0.466533  3.5859  4.8272 -1.4235 12.0606 10.7573  9.3385  8.4709  7.6687  6.6638  6.0614  5.8593  8.6456  9.9851
  16  0.478371  3.5896  4.8131 -1.3837 11.9064 10.6145  9.2079  8.3491  7.5669  6.5752  5.9693  5.7715  8.5281  9.8497
  17  0.489524  3.5934  4.8003 -1.3456 11.7588 10.4755  9.0821  8.2327  7.4692  6.4904  5.8808  5.6882  8.4153  9.7201
  18  0.500360  3.5973  4.7887 -1.3088 11.6170 10.3398  8.9604  8.1208  7.3747  6.4086  5.7948  5.6084  8.3063  9.5955
  19  0.510104  3.6010  4.7786 -1.2756 11.4886 10.2160  8.8503  8.0201  7.2895  6.3347  5.7167  5.5367  8.2080  9.4828
  20  0.518529  3.6044  4.7702 -1.2465 11.3728 10.1054  8.7526  7.9314  7.2148  6.2704  5.6482  5.4743  8.1212  9.3819
  21  0.526690  3.6079  4.7624 -1.2181 11.2578  9.9964  8.6568  7.8448  7.1425  6.2081  5.5815  5.4142  8.0364  9.2823
  22  0.535826  3.6118  4.7542 -1.1864 11.1286  9.8734  8.5496  7.7485  7.0620  6.1389  5.5074  5.3477  7.9419  9.1706
  23  0.547642  3.6171  4.7443 -1.1459 10.9635  9.7134  8.4115  7.6254  6.9590  6.0500  5.4127  5.2633  7.8205  9.0274
  24  0.564187  3.6250  4.7319 -1.0891 10.7332  9.4839  8.2160  7.4530  6.8149  5.9260  5.2827  5.1481  7.6495  8.8262
  25  0.585364  3.6360  4.7189 -1.0161 10.4244  9.1747  7.9572  7.2287  6.6291  5.7677  5.1242  5.0075  7.4255  8.5583
  26  0.608375  3.6486  4.7079 -0.9381 10.0309  8.8279  7.6729  6.9882  6.4299  5.6035  4.9721  4.8714  7.1822  8.2417
  27  0.631710  3.6620  4.7003 -0.8605  9.5685  8.4695  7.3834  6.7492  6.2288  5.4460  4.8417  4.7544  6.9366  7.8912
  28  0.668615  3.6824  4.6890 -0.7430  8.8163  7.9448  6.9560  6.3987  5.9244  5.2151  4.6701  4.5972  6.5722  7.3451
  29  0.928905  3.7840  4.5631 -0.0679  5.4430  5.5146  4.9761  4.6591  4.3506  3.9498  3.6590  3.6296  4.7684  5.1025
  30  0.942679  3.7876  4.5533 -0.0371  5.3341  5.4211  4.8970  4.5861  4.2829  3.8908  3.6067  3.5787  4.6933  5.0196
  31  0.960078  3.7920  4.5408  0.0010  5.2032  5.3060  4.7988  4.4954  4.1988  3.8170  3.5412  3.5147  4.5999  4.9172
  32  0.979509  3.7968  4.5266  0.0430  5.0626  5.1803  4.6912  4.3958  4.1064  3.7358  3.4690  3.4439  4.4974  4.8049
  33  1.003587  3.8026  4.5092  0.0939  4.8967  5.0296  4.5613  4.2755  3.9948  3.6374  3.3815  3.3580  4.3737  4.6696
  34  1.034098  3.8095  4.4870  0.1569  4.6990  4.8454  4.4011  4.1268  3.8566  3.5150  3.2722  3.2506  4.2208  4.5031
  35  1.070060  3.8175  4.4619  0.2288  4.4817  4.6365  4.2180  3.9569  3.6993  3.3757  3.1484  3.1284  4.0461  4.3130
  36  1.550064  3.9467  4.3865  0.9820  2.4467  2.4927  2.3642  2.3176  2.2828  2.2085  2.2028  2.1891  2.3197  2.3613
  37  1.571179  3.9514  4.3845  1.0089  2.3793  2.4289  2.3101  2.2693  2.2402  2.1729  2.1712  2.1582  2.2682  2.3052
  38  1.591756  3.9558  4.3816  1.0348  2.3144  2.3685  2.2582  2.2223  2.1983  2.1372  2.1389  2.1266  2.2184  2.2515
  39  1.630108  3.9635  4.3758  1.0817  2.1980  2.2623  2.1666  2.1383  2.1227  2.0722  2.0795  2.0686  2.1300  2.1571
  40  1.660945  3.9694  4.3705  1.1187  2.1064  2.1804  2.0953  2.0724  2.0627  2.0200  2.0311  2.0214  2.0609  2.0840
  41  1.679181  3.9727  4.3661  1.1410  2.0514  2.1313  2.0521  2.0319  2.0254  1.9869  2.0000  1.9910  2.0187  2.0398
  42  1.702636  3.9767  4.3606  1.1688  1.9830  2.0710  1.9987  1.9818  1.9788  1.9456  1.9610  1.9529  1.9666  1.9853
  43  1.733826  3.9819  4.3529  1.2050  1.8938  1.9930  1.9292  1.9161  1.9176  1.8907  1.9089  1.9019  1.8985  1.9145
  44  1.758072  3.9857  4.3465  1.2327  1.8258  1.9339  1.8761  1.8656  1.8702  1.8480  1.8680  1.8620  1.8464  1.8606
  45  1.778211  3.9887  4.3407  1.2556  1.7694  1.8851  1.8320  1.8235  1.8303  1.8118  1.8333  1.8281  1.8030  1.8159
  46  1.801753  3.9922  4.3338  1.2821  1.7041  1.8290  1.7811  1.7746  1.7841  1.7698  1.7928  1.7885  1.7528  1.7643
  47  1.829370  3.9962  4.3251  1.3133  1.6273  1.7631  1.7209  1.7167  1.7289  1.7193  1.7440  1.7408  1.6933  1.7034
  48  1.856166  3.9998  4.3160  1.3434  1.5530  1.6993  1.6624  1.6601  1.6748  1.6696  1.6957  1.6935  1.6354  1.6442
  49  1.878756  4.0028  4.3078  1.3687  1.4904  1.6456  1.6129  1.6121  1.6287  1.6270  1.6542  1.6529  1.5864  1.5943
  50  1.899157  4.0053  4.2998  1.3913  1.4346  1.5973  1.5682  1.5686  1.5867  1.5879  1.6160  1.6154  1.5420  1.5492
  51  1.918458  4.0075  4.2917  1.4126  1.3820  1.5515  1.5255  1.5269  1.5464  1.5501  1.5790  1.5790  1.4997  1.5062
  52  1.931107  4.0089  4.2862  1.4264  1.3476  1.5214  1.4973  1.4994  1.5197  1.5250  1.5543  1.5547  1.4717  1.4779
  53  1.943646  4.0102  4.2805  1.4402  1.3137  1.4916  1.4693  1.4719  1.4930  1.4997  1.5295  1.5303  1.4438  1.4497
  54  1.956048  4.0114  4.2746  1.4537  1.2801  1.4620  1.4413  1.4445  1.4663  1.4744  1.5046  1.5058  1.4160  1.4215
  55  1.968326  4.0126  4.2686  1.4671  1.2471  1.4326  1.4135  1.4172  1.4397  1.4492  1.4797  1.4812  1.3884  1.3936
  56  1.980473  4.0137  4.2624  1.4803  1.2143  1.4034  1.3858  1.3900  1.4131  1.4238  1.4547  1.4566  1.3608  1.3657
  57  1.992557  4.0147  4.2562  1.4934  1.1819  1.3744  1.3581  1.3628  1.3865  1.3984  1.4296  1.4318  1.3332  1.3379
  58  2.004541  4.0157  4.2497  1.5064  1.1496  1.3454  1.3304  1.3355  1.3598  1.3729  1.4043  1.4068  1.3057  1.3101
  59  2.016328  4.0166  4.2432  1.5193  1.1178  1.3166  1.3029  1.3084  1.3332  1.3473  1.3790  1.3818  1.2782  1.2825
  60  2.028150  4.0175  4.2363  1.5321  1.0859  1.2876  1.2750  1.2809  1.3063  1.3213  1.3533  1.3564  1.2505  1.2545
  61  2.040052  4.0183  4.2293  1.5449  1.0539  1.2584  1.2469  1.2531  1.2790  1.2949  1.3271  1.3305  1.2224  1.2263
  62  2.052061  4.0191  4.2220  1.5579  1.0216  1.2286  1.2181  1.2247  1.2511  1.2678  1.3003  1.3039  1.1938  1.1975
  63  2.064289  4.0198  4.2142  1.5712  0.9886  1.1981  1.1886  1.1955  1.2223  1.2399  1.2725  1.2764  1.1644  1.1679
  64  2.076761  4.0205  4.2061  1.5846  0.9550  1.1668  1.1583  1.1654  1.1927  1.2110  1.2438  1.2479  1.1341  1.1374
  65  2.089425  4.0211  4.1975  1.5983  0.9208  1.1348  1.1271  1.1346  1.1622  1.1812  1.2141  1.2185  1.1031  1.1062
  66  2.102267  4.0217  4.1886  1.6122  0.8861  1.1020  1.0952  1.1029  1.1309  1.1505  1.1835  1.1881  1.0712  1.0742
  67  2.115301  4.0222  4.1793  1.6262  0.8508  1.0686  1.0625  1.0705  1.0989  1.1190  1.1521  1.1569  1.0386  1.0415
  68  2.128336  4.0226  4.1695  1.6404  0.8153  1.0346  1.0293  1.0374  1.0661  1.0867  1.1199  1.1249  1.0054  1.0082
  69  2.141389  4.0230  4.1594  1.6545  0.7798  1.0003  0.9957  1.0040  1.0330  1.0539  1.0871  1.0923  0.9719  0.9746
  70  2.154224  4.0232  4.1491  1.6683  0.7447  0.9662  0.9621  0.9706  0.9998  1.0210  1.0542  1.0595  0.9384  0.9410
  71  2.166830  4.0234  4.1386  1.6820  0.7102  0.9323  0.9287  0.9373  0.9667  0.9880  1.0212  1.0267  0.9050  0.9076
  72  2.179139  4.0234  4.1279  1.6953  0.6764  0.8988  0.8956  0.9043  0.9338  0.9551  0.9883  0.9938  0.8719  0.8744
  73  2.191158  4.0233  4.1172  1.7082  0.6434  0.8658  0.8628  0.8716  0.9012  0.9224  0.9555  0.9611  0.8392  0.8417
  74  2.202819  4.0232  4.1062  1.7208  0.6112  0.8332  0.8304  0.8393  0.8689  0.8899  0.9229  0.9285  0.8068  0.8093
  75  2.214081  4.0229  4.0952  1.7330  0.5800  0.8012  0.7986  0.8074  0.8370  0.8576  0.8904  0.8961  0.7749  0.7775
  76  2.224991  4.0225  4.0840  1.7448  0.5497  0.7698  0.7672  0.7760  0.8055  0.8257  0.8583  0.8639  0.7435  0.7461
  77  2.235762  4.0221  4.0727  1.7564  0.5199  0.7385  0.7359  0.7446  0.7740  0.7937  0.8260  0.8317  0.7122  0.7148
  78  2.246173  4.0215  4.0611  1.7677  0.4906  0.7074  0.7047  0.7134  0.7426  0.7615  0.7937  0.7992  0.6810  0.6837
  79  2.256596  4.0208  4.0492  1.7789  0.4614  0.6761  0.6732  0.6817  0.7108  0.7289  0.7607  0.7662  0.6494  0.6522
  80  2.266967  4.0200  4.0369  1.7901  0.4322  0.6444  0.6412  0.6496  0.6784  0.6956  0.7271  0.7325  0.6174  0.6204
  81  2.277684  4.0191  4.0239  1.8015  0.4026  0.6118  0.6083  0.6165  0.6450  0.6611  0.6922  0.6974  0.5844  0.5875
  82  2.284201  4.0185  4.0156  1.8086  0.3841  0.5913  0.5875  0.5956  0.6239  0.6393  0.6701  0.6753  0.5636  0.5668
  83  2.290825  4.0178  4.0070  1.8157  0.3653  0.5702  0.5662  0.5741  0.6021  0.6167  0.6472  0.6523  0.5422  0.5455
  84  2.297557  4.0171  3.9980  1.8230  0.3462  0.5486  0.5443  0.5521  0.5798  0.5934  0.6237  0.6286  0.5202  0.5236
  85  2.304391  4.0163  3.9886  1.8304  0.3268  0.5264  0.5219  0.5295  0.5569  0.5696  0.5994  0.6041  0.4977  0.5013
  86  2.311318  4.0154  3.9789  1.8380  0.3070  0.5036  0.4989  0.5063  0.5332  0.5449  0.5743  0.5789  0.4746  0.4783
  87  2.318379  4.0145  3.9688  1.8456  0.2871  0.4803  0.4753  0.4825  0.5091  0.5195  0.5485  0.5529  0.4509  0.4548
  88  2.325455  4.0134  3.9584  1.8532  0.2670  0.4565  0.4513  0.4583  0.4843  0.4936  0.5221  0.5262  0.4268  0.4308
  89  2.332453  4.0124  3.9477  1.8609  0.2469  0.4325  0.4269  0.4337  0.4592  0.4671  0.4951  0.4990  0.4023  0.4065
  90  2.339399  4.0112  3.9367  1.8685  0.2268  0.4084  0.4024  0.4089  0.4339  0.4403  0.4678  0.4715  0.3776  0.3820
  91  2.346266  4.0100  3.9256  1.8761  0.2069  0.3841  0.3777  0.3839  0.4084  0.4133  0.4402  0.4436  0.3528  0.3574
  92  2.353055  4.0087  3.9141  1.8835  0.1873  0.3598  0.3529  0.3588  0.3826  0.3859  0.4122  0.4153  0.3278  0.3327
  93  2.359770  4.0073  3.9026  1.8909  0.1679  0.3356  0.3281  0.3337  0.3568  0.3584  0.3841  0.3869  0.3028  0.3080
  94  2.366361  4.0059  3.8909  1.8981  0.1489  0.3115  0.3034  0.3087  0.3311  0.3309  0.3559  0.3584  0.2779  0.2834
  95  2.372816  4.0044  3.8791  1.9053  0.1301  0.2875  0.2788  0.2836  0.3053  0.3033  0.3277  0.3297  0.2531  0.2588
  96  2.379152  4.0029  3.8671  1.9122  0.1117  0.2637  0.2542  0.2587  0.2795  0.2756  0.2993  0.3009  0.2283  0.2344
  97  2.385368  4.0013  3.8550  1.9191  0.0936  0.2400  0.2298  0.2337  0.2538  0.2478  0.2707  0.2720  0.2036  0.2100
  98  2.391467  3.9997  3.8429  1.9258  0.0758  0.2164  0.2054  0.2089  0.2281  0.2200  0.2422  0.2431  0.1790  0.1857
  99  2.397459  3.9980  3.8306  1.9324  0.0583  0.1930  0.1812  0.1842  0.2024  0.1922  0.2136  0.2140  0.1546  0.1617
 100  2.403351  3.9962  3.8181  1.9390  0.0410  0.1698  0.1570  0.1594  0.1767  0.1643  0.1848  0.1849  0.1301  0.1377
 101  2.409161  3.9945  3.8057  1.9455  0.0239  0.1466  0.1330  0.1348  0.1510  0.1364  0.1561  0.1557  0.1057  0.1137
 102  2.414894  3.9927  3.7932  1.9519  0.0069  0.1235  0.1090  0.1102  0.1253  0.1085  0.1272  0.1264  0.0814  0.0899
 103  2.420561  3.9909  3.7806  1.9584 -0.0100  0.1005  0.0850  0.0856  0.0997  0.0805  0.0984  0.0971  0.0571  0.0661
 104  2.426167  3.9892  3.7681  1.9649 -0.0269  0.0775  0.0611  0.0611  0.0740  0.0526  0.0695  0.0678  0.0329  0.0423
 105  2.431728  3.9875  3.7558  1.9715 -0.0440  0.0546  0.0373  0.0368  0.0487  0.0251  0.0411  0.0390  0.0089  0.0187
 106  2.437214  3.9860  3.7441  1.9783 -0.0614  0.0320  0.0141  0.0131  0.0240 -0.0015  0.0136  0.0112 -0.0147 -0.0044
 107  2.442548  3.9849  3.7335  1.9853 -0.0793  0.0100 -0.0082 -0.0096  0.0006 -0.0264 -0.0120 -0.0146 -0.0372 -0.0267
 108  2.447580  3.9844  3.7251  1.9926 -0.0977 -0.0103 -0.0284 -0.0298 -0.0200 -0.0478 -0.0337 -0.0364 -0.0575 -0.0469
 109  2.451995  3.9848  3.7202  1.9998 -0.1160 -0.0276 -0.0447 -0.0459 -0.0358 -0.0631 -0.0490 -0.0516 -0.0738 -0.0633
 110  2.455525  3.9860  3.7190  2.0066 -0.1331 -0.0407 -0.0562 -0.0567 -0.0459 -0.0716 -0.0569 -0.0592 -0.0850 -0.0750
 111  2.458127  3.9880  3.7214  2.0127 -0.1484 -0.0492 -0.0626 -0.0622 -0.0501 -0.0732 -0.0577 -0.0594 -0.0911 -0.0816
 112  2.458679  3.9886  3.7224  2.0141 -0.1520 -0.0509 -0.0636 -0.0630 -0.0506 -0.0729 -0.0571 -0.0587 -0.0921 -0.0828
 113  2.459231  3.9893  3.7237  2.0157 -0.1559 -0.0524 -0.0644 -0.0635 -0.0506 -0.0721 -0.0560 -0.0574 -0.0927 -0.0837
 114  2.459783  3.9900  3.7250  2.0173 -0.1597 -0.0539 -0.0653 -0.0640 -0.0507 -0.0713 -0.0549 -0.0561 -0.0934 -0.0846
 115  2.460334  3.9909  3.7270  2.0191 -0.1640 -0.0552 -0.0657 -0.0641 -0.0502 -0.0696 -0.0528 -0.0538 -0.0937 -0.0851
 116  2.460884  3.9918  3.7289  2.0209 -0.1683 -0.0565 -0.0661 -0.0641 -0.0497 -0.0680 -0.0508 -0.0515 -0.0940 -0.0857
 117  2.461434  3.9930  3.7316  2.0230 -0.1733 -0.0575 -0.0660 -0.0636 -0.0485 -0.0652 -0.0476 -0.0479 -0.0937 -0.0857
 118  2.461982  3.9943  3.7345  2.0252 -0.1784 -0.0585 -0.0659 -0.0629 -0.0471 -0.0623 -0.0441 -0.0441 -0.0934 -0.0857
 119  2.462529  3.9958  3.7382  2.0277 -0.1843 -0.0592 -0.0652 -0.0616 -0.0449 -0.0581 -0.0393 -0.0389 -0.0924 -0.0852
 120  2.463074  3.9976  3.7428  2.0305 -0.1908 -0.0595 -0.0639 -0.0595 -0.0418 -0.0528 -0.0332 -0.0323 -0.0908 -0.0841
 121  2.463617  3.9997  3.7481  2.0337 -0.1978 -0.0595 -0.0621 -0.0570 -0.0381 -0.0465 -0.0261 -0.0247 -0.0887 -0.0826
 122  2.464156  4.0022  3.7546  2.0373 -0.2060 -0.0590 -0.0595 -0.0535 -0.0333 -0.0386 -0.0173 -0.0151 -0.0859 -0.0803
 123  2.464689  4.0053  3.7626  2.0418 -0.2159 -0.0581 -0.0561 -0.0491 -0.0273 -0.0287 -0.0062 -0.0032 -0.0820 -0.0771
 124  2.465208  4.0093  3.7726  2.0476 -0.2285 -0.0568 -0.0517 -0.0435 -0.0198 -0.0164  0.0075  0.0116 -0.0772 -0.0731
 125  2.465708  4.0142  3.7853  2.0548 -0.2440 -0.0547 -0.0459 -0.0362 -0.0102 -0.0008  0.0249  0.0303 -0.0709 -0.0678
 126  2.466158  4.0206  3.8009  2.0649 -0.2647 -0.0531 -0.0399 -0.0284  0.0005  0.0175  0.0454  0.0525 -0.0642 -0.0623
 127  2.466530  4.0282  3.8184  2.0780 -0.2910 -0.0528 -0.0347 -0.0212  0.0109  0.0368  0.0672  0.0762 -0.0583 -0.0576
 128  2.466804  4.0366  3.8353  2.0946 -0.3242 -0.0571 -0.0340 -0.0185  0.0171  0.0524  0.0854  0.0964 -0.0568 -0.0575
 129  2.467086  4.0429  3.8518  2.1032 -0.3382 -0.0498 -0.0235 -0.0066  0.0316  0.0737  0.1087  0.1211 -0.0457 -0.0474
 130  2.467175  4.0381  3.8522  2.0837 -0.2947 -0.0223  0.0007  0.0164  0.0527  0.0897  0.1234  0.1347 -0.0219 -0.0228
 131  2.467247  4.0316  3.8459  2.0640 -0.2519 -0.0018  0.0168  0.0309  0.0646  0.0943  0.1262  0.1358 -0.0064 -0.0062
 132  2.467404  4.0186  3.7993  2.0588 -0.2508 -0.0460 -0.0344 -0.0235  0.0045  0.0192  0.0465  0.0531 -0.0589 -0.0566
 133  2.467542  4.0108  3.7496  2.0772 -0.3029 -0.1263 -0.1178 -0.1086 -0.0844 -0.0792 -0.0552 -0.0506 -0.1432 -0.1395
 134  2.467744  4.0017  3.6963  2.0941 -0.3506 -0.2067 -0.2026 -0.1958 -0.1762 -0.1824 -0.1623 -0.1600 -0.2292 -0.2238
 135  2.468066  3.9901  3.6383  2.1060 -0.3853 -0.2816 -0.2845 -0.2816 -0.2686 -0.2894 -0.2747 -0.2753 -0.3130 -0.3047
 136  2.468477  3.9784  3.5847  2.1128 -0.4032 -0.3402 -0.3517 -0.3533 -0.3478 -0.3840 -0.3754 -0.3790 -0.3823 -0.3707
 137  2.468929  3.9675  3.5375  2.1162 -0.4093 -0.3826 -0.4049 -0.4119 -0.4142 -0.4655 -0.4629 -0.4693 -0.4379 -0.4223
 138  2.469396  3.9570  3.4942  2.1175 -0.4081 -0.4137 -0.4479 -0.4613 -0.4719 -0.5382 -0.5419 -0.5510 -0.4838 -0.4633
 139  2.469866  3.9466  3.4527  2.1176 -0.4020 -0.4361 -0.4836 -0.5047 -0.5249 -0.6065 -0.6173 -0.6288 -0.5231 -0.4964
 140  2.470331  3.9359  3.4113  2.1165 -0.3893 -0.4495 -0.5126 -0.5432 -0.5746 -0.6727 -0.6920 -0.7057 -0.5565 -0.5221
 141  2.470784  3.9248  3.3690  2.1145 -0.3696 -0.4498 -0.5345 -0.5780 -0.6229 -0.7389 -0.7682 -0.7840 -0.5843 -0.5391
 142  2.471220  3.9131  3.3252  2.1114 -0.3495 -0.4197 -0.5505 -0.6174 -0.6791 -0.8122 -0.8509 -0.8675 -0.6092 -0.5439
 143  2.471634  3.9006  3.2796  2.1073 -0.3201 -0.3798 -0.5542 -0.6459 -0.7279 -0.8817 -0.9343 -0.9516 -0.6238 -0.5365
 144  2.472021  3.8875  3.2325  2.1019 -0.2822 -0.3377 -0.5450 -0.6606 -0.7665 -0.9449 -1.0168 -1.0357 -0.6276 -0.5167
 145  2.472377  3.8737  3.1841  2.0953 -0.2394 -0.2860 -0.5267 -0.6680 -0.8006 -1.0057 -1.1007 -1.1208 -0.6241 -0.4869
 146  2.472700  3.8595  3.1348  2.0875 -0.1871 -0.2338 -0.5030 -0.6667 -0.8248 -1.0606 -1.1817 -1.2046 -0.6142 -0.4529
 147  2.472991  3.8448  3.0852  2.0787 -0.1282 -0.1672 -0.4717 -0.6614 -0.8471 -1.1147 -1.2638 -1.2886 -0.5988 -0.4094
 148  2.473250  3.8301  3.0360  2.0688 -0.0605 -0.0910 -0.4346 -0.6513 -0.8653 -1.1656 -1.3442 -1.3709 -0.5786 -0.3594
 149  2.473482  3.8153  2.9880  2.0580  0.0187 -0.0070 -0.3929 -0.6363 -0.8776 -1.2119 -1.4210 -1.4497 -0.5538 -0.3047
 150  2.473696  3.8011  2.9434  2.0459  0.1107  0.0845 -0.3462 -0.6156 -0.8831 -1.2514 -1.4911 -1.5217 -0.5238 -0.2451
 151  2.473901  3.7888  2.9082  2.0318  0.2124  0.1789 -0.2952 -0.5872 -0.8767 -1.2756 -1.5428 -1.5753 -0.4874 -0.1826
 152  2.474096  3.7791  2.8856  2.0156  0.3157  0.2704 -0.2409 -0.5508 -0.8577 -1.2813 -1.5708 -1.6049 -0.4449 -0.1192
 153  2.474274  3.7719  2.8745  1.9980  0.4128  0.3552 -0.1853 -0.5085 -0.8281 -1.2705 -1.5768 -1.6123 -0.3981 -0.0567
 154  2.474433  3.7661  2.8697  1.9795  0.5066  0.4358 -0.1293 -0.4634 -0.7932 -1.2511 -1.5712 -1.6079 -0.3493  0.0050
 155  2.474576  3.7612  2.8691  1.9606  0.5983  0.5135 -0.0734 -0.4168 -0.7551 -1.2261 -1.5583 -1.5960 -0.2996  0.0660
 156  2.474707  3.7569  2.8711  1.9414  0.6888  0.5892 -0.0175 -0.3691 -0.7149 -1.1977 -1.5407 -1.5792 -0.2492  0.1266
 157  2.474831  3.7530  2.8747  1.9221  0.7774  0.6632  0.0386 -0.3205 -0.6731 -1.1669 -1.5195 -1.5590 -0.1983  0.1868
 158  2.474952  3.7492  2.8789  1.9027  0.8666  0.7369  0.0948 -0.2715 -0.6307 -1.1350 -1.4969 -1.5376 -0.1470  0.2471
 159  2.475077  3.7453  2.8835  1.8826  0.9623  0.8141  0.1536 -0.2203 -0.5862 -1.1016 -1.4735 -1.5152 -0.0934  0.3103
 160  2.475269  3.7397  2.8759  1.8676  1.0702  0.8912  0.2036 -0.1813 -0.5569 -1.0886 -1.4752 -1.5185 -0.0511  0.3671
 161  2.475530  3.7322  2.8559  1.8580  1.1938  0.9691  0.2459 -0.1537 -0.5420 -1.0959 -1.5015 -1.5475 -0.0191  0.4185
 162  2.475708  3.7275  2.8175  1.8776  1.2124  0.9551  0.2094 -0.1996 -0.5960 -1.1643 -1.5821 -1.6298 -0.0624  0.3880
 163  2.475870  3.7237  2.7817  1.8981  1.2186  0.9334  0.1688 -0.2480 -0.6511 -1.2313 -1.6588 -1.7082 -0.1086  0.3525
 164  2.476016  3.7207  2.7485  1.9195  1.2110  0.9037  0.1239 -0.2992 -0.7076 -1.2969 -1.7318 -1.7828 -0.1580  0.3115
 165  2.476162  3.7182  2.7171  1.9409  1.1970  0.8704  0.0779 -0.3505 -0.7633 -1.3604 -1.8015 -1.8540 -0.2079  0.2688
 166  2.476317  3.7161  2.6874  1.9619  1.1799  0.8356  0.0321 -0.4008 -0.8176 -1.4216 -1.8683 -1.9219 -0.2570  0.2260
 167  2.476482  3.7141  2.6591  1.9824  1.1612  0.8005 -0.0127 -0.4498 -0.8700 -1.4805 -1.9325 -1.9870 -0.3049  0.1838
 168  2.476655  3.7123  2.6319  2.0023  1.1416  0.7655 -0.0566 -0.4974 -0.9209 -1.5374 -1.9942 -2.0495 -0.3516  0.1424
 169  2.476835  3.7106  2.6057  2.0219  1.1210  0.7305 -0.0998 -0.5442 -0.9707 -1.5928 -2.0542 -2.1101 -0.3975  0.1014
 170  2.477017  3.7090  2.5800  2.0412  1.1001  0.6955 -0.1427 -0.5904 -1.0198 -1.6473 -2.1130 -2.1696 -0.4429  0.0608
 171  2.477201  3.7075  2.5548  2.0604  1.0785  0.6603 -0.1854 -0.6363 -1.0684 -1.7011 -2.1711 -2.2283 -0.4880  0.0202
 172  2.477385  3.7060  2.5298  2.0796  1.0570  0.6250 -0.2281 -0.6822 -1.1169 -1.7546 -2.2285 -2.2865 -0.5331 -0.0205
 173  2.477569  3.7046  2.5049  2.0987  1.0353  0.5896 -0.2708 -0.7279 -1.1653 -1.8079 -2.2857 -2.3444 -0.5781 -0.0612
 174  2.477754  3.7031  2.4801  2.1178  1.0141  0.5544 -0.3133 -0.7735 -1.2135 -1.8611 -2.3426 -2.4022 -0.6229 -0.1016
 175  2.477938  3.7017  2.4553  2.1369  0.9928  0.5193 -0.3557 -0.8190 -1.2616 -1.9142 -2.3995 -2.4599 -0.6677 -0.1419
 176  2.478122  3.7003  2.4307  2.1559  0.9711  0.4843 -0.3980 -0.8643 -1.3096 -1.9670 -2.4562 -2.5173 -0.7124 -0.1822
 177  2.478305  3.6989  2.4061  2.1750  0.9490  0.4493 -0.4401 -0.9095 -1.3574 -2.0197 -2.5128 -2.5746 -0.7569 -0.2222
 178  2.478489  3.6975  2.3815  2.1940  0.9249  0.4146 -0.4818 -0.9544 -1.4050 -2.0722 -2.5696 -2.6317 -0.8011 -0.2619
 179  2.478672  3.6961  2.3571  2.2129  0.9001  0.3796 -0.5236 -0.9992 -1.4525 -2.1244 -2.6262 -2.6885 -0.8452 -0.3016
 180  2.478856  3.6947  2.3327  2.2318  0.8755  0.3450 -0.5650 -1.0438 -1.4997 -2.1766 -2.6827 -2.7453 -0.8892 -0.3410
 181  2.479039  3.6934  2.3084  2.2507  0.8509  0.3104 -0.6064 -1.0882 -1.5469 -2.2285 -2.7390 -2.8019 -0.9330 -0.3803
 182  2.479222  3.6920  2.2841  2.2696  0.8266  0.2759 -0.6477 -1.1326 -1.5939 -2.2804 -2.7953 -2.8584 -0.9768 -0.4195
 183  2.479405  3.6907  2.2599  2.2885  0.8029  0.2416 -0.6888 -1.1769 -1.6409 -2.3322 -2.8515 -2.9148 -1.0204 -0.4585
 184  2.479589  3.6893  2.2358  2.3073  0.7809  0.2074 -0.7300 -1.2211 -1.6877 -2.3838 -2.9071 -2.9710 -1.0640 -0.4976
 185  2.479773  3.6881  2.2121  2.3260  0.7592  0.1728 -0.7713 -1.2654 -1.7344 -2.4351 -2.9621 -3.0266 -1.1076 -0.5368
 186  2.479957  3.6868  2.1884  2.3447  0.7385  0.1386 -0.8123 -1.3094 -1.7808 -2.4863 -3.0169 -3.0821 -1.1510 -0.5759
 187  2.480142  3.6856  2.1647  2.3634  0.7187  0.1046 -0.8532 -1.3532 -1.8272 -2.5374 -3.0716 -3.1376 -1.1943 -0.6147
 188  2.480326  3.6843  2.1410  2.3820  0.6998  0.0710 -0.8939 -1.3969 -1.8734 -2.5884 -3.1262 -3.1931 -1.2373 -0.6532
 189  2.480510  3.6830  2.1173  2.4006  0.6817  0.0377 -0.9344 -1.4405 -1.9195 -2.6394 -3.1809 -3.2487 -1.2803 -0.6915
 190  2.480695  3.6817  2.0937  2.4191  0.6639  0.0045 -0.9747 -1.4839 -1.9654 -2.6902 -3.2353 -3.3040 -1.3231 -0.7296
 191  2.480879  3.6805  2.0701  2.4377  0.6464 -0.0285 -1.0149 -1.5272 -2.0113 -2.7410 -3.2898 -3.3593 -1.3657 -0.7675
 192  2.481062  3.6791  2.0463  2.4563  0.6296 -0.0611 -1.0549 -1.5704 -2.0572 -2.7920 -3.3447 -3.4150 -1.4084 -0.8052
 193  2.481244  3.6778  2.0224  2.4749  0.6133 -0.0935 -1.0947 -1.6136 -2.1030 -2.8429 -3.3994 -3.4708 -1.4509 -0.8426
 194  2.481431  3.6765  1.9987  2.4933  0.5977 -0.1253 -1.1341 -1.6563 -2.1484 -2.8935 -3.4538 -3.5261 -1.4930 -0.8795
 195  2.481615  3.6755  1.9792  2.5090  0.5813 -0.1538 -1.1683 -1.6930 -2.1871 -2.9360 -3.4991 -3.5722 -1.5292 -0.9119
 196  2.481787  3.6746  1.9630  2.5214  0.5727 -0.1743 -1.1943 -1.7214 -2.2175 -2.9701 -3.5360 -3.6098 -1.5571 -0.9361
 197  2.481965  3.6736  1.9458  2.5348  0.5619 -0.1971 -1.2227 -1.7523 -2.2505 -3.0068 -3.5755 -3.6501 -1.5876 -0.9627
 198  2.482152  3.6726  1.9274  2.5491  0.5504 -0.2215 -1.2531 -1.7853 -2.2856 -3.0460 -3.6176 -3.6930 -1.6201 -0.9910
 199  2.482385  3.6722  1.9200  2.5551  0.5444 -0.2322 -1.2660 -1.7992 -2.3003 -3.0621 -3.6347 -3.7105 -1.6338 -1.0032
 200  2.482559  3.6737  1.9453  2.5359  0.5562 -0.2012 -1.2262 -1.7554 -2.2533 -3.0091 -3.5773 -3.6518 -1.5908 -0.9664
 201  2.482731  3.6753  1.9707  2.5166  0.5687 -0.1698 -1.1860 -1.7114 -2.2060 -2.9559 -3.5197 -3.5930 -1.5474 -0.9292
 202  2.482932  3.6766  1.9931  2.4996  0.5802 -0.1419 -1.1505 -1.6724 -2.1644 -2.9091 -3.4691 -3.5413 -1.5091 -0.8961
 203  2.483158  3.6777  2.0122  2.4851  0.5901 -0.1181 -1.1200 -1.6391 -2.1287 -2.8690 -3.4256 -3.4970 -1.4764 -0.8679
 204  2.483399  3.6787  2.0286  2.4727  0.5994 -0.0972 -1.0937 -1.6104 -2.0980 -2.8345 -3.3884 -3.4591 -1.4481 -0.8433
 205  2.483653  3.6795  2.0424  2.4622  0.6071 -0.0796 -1.0715 -1.5861 -2.0721 -2.8055 -3.3570 -3.4271 -1.4242 -0.8226
 206  2.483917  3.6802  2.0534  2.4538  0.6133 -0.0656 -1.0539 -1.5669 -2.0516 -2.7825 -3.3320 -3.4017 -1.4053 -0.8061
 207  2.484187  3.6807  2.0616  2.4476  0.6180 -0.0551 -1.0406 -1.5524 -2.0361 -2.7651 -3.3132 -3.3826 -1.3911 -0.7937
 208  2.484462  3.6811  2.0680  2.4427  0.6215 -0.0470 -1.0304 -1.5413 -2.0242 -2.7517 -3.2987 -3.3678 -1.3801 -0.7842
 209  2.484737  3.6814  2.0737  2.4385  0.6244 -0.0400 -1.0214 -1.5315 -2.0137 -2.7399 -3.2859 -3.3548 -1.3705 -0.7759
 210  2.485011  3.6818  2.0796  2.4341  0.6273 -0.0327 -1.0121 -1.5213 -2.0029 -2.7277 -3.2726 -3.3412 -1.3605 -0.7672
 211  2.485285  3.6822  2.0861  2.4292  0.6307 -0.0245 -1.0018 -1.5100 -1.9908 -2.7141 -3.2579 -3.3262 -1.3494 -0.7575
 212  2.486464  3.6841  2.1195  2.4040  0.6497  0.0181 -0.9480 -1.4515 -1.9283 -2.6441 -3.1823 -3.2492 -1.2918 -0.7072
 213  2.487586  3.6861  2.1532  2.3784  0.6706  0.0618 -0.8934 -1.3921 -1.8651 -2.5733 -3.1058 -3.1714 -1.2334 -0.6559
 214  2.488641  3.6881  2.1872  2.3526  0.6936  0.1065 -0.8378 -1.3318 -1.8008 -2.5016 -3.0283 -3.0927 -1.1741 -0.6035
 215  2.489638  3.6901  2.2215  2.3264  0.7189  0.1522 -0.7814 -1.2707 -1.7358 -2.4292 -2.9500 -3.0134 -1.1140 -0.5504
 216  2.490596  3.6921  2.2561  2.3001  0.7494  0.1987 -0.7246 -1.2093 -1.6704 -2.3565 -2.8707 -2.9337 -1.0534 -0.4968
 217  2.491529  3.6942  2.2908  2.2737  0.7817  0.2459 -0.6673 -1.1473 -1.6045 -2.2834 -2.7911 -2.8538 -0.9925 -0.4426
 218  2.492450  3.6962  2.3255  2.2472  0.8145  0.2934 -0.6097 -1.0851 -1.5383 -2.2101 -2.7112 -2.7736 -0.9312 -0.3880
 219  2.493374  3.6982  2.3603  2.2207  0.8473  0.3412 -0.5518 -1.0227 -1.4719 -2.1366 -2.6314 -2.6933 -0.8697 -0.3331
 220  2.494315  3.7003  2.3952  2.1942  0.8772  0.3889 -0.4936 -0.9600 -1.4054 -2.0630 -2.5518 -2.6130 -0.8080 -0.2780
 221  2.495297  3.7023  2.4299  2.1678  0.9054  0.4365 -0.4355 -0.8974 -1.3390 -1.9895 -2.4728 -2.5328 -0.7464 -0.2228
 222  2.496331  3.7044  2.4645  2.1416  0.9326  0.4838 -0.3776 -0.8350 -1.2728 -1.9162 -2.3941 -2.4530 -0.6851 -0.1679
 223  2.497448  3.7065  2.4990  2.1158  0.9587  0.5304 -0.3203 -0.7733 -1.2073 -1.8435 -2.3158 -2.3736 -0.6245 -0.1136
 224  2.498678  3.7086  2.5331  2.0903  0.9850  0.5760 -0.2641 -0.7126 -1.1428 -1.7718 -2.2385 -2.2953 -0.5649 -0.0603
 225  2.500069  3.7108  2.5667  2.0656  1.0095  0.6195 -0.2098 -0.6537 -1.0800 -1.7017 -2.1624 -2.2182 -0.5071 -0.0090
 226  2.501670  3.7131  2.5998  2.0420  1.0298  0.6596 -0.1584 -0.5975 -1.0196 -1.6336 -2.0882 -2.1430 -0.4521  0.0393
 227  2.503557  3.7156  2.6320  2.0201  1.0433  0.6939 -0.1118 -0.5457 -0.9634 -1.5693 -2.0171 -2.0709 -0.4017  0.0825
 228  2.505887  3.7183  2.6616  2.0019  1.0444  0.7171 -0.0748 -0.5029 -0.9157 -1.5128 -1.9535 -2.0059 -0.3604  0.1158
 229  2.508755  3.7214  2.6861  1.9902  1.0250  0.7214 -0.0549 -0.4766 -0.8839 -1.4713 -1.9042 -1.9550 -0.3358  0.1316
 230  2.512013  3.7247  2.7008  1.9893  0.9765  0.6971 -0.0623 -0.4771 -0.8786 -1.4558 -1.8802 -1.9293 -0.3383  0.1197
 231  2.515135  3.7280  2.7037  2.0002  0.9007  0.6443 -0.0988 -0.5068 -0.9025 -1.4695 -1.8853 -1.9330 -0.3698  0.0789
 232  2.517932  3.7311  2.6991  2.0176  0.8139  0.5776 -0.1506 -0.5524 -0.9428 -1.5005 -1.9081 -1.9547 -0.4172  0.0232
 233  2.520854  3.7330  2.6923  2.0327  0.7494  0.5252 -0.1935 -0.5914 -0.9784 -1.5302 -1.9327 -1.9787 -0.4573 -0.0222
 234  2.524005  3.7333  2.6865  2.0403  0.7266  0.5040 -0.2132 -0.6105 -0.9970 -1.5479 -1.9495 -1.9954 -0.4766 -0.0422
 235  2.527269  3.7330  2.6812  2.0448  0.7196  0.4949 -0.2239 -0.6218 -1.0088 -1.5607 -1.9631 -2.0091 -0.4877 -0.0525
 236  2.530534  3.7327  2.6751  2.0502  0.7108  0.4838 -0.2365 -0.6350 -1.0227 -1.5755 -1.9787 -2.0249 -0.5008 -0.0647
 237  2.533764  3.7327  2.6686  2.0573  0.6932  0.4660 -0.2543 -0.6528 -1.0404 -1.5933 -1.9964 -2.0426 -0.5185 -0.0825
 238  2.536962  3.7329  2.6616  2.0656  0.6700  0.4437 -0.2756 -0.6738 -1.0611 -1.6133 -2.0159 -2.0620 -0.5396 -0.1041
 239  2.540145  3.7331  2.6545  2.0743  0.6452  0.4202 -0.2979 -0.6955 -1.0824 -1.6339 -2.0358 -2.0818 -0.5615 -0.1267
 240  2.543322  3.7334  2.6475  2.0827  0.6213  0.3974 -0.3196 -0.7168 -1.1032 -1.6541 -2.0553 -2.1013 -0.5829 -0.1486
 241  2.546495  3.7335  2.6406  2.0908  0.5991  0.3759 -0.3403 -0.7372 -1.1234 -1.6737 -2.0745 -2.1204 -0.6034 -0.1696
 242  2.547886  3.7336  2.6376  2.0943  0.5898  0.3668 -0.3491 -0.7459 -1.1320 -1.6822 -2.0828 -2.1287 -0.6121 -0.1785
 243  2.549295  3.7336  2.6345  2.0977  0.5807  0.3578 -0.3579 -0.7546 -1.1406 -1.6907 -2.0912 -2.1371 -0.6209 -0.1873
 244  2.550737  3.7337  2.6314  2.1012  0.5717  0.3489 -0.3667 -0.7633 -1.1493 -1.6993 -2.0997 -2.1456 -0.6296 -0.1961
 245  2.552184  3.7337  2.6282  2.1047  0.5629  0.3400 -0.3754 -0.7720 -1.1580 -1.7079 -2.1082 -2.1541 -0.6383 -0.2049
 246  2.553681  3.7337  2.6250  2.1082  0.5542  0.3313 -0.3842 -0.7807 -1.1667 -1.7166 -2.1168 -2.1628 -0.6470 -0.2136
 247  2.555054  3.7337  2.6219  2.1116  0.5452  0.3223 -0.3930 -0.7895 -1.1753 -1.7252 -2.1253 -2.1712 -0.6558 -0.2225
 248  2.556273  3.7338  2.6190  2.1152  0.5352  0.3127 -0.4021 -0.7984 -1.1841 -1.7337 -2.1335 -2.1794 -0.6648 -0.2317
 249  2.557761  3.7338  2.6159  2.1187  0.5262  0.3038 -0.4109 -0.8071 -1.1928 -1.7423 -2.1420 -2.1880 -0.6735 -0.2405
 250  2.559379  3.7338  2.6125  2.1221  0.5185  0.2957 -0.4193 -0.8157 -1.2014 -1.7511 -2.1510 -2.1969 -0.6820 -0.2489
 251  2.561037  3.7337  2.6090  2.1255  0.5115  0.2879 -0.4275 -0.8241 -1.2101 -1.7600 -2.1601 -2.2061 -0.6904 -0.2570
 252  2.562734  3.7336  2.6054  2.1289  0.5048  0.2803 -0.4357 -0.8325 -1.2187 -1.7690 -2.1694 -2.2154 -0.6987 -0.2650
 253  2.564514  3.7334  2.6017  2.1322  0.4991  0.2733 -0.4435 -0.8407 -1.2272 -1.7780 -2.1788 -2.2249 -0.7068 -0.2726
 254  2.566427  3.7331  2.5978  2.1353  0.4950  0.2675 -0.4506 -0.8483 -1.2353 -1.7869 -2.1884 -2.2346 -0.7143 -0.2794
 255  2.568428  3.7328  2.5938  2.1382  0.4926  0.2627 -0.4571 -0.8555 -1.2431 -1.7958 -2.1981 -2.2445 -0.7213 -0.2855
 256  2.570525  3.7323  2.5897  2.1407  0.4934  0.2603 -0.4619 -0.8614 -1.2498 -1.8040 -2.2076 -2.2541 -0.7268 -0.2897
 257  2.572638  3.7316  2.5856  2.1425  0.4981  0.2607 -0.4648 -0.8655 -1.2551 -1.8113 -2.2166 -2.2634 -0.7306 -0.2917
 258  2.574659  3.7308  2.5817  2.1436  0.5064  0.2640 -0.4653 -0.8677 -1.2586 -1.8172 -2.2245 -2.2716 -0.7323 -0.2913
 259  2.576524  3.7299  2.5782  2.1439  0.5177  0.2696 -0.4640 -0.8681 -1.2605 -1.8218 -2.2313 -2.2788 -0.7322 -0.2888
 260  2.578182  3.7290  2.5750  2.1437  0.5314  0.2773 -0.4608 -0.8667 -1.2608 -1.8249 -2.2368 -2.2846 -0.7303 -0.2845
 261  2.579706  3.7280  2.5719  2.1431  0.5469  0.2863 -0.4567 -0.8646 -1.2604 -1.8275 -2.2420 -2.2901 -0.7277 -0.2791
 262  2.581164  3.7270  2.5685  2.1424  0.5640  0.2962 -0.4520 -0.8622 -1.2599 -1.8302 -2.2475 -2.2960 -0.7246 -0.2731
 263  2.582607  3.7255  2.5635  2.1420  0.5862  0.3085 -0.4468 -0.8599 -1.2601 -1.8349 -2.2559 -2.3050 -0.7215 -0.2661
 264  2.583962  3.7242  2.5589  2.1414  0.6076  0.3205 -0.4415 -0.8574 -1.2599 -1.8389 -2.2634 -2.3131 -0.7182 -0.2590
 265  2.585301  3.7227  2.5538  2.1410  0.6303  0.3329 -0.4363 -0.8551 -1.2602 -1.8436 -2.2718 -2.3221 -0.7151 -0.2520
 266  2.586768  3.7209  2.5463  2.1415  0.6567  0.3459 -0.4323 -0.8548 -1.2631 -1.8521 -2.2851 -2.3362 -0.7138 -0.2456
 267  2.588119  3.7191  2.5369  2.1438  0.6797  0.3549 -0.4325 -0.8588 -1.2703 -1.8652 -2.3029 -2.3549 -0.7168 -0.2434
 268  2.589005  3.7178  2.5286  2.1469  0.6932  0.3579 -0.4362 -0.8653 -1.2792 -1.8782 -2.3196 -2.3721 -0.7225 -0.2453
 269  2.589616  3.7167  2.5214  2.1501  0.7018  0.3583 -0.4409 -0.8721 -1.2879 -1.8902 -2.3343 -2.3873 -0.7288 -0.2487
 270  2.590093  3.7159  2.5150  2.1533  0.7075  0.3573 -0.4462 -0.8792 -1.2964 -1.9015 -2.3478 -2.4012 -0.7354 -0.2528
 271  2.590483  3.7151  2.5089  2.1565  0.7118  0.3555 -0.4517 -0.8862 -1.3048 -1.9123 -2.3607 -2.4144 -0.7421 -0.2573
 272  2.591108  3.7144  2.5036  2.1590  0.7169  0.3549 -0.4558 -0.8918 -1.3116 -1.9215 -2.3717 -2.4257 -0.7473 -0.2605
 273  2.591531  3.7136  2.4961  2.1632  0.7205  0.3515 -0.4635 -0.9012 -1.3225 -1.9352 -2.3877 -2.4421 -0.7562 -0.2670
 274  2.591876  3.7128  2.4885  2.1676  0.7225  0.3469 -0.4720 -0.9115 -1.3342 -1.9494 -2.4040 -2.4588 -0.7660 -0.2745
 275  2.592179  3.7121  2.4810  2.1722  0.7235  0.3416 -0.4810 -0.9220 -1.3461 -1.9638 -2.4204 -2.4755 -0.7762 -0.2825
 276  2.592451  3.7114  2.4736  2.1769  0.7236  0.3357 -0.4904 -0.9328 -1.3582 -1.9782 -2.4367 -2.4920 -0.7866 -0.2908
 277  2.592702  3.7107  2.4663  2.1816  0.7231  0.3295 -0.4999 -0.9438 -1.3703 -1.9925 -2.4528 -2.5085 -0.7972 -0.2995
 278  2.592938  3.7101  2.4590  2.1864  0.7221  0.3230 -0.5096 -0.9548 -1.3825 -2.0068 -2.4688 -2.5248 -0.8080 -0.3083
 279  2.593167  3.7095  2.4519  2.1911  0.7206  0.3162 -0.5195 -0.9660 -1.3947 -2.0210 -2.4846 -2.5409 -0.8188 -0.3173
 280  2.593400  3.7089  2.4449  2.1959  0.7186  0.3091 -0.5294 -0.9771 -1.4068 -2.0351 -2.5002 -2.5568 -0.8296 -0.3264
 281  2.593665  3.7085  2.4389  2.2003  0.7151  0.3018 -0.5388 -0.9874 -1.4180 -2.0477 -2.5139 -2.5707 -0.8397 -0.3352
 282  2.593949  3.7092  2.4446  2.1977  0.7085  0.3018 -0.5350 -0.9820 -1.4111 -2.0383 -2.5024 -2.5588 -0.8346 -0.3325
 283  2.594066  3.7099  2.4520  2.1929  0.7088  0.3080 -0.5255 -0.9710 -1.3990 -2.0239 -2.4863 -2.5424 -0.8241 -0.3239
 284  2.594209  3.7106  2.4594  2.1883  0.7088  0.3139 -0.5161 -0.9602 -1.3870 -2.0096 -2.4701 -2.5259 -0.8136 -0.3155
 285  2.594383  3.7114  2.4672  2.1837  0.7068  0.3187 -0.5074 -0.9498 -1.3751 -1.9951 -2.4535 -2.5089 -0.8036 -0.3079
 286  2.594577  3.7121  2.4745  2.1792  0.7066  0.3243 -0.4983 -0.9393 -1.3634 -1.9812 -2.4377 -2.4928 -0.7935 -0.2998
 287  2.594868  3.7128  2.4817  2.1750  0.7043  0.3284 -0.4904 -0.9298 -1.3525 -1.9678 -2.4223 -2.4770 -0.7844 -0.2929
 288  2.595336  3.7135  2.4877  2.1718  0.7008  0.3307 -0.4847 -0.9227 -1.3442 -1.9572 -2.4099 -2.4643 -0.7776 -0.2881
 289  2.595980  3.7139  2.4906  2.1705  0.6979  0.3309 -0.4827 -0.9199 -1.3407 -1.9524 -2.4041 -2.4584 -0.7750 -0.2866
 290  2.596679  3.7139  2.4903  2.1711  0.6960  0.3292 -0.4843 -0.9214 -1.3422 -1.9538 -2.4055 -2.4597 -0.7765 -0.2882
 291  2.597362  3.7138  2.4883  2.1725  0.6948  0.3267 -0.4874 -0.9249 -1.3459 -1.9580 -2.4100 -2.4643 -0.7799 -0.2912
 292  2.598031  3.7135  2.4858  2.1743  0.6939  0.3240 -0.4912 -0.9291 -1.3505 -1.9634 -2.4159 -2.4704 -0.7841 -0.2947
 293  2.598690  3.7133  2.4830  2.1763  0.6929  0.3210 -0.4954 -0.9337 -1.3556 -1.9692 -2.4223 -2.4769 -0.7886 -0.2985
 294  2.599346  3.7131  2.4802  2.1783  0.6918  0.3180 -0.4996 -0.9384 -1.3607 -1.9751 -2.4289 -2.4836 -0.7932 -0.3024
 295  2.599999  3.7128  2.4773  2.1803  0.6909  0.3149 -0.5038 -0.9432 -1.3659 -1.9811 -2.4355 -2.4902 -0.7978 -0.3063
 296  2.600651  3.7126  2.4745  2.1823  0.6897  0.3118 -0.5081 -0.9479 -1.3710 -1.9870 -2.4421 -2.4969 -0.8024 -0.3103
 297  2.601301  3.7124  2.4717  2.1843  0.6885  0.3087 -0.5123 -0.9527 -1.3762 -1.9929 -2.4486 -2.5035 -0.8070 -0.3142
 298  2.601951  3.7121  2.4689  2.1863  0.6874  0.3056 -0.5166 -0.9574 -1.3813 -1.9988 -2.4550 -2.5101 -0.8116 -0.3182
 299  2.602601  3.7119  2.4661  2.1883  0.6861  0.3024 -0.5208 -0.9621 -1.3864 -2.0046 -2.4614 -2.5165 -0.8162 -0.3221
 300  2.603249  3.7117  2.4634  2.1903  0.6847  0.2993 -0.5250 -0.9668 -1.3914 -2.0103 -2.4677 -2.5230 -0.8207 -0.3260
 301  2.603898  3.7115  2.4607  2.1922  0.6834  0.2961 -0.5292 -0.9714 -1.3964 -2.0160 -2.4740 -2.5293 -0.8253 -0.3299
 302  2.607702  3.7102  2.4445  2.2041  0.6752  0.2769 -0.5547 -0.9995 -1.4269 -2.0506 -2.5119 -2.5678 -0.8528 -0.3537
 303  2.611491  3.7091  2.4285  2.2160  0.6661  0.2573 -0.5803 -1.0276 -1.4571 -2.0849 -2.5493 -2.6058 -0.8802 -0.3776
 304  2.615250  3.7079  2.4124  2.2279  0.6570  0.2376 -0.6060 -1.0559 -1.4875 -2.1192 -2.5868 -2.6439 -0.9079 -0.4017
 305  2.618931  3.7066  2.3957  2.2404  0.6483  0.2172 -0.6328 -1.0853 -1.5191 -2.1551 -2.6259 -2.6837 -0.9366 -0.4267
 306  2.622442  3.7053  2.3771  2.2540  0.6396  0.1952 -0.6620 -1.1174 -1.5537 -2.1944 -2.6688 -2.7273 -0.9680 -0.4539
 307  2.625560  3.7036  2.3551  2.2699  0.6303  0.1699 -0.6958 -1.1548 -1.5942 -2.2404 -2.7192 -2.7787 -1.0046 -0.4854
 308  2.627967  3.7017  2.3290  2.2887  0.6189  0.1400 -0.7358 -1.1989 -1.6419 -2.2948 -2.7787 -2.8392 -1.0477 -0.5226
 309  2.629645  3.6997  2.3005  2.3094  0.6044  0.1066 -0.7797 -1.2473 -1.6940 -2.3540 -2.8435 -2.9050 -1.0951 -0.5635
 310  2.630845  3.6977  2.2712  2.3308  0.5854  0.0715 -0.8251 -1.2972 -1.7477 -2.4146 -2.9103 -2.9724 -1.1439 -0.6059
 311  2.631769  3.6957  2.2419  2.3525  0.5632  0.0353 -0.8710 -1.3475 -1.8019 -2.4756 -2.9776 -3.0399 -1.1934 -0.6489
 312  2.632660  3.6935  2.2073  2.3783  0.5355 -0.0084 -0.9260 -1.4077 -1.8664 -2.5480 -3.0574 -3.1200 -1.2524 -0.7005
 313  2.633510  3.6910  2.1677  2.4080  0.5039 -0.0588 -0.9891 -1.4766 -1.9402 -2.6307 -3.1484 -3.2114 -1.3201 -0.7597
 314  2.634319  3.6882  2.1239  2.4410  0.4742 -0.1145 -1.0594 -1.5532 -2.0222 -2.7228 -3.2488 -3.3129 -1.3955 -0.8256
 315  2.635086  3.6853  2.0766  2.4768  0.4461 -0.1748 -1.1358 -1.6366 -2.1113 -2.8228 -3.3572 -3.4231 -1.4774 -0.8972
 316  2.635810  3.6822  2.0260  2.5153  0.4182 -0.2392 -1.2175 -1.7257 -2.2065 -2.9296 -3.4727 -3.5409 -1.5650 -0.9737
 317  2.636490  3.6790  1.9721  2.5561  0.3909 -0.3063 -1.3034 -1.8197 -2.3071 -3.0429 -3.5954 -3.6659 -1.6574 -1.0538
 318  2.637125  3.6754  1.9152  2.5989  0.3653 -0.3751 -1.3926 -1.9178 -2.4125 -3.1619 -3.7246 -3.7979 -1.7538 -1.1364
 319  2.637714  3.6717  1.8558  2.6437  0.3404 -0.4462 -1.4851 -2.0198 -2.5221 -3.2859 -3.8592 -3.9355 -1.8540 -1.2218
 320  2.638258  3.6679  1.7942  2.6901  0.3175 -0.5188 -1.5801 -2.1249 -2.6353 -3.4143 -3.9986 -4.0783 -1.9574 -1.3092
 321  2.638758  3.6640  1.7305  2.7380  0.2980 -0.5923 -1.6769 -2.2324 -2.7516 -3.5465 -4.1423 -4.2255 -2.0631 -1.3977
 322  2.638937  3.6624  1.7060  2.7565  0.2915 -0.6203 -1.7140 -2.2736 -2.7963 -3.5974 -4.1977 -4.2823 -2.1038 -1.4314
 323  2.639037  3.6615  1.6917  2.7672  0.2883 -0.6364 -1.7353 -2.2974 -2.8221 -3.6270 -4.2298 -4.3152 -2.1272 -1.4507
 324  2.639203  3.6600  1.6672  2.7856  0.2834 -0.6639 -1.7719 -2.3383 -2.8665 -3.6778 -4.2850 -4.3719 -2.1674 -1.4837
 325  2.639340  3.6587  1.6467  2.8010  0.2801 -0.6866 -1.8022 -2.3723 -2.9034 -3.7201 -4.3311 -4.4192 -2.2009 -1.5110
 326  2.639437  3.6577  1.6309  2.8129  0.2776 -0.7042 -1.8256 -2.3985 -2.9320 -3.7529 -4.3668 -4.4558 -2.2267 -1.5319
 327  2.639588  3.6562  1.6064  2.8313  0.2744 -0.7311 -1.8617 -2.4389 -2.9761 -3.8036 -4.4220 -4.5124 -2.2666 -1.5641
 328  2.639688  3.6552  1.5901  2.8435  0.2726 -0.7488 -1.8855 -2.4658 -3.0054 -3.8372 -4.4588 -4.5502 -2.2930 -1.5854
 329  2.639772  3.6542  1.5750  2.8548  0.2709 -0.7652 -1.9075 -2.4905 -3.0324 -3.8683 -4.4926 -4.5849 -2.3174 -1.6049
 330  2.639901  3.6528  1.5524  2.8718  0.2688 -0.7894 -1.9403 -2.5276 -3.0730 -3.9150 -4.5436 -4.6373 -2.3539 -1.6341
 331  2.640024  3.6514  1.5296  2.8889  0.2666 -0.8136 -1.9732 -2.5647 -3.1136 -3.9618 -4.5948 -4.6898 -2.3905 -1.6631
 332  2.640109  3.6504  1.5143  2.9003  0.2654 -0.8296 -1.9951 -2.5895 -3.1409 -3.9932 -4.6291 -4.7251 -2.4150 -1.6825
 333  2.640214  3.6491  1.4942  2.9153  0.2642 -0.8503 -2.0236 -2.6219 -3.1765 -4.0342 -4.6741 -4.7714 -2.4469 -1.7075
 334  2.640315  3.6479  1.4744  2.9301  0.2632 -0.8705 -2.0516 -2.6538 -3.2116 -4.0747 -4.7185 -4.8171 -2.4783 -1.7321
 335  2.640415  3.6466  1.4542  2.9451  0.2629 -0.8906 -2.0797 -2.6859 -3.2471 -4.1158 -4.7636 -4.8636 -2.5100 -1.7565
 336  2.640499  3.6454  1.4367  2.9580  0.2632 -0.9076 -2.1037 -2.7135 -3.2776 -4.1512 -4.8026 -4.9038 -2.5372 -1.7773
 337  2.640592  3.6442  1.4175  2.9723  0.2635 -0.9263 -2.1301 -2.7439 -3.3112 -4.1901 -4.8454 -4.9480 -2.5671 -1.8001
 338  2.640670  3.6431  1.4006  2.9847  0.2644 -0.9425 -2.1530 -2.7703 -3.3405 -4.2243 -4.8830 -4.9867 -2.5932 -1.8197
 339  2.640758  3.6419  1.3822  2.9984  0.2658 -0.9599 -2.1780 -2.7992 -3.3726 -4.2616 -4.9241 -5.0292 -2.6216 -1.8409
 340  2.640824  3.6410  1.3679  3.0090  0.2668 -0.9735 -2.1973 -2.8215 -3.3974 -4.2904 -4.9558 -5.0620 -2.6436 -1.8574
 341  2.640926  3.6396  1.3469  3.0245  0.2692 -0.9929 -2.2253 -2.8541 -3.4337 -4.3328 -5.0025 -5.1102 -2.6758 -1.8810
 342  2.641008  3.6384  1.3287  3.0379  0.2717 -1.0095 -2.2494 -2.8822 -3.4650 -4.3694 -5.0430 -5.1521 -2.7035 -1.9012
 343  2.641067  3.6376  1.3171  3.0465  0.2728 -1.0204 -2.2650 -2.9003 -3.4852 -4.3929 -5.0688 -5.1788 -2.7214 -1.9143
 344  2.641146  3.6366  1.3019  3.0578  0.2751 -1.0343 -2.2852 -2.9239 -3.5115 -4.4237 -5.1028 -5.2140 -2.7446 -1.9311
 345  2.641221  3.6357  1.2869  3.0689  0.2777 -1.0477 -2.3048 -2.9468 -3.5373 -4.4538 -5.1360 -5.2484 -2.7673 -1.9474
 346  2.641295  3.6348  1.2742  3.0782  0.2802 -1.0588 -2.3212 -2.9662 -3.5590 -4.4793 -5.1642 -5.2776 -2.7864 -1.9609
 347  2.641352  3.6341  1.2639  3.0857  0.2827 -1.0675 -2.3343 -2.9816 -3.5763 -4.4997 -5.1868 -5.3011 -2.8016 -1.9715
 348  2.641434  3.6330  1.2478  3.0973  0.2887 -1.0797 -2.3537 -3.0050 -3.6030 -4.5315 -5.2222 -5.3379 -2.8246 -1.9868
 349  2.641503  3.6319  1.2337  3.1071  0.2973 -1.0882 -2.3689 -3.0240 -3.6251 -4.5584 -5.2527 -5.3698 -2.8433 -1.9980
 350  2.641560  3.6308  1.2181  3.1183  0.3041 -1.0994 -2.3872 -3.0462 -3.6507 -4.5891 -5.2870 -5.4055 -2.8653 -2.0121
 351  2.641622  3.6296  1.2002  3.1315  0.3079 -1.1148 -2.4101 -3.0733 -3.6812 -4.6249 -5.3265 -5.4465 -2.8921 -2.0306
 352  2.641693  3.6281  1.1764  3.1494  0.3105 -1.1368 -2.4418 -3.1104 -3.7228 -4.6733 -5.3796 -5.5015 -2.9288 -2.0567
 353  2.641757  3.6266  1.1520  3.1677  0.3145 -1.1585 -2.4736 -3.1479 -3.7650 -4.7225 -5.4337 -5.5577 -2.9659 -2.0826
 354  2.641830  3.6247  1.1211  3.1908  0.3193 -1.1861 -2.5139 -3.1953 -3.8185 -4.7849 -5.5021 -5.6288 -3.0129 -2.1152
 355  2.641719  3.6222  1.0824  3.2195  0.3293 -1.2179 -2.5621 -3.2529 -3.8842 -4.8622 -5.5873 -5.7174 -3.0701 -2.1532
 356  2.641785  3.6203  1.0536  3.2406  0.3389 -1.2402 -2.5967 -3.2948 -3.9325 -4.9193 -5.6505 -5.7833 -3.1117 -2.1798
 357  2.641852  3.6180  1.0198  3.2656  0.3502 -1.2661 -2.6372 -3.3439 -3.9892 -4.9865 -5.7247 -5.8608 -3.1606 -2.2108
 358  2.641945  3.6149  0.9740  3.2987  0.3715 -1.2967 -2.6882 -3.4072 -4.0638 -5.0760 -5.8244 -5.9650 -3.2237 -2.2480
 359  2.642019  3.6123  0.9370  3.3254  0.3900 -1.3201 -2.7283 -3.4575 -4.1237 -5.1481 -5.9047 -6.0492 -3.2740 -2.2767
 360  2.642122  3.6089  0.8875  3.3612  0.4156 -1.3504 -2.7810 -3.5241 -4.2037 -5.2445 -6.0121 -6.1618 -3.3408 -2.3140