#NUMBER OF AGES=1 MAGS=10
#----------------------------------------------------       
#MIX-LEN  Y      Z          Zeff        [Fe/H] [a/Fe]
# 1.9380  0.3300 1.5308E-03 1.5308E-03  -1.00   0.00
#----------------------------------------------------       
#**PHOTOMETRIC SYSTEM**: Bessell UBV(RI)c + 2MASS JHKs + Kepler (Vega)
#AGE= 3.000 EEPS=272
#EEP   M/Mo    LogTeff  LogG   LogL/Lo U       B       V       R       I       J       H       Ks      Kp      D51     
   8  0.114214  3.5320  5.2595 -2.6824 16.6222 14.7338 12.9760 11.9621 10.8707  9.6759  9.0812  8.8865 12.0644 13.7957
   9  0.132183  3.5392  5.2043 -2.5351 15.9929 14.2263 12.5177 11.5263 10.4929  9.3277  8.7333  8.5345 11.6473 13.3128
  10  0.156798  3.5483  5.1508 -2.3711 15.2967 13.6549 12.0051 11.0384 10.0710  8.9423  8.3500  8.1480 11.1791 12.7699
  11  0.189291  3.5594  5.1052 -2.1990 14.5636 13.0437 11.4620 10.5231  9.6273  8.5420  7.9531  7.7496 10.6831 12.1909
  12  0.214097  3.5659  5.0757 -2.0902 14.1310 12.6726 11.1297 10.2069  9.3486  8.2873  7.7002  7.4964 10.3760 11.8375
  13  0.232278  3.5698  5.0558 -2.0194 13.8598 12.4372 10.9175 10.0049  9.1679  8.1209  7.5346  7.3308 10.1786 11.6122
  14  0.244652  3.5722  5.0415 -1.9727 13.6844 12.2842 10.7791  9.8730  9.0491  8.0109  7.4251  7.2212 10.0495 11.4652
  15  0.253068  3.5738  5.0307 -1.9407 13.5661 12.1806 10.6853  9.7836  8.9681  7.9356  7.3499  7.1461  9.9617 11.3656
  16  0.259021  3.5749  5.0225 -1.9182 13.4847 12.1089 10.6199  9.7212  8.9111  7.8823  7.2968  7.0930  9.9004 11.2964
  17  0.263507  3.5757  5.0160 -1.9012 13.4238 12.0551 10.5709  9.6743  8.8681  7.8420  7.2565  7.0527  9.8542 11.2445
  18  0.267022  3.5763  5.0106 -1.8877 13.3761 12.0128 10.5322  9.6373  8.8340  7.8100  7.2244  7.0207  9.8177 11.2036
  19  0.269722  3.5767  5.0059 -1.8769 13.3383 11.9791 10.5012  9.6076  8.8066  7.7840  7.1985  6.9947  9.7885 11.1709
  20  0.272215  3.5771  5.0017 -1.8670 13.3039 11.9485 10.4731  9.5807  8.7817  7.7606  7.1750  6.9713  9.7619 11.1413
  21  0.274694  3.5775  4.9978 -1.8576 13.2708 11.9191 10.4462  9.5549  8.7579  7.7382  7.1526  6.9489  9.7365 11.1128
  22  0.277513  3.5779  4.9940 -1.8476 13.2354 11.8876 10.4174  9.5274  8.7325  7.7144  7.1288  6.9251  9.7094 11.0823
  23  0.281189  3.5785  4.9899 -1.8356 13.1926 11.8497 10.3827  9.4943  8.7022  7.6860  7.1003  6.8968  9.6768 11.0456
  24  0.286656  3.5794  4.9851 -1.8190 13.1324 11.7965 10.3343  9.4484  8.6602  7.6469  7.0613  6.8579  9.6315 10.9942
  25  0.296252  3.5809  4.9775 -1.7908 13.0271 11.7040 10.2508  9.3695  8.5884  7.5807  6.9950  6.7922  9.5537 10.9051
  26  0.375425  3.6013  4.8885 -1.5173 11.9236 10.7493  9.4096  8.5938  7.8903  6.9513  6.3629  6.1764  8.7855  9.9933
  27  0.386437  3.6053  4.8722 -1.4724 11.7383 10.5868  9.2687  8.4663  7.7756  6.8491  6.2587  6.0779  8.6582  9.8400
  28  0.398089  3.6100  4.8557 -1.4244 11.5363 10.4093  9.1156  8.3292  7.6529  6.7405  6.1472  5.9738  8.5210  9.6733
  29  0.410567  3.6156  4.8390 -1.3720 11.3124 10.2112  8.9464  8.1790  7.5195  6.6235  6.0260  5.8625  8.3705  9.4887
  30  0.422097  3.6214  4.8244 -1.3221 11.0958 10.0175  8.7822  8.0348  7.3927  6.5129  5.9111  5.7584  8.2256  9.3097
  31  0.432635  3.6272  4.8120 -1.2757 10.8961  9.8354  8.6282  7.9003  7.2750  6.4105  5.8051  5.6629  8.0901  9.1429
  32  0.442509  3.6330  4.8015 -1.2321 10.7072  9.6615  8.4818  7.7733  7.1649  6.3150  5.7078  5.5754  7.9619  8.9848
  33  0.451772  3.6387  4.7926 -1.1916 10.5232  9.4936  8.3420  7.6535  7.0624  6.2273  5.6207  5.4973  7.8406  8.8333
  34  0.459706  3.6439  4.7861 -1.1566 10.3563  9.3446  8.2190  7.5493  6.9741  6.1529  5.5491  5.4331  7.7346  8.6985
  35  0.466549  3.6487  4.7813 -1.1262 10.2033  9.2124  8.1105  7.4581  6.8971  6.0889  5.4895  5.3795  7.6416  8.5778
  36  0.473025  3.6535  4.7773 -1.0972 10.0503  9.0851  8.0065  7.3713  6.8237  6.0288  5.4354  5.3307  7.5526  8.4596
  37  0.480132  3.6588  4.7737 -1.0656  9.8728  8.9447  7.8923  7.2767  6.7438  5.9646  5.3798  5.2805  7.4553  8.3259
  38  0.489253  3.6657  4.7699 -1.0260  9.6373  8.7680  7.7489  7.1588  6.6434  5.8856  5.3141  5.2211  7.3333  8.1535
  39  0.502302  3.6753  4.7644 -0.9707  9.2976  8.5270  7.5527  6.9969  6.5032  5.7768  5.2278  5.1422  7.1651  7.9120
  40  0.519825  3.6881  4.7570 -0.8973  8.8411  8.2173  7.2995  6.7861  6.3177  5.6355  5.1215  5.0439  6.9458  7.5990
  41  0.540992  3.7033  4.7479 -0.8103  8.2930  7.8633  7.0142  6.5455  6.1043  5.4737  5.0031  4.9330  6.6954  7.2529
  42  0.563978  3.7185  4.7362 -0.7197  7.7986  7.5200  6.7358  6.3021  5.8862  5.3047  4.8744  4.8113  6.4437  6.9369
  43  0.588028  3.7334  4.7223 -0.6281  7.3188  7.1882  6.4699  6.0664  5.6734  5.1378  4.7456  4.6884  6.2000  6.6425
  44  0.612364  3.7470  4.7050 -0.5386  6.8958  6.8794  6.2219  5.8441  5.4719  4.9745  4.6115  4.5606  5.9701  6.3746
  45  0.634325  3.7583  4.6869 -0.4601  6.5597  6.6202  6.0114  5.6535  5.2982  4.8300  4.4890  4.4434  5.7733  6.1505
  46  0.652350  3.7669  4.6705 -0.3970  6.3094  6.4187  5.8457  5.5023  5.1598  4.7131  4.3878  4.3462  5.6174  5.9756
  47  0.667546  3.7737  4.6554 -0.3447  6.1093  6.2555  5.7110  5.3793  5.0466  4.6162  4.3027  4.2645  5.4903  5.8337
  48  0.679902  3.7790  4.6426 -0.3027  5.9549  6.1266  5.6038  5.2812  4.9562  4.5382  4.2338  4.1982  5.3891  5.7211
  49  0.689998  3.7833  4.6320 -0.2687  5.8419  6.0240  5.5155  5.1995  4.8810  4.4728  4.1758  4.1421  5.3052  5.6294
  50  0.698656  3.7869  4.6230 -0.2397  5.7465  5.9372  5.4407  5.1303  4.8173  4.4176  4.1270  4.0947  5.2341  5.5517
  51  0.706584  3.7903  4.6150 -0.2133  5.6577  5.8581  5.3732  5.0683  4.7603  4.3683  4.0835  4.0527  5.1702  5.4812
  52  0.712298  3.7928  4.6093 -0.1942  5.5940  5.8011  5.3248  5.0240  4.7197  4.3331  4.0523  4.0227  5.1245  5.4306
  53  0.717990  3.7952  4.6036 -0.1753  5.5314  5.7441  5.2767  4.9803  4.6799  4.2982  4.0205  3.9925  5.0792  5.3803
  54  0.723662  3.7976  4.5980 -0.1565  5.4701  5.6878  5.2289  4.9369  4.6405  4.2636  3.9890  3.9626  5.0343  5.3304
  55  0.729309  3.8000  4.5923 -0.1379  5.4107  5.6324  5.1816  4.8938  4.6012  4.2291  3.9579  3.9328  4.9897  5.2810
  56  0.734931  3.8023  4.5865 -0.1195  5.3535  5.5783  5.1348  4.8507  4.5617  4.1946  3.9276  3.9034  4.9454  5.2323
  57  0.740525  3.8046  4.5806 -0.1013  5.2980  5.5253  5.0885  4.8080  4.5224  4.1604  3.8976  3.8740  4.9014  5.1842
  58  0.746094  3.8067  4.5745 -0.0834  5.2440  5.4735  5.0429  4.7658  4.4834  4.1263  3.8676  3.8446  4.8581  5.1368
  59  0.751632  3.8088  4.5682 -0.0657  5.1913  5.4227  4.9981  4.7242  4.4449  4.0924  3.8374  3.8151  4.8153  5.0903
  60  0.757158  3.8107  4.5617 -0.0483  5.1401  5.3729  4.9538  4.6831  4.4068  4.0586  3.8072  3.7855  4.7731  5.0445
  61  0.762668  3.8126  4.5552 -0.0311  5.0900  5.3240  4.9102  4.6424  4.3690  4.0250  3.7770  3.7559  4.7314  4.9993
  62  0.768149  3.8144  4.5485 -0.0141  5.0412  5.2759  4.8671  4.6022  4.3316  3.9916  3.7469  3.7263  4.6902  4.9548
  63  0.773592  3.8161  4.5417  0.0027  4.9935  5.2286  4.8245  4.5625  4.2945  3.9583  3.7169  3.6969  4.6495  4.9109
  64  0.778972  3.8178  4.5350  0.0192  4.9468  5.1819  4.7825  4.5232  4.2579  3.9255  3.6873  3.6677  4.6092  4.8675
  65  0.784286  3.8195  4.5282  0.0355  4.9011  5.1359  4.7410  4.4844  4.2218  3.8930  3.6579  3.6388  4.5695  4.8247
  66  0.789509  3.8211  4.5215  0.0516  4.8565  5.0907  4.7001  4.4461  4.1862  3.8609  3.6290  3.6102  4.5303  4.7825
  67  0.794632  3.8227  4.5149  0.0675  4.8129  5.0461  4.6597  4.4085  4.1511  3.8294  3.6006  3.5822  4.4917  4.7408
  68  0.799642  3.8243  4.5084  0.0831  4.7702  5.0023  4.6200  4.3714  4.1167  3.7984  3.5728  3.5546  4.4538  4.6998
  69  0.804477  3.8259  4.5021  0.0982  4.7289  4.9597  4.5814  4.3354  4.0832  3.7682  3.5458  3.5278  4.4168  4.6599
  70  0.809125  3.8273  4.4959  0.1129  4.6890  4.9185  4.5441  4.3005  4.0507  3.7390  3.5195  3.5018  4.3811  4.6214
  71  0.813620  3.8288  4.4897  0.1271  4.6504  4.8786  4.5078  4.2665  4.0191  3.7106  3.4939  3.4764  4.3463  4.5840
  72  0.818006  3.8302  4.4837  0.1411  4.6127  4.8396  4.4722  4.2333  3.9882  3.6828  3.4689  3.4517  4.3123  4.5474
  73  0.822322  3.8315  4.4778  0.1548  4.5758  4.8012  4.4372  4.2006  3.9577  3.6554  3.4442  3.4273  4.2788  4.5113
  74  0.826605  3.8329  4.4720  0.1684  4.5394  4.7632  4.4025  4.1682  3.9276  3.6283  3.4200  3.4032  4.2456  4.4755
  75  0.830876  3.8343  4.4662  0.1819  4.5035  4.7253  4.3680  4.1360  3.8977  3.6014  3.3959  3.3793  4.2126  4.4399
  76  0.835163  3.8357  4.4606  0.1954  4.4677  4.6875  4.3335  4.1038  3.8679  3.5747  3.3721  3.3557  4.1796  4.4043
  77  0.839491  3.8371  4.4550  0.2090  4.4318  4.6494  4.2989  4.0716  3.8380  3.5480  3.3483  3.3321  4.1465  4.3685
  78  0.843876  3.8386  4.4495  0.2226  4.3957  4.6110  4.2639  4.0391  3.8080  3.5212  3.3246  3.3085  4.1131  4.3323
  79  0.848339  3.8401  4.4440  0.2364  4.3593  4.5721  4.2285  4.0062  3.7777  3.4943  3.3008  3.2848  4.0794  4.2957
  80  0.852899  3.8417  4.4386  0.2504  4.3223  4.5325  4.1925  3.9728  3.7471  3.4671  3.2769  3.2610  4.0451  4.2585
  81  0.857593  3.8434  4.4333  0.2648  4.2845  4.4918  4.1556  3.9387  3.7159  3.4395  3.2528  3.2370  4.0100  4.2203
  82  0.863296  3.8454  4.4269  0.2822  4.2391  4.4424  4.1108  3.8975  3.6784  3.4063  3.2239  3.2082  3.9676  4.1740
  83  0.868970  3.8475  4.4208  0.2995  4.1947  4.3929  4.0663  3.8569  3.6416  3.3737  3.1957  3.1802  3.9255  4.1278
  84  0.874519  3.8495  4.4148  0.3165  4.1516  4.3442  4.0227  3.8171  3.6057  3.3419  3.1682  3.1530  3.8844  4.0824
  85  0.879881  3.8516  4.4090  0.3330  4.1100  4.2969  3.9804  3.7786  3.5711  3.3113  3.1419  3.1269  3.8445  4.0383
  86  0.885011  3.8535  4.4035  0.3488  4.0701  4.2514  3.9396  3.7416  3.5378  3.2819  3.1166  3.1018  3.8061  3.9959
  87  0.889886  3.8554  4.3982  0.3640  4.0319  4.2079  3.9006  3.7061  3.5058  3.2538  3.0924  3.0778  3.7693  3.9554
  88  0.894498  3.8572  4.3932  0.3784  3.9954  4.1665  3.8633  3.6722  3.4753  3.2269  3.0693  3.0548  3.7342  3.9166
  89  0.898853  3.8589  4.3883  0.3922  3.9594  4.1274  3.8277  3.6393  3.4454  3.2008  3.0469  3.0324  3.7003  3.8798
  90  0.902968  3.8605  4.3836  0.4054  3.9248  4.0902  3.7936  3.6077  3.4167  3.1758  3.0255  3.0107  3.6679  3.8445
  91  0.906914  3.8621  4.3790  0.4182  3.8913  4.0542  3.7606  3.5771  3.3888  3.1515  3.0047  2.9897  3.6365  3.8104
  92  0.910709  3.8636  4.3745  0.4306  3.8588  4.0193  3.7285  3.5474  3.3617  3.1280  2.9845  2.9693  3.6060  3.7772
  93  0.914381  3.8651  4.3701  0.4427  3.8272  3.9852  3.6973  3.5185  3.3354  3.1050  2.9649  2.9494  3.5763  3.7449
  94  0.917946  3.8666  4.3658  0.4545  3.7965  3.9520  3.6667  3.4903  3.3098  3.0827  2.9458  2.9301  3.5473  3.7134
  95  0.921416  3.8680  4.3617  0.4661  3.7665  3.9194  3.6369  3.4628  3.2848  3.0610  2.9272  2.9114  3.5189  3.6825
  96  0.924803  3.8694  4.3577  0.4774  3.7375  3.8873  3.6076  3.4359  3.2606  3.0399  2.9092  2.8932  3.4912  3.6521
  97  0.928120  3.8708  4.3537  0.4886  3.7098  3.8555  3.5788  3.4098  3.2374  3.0195  2.8918  2.8758  3.4641  3.6223
  98  0.931375  3.8722  4.3499  0.4995  3.6828  3.8242  3.5506  3.3843  3.2148  2.9996  2.8748  2.8589  3.4376  3.5929
  99  0.934573  3.8736  4.3462  0.5103  3.6563  3.7935  3.5228  3.3593  3.1925  2.9801  2.8581  2.8422  3.4115  3.5640
 100  0.937720  3.8750  4.3425  0.5209  3.6303  3.7631  3.4955  3.3346  3.1708  2.9609  2.8418  2.8260  3.3859  3.5356
 101  0.940825  3.8764  4.3390  0.5313  3.6046  3.7333  3.4686  3.3104  3.1493  2.9421  2.8258  2.8100  3.3607  3.5075
 102  0.943881  3.8777  4.3355  0.5416  3.5794  3.7039  3.4421  3.2865  3.1283  2.9237  2.8100  2.7943  3.3358  3.4800
 103  0.946900  3.8790  4.3320  0.5517  3.5544  3.6750  3.4160  3.2630  3.1075  2.9054  2.7944  2.7788  3.3113  3.4528
 104  0.949871  3.8803  4.3286  0.5616  3.5297  3.6465  3.3904  3.2398  3.0869  2.8874  2.7790  2.7634  3.2872  3.4262
 105  0.952796  3.8816  4.3253  0.5715  3.5048  3.6187  3.3651  3.2168  3.0664  2.8695  2.7637  2.7481  3.2633  3.3999
 106  0.955657  3.8829  4.3220  0.5811  3.4800  3.5915  3.3402  3.1940  3.0460  2.8517  2.7485  2.7328  3.2398  3.3742
 107  0.958453  3.8841  4.3187  0.5906  3.4556  3.5648  3.3158  3.1716  3.0259  2.8342  2.7335  2.7177  3.2166  3.3490
 108  0.961180  3.8853  4.3155  0.5999  3.4314  3.5386  3.2918  3.1495  3.0061  2.8170  2.7188  2.7029  3.1939  3.3242
 109  0.963835  3.8865  4.3122  0.6091  3.4077  3.5128  3.2682  3.1278  2.9866  2.8001  2.7042  2.6882  3.1715  3.2998
 110  0.966418  3.8877  4.3090  0.6182  3.3843  3.4875  3.2450  3.1065  2.9675  2.7834  2.6898  2.6737  3.1494  3.2758
 111  0.968927  3.8888  4.3058  0.6270  3.3613  3.4626  3.2222  3.0855  2.9486  2.7669  2.6756  2.6594  3.1278  3.2523
 112  0.970731  3.8896  4.3035  0.6335  3.3446  3.4446  3.2056  3.0703  2.9349  2.7549  2.6653  2.6490  3.1121  3.2352
 113  0.972541  3.8905  4.3012  0.6400  3.3277  3.4263  3.1889  3.0550  2.9212  2.7429  2.6550  2.6386  3.0962  3.2180
 114  0.974357  3.8914  4.2988  0.6466  3.3107  3.4078  3.1720  3.0395  2.9073  2.7309  2.6446  2.6281  3.0802  3.2005
 115  0.976176  3.8922  4.2964  0.6533  3.2935  3.3892  3.1549  3.0238  2.8933  2.7186  2.6340  2.6175  3.0640  3.1829
 116  0.978000  3.8931  4.2939  0.6601  3.2763  3.3703  3.1377  3.0081  2.8793  2.7063  2.6233  2.6068  3.0477  3.1650
 117  0.979827  3.8940  4.2914  0.6669  3.2590  3.3512  3.1202  2.9922  2.8651  2.6937  2.6124  2.5959  3.0312  3.1470
 118  0.981659  3.8948  4.2886  0.6738  3.2415  3.3319  3.1026  2.9761  2.8507  2.6810  2.6012  2.5847  3.0145  3.1289
 119  0.983493  3.8956  4.2858  0.6808  3.2239  3.3125  3.0849  2.9598  2.8361  2.6680  2.5899  2.5734  2.9977  3.1105
 120  0.985332  3.8965  4.2829  0.6879  3.2061  3.2929  3.0669  2.9434  2.8214  2.6548  2.5782  2.5617  2.9806  3.0919
 121  0.987172  3.8973  4.2799  0.6951  3.1881  3.2731  3.0488  2.9267  2.8064  2.6414  2.5663  2.5498  2.9634  3.0732
 122  0.989014  3.8981  4.2767  0.7023  3.1700  3.2531  3.0304  2.9098  2.7912  2.6277  2.5541  2.5376  2.9460  3.0543
 123  0.990859  3.8989  4.2734  0.7096  3.1517  3.2330  3.0119  2.8928  2.7758  2.6137  2.5416  2.5252  2.9283  3.0352
 124  0.992705  3.8997  4.2699  0.7170  3.1332  3.2127  2.9932  2.8755  2.7601  2.5995  2.5288  2.5124  2.9105  3.0160
 125  0.994552  3.9004  4.2663  0.7245  3.1145  3.1922  2.9743  2.8580  2.7442  2.5850  2.5157  2.4993  2.8924  2.9965
 126  0.996399  3.9012  4.2625  0.7320  3.0956  3.1715  2.9552  2.8403  2.7281  2.5703  2.5024  2.4860  2.8742  2.9769
 127  0.998246  3.9019  4.2586  0.7397  3.0766  3.1506  2.9359  2.8223  2.7117  2.5552  2.4886  2.4722  2.8557  2.9570
 128  1.000092  3.9026  4.2545  0.7474  3.0574  3.1296  2.9164  2.8042  2.6950  2.5398  2.4745  2.4581  2.8369  2.9370
 129  1.001933  3.9033  4.2502  0.7552  3.0379  3.1084  2.8966  2.7857  2.6780  2.5240  2.4600  2.4436  2.8180  2.9168
 130  1.003774  3.9040  4.2457  0.7630  3.0183  3.0870  2.8767  2.7671  2.6608  2.5081  2.4452  2.4289  2.7988  2.8964
 131  1.005607  3.9046  4.2410  0.7710  2.9985  3.0654  2.8566  2.7482  2.6432  2.4915  2.4299  2.4135  2.7794  2.8758
 132  1.007434  3.9051  4.2360  0.7791  2.9785  3.0436  2.8362  2.7289  2.6252  2.4746  2.4139  2.3976  2.7596  2.8550
 133  1.009256  3.9057  4.2308  0.7872  2.9582  3.0217  2.8156  2.7094  2.6069  2.4572  2.3976  2.3812  2.7397  2.8339
 134  1.011070  3.9061  4.2253  0.7954  2.9378  2.9996  2.7947  2.6895  2.5882  2.4394  2.3808  2.3644  2.7194  2.8127
 135  1.012879  3.9066  4.2195  0.8037  2.9172  2.9774  2.7737  2.6694  2.5692  2.4212  2.3634  2.3470  2.6989  2.7913
 136  1.014679  3.9070  4.2135  0.8121  2.8964  2.9550  2.7524  2.6490  2.5498  2.4025  2.3455  2.3291  2.6781  2.7696
 137  1.016470  3.9074  4.2072  0.8206  2.8754  2.9324  2.7309  2.6283  2.5300  2.3834  2.3271  2.3107  2.6571  2.7478
 138  1.018251  3.9076  4.2006  0.8292  2.8543  2.9097  2.7091  2.6073  2.5098  2.3637  2.3080  2.2916  2.6357  2.7258
 139  1.020019  3.9079  4.1937  0.8378  2.8329  2.8869  2.6871  2.5860  2.4892  2.3435  2.2883  2.2719  2.6141  2.7036
 140  1.021774  3.9081  4.1864  0.8466  2.8114  2.8640  2.6649  2.5643  2.4681  2.3227  2.2680  2.2515  2.5922  2.6812
 141  1.023513  3.9082  4.1788  0.8554  2.7898  2.8410  2.6425  2.5423  2.4466  2.3013  2.2469  2.2304  2.5700  2.6586
 142  1.025235  3.9082  4.1707  0.8642  2.7680  2.8179  2.6199  2.5200  2.4246  2.2793  2.2251  2.2086  2.5476  2.6359
 143  1.026938  3.9081  4.1623  0.8732  2.7461  2.7947  2.5971  2.4973  2.4021  2.2567  2.2025  2.1860  2.5248  2.6130
 144  1.028619  3.9080  4.1534  0.8822  2.7240  2.7715  2.5740  2.4743  2.3791  2.2334  2.1791  2.1626  2.5018  2.5900
 145  1.030277  3.9078  4.1441  0.8912  2.7019  2.7483  2.5508  2.4510  2.3556  2.2094  2.1549  2.1383  2.4785  2.5668
 146  1.031910  3.9074  4.1342  0.9004  2.6798  2.7252  2.5275  2.4273  2.3316  2.1846  2.1297  2.1130  2.4549  2.5436
 147  1.033514  3.9069  4.1238  0.9095  2.6576  2.7021  2.5039  2.4032  2.3069  2.1590  2.1035  2.0868  2.4310  2.5203
 148  1.035090  3.9063  4.1128  0.9187  2.6354  2.6792  2.4802  2.3788  2.2817  2.1325  2.0762  2.0594  2.4069  2.4969
 149  1.036632  3.9055  4.1012  0.9280  2.6132  2.6563  2.4564  2.3540  2.2558  2.1052  2.0478  2.0310  2.3825  2.4735
 150  1.038141  3.9046  4.0889  0.9372  2.5911  2.6337  2.4325  2.3289  2.2293  2.0770  2.0182  2.0013  2.3578  2.4501
 151  1.039614  3.9035  4.0759  0.9465  2.5692  2.6114  2.4086  2.3034  2.2021  2.0477  1.9873  1.9703  2.3330  2.4268
 152  1.041047  3.9022  4.0621  0.9557  2.5474  2.5893  2.3846  2.2776  2.1743  2.0174  1.9551  1.9380  2.3079  2.4035
 153  1.042440  3.9008  4.0475  0.9649  2.5258  2.5677  2.3607  2.2515  2.1458  1.9860  1.9215  1.9043  2.2827  2.3805
 154  1.043789  3.8990  4.0319  0.9741  2.5046  2.5466  2.3369  2.2252  2.1166  1.9535  1.8862  1.8689  2.2573  2.3577
 155  1.045093  3.8971  4.0154  0.9833  2.4837  2.5262  2.3133  2.1986  2.0867  1.9198  1.8493  1.8318  2.2319  2.3353
 156  1.046348  3.8948  3.9978  0.9923  2.4633  2.5066  2.2900  2.1718  2.0560  1.8847  1.8104  1.7929  2.2065  2.3134
 157  1.047554  3.8922  3.9791  1.0013  2.4433  2.4881  2.2671  2.1448  2.0246  1.8482  1.7697  1.7520  2.1811  2.2921
 158  1.048707  3.8893  3.9592  1.0101  2.4240  2.4708  2.2447  2.1177  1.9923  1.8103  1.7267  1.7089  2.1558  2.2716
 159  1.049804  3.8861  3.9379  1.0188  2.4053  2.4550  2.2230  2.0907  1.9593  1.7708  1.6815  1.6636  2.1308  2.2521
 160  1.050844  3.8824  3.9152  1.0272  2.3878  2.4409  2.2022  2.0637  1.9256  1.7299  1.6338  1.6158  2.1062  2.2337
 161  1.051825  3.8783  3.8910  1.0354  2.3718  2.4285  2.1825  2.0372  1.8917  1.6875  1.5840  1.5658  2.0823  2.2167
 162  1.052447  3.8753  3.8740  1.0407  2.3620  2.4213  2.1699  2.0198  1.8688  1.6585  1.5495  1.5311  2.0667  2.2062
 163  1.053060  3.8720  3.8557  1.0461  2.3528  2.4150  2.1577  2.0021  1.8450  1.6278  1.5125  1.4940  2.0509  2.1962
 164  1.053663  3.8683  3.8360  1.0514  2.3440  2.4100  2.1457  1.9840  1.8202  1.5953  1.4730  1.4544  2.0351  2.1868
 165  1.054255  3.8643  3.8146  1.0567  2.3354  2.4066  2.1340  1.9653  1.7941  1.5606  1.4301  1.4113  2.0190  2.1781
 166  1.054834  3.8599  3.7923  1.0620  2.3276  2.4044  2.1228  1.9467  1.7675  1.5250  1.3856  1.3667  2.0031  2.1701
 167  1.055401  3.8552  3.7683  1.0671  2.3213  2.4039  2.1124  1.9281  1.7402  1.4874  1.3384  1.3192  1.9874  2.1631
 168  1.055957  3.8501  3.7430  1.0722  2.3167  2.4050  2.1027  1.9097  1.7126  1.4486  1.2890  1.2697  1.9722  2.1573
 169  1.056503  3.8447  3.7170  1.0772  2.3133  2.4073  2.0936  1.8917  1.6850  1.4092  1.2386  1.2190  1.9573  2.1523
 170  1.057041  3.8391  3.6897  1.0821  2.3115  2.4113  2.0854  1.8739  1.6572  1.3688  1.1863  1.1663  1.9429  2.1484
 171  1.057580  3.8334  3.6624  1.0868  2.3114  2.4163  2.0776  1.8565  1.6298  1.3284  1.1339  1.1134  1.9288  2.1451
 172  1.058119  3.8275  3.6345  1.0913  2.3135  2.4232  2.0709  1.8398  1.6028  1.2879  1.0807  1.0596  1.9155  2.1429
 173  1.058659  3.8214  3.6061  1.0954  2.3190  2.4325  2.0655  1.8242  1.5766  1.2474  1.0271  1.0053  1.9034  2.1423
 174  1.059205  3.8150  3.5771  1.0991  2.3280  2.4445  2.0616  1.8096  1.5511  1.2070  0.9730  0.9503  1.8925  2.1436
 175  1.059759  3.8083  3.5483  1.1016  2.3430  2.4616  2.0611  1.7978  1.5280  1.1683  0.9203  0.8963  1.8845  2.1485
 176  1.060319  3.8015  3.5198  1.1030  2.3643  2.4832  2.0640  1.7893  1.5081  1.1318  0.8690  0.8438  1.8798  2.1570
 177  1.060872  3.7947  3.4940  1.1019  2.3956  2.5121  2.0733  1.7873  1.4948  1.1020  0.8243  0.7978  1.8816  2.1720
 178  1.061383  3.7882  3.4705  1.0994  2.4271  2.5444  2.0876  1.7912  1.4875  1.0781  0.7860  0.7580  1.8888  2.1909
 179  1.061853  3.7824  3.4526  1.0942  2.4657  2.5824  2.1080  1.8021  1.4885  1.0644  0.7595  0.7299  1.9028  2.2159
 180  1.062268  3.7772  3.4384  1.0881  2.5115  2.6222  2.1284  1.8130  1.4909  1.0548  0.7397  0.7080  1.9170  2.2412
 181  1.062670  3.7726  3.4270  1.0811  2.5642  2.6640  2.1495  1.8249  1.4953  1.0488  0.7253  0.6910  1.9322  2.2675
 182  1.063178  3.7672  3.4143  1.0723  2.6265  2.7137  2.1773  1.8431  1.5046  1.0448  0.7105  0.6737  1.9536  2.3006
 183  1.063710  3.7623  3.4000  1.0674  2.6760  2.7513  2.1961  1.8536  1.5073  1.0347  0.6900  0.6513  1.9668  2.3237
 184  1.064263  3.7580  3.3847  1.0657  2.7160  2.7784  2.2060  1.8562  1.5030  1.0192  0.6654  0.6250  1.9718  2.3377
 185  1.064820  3.7546  3.3665  1.0704  2.7350  2.7856  2.1992  1.8435  1.4847  0.9917  0.6304  0.5886  1.9610  2.3342
 186  1.065357  3.7516  3.3478  1.0776  2.7443  2.7841  2.1857  1.8250  1.4614  0.9605  0.5928  0.5498  1.9440  2.3234
 187  1.065868  3.7494  3.3278  1.0887  2.7386  2.7691  2.1615  1.7969  1.4297  0.9225  0.5497  0.5059  1.9172  2.3014
 188  1.066354  3.7476  3.3079  1.1018  2.7236  2.7465  2.1317  1.7642  1.3942  0.8820  0.5052  0.4607  1.8853  2.2732
 189  1.066825  3.7459  3.2881  1.1150  2.7081  2.7231  2.1016  1.7312  1.3585  0.8415  0.4607  0.4157  1.8532  2.2447
 190  1.067282  3.7446  3.2685  1.1294  2.6866  2.6951  2.0680  1.6954  1.3206  0.7997  0.4156  0.3701  1.8181  2.2124
 191  1.067731  3.7433  3.2491  1.1440  2.6635  2.6658  2.0337  1.6590  1.2822  0.7576  0.3706  0.3247  1.7823  2.1793
 192  1.068173  3.7422  3.2297  1.1590  2.6380  2.6346  1.9981  1.6215  1.2429  0.7151  0.3254  0.2791  1.7454  2.1447
 193  1.068609  3.7412  3.2105  1.1744  2.6105  2.6020  1.9614  1.5832  1.2030  0.6722  0.2801  0.2335  1.7075  2.1090
 194  1.069040  3.7402  3.1914  1.1899  2.5826  2.5691  1.9245  1.5447  1.1629  0.6293  0.2349  0.1879  1.6695  2.0731
 195  1.069466  3.7394  3.1722  1.2057  2.5531  2.5350  1.8868  1.5053  1.1221  0.5860  0.1897  0.1423  1.6306  2.0362
 196  1.069887  3.7385  3.1531  1.2216  2.5229  2.5003  1.8486  1.4656  1.0810  0.5425  0.1443  0.0965  1.5913  1.9989
 197  1.070305  3.7377  3.1339  1.2377  2.4920  2.4652  1.8099  1.4255  1.0395  0.4987  0.0988  0.0506  1.5517  1.9611
 198  1.070717  3.7369  3.1147  1.2540  2.4601  2.4292  1.7706  1.3848  0.9975  0.4545  0.0529  0.0044  1.5114  1.9226
 199  1.071120  3.7362  3.0952  1.2707  2.4271  2.3922  1.7304  1.3432  0.9546  0.4095  0.0065 -0.0424  1.4702  1.8831
 200  1.071510  3.7355  3.0753  1.2879  2.3929  2.3539  1.6890  1.3004  0.9106  0.3634 -0.0412 -0.0905  1.4278  1.8425
 201  1.071889  3.7347  3.0550  1.3054  2.3578  2.3148  1.6467  1.2567  0.8656  0.3164 -0.0898 -0.1394  1.3845  1.8009
 202  1.072257  3.7340  3.0344  1.3233  2.3217  2.2747  1.6035  1.2122  0.8198  0.2686 -0.1390 -0.1890  1.3404  1.7585
 203  1.072617  3.7333  3.0135  1.3414  2.2853  2.2341  1.5597  1.1670  0.7734  0.2201 -0.1891 -0.2394  1.2956  1.7155
 204  1.072967  3.7326  2.9923  1.3599  2.2483  2.1929  1.5153  1.1211  0.7262  0.1708 -0.2399 -0.2906  1.2501  1.6718
 205  1.073310  3.7318  2.9706  1.3785  2.2117  2.1516  1.4705  1.0749  0.6786  0.1208 -0.2917 -0.3428  1.2043  1.6278
 206  1.073644  3.7310  2.9488  1.3974  2.1744  2.1095  1.4250  1.0280  0.6304  0.0702 -0.3442 -0.3956  1.1578  1.5831
 207  1.073968  3.7302  2.9265  1.4165  2.1370  2.0671  1.3790  0.9806  0.5815  0.0189 -0.3975 -0.4492  1.1108  1.5380
 208  1.074285  3.7294  2.9042  1.4358  2.0989  2.0240  1.3326  0.9327  0.5324 -0.0327 -0.4510 -0.5030  1.0633  1.4924
 209  1.074593  3.7286  2.8816  1.4553  2.0607  1.9807  1.2857  0.8844  0.4827 -0.0850 -0.5054 -0.5577  1.0154  1.4464
 210  1.074893  3.7277  2.8587  1.4750  2.0222  1.9369  1.2384  0.8356  0.4325 -0.1378 -0.5603 -0.6128  0.9671  1.4000
 211  1.075186  3.7269  2.8357  1.4948  1.9835  1.8929  1.1908  0.7866  0.3821 -0.1909 -0.6157 -0.6684  0.9184  1.3532
 212  1.075469  3.7261  2.8124  1.5148  1.9445  1.8484  1.1428  0.7370  0.3311 -0.2445 -0.6716 -0.7246  0.8693  1.3061
 213  1.075745  3.7252  2.7888  1.5350  1.9057  1.8039  1.0945  0.6872  0.2798 -0.2987 -0.7281 -0.7813  0.8198  1.2586
 214  1.076013  3.7243  2.7651  1.5553  1.8667  1.7591  1.0459  0.6370  0.2282 -0.3532 -0.7851 -0.8386  0.7701  1.2110
 215  1.076273  3.7234  2.7411  1.5758  1.8276  1.7139  0.9969  0.5865  0.1762 -0.4082 -0.8427 -0.8963  0.7200  1.1630
 216  1.076526  3.7225  2.7170  1.5964  1.7884  1.6686  0.9477  0.5358  0.1239 -0.4635 -0.9006 -0.9544  0.6697  1.1148
 217  1.076578  3.7223  2.7119  1.6007  1.7803  1.6592  0.9375  0.5252  0.1129 -0.4751 -0.9127 -0.9665  0.6591  1.1047
 218  1.076629  3.7221  2.7068  1.6051  1.7720  1.6496  0.9270  0.5144  0.1018 -0.4868 -0.9251 -0.9789  0.6484  1.0945
 219  1.076680  3.7219  2.7017  1.6094  1.7638  1.6401  0.9167  0.5037  0.0908 -0.4985 -0.9373 -0.9911  0.6378  1.0843
 220  1.076731  3.7217  2.6966  1.6138  1.7556  1.6305  0.9062  0.4929  0.0797 -0.5103 -0.9496 -1.0036  0.6271  1.0741
 221  1.076782  3.7215  2.6913  1.6183  1.7474  1.6209  0.8957  0.4820  0.0684 -0.5222 -0.9621 -1.0161  0.6163  1.0638
 222  1.076833  3.7213  2.6862  1.6227  1.7390  1.6112  0.8852  0.4711  0.0572 -0.5341 -0.9745 -1.0286  0.6055  1.0535
 223  1.076884  3.7211  2.6810  1.6271  1.7307  1.6015  0.8746  0.4602  0.0460 -0.5459 -0.9869 -1.0410  0.5947  1.0431
 224  1.076934  3.7209  2.6757  1.6316  1.7224  1.5918  0.8640  0.4492  0.0346 -0.5579 -0.9996 -1.0537  0.5838  1.0327
 225  1.076984  3.7207  2.6705  1.6360  1.7140  1.5820  0.8533  0.4382  0.0233 -0.5700 -1.0121 -1.0663  0.5729  1.0223
 226  1.077034  3.7205  2.6652  1.6405  1.7056  1.5722  0.8426  0.4271  0.0119 -0.5820 -1.0247 -1.0789  0.5619  1.0118
 227  1.077470  3.7187  2.6174  1.6811  1.6306  1.4841  0.7461  0.3272 -0.0913 -0.6912 -1.1390 -1.1937  0.4629  0.9174
 228  1.077862  3.7169  2.5709  1.7205  1.5592  1.3994  0.6528  0.2303 -0.1913 -0.7971 -1.2497 -1.3051  0.3670  0.8263
 229  1.078243  3.7150  2.5224  1.7614  1.4867  1.3120  0.5558  0.1294 -0.2957 -0.9075 -1.3649 -1.4211  0.2672  0.7317
 230  1.078608  3.7129  2.4719  1.8038  1.4144  1.2229  0.4560  0.0253 -0.4037 -1.0220 -1.4847 -1.5417  0.1642  0.6345
 231  1.078926  3.7108  2.4242  1.8432  1.3488  1.1410  0.3636 -0.0714 -0.5042 -1.1291 -1.5970 -1.6549  0.0686  0.5448
 232  1.079218  3.7087  2.3771  1.8821  1.2842  1.0608  0.2730 -0.1663 -0.6031 -1.2347 -1.7080 -1.7668 -0.0253  0.4566
 233  1.079502  3.7065  2.3278  1.9227  1.2126  0.9768  0.1792 -0.2644 -0.7054 -1.3444 -1.8237 -1.8834 -0.1223  0.3648
 234  1.079750  3.7044  2.2815  1.9606  1.1424  0.8982  0.0922 -0.3550 -0.8004 -1.4467 -1.9322 -1.9927 -0.2122  0.2794
 235  1.079977  3.7023  2.2362  1.9976  1.0747  0.8222  0.0079 -0.4431 -0.8928 -1.5464 -2.0384 -2.0997 -0.2996  0.1965
 236  1.080194  3.7001  2.1901  2.0351  1.0086  0.7458 -0.0774 -0.5324 -0.9865 -1.6479 -2.1467 -2.2086 -0.3881  0.1130
 237  1.080406  3.6978  2.1417  2.0744  0.9483  0.6679 -0.1668 -0.6268 -1.0853 -1.7547 -2.2609 -2.3230 -0.4814  0.0266
 238  1.080590  3.6956  2.0974  2.1101  0.9018  0.5992 -0.2485 -0.7136 -1.1761 -1.8527 -2.3658 -2.4280 -0.5669 -0.0511
 239  1.080764  3.6935  2.0532  2.1458  0.8582  0.5314 -0.3297 -0.8004 -1.2669 -1.9507 -2.4705 -2.5328 -0.6523 -0.1282
 240  1.080924  3.6914  2.0111  2.1797  0.8186  0.4677 -0.4066 -0.8827 -1.3530 -2.0438 -2.5700 -2.6325 -0.7333 -0.2010
 241  1.081078  3.6894  1.9714  2.2114  0.7824  0.4091 -0.4778 -0.9589 -1.4331 -2.1308 -2.6631 -2.7260 -0.8082 -0.2684
 242  1.081219  3.6879  1.9420  2.2349  0.7541  0.3652 -0.5304 -1.0150 -1.4922 -2.1952 -2.7318 -2.7954 -0.8636 -0.3188
 243  1.081355  3.6878  1.9365  2.2399  0.7450  0.3544 -0.5421 -1.0271 -1.5046 -2.2081 -2.7451 -2.8088 -0.8756 -0.3303
 244  1.081502  3.6891  1.9594  2.2224  0.7619  0.3850 -0.5039 -0.9858 -1.4606 -2.1594 -2.6926 -2.7557 -0.8349 -0.2940
 245  1.081662  3.6876  1.9273  2.2485  0.7272  0.3346 -0.5631 -1.0485 -1.5264 -2.2305 -2.7679 -2.8317 -0.8969 -0.3510
 246  1.081815  3.6847  1.8720  2.2921  0.6796  0.2556 -0.6592 -1.1516 -1.6354 -2.3501 -2.8958 -2.9613 -0.9985 -0.4427
 247  1.081952  3.6820  1.8210  2.3324  0.6370  0.1829 -0.7479 -1.2468 -1.7361 -2.4606 -3.0138 -3.0812 -1.0922 -0.5274
 248  1.082079  3.6793  1.7710  2.3718  0.5982  0.1130 -0.8341 -1.3396 -1.8345 -2.5689 -3.1296 -3.1988 -1.1837 -0.6094
 249  1.082193  3.6767  1.7230  2.4097  0.5635  0.0471 -0.9161 -1.4282 -1.9286 -2.6726 -3.2408 -3.3117 -1.2709 -0.6871
 250  1.082300  3.6742  1.6753  2.4472  0.5309 -0.0176 -0.9971 -1.5159 -2.0218 -2.7757 -3.3513 -3.4240 -1.3573 -0.7637
 251  1.082397  3.6718  1.6291  2.4836  0.5009 -0.0796 -1.0751 -1.6007 -2.1119 -2.8754 -3.4583 -3.5328 -1.4407 -0.8373
 252  1.082487  3.6693  1.5838  2.5193  0.4728 -0.1397 -1.1510 -1.6832 -2.1999 -2.9729 -3.5630 -3.6393 -1.5220 -0.9089
 253  1.082569  3.6670  1.5397  2.5539  0.4469 -0.1977 -1.2245 -1.7632 -2.2852 -3.0676 -3.6647 -3.7427 -1.6007 -0.9780
 254  1.082646  3.6646  1.4957  2.5885  0.4233 -0.2546 -1.2972 -1.8426 -2.3701 -3.1620 -3.7664 -3.8461 -1.6790 -1.0462
 255  1.082718  3.6622  1.4525  2.6220  0.4044 -0.3081 -1.3667 -1.9191 -2.4521 -3.2538 -3.8657 -3.9472 -1.7542 -1.1110
 256  1.082783  3.6598  1.4106  2.6545  0.3886 -0.3589 -1.4334 -1.9926 -2.5311 -3.3426 -3.9619 -4.0452 -1.8266 -1.1729
 257  1.082844  3.6574  1.3691  2.6866  0.3748 -0.4082 -1.4987 -2.0650 -2.6090 -3.4303 -4.0571 -4.1422 -1.8977 -1.2332
 258  1.082900  3.6551  1.3284  2.7179  0.3634 -0.4553 -1.5618 -2.1352 -2.6850 -3.5161 -4.1504 -4.2372 -1.9669 -1.2912
 259  1.082953  3.6528  1.2884  2.7487  0.3539 -0.5008 -1.6232 -2.2038 -2.7593 -3.6003 -4.2420 -4.3308 -2.0344 -1.3474
 260  1.083003  3.6505  1.2492  2.7788  0.3462 -0.5443 -1.6826 -2.2704 -2.8317 -3.6825 -4.3315 -4.4223 -2.0999 -1.4016
 261  1.083048  3.6482  1.2107  2.8082  0.3408 -0.5858 -1.7399 -2.3350 -2.9020 -3.7627 -4.4191 -4.5118 -2.1635 -1.4534
 262  1.083092  3.6460  1.1727  2.8372  0.3372 -0.6259 -1.7959 -2.3983 -2.9713 -3.8418 -4.5056 -4.6004 -2.2259 -1.5038
 263  1.083132  3.6438  1.1355  2.8655  0.3356 -0.6640 -1.8498 -2.4596 -3.0385 -3.9189 -4.5900 -4.6868 -2.2862 -1.5519
 264  1.083170  3.6415  1.0986  2.8935  0.3363 -0.7007 -1.9024 -2.5198 -3.1047 -3.9951 -4.6738 -4.7726 -2.3455 -1.5985
 265  1.083205  3.6393  1.0629  2.9205  0.3389 -0.7352 -1.9526 -2.5776 -3.1685 -4.0687 -4.7547 -4.8556 -2.4024 -1.6426
 266  1.083239  3.6372  1.0275  2.9473  0.3432 -0.7685 -2.0017 -2.6345 -3.2315 -4.1415 -4.8346 -4.9378 -2.4584 -1.6854
 267  1.083270  3.6350  0.9925  2.9736  0.3495 -0.8001 -2.0493 -2.6899 -3.2931 -4.2131 -4.9132 -5.0188 -2.5130 -1.7264
 268  1.083300  3.6328  0.9580  2.9993  0.3592 -0.8293 -2.0948 -2.7435 -3.3530 -4.2831 -4.9905 -5.0986 -2.5657 -1.7650
 269  1.083328  3.6306  0.9242  3.0244  0.3704 -0.8568 -2.1385 -2.7953 -3.4111 -4.3514 -5.0659 -5.1765 -2.6167 -1.8015
 270  1.083354  3.6285  0.8909  3.0491  0.3830 -0.8830 -2.1809 -2.8459 -3.4681 -4.4185 -5.1401 -5.2534 -2.6666 -1.8365
 271  1.083379  3.6263  0.8580  3.0734  0.3967 -0.9081 -2.2222 -2.8955 -3.5242 -4.4846 -5.2133 -5.3292 -2.7154 -1.8702
 272  1.083403  3.6242  0.8258  3.0973  0.4110 -0.9321 -2.2621 -2.9437 -3.5788 -4.5492 -5.2849 -5.4033 -2.7630 -1.9025
 273  1.083425  3.6222  0.7944  3.1205  0.4256 -0.9550 -2.3007 -2.9904 -3.6319 -4.6121 -5.3547 -5.4756 -2.8091 -1.9333
 274  1.083446  3.6202  0.7634  3.1434  0.4410 -0.9768 -2.3381 -3.0361 -3.6840 -4.6739 -5.4235 -5.5468 -2.8542 -1.9628
 275  1.083467  3.6182  0.7331  3.1658  0.4567 -0.9975 -2.3742 -3.0804 -3.7347 -4.7342 -5.4907 -5.6163 -2.8980 -1.9909
 276  1.083486  3.6163  0.7037  3.1875  0.4727 -1.0170 -2.4087 -3.1231 -3.7838 -4.7926 -5.5559 -5.6838 -2.9402 -2.0176
 277  1.083504  3.6144  0.6749  3.2088  0.4895 -1.0353 -2.4420 -3.1646 -3.8317 -4.8498 -5.6199 -5.7500 -2.9812 -2.0428
 278  1.083521  3.6126  0.6477  3.2290  0.5058 -1.0522 -2.4731 -3.2036 -3.8768 -4.9039 -5.6804 -5.8126 -3.0198 -2.0661
 279  1.083560  3.6111  0.6237  3.2468  0.5203 -1.0669 -2.5006 -3.2381 -3.9168 -4.9516 -5.7336 -5.8680 -3.0540 -2.0864