#----------------------------------------------------       
#MIX-LEN  Y      Z          Zeff        [Fe/H] [a/Fe]
# 1.9380  0.3300 1.5308E-03 1.5308E-03  -1.00   0.00
#----------------------------------------------------       
#**PHOTOMETRIC SYSTEM**: Bessell UBV(RI)c + 2MASS JHKs + Kepler (Vega)
#----------------------------------------------------       

#AGE= 1.250 EEPS=275
#EEP   M/Mo    LogTeff  LogG   LogL/Lo U       B       V       R       I       J       H       Ks      Kp      D51     
   4  0.111168  3.5306  5.2704 -2.7105 16.7454 14.8315 13.0643 12.0457 10.9428  9.7423  9.1478  8.9539 12.1442 13.8884
   5  0.128684  3.5377  5.2144 -2.5626 16.1111 14.3220 12.6038 11.6081 10.5636  9.3925  8.7980  8.5999 11.7256 13.4037
   6  0.153000  3.5467  5.1586 -2.3958 15.4045 13.7433 12.0837 11.1129 10.1348  8.9999  8.4071  8.2055 11.2505 12.8535
   7  0.191846  3.5600  5.1074 -2.1933 14.5377 13.0218 11.4428 10.5051  9.6123  8.5289  7.9403  7.7369 10.6659 12.1703
   8  0.232007  3.5694  5.0682 -2.0338 13.9087 12.4805 10.9575 10.0436  9.2042  8.1558  7.5697  7.3662 10.2169 11.6542
   9  0.252741  3.5735  5.0474 -1.9595 13.6263 12.2348 10.7359  9.8329  9.0149  7.9812  7.3958  7.1924 10.0105 11.4185
  10  0.261888  3.5751  5.0363 -1.9264 13.5049 12.1283 10.6392  9.7407  8.9310  7.9032  7.3179  7.1146  9.9200 11.3159
  11  0.267113  3.5760  5.0289 -1.9069 13.4347 12.0663 10.5826  9.6867  8.8815  7.8568  7.2716  7.0683  9.8668 11.2561
  12  0.270643  3.5766  5.0231 -1.8930 13.3856 12.0228 10.5428  9.6486  8.8464  7.8238  7.2386  7.0353  9.8293 11.2140
  13  0.273669  3.5771  5.0179 -1.8810 13.3434 11.9854 10.5086  9.6158  8.8162  7.7953  7.2101  7.0068  9.7970 11.1778
  14  0.276281  3.5775  5.0131 -1.8704 13.3064 11.9524 10.4783  9.5868  8.7893  7.7698  7.1846  6.9813  9.7683 11.1459
  15  0.279037  3.5780  5.0082 -1.8594 13.2682 11.9184 10.4471  9.5569  8.7616  7.7437  7.1585  6.9552  9.7388 11.1129
  16  0.282470  3.5785  5.0030 -1.8466 13.2231 11.8784 10.4105  9.5219  8.7294  7.7133  7.1281  6.9249  9.7043 11.0742
  17  0.287438  3.5793  4.9967 -1.8295 13.1618 11.8241 10.3610  9.4748  8.6861  7.6729  7.0876  6.8845  9.6578 11.0217
  18  0.295634  3.5807  4.9877 -1.8028 13.0634 11.7376 10.2826  9.4005  8.6182  7.6099  7.0246  6.8219  9.5846 10.9382
  19  0.367913  3.5986  4.9079 -1.5564 12.0732 10.8820  9.5272  8.7021  7.9894  7.0418  6.4547  6.2649  8.8934 10.1197
  20  0.380072  3.6028  4.8912 -1.5088 11.8753 10.7095  9.3775  8.5665  7.8677  6.9335  6.3450  6.1605  8.7583  9.9568
  21  0.390361  3.6067  4.8766 -1.4671 11.7009 10.5569  9.2456  8.4476  7.7611  6.8389  6.2485  6.0696  8.6396  9.8131
  22  0.401868  3.6114  4.8609 -1.4199 11.5014 10.3815  9.0948  8.3129  7.6407  6.7328  6.1393  5.9681  8.5047  9.6487
  23  0.413749  3.6168  4.8454 -1.3700 11.2865 10.1913  8.9327  8.1694  7.5136  6.6214  6.0240  5.8625  8.3608  9.4717
  24  0.425059  3.6225  4.8313 -1.3214 11.0757 10.0022  8.7725  8.0289  7.3900  6.5138  5.9120  5.7612  8.2195  9.2972
  25  0.435631  3.6284  4.8193 -1.2755 10.8787  9.8220  8.6200  7.8958  7.2737  6.4125  5.8075  5.6670  8.0853  9.1323
  26  0.445520  3.6341  4.8093 -1.2327 10.6928  9.6509  8.4762  7.7711  7.1657  6.3189  5.7126  5.5817  7.9595  8.9769
  27  0.454472  3.6395  4.8012 -1.1943 10.5166  9.4907  8.3430  7.6572  7.0685  6.2360  5.6306  5.5082  7.8441  8.8322
  28  0.462011  3.6444  4.7954 -1.1617 10.3605  9.3517  8.2284  7.5603  6.9864  6.1669  5.5643  5.4488  7.7455  8.7065
  29  0.468386  3.6488  4.7911 -1.1339 10.2210  9.2313  8.1296  7.4772  6.9161  6.1085  5.5100  5.3999  7.6606  8.5964
  30  0.474391  3.6531  4.7875 -1.1077 10.0834  9.1163  8.0355  7.3986  6.8497  6.0540  5.4608  5.3554  7.5801  8.4899
  31  0.480999  3.6579  4.7842 -1.0791  9.9245  8.9894  7.9321  7.3128  6.7772  5.9956  5.4097  5.3094  7.4920  8.3695
  32  0.489678  3.6643  4.7805 -1.0423  9.7094  8.8258  7.7992  7.2032  6.6840  5.9218  5.3477  5.2534  7.3787  8.2109
  33  0.502860  3.6736  4.7752 -0.9879  9.3787  8.5882  7.6058  7.0436  6.5462  5.8143  5.2612  5.1744  7.2131  7.9742
  34  0.523071  3.6881  4.7677 -0.9055  8.8655  8.2391  7.3206  6.8066  6.3381  5.6557  5.1417  5.0640  6.9665  7.6212
  35  0.553408  3.7088  4.7560 -0.7863  8.1479  7.7605  6.9332  6.4769  6.0456  5.4331  4.9772  4.9098  6.6241  7.1594
  36  0.723872  3.7929  4.6416 -0.2188  5.6539  5.8626  5.3860  5.0853  4.7812  4.3953  4.1148  4.0853  5.1858  5.4918
  37  0.735105  3.7973  4.6320 -0.1850  5.5426  5.7612  5.3002  5.0073  4.7102  4.3329  4.0581  4.0314  5.1051  5.4021
  38  0.747453  3.8019  4.6214 -0.1491  5.4286  5.6548  5.2088  4.9236  4.6336  4.2659  3.9982  3.9737  5.0187  5.3068
  39  0.761145  3.8065  4.6096 -0.1107  5.3119  5.5435  5.1114  4.8335  4.5505  4.1933  3.9343  3.9111  4.9261  5.2056
  40  0.774051  3.8106  4.5981 -0.0755  5.2068  5.4425  5.0220  4.7507  4.4740  4.1259  3.8744  3.8526  4.8410  5.1130
  41  0.787539  3.8148  4.5860 -0.0393  5.1008  5.3392  4.9302  4.6655  4.3951  4.0563  3.8123  3.7918  4.7535  5.0179
  42  0.802395  3.8193  4.5726  0.0005  4.9865  5.2258  4.8293  4.5719  4.3086  3.9799  3.7445  3.7253  4.6573  4.9134
  43  0.816949  3.8238  4.5590  0.0398  4.8763  5.1141  4.7292  4.4791  4.2229  3.9040  3.6773  3.6590  4.5620  4.8096
  44  0.831798  3.8283  4.5450  0.0797  4.7658  5.0010  4.6276  4.3850  4.1362  3.8271  3.6091  3.5917  4.4653  4.7045
  45  0.848981  3.8336  4.5301  0.1246  4.6426  4.8736  4.5131  4.2792  4.0389  3.7414  3.5336  3.5173  4.3565  4.5859
  46  0.870861  3.8405  4.5136  0.1797  4.4941  4.7169  4.3723  4.1495  3.9206  3.6383  3.4445  3.4289  4.2229  4.4397
  47  0.892125  3.8474  4.4993  0.2319  4.3564  4.5672  4.2382  4.0272  3.8103  3.5425  3.3629  3.3479  4.0965  4.3003
  48  0.907878  3.8525  4.4889  0.2703  4.2592  4.4563  4.1398  3.9384  3.7310  3.4734  3.3042  3.2900  4.0042  4.1976
  49  0.920302  3.8565  4.4806  0.3006  4.1830  4.3691  4.0622  3.8683  3.6685  3.4188  3.2579  3.2442  3.9313  4.1166
  50  0.931218  3.8600  4.4735  0.3270  4.1137  4.2938  3.9940  3.8058  3.6121  3.3704  3.2171  3.2031  3.8668  4.0458
  51  0.941524  3.8635  4.4673  0.3519  4.0477  4.2236  3.9299  3.7469  3.5589  3.3252  3.1795  3.1650  3.8062  3.9794
  52  0.949151  3.8661  4.4632  0.3700  3.9994  4.1721  3.8830  3.7039  3.5203  3.2927  3.1528  3.1379  3.7618  3.9307
  53  0.956987  3.8690  4.4596  0.3885  3.9505  4.1192  3.8351  3.6603  3.4816  3.2604  3.1265  3.1113  3.7168  3.8809
  54  0.964844  3.8719  4.4563  0.4070  3.9046  4.0654  3.7874  3.6181  3.4451  3.2297  3.1018  3.0866  3.6726  3.8309
  55  0.972564  3.8748  4.4535  0.4251  3.8605  4.0125  3.7409  3.5773  3.4102  3.2005  3.0785  3.0635  3.6296  3.7819
  56  0.980069  3.8778  4.4511  0.4425  3.8181  3.9612  3.6959  3.5380  3.3769  3.1728  3.0567  3.0419  3.5882  3.7346
  57  0.987303  3.8807  4.4492  0.4593  3.7770  3.9120  3.6528  3.5004  3.3451  3.1466  3.0362  3.0216  3.5485  3.6892
  58  0.994262  3.8835  4.4477  0.4753  3.7352  3.8656  3.6114  3.4636  3.3134  3.1209  3.0162  3.0014  3.5101  3.6460
  59  1.000943  3.8863  4.4464  0.4907  3.6945  3.8215  3.5720  3.4283  3.2828  3.0964  2.9973  2.9822  3.4733  3.6048
  60  1.007393  3.8891  4.4455  0.5054  3.6551  3.7792  3.5341  3.3944  3.2537  3.0732  2.9795  2.9641  3.4380  3.5653
  61  1.013653  3.8918  4.4449  0.5197  3.6169  3.7383  3.4976  3.3620  3.2260  3.0513  2.9629  2.9472  3.4041  3.5272
  62  1.019788  3.8946  4.4446  0.5336  3.5809  3.6982  3.4622  3.3310  3.2000  3.0308  2.9474  2.9317  3.3714  3.4900
  63  1.025857  3.8973  4.4444  0.5474  3.5458  3.6587  3.4275  3.3009  3.1750  3.0111  2.9326  2.9170  3.3396  3.4535
  64  1.031885  3.9001  4.4443  0.5610  3.5112  3.6196  3.3933  3.2713  3.1506  2.9918  2.9181  2.9026  3.3082  3.4176
  65  1.037901  3.9028  4.4441  0.5745  3.4771  3.5809  3.3594  3.2420  3.1266  2.9728  2.9038  2.8885  3.2772  3.3819
  66  1.043940  3.9055  4.4439  0.5881  3.4430  3.5420  3.3256  3.2128  3.1025  2.9538  2.8895  2.8742  3.2461  3.3463
  67  1.050024  3.9082  4.4435  0.6017  3.4087  3.5031  3.2917  3.1835  3.0784  2.9346  2.8751  2.8599  3.2150  3.3106
  68  1.056149  3.9108  4.4430  0.6153  3.3742  3.4642  3.2577  3.1540  3.0542  2.9153  2.8605  2.8452  3.1837  3.2748
  69  1.062323  3.9135  4.4424  0.6290  3.3394  3.4253  3.2236  3.1245  3.0299  2.8959  2.8457  2.8305  3.1524  3.2390
  70  1.068509  3.9161  4.4418  0.6427  3.3045  3.3867  3.1897  3.0950  3.0057  2.8765  2.8307  2.8157  3.1212  3.2034
  71  1.074687  3.9187  4.4411  0.6564  3.2696  3.3487  3.1563  3.0659  2.9818  2.8571  2.8157  2.8007  3.0904  3.1684
  72  1.080844  3.9213  4.4403  0.6700  3.2352  3.3113  3.1235  3.0373  2.9582  2.8379  2.8006  2.7857  3.0602  3.1340
  73  1.086953  3.9238  4.4394  0.6834  3.2013  3.2746  3.0917  3.0095  2.9352  2.8190  2.7856  2.7708  3.0307  3.1006
  74  1.093033  3.9263  4.4384  0.6967  3.1682  3.2386  3.0608  2.9827  2.9127  2.8006  2.7706  2.7559  3.0020  3.0681
  75  1.099075  3.9287  4.4373  0.7099  3.1358  3.2031  3.0309  2.9568  2.8908  2.7828  2.7559  2.7412  2.9740  3.0366
  76  1.105098  3.9310  4.4360  0.7229  3.1041  3.1683  3.0020  2.9317  2.8694  2.7653  2.7412  2.7265  2.9469  3.0061
  77  1.111171  3.9334  4.4346  0.7360  3.0725  3.1339  2.9735  2.9070  2.8481  2.7478  2.7264  2.7117  2.9201  2.9761
  78  1.117310  3.9357  4.4330  0.7492  3.0409  3.0997  2.9452  2.8823  2.8268  2.7300  2.7111  2.6965  2.8933  2.9463
  79  1.123513  3.9379  4.4313  0.7624  3.0091  3.0659  2.9170  2.8575  2.8052  2.7120  2.6954  2.6808  2.8666  2.9166
  80  1.129770  3.9402  4.4293  0.7757  2.9772  3.0324  2.8889  2.8327  2.7835  2.6937  2.6793  2.6648  2.8399  2.8872
  81  1.136077  3.9423  4.4271  0.7890  2.9452  2.9993  2.8609  2.8078  2.7615  2.6749  2.6627  2.6483  2.8132  2.8579
  82  1.140420  3.9438  4.4255  0.7981  2.9232  2.9768  2.8417  2.7906  2.7462  2.6618  2.6509  2.6367  2.7949  2.8379
  83  1.144750  3.9452  4.4237  0.8071  2.9013  2.9547  2.8226  2.7734  2.7308  2.6486  2.6390  2.6249  2.7766  2.8181
  84  1.149067  3.9465  4.4218  0.8160  2.8796  2.9329  2.8037  2.7562  2.7155  2.6353  2.6269  2.6130  2.7585  2.7985
  85  1.153375  3.9478  4.4197  0.8249  2.8580  2.9113  2.7849  2.7391  2.7001  2.6218  2.6146  2.6009  2.7404  2.7791
  86  1.157716  3.9491  4.4175  0.8338  2.8363  2.8898  2.7660  2.7218  2.6844  2.6080  2.6020  2.5884  2.7222  2.7596
  87  1.162103  3.9503  4.4152  0.8427  2.8144  2.8683  2.7470  2.7043  2.6685  2.5939  2.5889  2.5756  2.7038  2.7400
  88  1.166541  3.9515  4.4126  0.8517  2.7924  2.8466  2.7278  2.6866  2.6523  2.5795  2.5755  2.5623  2.6853  2.7202
  89  1.171039  3.9527  4.4099  0.8608  2.7702  2.8249  2.7084  2.6685  2.6358  2.5646  2.5616  2.5486  2.6665  2.7003
  90  1.175567  3.9538  4.4069  0.8699  2.7479  2.8031  2.6888  2.6503  2.6189  2.5494  2.5474  2.5345  2.6475  2.6803
  91  1.180130  3.9549  4.4038  0.8790  2.7254  2.7812  2.6690  2.6318  2.6018  2.5338  2.5327  2.5200  2.6283  2.6601
  92  1.184719  3.9559  4.4004  0.8882  2.7029  2.7592  2.6492  2.6131  2.5844  2.5179  2.5176  2.5051  2.6089  2.6398
  93  1.189300  3.9569  4.3970  0.8973  2.6803  2.7373  2.6292  2.5943  2.5669  2.5017  2.5023  2.4900  2.5895  2.6195
  94  1.193866  3.9579  4.3934  0.9064  2.6578  2.7155  2.6094  2.5755  2.5493  2.4855  2.4869  2.4748  2.5701  2.5992
  95  1.198386  3.9588  4.3897  0.9154  2.6355  2.6938  2.5896  2.5567  2.5316  2.4691  2.4712  2.4593  2.5507  2.5791
  96  1.202797  3.9597  4.3859  0.9243  2.6136  2.6726  2.5700  2.5381  2.5141  2.4528  2.4556  2.4438  2.5316  2.5592
  97  1.207127  3.9605  4.3820  0.9331  2.5918  2.6515  2.5507  2.5196  2.4967  2.4366  2.4400  2.4284  2.5127  2.5396
  98  1.211390  3.9613  4.3782  0.9418  2.5702  2.6308  2.5315  2.5014  2.4795  2.4205  2.4246  2.4131  2.4939  2.5201
  99  1.215562  3.9622  4.3744  0.9504  2.5489  2.6103  2.5126  2.4833  2.4624  2.4045  2.4092  2.3979  2.4754  2.5010
 100  1.219610  3.9630  4.3706  0.9588  2.5280  2.5902  2.4941  2.4656  2.4457  2.3890  2.3943  2.3832  2.4572  2.4822
 101  1.223487  3.9638  4.3672  0.9671  2.5074  2.5706  2.4762  2.4486  2.4296  2.3741  2.3801  2.3691  2.4397  2.4640
 102  1.227162  3.9647  4.3640  0.9752  2.4874  2.5518  2.4590  2.4322  2.4143  2.3600  2.3666  2.3558  2.4228  2.4465
 103  1.230604  3.9657  4.3612  0.9830  2.4681  2.5337  2.4427  2.4168  2.4000  2.3469  2.3542  2.3436  2.4069  2.4299
 104  1.233785  3.9667  4.3589  0.9905  2.4495  2.5166  2.4273  2.4024  2.3867  2.3350  2.3430  2.3327  2.3920  2.4143
 105  1.236661  3.9679  4.3573  0.9977  2.4316  2.5006  2.4134  2.3895  2.3749  2.3249  2.3337  2.3236  2.3784  2.3999
 106  1.239261  3.9690  4.3559  1.0045  2.4149  2.4857  2.4003  2.3774  2.3640  2.3154  2.3250  2.3151  2.3658  2.3866
 107  1.241569  3.9703  4.3554  1.0110  2.3990  2.4720  2.3888  2.3669  2.3548  2.3080  2.3184  2.3087  2.3547  2.3747
 108  1.243552  3.9717  4.3555  1.0171  2.3841  2.4597  2.3787  2.3579  2.3471  2.3022  2.3135  2.3041  2.3450  2.3642
 109  1.245261  3.9730  4.3557  1.0228  2.3702  2.4483  2.3695  2.3497  2.3401  2.2970  2.3091  2.3000  2.3362  2.3546
 110  1.246745  3.9744  4.3563  1.0282  2.3570  2.4378  2.3611  2.3425  2.3341  2.2928  2.3058  2.2969  2.3283  2.3459
 111  1.248034  3.9757  4.3571  1.0334  2.3444  2.4281  2.3535  2.3359  2.3287  2.2892  2.3030  2.2945  2.3211  2.3379
 112  1.249704  3.9779  4.3584  1.0412  2.3255  2.4137  2.3424  2.3263  2.3210  2.2843  2.2993  2.2912  2.3106  2.3263
 113  1.251122  3.9799  4.3594  1.0488  2.3071  2.3997  2.3314  2.3168  2.3131  2.2791  2.2953  2.2876  2.3002  2.3148
 114  1.252385  3.9817  4.3596  1.0564  2.2887  2.3854  2.3199  2.3065  2.3044  2.2727  2.2899  2.2826  2.2891  2.3029
 115  1.254130  3.9833  4.3588  1.0642  2.2696  2.3700  2.3069  2.2946  2.2938  2.2642  2.2822  2.2752  2.2766  2.2895
 116  1.256749  3.9844  4.3561  1.0719  2.2507  2.3534  2.2919  2.2803  2.2804  2.2520  2.2706  2.2639  2.2618  2.2743
 117  1.259343  3.9852  4.3529  1.0793  2.2324  2.3370  2.2768  2.2658  2.2666  2.2392  2.2582  2.2517  2.2469  2.2591
 118  1.261869  3.9859  4.3493  1.0866  2.2142  2.3205  2.2615  2.2510  2.2524  2.2259  2.2453  2.2389  2.2318  2.2436
 119  1.264526  3.9865  4.3454  1.0938  2.1962  2.3038  2.2458  2.2357  2.2377  2.2119  2.2316  2.2254  2.2163  2.2278
 120  1.267212  3.9870  4.3414  1.1009  2.1785  2.2874  2.2304  2.2206  2.2231  2.1980  2.2179  2.2118  2.2010  2.2122
 121  1.269861  3.9875  4.3374  1.1079  2.1612  2.2713  2.2151  2.2058  2.2087  2.1842  2.2044  2.1985  2.1859  2.1969
 122  1.272473  3.9880  4.3334  1.1147  2.1440  2.2553  2.2000  2.1910  2.1944  2.1705  2.1909  2.1852  2.1709  2.1816
 123  1.275051  3.9885  4.3294  1.1215  2.1270  2.2394  2.1850  2.1763  2.1801  2.1568  2.1774  2.1718  2.1560  2.1665
 124  1.277596  3.9890  4.3253  1.1283  2.1102  2.2236  2.1700  2.1616  2.1658  2.1430  2.1639  2.1584  2.1411  2.1514
 125  1.280108  3.9894  4.3211  1.1349  2.0935  2.2080  2.1551  2.1469  2.1516  2.1293  2.1503  2.1449  2.1263  2.1364
 126  1.282585  3.9898  4.3170  1.1415  2.0769  2.1924  2.1402  2.1324  2.1374  2.1156  2.1368  2.1315  2.1115  2.1215
 127  1.285032  3.9901  4.3127  1.1481  2.0605  2.1769  2.1254  2.1178  2.1232  2.1018  2.1231  2.1180  2.0968  2.1066
 128  1.287444  3.9905  4.3085  1.1545  2.0443  2.1615  2.1106  2.1033  2.1090  2.0880  2.1095  2.1045  2.0821  2.0918
 129  1.289824  3.9908  4.3041  1.1610  2.0281  2.1462  2.0959  2.0888  2.0948  2.0742  2.0959  2.0910  2.0675  2.0770
 130  1.292170  3.9911  4.2997  1.1674  2.0121  2.1309  2.0812  2.0743  2.0806  2.0604  2.0822  2.0774  2.0529  2.0622
 131  1.294484  3.9914  4.2953  1.1737  1.9962  2.1157  2.0665  2.0599  2.0665  2.0465  2.0684  2.0637  2.0383  2.0475
 132  1.296765  3.9916  4.2908  1.1800  1.9804  2.1005  2.0519  2.0454  2.0523  2.0327  2.0547  2.0501  2.0237  2.0328
 133  1.299013  3.9919  4.2863  1.1862  1.9647  2.0854  2.0373  2.0310  2.0381  2.0187  2.0409  2.0363  2.0092  2.0182
 134  1.301220  3.9921  4.2817  1.1924  1.9491  2.0704  2.0227  2.0166  2.0239  2.0048  2.0270  2.0225  1.9947  2.0035
 135  1.303355  3.9923  4.2771  1.1984  1.9339  2.0556  2.0083  2.0023  2.0099  1.9910  2.0133  2.0089  1.9803  1.9891
 136  1.305419  3.9924  4.2725  1.2044  1.9189  2.0410  1.9941  1.9883  1.9960  1.9773  1.9996  1.9953  1.9662  1.9749
 137  1.307429  3.9926  4.2678  1.2102  1.9041  2.0265  1.9800  1.9743  1.9822  1.9636  1.9860  1.9818  1.9521  1.9607
 138  1.309395  3.9927  4.2632  1.2160  1.8894  2.0121  1.9659  1.9603  1.9685  1.9500  1.9724  1.9682  1.9381  1.9467
 139  1.311319  3.9928  4.2584  1.2218  1.8748  1.9977  1.9518  1.9463  1.9546  1.9362  1.9587  1.9546  1.9240  1.9325
 140  1.313214  3.9928  4.2536  1.2275  1.8603  1.9833  1.9377  1.9323  1.9408  1.9224  1.9449  1.9408  1.9100  1.9184
 141  1.315083  3.9929  4.2487  1.2332  1.8458  1.9689  1.9236  1.9183  1.9268  1.9085  1.9310  1.9270  1.8959  1.9043
 142  1.316929  3.9929  4.2437  1.2389  1.8314  1.9545  1.9094  1.9041  1.9128  1.8945  1.9170  1.9130  1.8817  1.8900
 143  1.318755  3.9929  4.2386  1.2446  1.8169  1.9399  1.8950  1.8898  1.8986  1.8802  1.9027  1.8988  1.8673  1.8757
 144  1.320566  3.9929  4.2333  1.2503  1.8024  1.9253  1.8806  1.8754  1.8843  1.8659  1.8884  1.8844  1.8529  1.8613
 145  1.322359  3.9928  4.2280  1.2560  1.7879  1.9106  1.8660  1.8608  1.8697  1.8512  1.8737  1.8698  1.8383  1.8466
 146  1.324135  3.9927  4.2225  1.2617  1.7734  1.8957  1.8512  1.8461  1.8550  1.8364  1.8588  1.8549  1.8236  1.8319
 147  1.325897  3.9926  4.2168  1.2674  1.7589  1.8807  1.8363  1.8311  1.8401  1.8213  1.8436  1.8397  1.8086  1.8170
 148  1.327641  3.9924  4.2110  1.2731  1.7443  1.8656  1.8212  1.8160  1.8250  1.8059  1.8282  1.8243  1.7935  1.8019
 149  1.329367  3.9922  4.2051  1.2788  1.7297  1.8504  1.8059  1.8007  1.8096  1.7903  1.8124  1.8085  1.7782  1.7867
 150  1.331075  3.9920  4.1989  1.2845  1.7151  1.8350  1.7904  1.7851  1.7941  1.7743  1.7964  1.7925  1.7627  1.7712
 151  1.332761  3.9917  4.1926  1.2902  1.7004  1.8194  1.7747  1.7694  1.7782  1.7580  1.7800  1.7760  1.7470  1.7556
 152  1.334424  3.9913  4.1860  1.2959  1.6858  1.8037  1.7588  1.7534  1.7621  1.7415  1.7632  1.7593  1.7311  1.7397
 153  1.336063  3.9909  4.1793  1.3016  1.6712  1.7879  1.7427  1.7372  1.7457  1.7246  1.7462  1.7421  1.7150  1.7237
 154  1.337676  3.9905  4.1723  1.3073  1.6566  1.7719  1.7264  1.7207  1.7291  1.7073  1.7287  1.7246  1.6986  1.7075
 155  1.339259  3.9899  4.1651  1.3129  1.6421  1.7558  1.7099  1.7040  1.7122  1.6898  1.7109  1.7067  1.6820  1.6911
 156  1.340813  3.9894  4.1577  1.3185  1.6276  1.7395  1.6932  1.6871  1.6950  1.6718  1.6927  1.6884  1.6653  1.6745
 157  1.342335  3.9887  4.1500  1.3241  1.6132  1.7231  1.6763  1.6699  1.6776  1.6535  1.6741  1.6697  1.6483  1.6577
 158  1.343824  3.9880  4.1422  1.3296  1.5988  1.7067  1.6593  1.6526  1.6599  1.6350  1.6552  1.6507  1.6312  1.6408
 159  1.345276  3.9872  4.1340  1.3351  1.5846  1.6901  1.6420  1.6350  1.6419  1.6159  1.6358  1.6312  1.6138  1.6236
 160  1.346691  3.9864  4.1256  1.3406  1.5705  1.6735  1.6246  1.6172  1.6237  1.5966  1.6160  1.6113  1.5962  1.6063
 161  1.348069  3.9855  4.1170  1.3460  1.5565  1.6567  1.6070  1.5992  1.6051  1.5769  1.5959  1.5909  1.5785  1.5889
 162  1.349685  3.9842  4.1061  1.3524  1.5398  1.6364  1.5854  1.5771  1.5823  1.5524  1.5708  1.5657  1.5567  1.5676
 163  1.351306  3.9828  4.0943  1.3590  1.5227  1.6151  1.5627  1.5537  1.5581  1.5263  1.5439  1.5385  1.5337  1.5451
 164  1.352925  3.9811  4.0815  1.3657  1.5053  1.5929  1.5388  1.5290  1.5324  1.4984  1.5152  1.5095  1.5095  1.5215
 165  1.354540  3.9792  4.0675  1.3725  1.4876  1.5696  1.5135  1.5027  1.5050  1.4684  1.4842  1.4782  1.4839  1.4965
 166  1.356149  3.9770  4.0522  1.3795  1.4697  1.5454  1.4868  1.4748  1.4756  1.4361  1.4507  1.4443  1.4567  1.4702
 167  1.357746  3.9744  4.0353  1.3866  1.4515  1.5200  1.4584  1.4450  1.4441  1.4010  1.4142  1.4073  1.4278  1.4423
 168  1.359329  3.9714  4.0166  1.3938  1.4332  1.4935  1.4283  1.4132  1.4101  1.3629  1.3744  1.3669  1.3970  1.4129
 169  1.360890  3.9679  3.9957  1.4011  1.4151  1.4659  1.3964  1.3791  1.3734  1.3213  1.3306  1.3224  1.3642  1.3817
 170  1.362419  3.9638  3.9724  1.4083  1.3974  1.4373  1.3629  1.3430  1.3339  1.2758  1.2825  1.2734  1.3295  1.3491
 171  1.363906  3.9589  3.9462  1.4156  1.3803  1.4080  1.3277  1.3045  1.2912  1.2260  1.2293  1.2193  1.2929  1.3150
 172  1.365339  3.9533  3.9170  1.4226  1.3638  1.3786  1.2913  1.2638  1.2452  1.1716  1.1707  1.1595  1.2545  1.2800
 173  1.366703  3.9467  3.8845  1.4294  1.3479  1.3503  1.2545  1.2212  1.1957  1.1122  1.1061  1.0936  1.2149  1.2452
 174  1.367984  3.9393  3.8488  1.4357  1.3343  1.3247  1.2184  1.1778  1.1436  1.0484  1.0356  1.0219  1.1752  1.2116
 175  1.369172  3.9309  3.8100  1.4415  1.3242  1.3039  1.1844  1.1346  1.0898  0.9811  0.9599  0.9450  1.1367  1.1809
 176  1.370261  3.9217  3.7686  1.4464  1.3172  1.2934  1.1553  1.0927  1.0344  0.9107  0.8795  0.8634  1.1012  1.1567
 177  1.371248  3.9118  3.7251  1.4506  1.3124  1.2979  1.1338  1.0535  0.9780  0.8379  0.7947  0.7779  1.0709  1.1426
 178  1.372138  3.9013  3.6802  1.4539  1.3133  1.3066  1.1192  1.0210  0.9268  0.7675  0.7094  0.6917  1.0466  1.1352
 179  1.372937  3.8904  3.6343  1.4563  1.3191  1.3210  1.1114  0.9944  0.8798  0.6997  0.6238  0.6053  1.0278  1.1347
 180  1.373654  3.8792  3.5881  1.4578  1.3281  1.3426  1.1092  0.9724  0.8364  0.6342  0.5377  0.5187  1.0138  1.1405
 181  1.374298  3.8677  3.5417  1.4585  1.3414  1.3689  1.1121  0.9552  0.7972  0.5715  0.4531  0.4333  1.0042  1.1516
 182  1.374893  3.8558  3.4941  1.4585  1.3589  1.4014  1.1192  0.9414  0.7606  0.5095  0.3671  0.3467  0.9982  1.1676
 183  1.375470  3.8433  3.4454  1.4576  1.3833  1.4395  1.1306  0.9313  0.7275  0.4487  0.2803  0.2589  0.9957  1.1883
 184  1.376043  3.8309  3.3979  1.4557  1.4142  1.4830  1.1459  0.9252  0.6989  0.3917  0.1968  0.1744  0.9972  1.2133
 185  1.376622  3.8192  3.3547  1.4524  1.4522  1.5304  1.1649  0.9243  0.6772  0.3428  0.1228  0.0990  1.0031  1.2417
 186  1.377210  3.8086  3.3173  1.4474  1.4975  1.5810  1.1882  0.9294  0.6636  0.3037  0.0603  0.0352  1.0144  1.2736
 187  1.377811  3.7995  3.2884  1.4403  1.5479  1.6335  1.2159  0.9416  0.6601  0.2782  0.0146 -0.0118  1.0317  1.3088
 188  1.378395  3.7919  3.2672  1.4309  1.6028  1.6881  1.2480  0.9606  0.6660  0.2651 -0.0157 -0.0435  1.0551  1.3474
 189  1.378936  3.7854  3.2527  1.4196  1.6570  1.7444  1.2852  0.9870  0.6809  0.2635 -0.0321 -0.0612  1.0850  1.3896
 190  1.379432  3.7798  3.2433  1.4069  1.7137  1.8068  1.3244  1.0141  0.6974  0.2686 -0.0371 -0.0693  1.1164  1.4346
 191  1.379889  3.7750  3.2379  1.3931  1.7772  1.8663  1.3644  1.0450  0.7200  0.2794 -0.0374 -0.0713  1.1505  1.4796
 192  1.380327  3.7706  3.2351  1.3787  1.8436  1.9235  1.4054  1.0788  0.7470  0.2942 -0.0335 -0.0683  1.1866  1.5247
 193  1.380778  3.7665  3.2335  1.3641  1.9080  1.9811  1.4473  1.1136  0.7751  0.3117 -0.0250 -0.0611  1.2238  1.5703
 194  1.381287  3.7625  3.2312  1.3506  1.9712  2.0365  1.4869  1.1462  0.8010  0.3273 -0.0179 -0.0556  1.2587  1.6136
 195  1.381882  3.7586  3.2258  1.3406  2.0273  2.0827  1.5174  1.1699  0.8182  0.3344 -0.0193 -0.0585  1.2845  1.6478
 196  1.382566  3.7550  3.2166  1.3355  2.0711  2.1159  1.5356  1.1818  0.8242  0.3308 -0.0308 -0.0715  1.2985  1.6695
 197  1.383359  3.7518  3.2034  1.3359  2.0993  2.1334  1.5396  1.1802  0.8173  0.3152 -0.0536 -0.0956  1.2986  1.6766
 198  1.384165  3.7493  3.1875  1.3421  2.1076  2.1324  1.5283  1.1645  0.7976  0.2886 -0.0859 -0.1287  1.2843  1.6676
 199  1.384909  3.7474  3.1709  1.3515  2.1022  2.1194  1.5078  1.1408  0.7709  0.2567 -0.1220 -0.1656  1.2616  1.6488
 200  1.385597  3.7460  3.1544  1.3624  2.0898  2.1006  1.4830  1.1137  0.7414  0.2231 -0.1590 -0.2031  1.2352  1.6255
 201  1.386256  3.7447  3.1381  1.3740  2.0740  2.0790  1.4563  1.0849  0.7107  0.1887 -0.1964 -0.2409  1.2070  1.6000
 202  1.386899  3.7436  3.1219  1.3859  2.0556  2.0554  1.4283  1.0550  0.6790  0.1539 -0.2339 -0.2787  1.1777  1.5730
 203  1.387530  3.7426  3.1058  1.3983  2.0356  2.0305  1.3993  1.0243  0.6468  0.1187 -0.2714 -0.3166  1.1475  1.5449
 204  1.388151  3.7417  3.0898  1.4108  2.0141  2.0045  1.3695  0.9930  0.6140  0.0832 -0.3091 -0.3546  1.1167  1.5160
 205  1.388765  3.7409  3.0738  1.4236  1.9915  1.9776  1.3391  0.9612  0.5808  0.0476 -0.3468 -0.3926  1.0853  1.4865
 206  1.389373  3.7401  3.0578  1.4366  1.9681  1.9502  1.3082  0.9288  0.5471  0.0116 -0.3846 -0.4307  1.0534  1.4564
 207  1.389975  3.7393  3.0418  1.4497  1.9438  1.9221  1.2768  0.8961  0.5130 -0.0246 -0.4223 -0.4688  1.0210  1.4258
 208  1.390571  3.7386  3.0259  1.4630  1.9190  1.8936  1.2451  0.8630  0.4787 -0.0609 -0.4601 -0.5070  0.9883  1.3949
 209  1.391163  3.7379  3.0099  1.4763  1.8939  1.8647  1.2131  0.8297  0.4442 -0.0974 -0.4980 -0.5453  0.9554  1.3636
 210  1.391749  3.7372  2.9939  1.4898  1.8683  1.8355  1.1808  0.7960  0.4093 -0.1341 -0.5361 -0.5837  0.9222  1.3320
 211  1.392331  3.7365  2.9776  1.5034  1.8427  1.8062  1.1483  0.7621  0.3741 -0.1712 -0.5746 -0.6226  0.8887  1.3002
 212  1.392907  3.7358  2.9614  1.5171  1.8167  1.7764  1.1154  0.7279  0.3388 -0.2085 -0.6132 -0.6616  0.8549  1.2681
 213  1.393479  3.7351  2.9450  1.5309  1.7904  1.7464  1.0823  0.6935  0.3031 -0.2460 -0.6520 -0.7009  0.8208  1.2357
 214  1.394045  3.7345  2.9286  1.5448  1.7637  1.7160  1.0489  0.6588  0.2672 -0.2837 -0.6911 -0.7403  0.7865  1.2030
 215  1.394604  3.7338  2.9121  1.5589  1.7368  1.6852  1.0151  0.6238  0.2311 -0.3218 -0.7305 -0.7801  0.7519  1.1700
 216  1.395157  3.7331  2.8955  1.5730  1.7094  1.6541  0.9811  0.5885  0.1947 -0.3600 -0.7702 -0.8200  0.7170  1.1367
 217  1.395312  3.7330  2.8908  1.5770  1.7017  1.6453  0.9715  0.5785  0.1844 -0.3708 -0.7814 -0.8314  0.7071  1.1272
 218  1.395467  3.7328  2.8861  1.5811  1.6939  1.6364  0.9618  0.5685  0.1740 -0.3817 -0.7927 -0.8427  0.6972  1.1177
 219  1.395621  3.7326  2.8814  1.5851  1.6862  1.6276  0.9521  0.5585  0.1637 -0.3926 -0.8040 -0.8541  0.6872  1.1082
 220  1.395775  3.7324  2.8767  1.5891  1.6783  1.6187  0.9424  0.5484  0.1533 -0.4035 -0.8153 -0.8655  0.6773  1.0987
 221  1.395929  3.7322  2.8719  1.5932  1.6705  1.6097  0.9326  0.5383  0.1428 -0.4145 -0.8267 -0.8770  0.6672  1.0891
 222  1.396082  3.7320  2.8671  1.5973  1.6625  1.6007  0.9228  0.5281  0.1324 -0.4255 -0.8381 -0.8885  0.6572  1.0795
 223  1.396234  3.7319  2.8624  1.6014  1.6547  1.5917  0.9130  0.5180  0.1219 -0.4365 -0.8496 -0.9000  0.6471  1.0699
 224  1.396387  3.7317  2.8576  1.6055  1.6468  1.5827  0.9031  0.5078  0.1114 -0.4476 -0.8611 -0.9116  0.6371  1.0602
 225  1.396539  3.7315  2.8528  1.6096  1.6388  1.5736  0.8933  0.4976  0.1009 -0.4586 -0.8726 -0.9232  0.6270  1.0506
 226  1.396690  3.7313  2.8480  1.6137  1.6308  1.5645  0.8834  0.4874  0.0904 -0.4697 -0.8841 -0.9348  0.6168  1.0408
 227  1.398105  3.7295  2.8015  1.6535  1.5539  1.4767  0.7878  0.3886 -0.0114 -0.5770 -0.9957 -1.0470  0.5189  0.9471
 228  1.399403  3.7278  2.7562  1.6923  1.4800  1.3917  0.6951  0.2927 -0.1102 -0.6813 -1.1046 -1.1564  0.4239  0.8562
 229  1.400702  3.7258  2.7076  1.7333  1.4033  1.3023  0.5971  0.1912 -0.2151 -0.7924 -1.2209 -1.2733  0.3234  0.7604
 230  1.401882  3.7239  2.6607  1.7731  1.3294  1.2160  0.5024  0.0931 -0.3164 -0.8998 -1.3334 -1.3863  0.2262  0.6677
 231  1.402947  3.7221  2.6153  1.8115  1.2586  1.1328  0.4110 -0.0015 -0.4141 -1.0035 -1.4422 -1.4955  0.1325  0.5783
 232  1.403949  3.7203  2.5699  1.8500  1.1882  1.0497  0.3196 -0.0963 -0.5121 -1.1073 -1.5509 -1.6048  0.0386  0.4890
 233  1.404838  3.7185  2.5268  1.8864  1.1227  0.9718  0.2334 -0.1860 -0.6048 -1.2055 -1.6537 -1.7082 -0.0501  0.4048
 234  1.405765  3.7165  2.4784  1.9269  1.0521  0.8863  0.1378 -0.2857 -0.7082 -1.3154 -1.7687 -1.8240 -0.1487  0.3117
 235  1.406580  3.7144  2.4322  1.9651  0.9886  0.8069  0.0479 -0.3798 -0.8060 -1.4195 -1.8779 -1.9341 -0.2417  0.2245
 236  1.407297  3.7125  2.3887  2.0010  0.9302  0.7329 -0.0361 -0.4679 -0.8977 -1.5173 -1.9805 -2.0375 -0.3287  0.1429
 237  1.408026  3.7103  2.3414  2.0399  0.8673  0.6531 -0.1269 -0.5631 -0.9970 -1.6234 -2.0921 -2.1499 -0.4228  0.0548
 238  1.408694  3.7082  2.2949  2.0780  0.8053  0.5753 -0.2153 -0.6559 -1.0938 -1.7271 -2.2014 -2.2601 -0.5145 -0.0311
 239  1.409308  3.7061  2.2492  2.1154  0.7395  0.4987 -0.3010 -0.7455 -1.1877 -1.8282 -2.3086 -2.3682 -0.6033 -0.1150
 240  1.409845  3.7040  2.2066  2.1501  0.6760  0.4275 -0.3802 -0.8283 -1.2746 -1.9221 -2.4085 -2.4689 -0.6853 -0.1928
 241  1.410381  3.7019  2.1614  2.1868  0.6102  0.3527 -0.4636 -0.9155 -1.3662 -2.0215 -2.5146 -2.5756 -0.7718 -0.2746
 242  1.410856  3.6998  2.1187  2.2214  0.5511  0.2830 -0.5419 -0.9978 -1.4526 -2.1153 -2.6151 -2.6766 -0.8533 -0.3512
 243  1.411310  3.6977  2.0754  2.2563  0.5001  0.2148 -0.6213 -1.0818 -1.5408 -2.2108 -2.7174 -2.7791 -0.9363 -0.4276
 244  1.411740  3.6955  2.0320  2.2912  0.4564  0.1485 -0.7007 -1.1665 -1.6295 -2.3067 -2.8201 -2.8818 -1.0196 -0.5030
 245  1.412122  3.6935  1.9913  2.3239  0.4186  0.0876 -0.7747 -1.2458 -1.7126 -2.3966 -2.9164 -2.9782 -1.0976 -0.5729
 246  1.412487  3.6914  1.9505  2.3562  0.3847  0.0289 -0.8474 -1.3241 -1.7949 -2.4860 -3.0123 -3.0745 -1.1745 -0.6414
 247  1.412832  3.6893  1.9116  2.3869  0.3514 -0.0268 -0.9160 -1.3979 -1.8727 -2.5709 -3.1032 -3.1660 -1.2470 -0.7063
 248  1.413153  3.6875  1.8788  2.4129  0.3228 -0.0739 -0.9734 -1.4595 -1.9378 -2.6422 -3.1796 -3.2433 -1.3077 -0.7610
 249  1.413463  3.6868  1.8630  2.4259  0.3051 -0.0992 -1.0030 -1.4908 -1.9706 -2.6775 -3.2169 -3.2809 -1.3386 -0.7896
 250  1.413773  3.6885  1.8930  2.4028  0.3278 -0.0587 -0.9525 -1.4363 -1.9126 -2.6135 -3.1480 -3.2112 -1.2850 -0.7416
 251  1.414123  3.6876  1.8735  2.4189  0.3065 -0.0896 -0.9888 -1.4747 -1.9529 -2.6569 -3.1940 -3.2576 -1.3229 -0.7765
 252  1.414467  3.6850  1.8246  2.4572  0.2662 -0.1584 -1.0733 -1.5655 -2.0490 -2.7626 -3.3071 -3.3723 -1.4123 -0.8571
 253  1.414775  3.6825  1.7794  2.4928  0.2299 -0.2220 -1.1514 -1.6495 -2.1380 -2.8605 -3.4116 -3.4784 -1.4951 -0.9316
 254  1.415066  3.6801  1.7346  2.5280  0.1964 -0.2840 -1.2283 -1.7324 -2.2259 -2.9573 -3.5152 -3.5837 -1.5766 -1.0046
 255  1.415333  3.6778  1.6911  2.5622  0.1657 -0.3431 -1.3023 -1.8125 -2.3110 -3.0513 -3.6159 -3.6860 -1.6555 -1.0748
 256  1.415582  3.6755  1.6486  2.5956  0.1377 -0.4002 -1.3742 -1.8905 -2.3940 -3.1431 -3.7144 -3.7861 -1.7322 -1.1427
 257  1.415812  3.6733  1.6072  2.6282  0.1115 -0.4553 -1.4440 -1.9663 -2.4747 -3.2324 -3.8103 -3.8837 -1.8068 -1.2085
 258  1.416027  3.6711  1.5666  2.6601  0.0871 -0.5088 -1.5119 -2.0402 -2.5536 -3.3199 -3.9043 -3.9793 -1.8796 -1.2725
 259  1.416226  3.6689  1.5269  2.6913  0.0638 -0.5610 -1.5782 -2.1124 -2.6306 -3.4054 -3.9962 -4.0727 -1.9507 -1.3350
 260  1.416410  3.6668  1.4884  2.7214  0.0437 -0.6102 -1.6415 -2.1817 -2.7046 -3.4879 -4.0851 -4.1631 -2.0188 -1.3943
 261  1.416585  3.6646  1.4495  2.7515  0.0262 -0.6585 -1.7043 -2.2505 -2.7785 -3.5705 -4.1744 -4.2540 -2.0866 -1.4530
 262  1.416746  3.6625  1.4119  2.7807  0.0116 -0.7043 -1.7644 -2.3169 -2.8497 -3.6505 -4.2611 -4.3422 -2.1518 -1.5090
 263  1.416899  3.6604  1.3748  2.8093 -0.0011 -0.7485 -1.8230 -2.3817 -2.9195 -3.7290 -4.3462 -4.4289 -2.2156 -1.5633
 264  1.417040  3.6583  1.3386  2.8372 -0.0119 -0.7909 -1.8796 -2.4445 -2.9873 -3.8055 -4.4292 -4.5135 -2.2774 -1.6156
 265  1.417174  3.6562  1.3026  2.8649 -0.0215 -0.8324 -1.9355 -2.5066 -3.0544 -3.8814 -4.5117 -4.5976 -2.3385 -1.6669
 266  1.417300  3.6542  1.2675  2.8919 -0.0294 -0.8720 -1.9893 -2.5667 -3.1195 -3.9551 -4.5920 -4.6795 -2.3976 -1.7162
 267  1.417418  3.6521  1.2330  2.9183 -0.0357 -0.9101 -2.0415 -2.6253 -3.1832 -4.0275 -4.6708 -4.7601 -2.4553 -1.7639
 268  1.417528  3.6501  1.1993  2.9441 -0.0406 -0.9467 -2.0921 -2.6823 -3.2452 -4.0980 -4.7478 -4.8388 -2.5113 -1.8098
 269  1.417634  3.6481  1.1658  2.9697 -0.0440 -0.9822 -2.1417 -2.7383 -3.3064 -4.1679 -4.8241 -4.9168 -2.5664 -1.8546
 270  1.417732  3.6462  1.1333  2.9944 -0.0458 -1.0159 -2.1892 -2.7922 -3.3654 -4.2355 -4.8980 -4.9925 -2.6195 -1.8973
 271  1.417827  3.6442  1.1008  3.0191 -0.0463 -1.0488 -2.2361 -2.8457 -3.4241 -4.3028 -4.9718 -5.0681 -2.6721 -1.9392
 272  1.417914  3.6423  1.0694  3.0429 -0.0449 -1.0797 -2.2807 -2.8968 -3.4804 -4.3677 -5.0430 -5.1411 -2.7225 -1.9788
 273  1.417999  3.6404  1.0379  3.0667 -0.0423 -1.1100 -2.3250 -2.9478 -3.5367 -4.4327 -5.1143 -5.2143 -2.7726 -2.0178
 274  1.418078  3.6385  1.0073  3.0898 -0.0381 -1.1385 -2.3674 -2.9969 -3.5910 -4.4955 -5.1833 -5.2853 -2.8209 -2.0548
 275  1.418154  3.6366  0.9771  3.1124 -0.0316 -1.1654 -2.4083 -3.0446 -3.6441 -4.5573 -5.2513 -5.3553 -2.8679 -2.0901
 276  1.418225  3.6347  0.9474  3.1345 -0.0233 -1.1905 -2.4476 -3.0907 -3.6956 -4.6176 -5.3177 -5.4239 -2.9133 -2.1236
 277  1.418294  3.6328  0.9185  3.1560 -0.0137 -1.2142 -2.4853 -3.1353 -3.7456 -4.6762 -5.3824 -5.4907 -2.9572 -2.1554
 278  1.418359  3.6310  0.8905  3.1768 -0.0033 -1.2365 -2.5212 -3.1780 -3.7936 -4.7327 -5.4448 -5.5553 -2.9992 -2.1854
