#NUMBER OF AGES=1 MAGS=10
#----------------------------------------------------       
#MIX-LEN  Y      Z          Zeff        [Fe/H] [a/Fe]
# 1.9380  0.2537 5.3740E-03 5.3740E-03  -0.50   0.00
#----------------------------------------------------       
#**PHOTOMETRIC SYSTEM**: Bessell UBV(RI)c + 2MASS JHKs + Kepler (Vega)
#----------------------------------------------------       
#AGE= 1.000 EEPS=278
#EEP   M/Mo    LogTeff  LogG   LogL/Lo U       B       V       R       I       J       H       Ks      Kp      D51     
   2  0.116263  3.5178  5.2786 -2.7506 16.9310 15.1363 13.4206 12.3672 11.0770  9.7864  9.2040  8.9820 12.3916 14.1933
   3  0.130317  3.5192  5.2225 -2.6393 16.5640 14.8154 13.1160 12.0708 10.7966  9.5124  8.9311  8.7074 12.1011 13.8795
   4  0.152523  3.5221  5.1573 -2.4943 16.0680 14.3818 12.7064 11.6747 10.4287  9.1579  8.5777  8.3526 11.7153 13.4574
   5  0.194038  3.5311  5.0960 -2.2925 15.2882 13.7051 12.0774 11.0775  9.9063  8.6778  8.0985  7.8745 11.1447 12.8074
   6  0.264089  3.5449  5.0328 -2.0400 14.3147 12.8408 11.2769 10.3169  9.2500  8.0840  7.5040  7.2834 10.4187 11.9825
   7  0.301162  3.5509  5.0066 -1.9327 13.9188 12.4817 10.9427  9.9971  8.9725  7.8327  7.2516  7.0325 10.1121 11.6385
   8  0.314759  3.5531  4.9935 -1.8919 13.7734 12.3486 10.8184  9.8776  8.8677  7.7368  7.1551  6.9364  9.9970 11.5106
   9  0.321591  3.5541  4.9854 -1.8704 13.6989 12.2799 10.7540  9.8155  8.8126  7.6859  7.1038  6.8853  9.9370 11.4443
  10  0.326177  3.5548  4.9790 -1.8552 13.6472 12.2320 10.7090  9.7721  8.7737  7.6498  7.0674  6.8490  9.8949 11.3981
  11  0.330265  3.5554  4.9729 -1.8413 13.6006 12.1888 10.6683  9.7327  8.7384  7.6169  7.0341  6.8158  9.8567 11.3563
  12  0.334956  3.5560  4.9662 -1.8258 13.5484 12.1403 10.6227  9.6886  8.6988  7.5801  6.9969  6.7788  9.8139 11.3094
  13  0.341610  3.5570  4.9579 -1.8049 13.4769 12.0739 10.5604  9.6285  8.6456  7.5309  6.9472  6.7292  9.7559 11.2453
  14  0.352807  3.5589  4.9455 -1.7712 13.3590 11.9645 10.4578  9.5300  8.5594  7.4519  6.8673  6.6498  9.6610 11.1398
  15  0.402383  3.5687  4.8970 -1.6263 12.8310 11.4738 10.0004  9.0941  8.1883  7.1190  6.5289  6.3147  9.2432 10.6686
  16  0.421517  3.5731  4.8757 -1.5670 12.6127 11.2697  9.8104  8.9140  8.0364  6.9842  6.3912  6.1792  9.0706 10.4732
  17  0.434670  3.5764  4.8603 -1.5251 12.4576 11.1245  9.6757  8.7865  7.9293  6.8895  6.2942  6.0841  8.9483 10.3345
  18  0.447073  3.5798  4.8458 -1.4848 12.3060 10.9829  9.5447  8.6631  7.8262  6.7990  6.2012  5.9935  8.8299 10.1994
  19  0.460466  3.5837  4.8302 -1.4410 12.1372 10.8269  9.4010  8.5284  7.7139  6.7010  6.1001  5.8958  8.7003 10.0505
  20  0.472834  3.5875  4.8155 -1.3994 11.9757 10.6776  9.2643  8.4006  7.6075  6.6084  6.0041  5.8038  8.5773  9.9087
  21  0.484493  3.5914  4.8018 -1.3596 11.8203 10.5330  9.1327  8.2784  7.5056  6.5200  5.9119  5.7166  8.4593  9.7724
  22  0.495737  3.5953  4.7890 -1.3211 11.6728 10.3924  9.0060  8.1614  7.4068  6.4342  5.8220  5.6325  8.3455  9.6425
  23  0.506439  3.5993  4.7775 -1.2845 11.5328 10.2576  8.8854  8.0508  7.3130  6.3528  5.7362  5.5532  8.2376  9.5192
  24  0.515632  3.6028  4.7679 -1.2529 11.4100 10.1392  8.7804  7.9550  7.2320  6.2825  5.6616  5.4851  8.1439  9.4115
  25  0.524104  3.6063  4.7594 -1.2236 11.2929 10.0279  8.6822  7.8660  7.1572  6.2179  5.5926  5.4224  8.0568  9.3097
  26  0.533068  3.6101  4.7510 -1.1925 11.1670  9.9082  8.5774  7.7715  7.0782  6.1498  5.5197  5.3568  7.9642  9.2006
  27  0.544151  3.6150  4.7415 -1.1543 11.0107  9.7580  8.4473  7.6552  6.9810  6.0662  5.4302  5.2770  7.8497  9.0654
  28  0.559472  3.6223  4.7298 -1.1015 10.7944  9.5451  8.2655  7.4945  6.8469  5.9508  5.3084  5.1691  7.6907  8.8775
  29  0.579378  3.6327  4.7171 -1.0322 10.5090  9.2543  8.0210  7.2817  6.6704  5.8002  5.1553  5.0337  7.4786  8.6270
  30  0.601898  3.6450  4.7056 -0.9547 10.1347  8.9131  7.7401  7.0426  6.4732  5.6359  4.9991  4.8943  7.2377  8.3206
  31  0.623897  3.6577  4.6976 -0.8805  9.7095  8.5714  7.4635  6.8130  6.2813  5.4838  4.8693  4.7781  7.0029  7.9933
  32  0.653085  3.6744  4.6890 -0.7850  9.1003  8.1363  7.1107  6.5242  6.0332  5.2948  4.7252  4.6474  6.7034  7.5460
  33  0.715052  3.7067  4.6683 -0.5959  7.9406  7.3442  6.4633  5.9845  5.5565  4.9316  4.4585  4.3991  6.1412  6.7383
  34  0.909813  3.7797  4.5641 -0.0949  5.5520  5.6024  5.0466  4.7223  4.4076  3.9963  3.6973  3.6664  4.8342  5.1777
  35  0.923123  3.7834  4.5540 -0.0639  5.4383  5.5071  4.9665  4.6486  4.3393  3.9369  3.6449  3.6154  4.7583  5.0935
  36  0.935960  3.7868  4.5441 -0.0342  5.3331  5.4169  4.8902  4.5782  4.2739  3.8797  3.5942  3.5659  4.6857  5.0135
  37  0.950856  3.7907  4.5327 -0.0003  5.2166  5.3148  4.8030  4.4975  4.1990  3.8140  3.5357  3.5088  4.6028  4.9226
  38  0.967712  3.7951  4.5198  0.0376  5.0891  5.2012  4.7058  4.4076  4.1156  3.7407  3.4706  3.4450  4.5102  4.8212
  39  0.986081  3.7997  4.5058  0.0783  4.9548  5.0799  4.6017  4.3112  4.0263  3.6622  3.4009  3.3766  4.4111  4.7126
  40  1.006412  3.8046  4.4900  0.1225  4.8128  4.9495  4.4889  4.2066  3.9291  3.5762  3.3242  3.3013  4.3035  4.5952
  41  1.027759  3.8095  4.4729  0.1683  4.6711  4.8163  4.3725  4.0983  3.8282  3.4865  3.2437  3.2221  4.1922  4.4744
  42  1.050376  3.8146  4.4551  0.2158  4.5278  4.6788  4.2515  3.9858  3.7236  3.3933  3.1604  3.1399  4.0766  4.3490
  43  1.072527  3.8195  4.4381  0.2617  4.3926  4.5467  4.1348  3.8772  3.6230  3.3036  3.0806  3.0608  3.9651  4.2280
  44  1.098812  3.8254  4.4191  0.3146  4.2387  4.3946  4.0001  3.7523  3.5075  3.2011  2.9896  2.9709  3.8366  4.0883
  45  1.130283  3.8326  4.3993  0.3755  4.0647  4.2190  3.8447  3.6089  3.3759  3.0856  2.8883  2.8705  3.6889  3.9268
  46  1.429218  3.9144  4.3223  0.8817  2.7077  2.7585  2.5613  2.4661  2.3830  2.2561  2.2134  2.1974  2.4927  2.5789
  47  1.443502  3.9176  4.3176  0.9034  2.6521  2.6988  2.5075  2.4182  2.3417  2.2203  2.1826  2.1668  2.4425  2.5228
  48  1.459712  3.9211  4.3124  0.9277  2.5899  2.6332  2.4486  2.3655  2.2959  2.1805  2.1479  2.1324  2.3873  2.4613
  49  1.476120  3.9245  4.3067  0.9519  2.5276  2.5681  2.3907  2.3135  2.2502  2.1403  2.1125  2.0972  2.3327  2.4010
  50  1.491919  3.9276  4.3005  0.9751  2.4684  2.5063  2.3364  2.2644  2.2063  2.1014  2.0775  2.0624  2.2809  2.3444
  51  1.506909  3.9303  4.2936  0.9971  2.4128  2.4482  2.2855  2.2181  2.1643  2.0638  2.0431  2.0280  2.2321  2.2915
  52  1.516398  3.9320  4.2891  1.0109  2.3780  2.4120  2.2539  2.1892  2.1379  2.0400  2.0211  2.0061  2.2017  2.2588
  53  1.525547  3.9334  4.2841  1.0244  2.3440  2.3769  2.2229  2.1606  2.1115  2.0160  1.9986  1.9837  2.1717  2.2267
  54  1.534282  3.9348  4.2792  1.0374  2.3113  2.3433  2.1930  2.1330  2.0860  1.9926  1.9767  1.9619  2.1428  2.1960
  55  1.542848  3.9361  4.2741  1.0499  2.2797  2.3110  2.1641  2.1061  2.0610  1.9696  1.9550  1.9403  2.1148  2.1662
  56  1.551117  3.9373  4.2690  1.0620  2.2493  2.2801  2.1363  2.0801  2.0368  1.9471  1.9337  1.9191  2.0878  2.1377
  57  1.558958  3.9383  4.2640  1.0734  2.2206  2.2509  2.1099  2.0554  2.0136  1.9256  1.9133  1.8988  2.0621  2.1107
  58  1.566470  3.9393  4.2589  1.0844  2.1930  2.2230  2.0845  2.0315  1.9911  1.9045  1.8931  1.8787  2.0374  2.0847
  59  1.573889  3.9402  4.2537  1.0952  2.1659  2.1956  2.0595  2.0078  1.9687  1.8834  1.8729  1.8585  2.0129  2.0591
  60  1.581350  3.9410  4.2483  1.1060  2.1386  2.1682  2.0342  1.9837  1.9459  1.8619  1.8522  1.8379  1.9882  2.0334
  61  1.589068  3.9418  4.2426  1.1172  2.1106  2.1400  2.0082  1.9590  1.9224  1.8396  1.8307  1.8165  1.9627  2.0069
  62  1.597177  3.9426  4.2365  1.1288  2.0813  2.1106  1.9810  1.9330  1.8976  1.8161  1.8079  1.7939  1.9360  1.9792
  63  1.605773  3.9435  4.2299  1.1411  2.0504  2.0797  1.9522  1.9055  1.8714  1.7911  1.7838  1.7698  1.9078  1.9500
  64  1.614833  3.9444  4.2231  1.1539  2.0181  2.0475  1.9223  1.8768  1.8440  1.7650  1.7584  1.7447  1.8784  1.9196
  65  1.624175  3.9452  4.2159  1.1671  1.9850  2.0145  1.8914  1.8472  1.8157  1.7379  1.7322  1.7185  1.8481  1.8883
  66  1.633628  3.9461  4.2083  1.1804  1.9515  1.9811  1.8600  1.8170  1.7867  1.7100  1.7050  1.6915  1.8172  1.8565
  67  1.642905  3.9468  4.2004  1.1936  1.9182  1.9478  1.8287  1.7866  1.7574  1.6818  1.6774  1.6641  1.7863  1.8248
  68  1.652028  3.9474  4.1921  1.2068  1.8852  1.9148  1.7973  1.7562  1.7279  1.6531  1.6492  1.6360  1.7553  1.7931
  69  1.661281  3.9478  4.1830  1.2201  1.8516  1.8809  1.7649  1.7246  1.6971  1.6230  1.6196  1.6064  1.7233  1.7604
  70  1.670624  3.9482  4.1733  1.2337  1.8175  1.8465  1.7317  1.6920  1.6652  1.5916  1.5885  1.5755  1.6903  1.7270
  71  1.679867  3.9485  4.1632  1.2472  1.7837  1.8121  1.6984  1.6592  1.6330  1.5596  1.5568  1.5438  1.6573  1.6935
  72  1.688958  3.9486  4.1529  1.2603  1.7508  1.7785  1.6656  1.6268  1.6010  1.5277  1.5250  1.5121  1.6246  1.6606
  73  1.697773  3.9485  4.1425  1.2729  1.7193  1.7462  1.6338  1.5952  1.5697  1.4962  1.4935  1.4807  1.5929  1.6288
  74  1.706196  3.9484  4.1323  1.2848  1.6896  1.7156  1.6035  1.5650  1.5396  1.4659  1.4632  1.4503  1.5627  1.5985
  75  1.714294  3.9482  4.1222  1.2960  1.6615  1.6863  1.5744  1.5360  1.5106  1.4364  1.4335  1.4207  1.5336  1.5694
  76  1.722228  3.9479  4.1119  1.3069  1.6343  1.6578  1.5459  1.5073  1.4818  1.4071  1.4039  1.3910  1.5050  1.5409
  77  1.729958  3.9474  4.1014  1.3176  1.6076  1.6297  1.5175  1.4787  1.4529  1.3775  1.3741  1.3611  1.4765  1.5127
  78  1.737822  3.9468  4.0903  1.3284  1.5807  1.6012  1.4887  1.4495  1.4233  1.3470  1.3431  1.3300  1.4474  1.4840
  79  1.745792  3.9462  4.0787  1.3394  1.5535  1.5722  1.4590  1.4194  1.3928  1.3154  1.3110  1.2978  1.4176  1.4545
  80  1.753827  3.9454  4.0663  1.3506  1.5257  1.5424  1.4285  1.3883  1.3610  1.2823  1.2773  1.2641  1.3868  1.4242
  81  1.761927  3.9445  4.0532  1.3619  1.4978  1.5122  1.3973  1.3563  1.3282  1.2480  1.2422  1.2289  1.3552  1.3933
  82  1.766834  3.9438  4.0451  1.3688  1.4809  1.4939  1.3782  1.3367  1.3081  1.2269  1.2206  1.2071  1.3359  1.3744
  83  1.771725  3.9431  4.0367  1.3756  1.4642  1.4755  1.3591  1.3170  1.2878  1.2055  1.1986  1.1851  1.3165  1.3556
  84  1.776583  3.9424  4.0282  1.3824  1.4476  1.4573  1.3400  1.2973  1.2674  1.1839  1.1764  1.1628  1.2971  1.3367
  85  1.781408  3.9416  4.0196  1.3891  1.4311  1.4392  1.3210  1.2776  1.2469  1.1622  1.1540  1.1403  1.2777  1.3179
  86  1.786147  3.9408  4.0108  1.3957  1.4149  1.4212  1.3020  1.2579  1.2264  1.1403  1.1315  1.1176  1.2584  1.2992
  87  1.790854  3.9399  4.0018  1.4023  1.3990  1.4035  1.2831  1.2382  1.2058  1.1183  1.1087  1.0947  1.2391  1.2807
  88  1.795514  3.9390  3.9927  1.4088  1.3835  1.3859  1.2645  1.2187  1.1852  1.0961  1.0855  1.0714  1.2200  1.2623
  89  1.800108  3.9380  3.9833  1.4152  1.3683  1.3685  1.2459  1.1991  1.1645  1.0737  1.0621  1.0478  1.2009  1.2441
  90  1.804690  3.9369  3.9737  1.4215  1.3533  1.3513  1.2274  1.1795  1.1436  1.0511  1.0385  1.0240  1.1818  1.2259
  91  1.809258  3.9357  3.9639  1.4279  1.3385  1.3342  1.2088  1.1598  1.1226  1.0282  1.0144  0.9998  1.1627  1.2078
  92  1.813813  3.9345  3.9539  1.4342  1.3237  1.3172  1.1902  1.1400  1.1014  1.0049  0.9899  0.9751  1.1434  1.1896
  93  1.818367  3.9333  3.9437  1.4405  1.3091  1.3002  1.1715  1.1200  1.0799  0.9813  0.9650  0.9501  1.1241  1.1714
  94  1.822899  3.9319  3.9331  1.4468  1.2946  1.2834  1.1529  1.0999  1.0581  0.9573  0.9396  0.9245  1.1047  1.1533
  95  1.827423  3.9305  3.9222  1.4530  1.2804  1.2669  1.1342  1.0796  1.0360  0.9328  0.9136  0.8983  1.0851  1.1352
  96  1.831939  3.9290  3.9110  1.4593  1.2663  1.2505  1.1154  1.0592  1.0137  0.9078  0.8870  0.8715  1.0655  1.1171
  97  1.836464  3.9275  3.8996  1.4655  1.2523  1.2345  1.0968  1.0386  0.9910  0.8826  0.8601  0.8444  1.0459  1.0992
  98  1.840984  3.9258  3.8879  1.4718  1.2385  1.2188  1.0783  1.0180  0.9681  0.8570  0.8327  0.8168  1.0263  1.0816
  99  1.845459  3.9241  3.8760  1.4780  1.2245  1.2034  1.0600  0.9972  0.9449  0.8310  0.8048  0.7887  1.0067  1.0643
 100  1.849910  3.9224  3.8638  1.4843  1.2106  1.1886  1.0418  0.9764  0.9214  0.8046  0.7764  0.7602  0.9871  1.0472
 101  1.854346  3.9206  3.8514  1.4906  1.1966  1.1743  1.0237  0.9554  0.8975  0.7779  0.7477  0.7312  0.9675  1.0304
 102  1.858765  3.9188  3.8388  1.4969  1.1825  1.1603  1.0057  0.9343  0.8734  0.7509  0.7186  0.7019  0.9479  1.0137
 103  1.863147  3.9169  3.8261  1.5032  1.1684  1.1467  0.9877  0.9131  0.8492  0.7237  0.6893  0.6725  0.9283  0.9972
 104  1.867515  3.9152  3.8136  1.5096  1.1538  1.1331  0.9696  0.8919  0.8250  0.6966  0.6600  0.6431  0.9086  0.9805
 105  1.871826  3.9135  3.8013  1.5162  1.1389  1.1190  0.9514  0.8706  0.8010  0.6698  0.6313  0.6142  0.8888  0.9636
 106  1.876061  3.9120  3.7897  1.5230  1.1234  1.1042  0.9329  0.8496  0.7776  0.6439  0.6036  0.5865  0.8691  0.9463
 107  1.880130  3.9110  3.7795  1.5300  1.1069  1.0880  0.9143  0.8292  0.7556  0.6201  0.5786  0.5614  0.8496  0.9285
 108  1.883861  3.9106  3.7718  1.5371  1.0896  1.0703  0.8960  0.8103  0.7361  0.6000  0.5581  0.5408  0.8309  0.9104
 109  1.886949  3.9111  3.7676  1.5440  1.0720  1.0516  0.8790  0.7944  0.7212  0.5860  0.5447  0.5274  0.8145  0.8929
 110  1.889364  3.9123  3.7667  1.5503  1.0550  1.0329  0.8640  0.7820  0.7110  0.5778  0.5381  0.5209  0.8007  0.8769
 111  1.891162  3.9141  3.7684  1.5560  1.0392  1.0147  0.8512  0.7727  0.7048  0.5745  0.5369  0.5199  0.7896  0.8625
 112  1.891402  3.9144  3.7689  1.5569  1.0368  1.0118  0.8493  0.7714  0.7042  0.5744  0.5371  0.5201  0.7880  0.8604
 113  1.891642  3.9148  3.7694  1.5578  1.0342  1.0088  0.8474  0.7702  0.7036  0.5744  0.5375  0.5206  0.7864  0.8581
 114  1.891881  3.9151  3.7700  1.5587  1.0316  1.0058  0.8455  0.7690  0.7030  0.5744  0.5380  0.5211  0.7848  0.8559
 115  1.892120  3.9155  3.7708  1.5597  1.0289  1.0025  0.8435  0.7678  0.7025  0.5746  0.5386  0.5217  0.7832  0.8535
 116  1.892359  3.9160  3.7715  1.5607  1.0261  0.9992  0.8415  0.7667  0.7021  0.5748  0.5393  0.5225  0.7816  0.8511
 117  1.892597  3.9164  3.7724  1.5617  1.0232  0.9957  0.8394  0.7655  0.7017  0.5752  0.5402  0.5234  0.7800  0.8487
 118  1.892835  3.9169  3.7733  1.5627  1.0202  0.9922  0.8373  0.7643  0.7014  0.5756  0.5412  0.5244  0.7783  0.8461
 119  1.893072  3.9174  3.7744  1.5638  1.0170  0.9884  0.8352  0.7632  0.7012  0.5762  0.5424  0.5256  0.7766  0.8435
 120  1.893308  3.9180  3.7755  1.5650  1.0137  0.9845  0.8330  0.7621  0.7010  0.5769  0.5437  0.5270  0.7749  0.8408
 121  1.893544  3.9186  3.7768  1.5662  1.0102  0.9804  0.8307  0.7610  0.7009  0.5778  0.5452  0.5286  0.7732  0.8380
 122  1.893780  3.9192  3.7782  1.5674  1.0066  0.9761  0.8283  0.7599  0.7010  0.5788  0.5470  0.5304  0.7715  0.8351
 123  1.894014  3.9199  3.7797  1.5687  1.0028  0.9717  0.8260  0.7589  0.7011  0.5801  0.5490  0.5324  0.7698  0.8321
 124  1.894247  3.9207  3.7815  1.5701  0.9987  0.9670  0.8235  0.7579  0.7014  0.5815  0.5512  0.5347  0.7680  0.8290
 125  1.894480  3.9215  3.7833  1.5715  0.9944  0.9622  0.8210  0.7568  0.7017  0.5830  0.5537  0.5372  0.7662  0.8258
 126  1.894711  3.9224  3.7854  1.5731  0.9897  0.9571  0.8184  0.7558  0.7021  0.5849  0.5564  0.5401  0.7643  0.8225
 127  1.894940  3.9234  3.7876  1.5748  0.9846  0.9518  0.8156  0.7547  0.7026  0.5868  0.5594  0.5432  0.7623  0.8190
 128  1.895166  3.9244  3.7901  1.5766  0.9791  0.9461  0.8127  0.7536  0.7032  0.5891  0.5628  0.5467  0.7603  0.8153
 129  1.895390  3.9256  3.7930  1.5786  0.9730  0.9403  0.8098  0.7526  0.7040  0.5918  0.5668  0.5508  0.7583  0.8116
 130  1.895612  3.9269  3.7961  1.5807  0.9665  0.9343  0.8068  0.7516  0.7049  0.5947  0.5710  0.5552  0.7563  0.8078
 131  1.895830  3.9283  3.7995  1.5829  0.9594  0.9283  0.8039  0.7506  0.7059  0.5981  0.5758  0.5602  0.7543  0.8040
 132  1.896043  3.9299  3.8033  1.5853  0.9517  0.9221  0.8009  0.7497  0.7071  0.6018  0.5812  0.5657  0.7523  0.8003
 133  1.896252  3.9315  3.8074  1.5879  0.9433  0.9158  0.7979  0.7488  0.7084  0.6059  0.5870  0.5718  0.7503  0.7965
 134  1.896453  3.9334  3.8120  1.5908  0.9343  0.9092  0.7949  0.7480  0.7100  0.6104  0.5933  0.5784  0.7483  0.7926
 135  1.896645  3.9353  3.8168  1.5939  0.9245  0.9022  0.7916  0.7471  0.7115  0.6152  0.6000  0.5854  0.7461  0.7885
 136  1.896824  3.9375  3.8219  1.5974  0.9137  0.8948  0.7880  0.7460  0.7131  0.6203  0.6071  0.5929  0.7437  0.7841
 137  1.896992  3.9398  3.8274  1.6012  0.9023  0.8873  0.7845  0.7450  0.7150  0.6258  0.6147  0.6009  0.7414  0.7797
 138  1.897147  3.9422  3.8332  1.6052  0.8903  0.8797  0.7810  0.7441  0.7169  0.6316  0.6227  0.6093  0.7391  0.7753
 139  1.897289  3.9448  3.8392  1.6095  0.8781  0.8720  0.7777  0.7433  0.7191  0.6376  0.6308  0.6179  0.7369  0.7710
 140  1.897416  3.9474  3.8452  1.6139  0.8654  0.8643  0.7743  0.7425  0.7211  0.6436  0.6389  0.6265  0.7347  0.7667
 141  1.897529  3.9500  3.8510  1.6186  0.8522  0.8565  0.7707  0.7415  0.7229  0.6492  0.6465  0.6346  0.7323  0.7622
 142  1.897627  3.9526  3.8566  1.6235  0.8387  0.8485  0.7669  0.7400  0.7241  0.6542  0.6534  0.6421  0.7295  0.7576
 143  1.897711  3.9552  3.8618  1.6286  0.8249  0.8403  0.7629  0.7382  0.7248  0.6586  0.6596  0.6488  0.7264  0.7528
 144  1.897784  3.9577  3.8666  1.6338  0.8108  0.8320  0.7585  0.7360  0.7249  0.6624  0.6649  0.6548  0.7230  0.7477
 145  1.897849  3.9602  3.8712  1.6391  0.7966  0.8237  0.7541  0.7335  0.7247  0.6656  0.6698  0.6602  0.7194  0.7426
 146  1.897908  3.9626  3.8755  1.6445  0.7824  0.8155  0.7497  0.7309  0.7242  0.6685  0.6741  0.6651  0.7157  0.7375
 147  1.897964  3.9650  3.8796  1.6498  0.7683  0.8075  0.7453  0.7282  0.7235  0.6711  0.6782  0.6697  0.7120  0.7325
 148  1.898021  3.9673  3.8838  1.6551  0.7546  0.7999  0.7412  0.7259  0.7231  0.6739  0.6824  0.6745  0.7086  0.7279
 149  1.898119  3.9695  3.8900  1.6576  0.7479  0.7991  0.7434  0.7295  0.7285  0.6823  0.6920  0.6846  0.7114  0.7296
 150  1.898158  3.9684  3.8915  1.6517  0.7629  0.8114  0.7537  0.7390  0.7371  0.6894  0.6985  0.6909  0.7214  0.7402
 151  1.898180  3.9670  3.8918  1.6458  0.7781  0.8230  0.7630  0.7472  0.7441  0.6945  0.7029  0.6949  0.7303  0.7499
 152  1.898198  3.9655  3.8916  1.6399  0.7932  0.8344  0.7718  0.7549  0.7505  0.6989  0.7064  0.6980  0.7387  0.7591
 153  1.898215  3.9638  3.8908  1.6341  0.8082  0.8453  0.7800  0.7618  0.7561  0.7022  0.7088  0.7000  0.7464  0.7677
 154  1.898232  3.9620  3.8893  1.6285  0.8228  0.8556  0.7874  0.7679  0.7606  0.7042  0.7097  0.7005  0.7533  0.7756
 155  1.898251  3.9600  3.8868  1.6230  0.8373  0.8653  0.7939  0.7727  0.7636  0.7045  0.7088  0.6991  0.7591  0.7826
 156  1.898272  3.9576  3.8826  1.6177  0.8515  0.8738  0.7986  0.7756  0.7643  0.7018  0.7045  0.6943  0.7630  0.7880
 157  1.898304  3.9542  3.8736  1.6130  0.8646  0.8789  0.7985  0.7726  0.7581  0.6906  0.6910  0.6800  0.7616  0.7888
 158  1.898358  3.9492  3.8525  1.6141  0.8640  0.8669  0.7795  0.7494  0.7299  0.6551  0.6518  0.6398  0.7407  0.7713
 159  1.898396  3.9464  3.8358  1.6193  0.8524  0.8486  0.7576  0.7250  0.7026  0.6234  0.6178  0.6052  0.7176  0.7503
 160  1.898430  3.9441  3.8213  1.6249  0.8397  0.8308  0.7371  0.7026  0.6778  0.5952  0.5877  0.5747  0.6961  0.7304
 161  1.898466  3.9420  3.8073  1.6306  0.8270  0.8134  0.7171  0.6807  0.6536  0.5677  0.5583  0.5449  0.6752  0.7111
 162  1.898527  3.9382  3.7832  1.6396  0.8077  0.7856  0.6846  0.6446  0.6132  0.5212  0.5083  0.4943  0.6408  0.6797
 163  1.898630  3.9335  3.7564  1.6474  0.7928  0.7613  0.6535  0.6087  0.5715  0.4718  0.4543  0.4394  0.6072  0.6503
 164  1.898776  3.9278  3.7270  1.6540  0.7828  0.7419  0.6246  0.5732  0.5287  0.4195  0.3961  0.3804  0.5750  0.6238
 165  1.898969  3.9216  3.6971  1.6592  0.7760  0.7327  0.6007  0.5398  0.4862  0.3671  0.3375  0.3211  0.5466  0.6041
 166  1.899207  3.9154  3.6688  1.6628  0.7719  0.7342  0.5827  0.5099  0.4463  0.3178  0.2819  0.2650  0.5232  0.5915
 167  1.899475  3.9095  3.6430  1.6651  0.7717  0.7402  0.5704  0.4861  0.4127  0.2746  0.2320  0.2148  0.5056  0.5844
 168  1.899762  3.9040  3.6196  1.6665  0.7749  0.7465  0.5627  0.4684  0.3855  0.2377  0.1878  0.1701  0.4928  0.5811
 169  1.900058  3.8988  3.5980  1.6674  0.7801  0.7535  0.5580  0.4547  0.3624  0.2051  0.1477  0.1294  0.4831  0.5803
 170  1.900359  3.8938  3.5774  1.6679  0.7864  0.7617  0.5552  0.4431  0.3416  0.1750  0.1098  0.0911  0.4753  0.5813
 171  1.900661  3.8888  3.5575  1.6680  0.7937  0.7713  0.5540  0.4332  0.3226  0.1465  0.0733  0.0541  0.4691  0.5839
 172  1.900962  3.8839  3.5378  1.6679  0.8020  0.7823  0.5541  0.4245  0.3047  0.1189  0.0375  0.0179  0.4641  0.5881
 173  1.901260  3.8788  3.5180  1.6676  0.8113  0.7947  0.5555  0.4169  0.2876  0.0920  0.0018 -0.0182  0.4601  0.5935
 174  1.901554  3.8736  3.4980  1.6670  0.8218  0.8087  0.5581  0.4104  0.2713  0.0653 -0.0340 -0.0545  0.4573  0.6001
 175  1.901842  3.8683  3.4775  1.6661  0.8336  0.8246  0.5619  0.4048  0.2555  0.0387 -0.0705 -0.0913  0.4554  0.6082
 176  1.902123  3.8628  3.4567  1.6650  0.8471  0.8418  0.5670  0.4003  0.2405  0.0123 -0.1072 -0.1285  0.4545  0.6177
 177  1.902395  3.8570  3.4353  1.6635  0.8626  0.8607  0.5733  0.3969  0.2264 -0.0139 -0.1443 -0.1662  0.4548  0.6285
 178  1.902658  3.8511  3.4134  1.6618  0.8801  0.8822  0.5810  0.3943  0.2128 -0.0402 -0.1822 -0.2047  0.4561  0.6411
 179  1.902910  3.8450  3.3910  1.6597  0.8999  0.9060  0.5901  0.3927  0.1998 -0.0666 -0.2207 -0.2438  0.4585  0.6553
 180  1.903152  3.8386  3.3682  1.6572  0.9226  0.9321  0.6005  0.3922  0.1876 -0.0929 -0.2598 -0.2835  0.4620  0.6711
 181  1.903381  3.8322  3.3451  1.6544  0.9477  0.9607  0.6125  0.3927  0.1763 -0.1186 -0.2988 -0.3231  0.4668  0.6885
 182  1.903636  3.8246  3.3186  1.6507  0.9807  0.9965  0.6280  0.3950  0.1649 -0.1473 -0.3431 -0.3683  0.4739  0.7105
 183  1.903887  3.8171  3.2929  1.6463  1.0186  1.0355  0.6458  0.3996  0.1561 -0.1736 -0.3851 -0.4113  0.4832  0.7347
 184  1.904136  3.8096  3.2685  1.6410  1.0618  1.0780  0.6662  0.4071  0.1503 -0.1969 -0.4241 -0.4514  0.4953  0.7615
 185  1.904384  3.8028  3.2476  1.6347  1.1089  1.1226  0.6892  0.4180  0.1493 -0.2144 -0.4563 -0.4846  0.5105  0.7905
 186  1.904627  3.7967  3.2311  1.6270  1.1587  1.1684  0.7149  0.4331  0.1539 -0.2247 -0.4797 -0.5090  0.5293  0.8216
 187  1.904863  3.7912  3.2177  1.6181  1.2121  1.2168  0.7438  0.4523  0.1634 -0.2290 -0.4964 -0.5265  0.5519  0.8555
 188  1.905089  3.7860  3.2075  1.6077  1.2700  1.2680  0.7760  0.4753  0.1776 -0.2278 -0.5067 -0.5378  0.5781  0.8924
 189  1.905303  3.7812  3.2001  1.5960  1.3316  1.3219  0.8116  0.5023  0.1964 -0.2212 -0.5107 -0.5428  0.6081  0.9324
 190  1.905503  3.7768  3.1955  1.5830  1.3962  1.3781  0.8502  0.5330  0.2196 -0.2094 -0.5089 -0.5419  0.6415  0.9753
 191  1.905688  3.7727  3.1933  1.5688  1.4634  1.4360  0.8916  0.5670  0.2466 -0.1930 -0.5019 -0.5358  0.6780  1.0205
 192  1.905859  3.7690  3.1935  1.5540  1.5308  1.4940  0.9342  0.6030  0.2763 -0.1728 -0.4901 -0.5250  0.7162  1.0668
 193  1.906017  3.7654  3.1948  1.5381  1.6026  1.5550  0.9796  0.6416  0.3088 -0.1500 -0.4758 -0.5116  0.7571  1.1159
 194  1.906166  3.7620  3.1977  1.5217  1.6755  1.6165  1.0263  0.6821  0.3436 -0.1243 -0.4581 -0.4948  0.7996  1.1660
 195  1.906310  3.7587  3.2016  1.5046  1.7511  1.6797  1.0747  0.7243  0.3802 -0.0965 -0.4382 -0.4757  0.8439  1.2179
 196  1.906449  3.7555  3.2060  1.4874  1.8275  1.7429  1.1233  0.7669  0.4175 -0.0681 -0.4174 -0.4558  0.8884  1.2700
 197  1.906598  3.7521  3.2100  1.4698  1.9082  1.8086  1.1737  0.8110  0.4559 -0.0390 -0.3964 -0.4358  0.9345  1.3240
 198  1.906753  3.7486  3.2125  1.4534  1.9890  1.8723  1.2215  0.8523  0.4913 -0.0134 -0.3791 -0.4197  0.9778  1.3757
 199  1.906945  3.7444  3.2109  1.4384  2.0783  1.9378  1.2675  0.8903  0.5224  0.0059 -0.3701 -0.4121  1.0183  1.4266
 200  1.907170  3.7398  3.2008  1.4303  2.1586  1.9895  1.2976  0.9116  0.5361  0.0062 -0.3812 -0.4248  1.0423  1.4624
 201  1.907426  3.7352  3.1788  1.4339  2.2118  2.0123  1.2992  0.9043  0.5211 -0.0224 -0.4213 -0.4665  1.0376  1.4695
 202  1.907642  3.7320  3.1548  1.4449  2.2303  2.0080  1.2798  0.8786  0.4899 -0.0635 -0.4708 -0.5171  1.0137  1.4542
 203  1.907835  3.7295  3.1317  1.4581  2.2331  1.9926  1.2530  0.8471  0.4543 -0.1068 -0.5204 -0.5676  0.9836  1.4306
 204  1.908003  3.7276  3.1117  1.4707  2.2292  1.9747  1.2265  0.8169  0.4210 -0.1459 -0.5643 -0.6122  0.9545  1.4065
 205  1.908184  3.7258  3.0902  1.4850  2.2200  1.9520  1.1955  0.7824  0.3834 -0.1891 -0.6121 -0.6607  0.9209  1.3778
 206  1.908368  3.7242  3.0690  1.4998  2.2079  1.9274  1.1633  0.7469  0.3452 -0.2325 -0.6597 -0.7090  0.8863  1.3477
 207  1.908549  3.7227  3.0482  1.5148  2.1928  1.9013  1.1299  0.7105  0.3062 -0.2761 -0.7068 -0.7569  0.8507  1.3163
 208  1.908727  3.7214  3.0278  1.5300  2.1749  1.8736  1.0957  0.6735  0.2668 -0.3194 -0.7533 -0.8043  0.8144  1.2838
 209  1.908905  3.7202  3.0076  1.5454  2.1554  1.8449  1.0608  0.6360  0.2272 -0.3628 -0.7997 -0.8514  0.7777  1.2506
 210  1.909081  3.7190  2.9875  1.5608  2.1354  1.8159  1.0258  0.5985  0.1876 -0.4062 -0.8458 -0.8983  0.7409  1.2173
 211  1.909257  3.7179  2.9676  1.5763  2.1149  1.7866  0.9907  0.5609  0.1480 -0.4493 -0.8917 -0.9449  0.7040  1.1837
 212  1.909433  3.7168  2.9478  1.5917  2.0938  1.7570  0.9556  0.5235  0.1085 -0.4922 -0.9373 -0.9912  0.6672  1.1501
 213  1.909608  3.7158  2.9282  1.6071  2.0725  1.7271  0.9203  0.4860  0.0691 -0.5350 -0.9828 -1.0373  0.6302  1.1163
 214  1.909783  3.7147  2.9087  1.6225  2.0508  1.6968  0.8850  0.4486  0.0299 -0.5776 -1.0281 -1.0831  0.5934  1.0824
 215  1.909959  3.7137  2.8893  1.6379  2.0290  1.6665  0.8498  0.4113 -0.0093 -0.6201 -1.0733 -1.1287  0.5566  1.0485
 216  1.910134  3.7127  2.8699  1.6533  2.0072  1.6361  0.8146  0.3740 -0.0483 -0.6625 -1.1183 -1.1742  0.5199  1.0146
 217  1.910152  3.7126  2.8680  1.6549  2.0050  1.6331  0.8111  0.3703 -0.0522 -0.6667 -1.1228 -1.1787  0.5162  1.0113
 218  1.910169  3.7125  2.8660  1.6564  2.0029  1.6301  0.8076  0.3666 -0.0561 -0.6709 -1.1273 -1.1833  0.5126  1.0079
 219  1.910187  3.7124  2.8641  1.6579  2.0007  1.6271  0.8041  0.3629 -0.0600 -0.6751 -1.1318 -1.1878  0.5089  1.0046
 220  1.910205  3.7123  2.8622  1.6594  1.9985  1.6240  0.8006  0.3592 -0.0638 -0.6793 -1.1362 -1.1923  0.5053  1.0012
 221  1.910222  3.7122  2.8603  1.6610  1.9963  1.6210  0.7972  0.3555 -0.0677 -0.6835 -1.1407 -1.1967  0.5016  0.9978
 222  1.910240  3.7121  2.8583  1.6625  1.9943  1.6180  0.7937  0.3518 -0.0715 -0.6877 -1.1452 -1.2013  0.4980  0.9945
 223  1.910257  3.7120  2.8564  1.6640  1.9921  1.6150  0.7902  0.3481 -0.0754 -0.6919 -1.1497 -1.2058  0.4944  0.9911
 224  1.910275  3.7119  2.8545  1.6655  1.9899  1.6120  0.7867  0.3444 -0.0793 -0.6961 -1.1541 -1.2103  0.4907  0.9878
 225  1.910293  3.7118  2.8526  1.6671  1.9877  1.6089  0.7832  0.3407 -0.0831 -0.7003 -1.1586 -1.2148  0.4871  0.9844
 226  1.910310  3.7117  2.8507  1.6686  1.9855  1.6059  0.7797  0.3371 -0.0870 -0.7044 -1.1630 -1.2192  0.4834  0.9811
 227  1.910491  3.7107  2.8307  1.6846  1.9625  1.5742  0.7432  0.2984 -0.1274 -0.7483 -1.2096 -1.2663  0.4453  0.9459
 228  1.910661  3.7098  2.8122  1.6993  1.9414  1.5449  0.7095  0.2628 -0.1647 -0.7887 -1.2527 -1.3097  0.4102  0.9134
 229  1.910912  3.7084  2.7850  1.7211  1.9103  1.5017  0.6598  0.2103 -0.2197 -0.8484 -1.3162 -1.3737  0.3583  0.8656
 230  1.911077  3.7075  2.7670  1.7356  1.8897  1.4730  0.6268  0.1754 -0.2562 -0.8880 -1.3584 -1.4162  0.3239  0.8338
 231  1.911238  3.7066  2.7493  1.7498  1.8697  1.4448  0.5945  0.1413 -0.2919 -0.9268 -1.3997 -1.4578  0.2902  0.8026
 232  1.911462  3.7054  2.7256  1.7688  1.8433  1.4072  0.5512  0.0956 -0.3398 -0.9788 -1.4551 -1.5137  0.2450  0.7610
 233  1.911686  3.7042  2.7016  1.7880  1.8167  1.3694  0.5075  0.0494 -0.3881 -1.0314 -1.5111 -1.5702  0.1994  0.7190
 234  1.911901  3.7031  2.6786  1.8064  1.7910  1.3330  0.4656  0.0051 -0.4345 -1.0818 -1.5647 -1.6243  0.1557  0.6787
 235  1.912111  3.7019  2.6562  1.8244  1.7664  1.2979  0.4250 -0.0379 -0.4796 -1.1308 -1.6169 -1.6770  0.1132  0.6397
 236  1.912310  3.7009  2.6352  1.8412  1.7429  1.2649  0.3868 -0.0784 -0.5220 -1.1768 -1.6660 -1.7265  0.0733  0.6030
 237  1.912509  3.6998  2.6143  1.8580  1.7197  1.2322  0.3489 -0.1186 -0.5642 -1.2227 -1.7148 -1.7758  0.0336  0.5666
 238  1.912695  3.6989  2.5949  1.8736  1.6980  1.2020  0.3139 -0.1557 -0.6032 -1.2651 -1.7600 -1.8214 -0.0031  0.5330
 239  1.912934  3.6976  2.5700  1.8935  1.6687  1.1635  0.2692 -0.2032 -0.6531 -1.3194 -1.8180 -1.8799 -0.0500  0.4902
 240  1.913110  3.6967  2.5518  1.9080  1.6476  1.1356  0.2367 -0.2377 -0.6894 -1.3589 -1.8604 -1.9226 -0.0841  0.4591
 241  1.913329  3.6956  2.5293  1.9260  1.6210  1.1009  0.1964 -0.2807 -0.7346 -1.4080 -1.9129 -1.9755 -0.1264  0.4205
 242  1.913544  3.6944  2.5071  1.9438  1.5954  1.0670  0.1569 -0.3227 -0.7789 -1.4562 -1.9647 -2.0276 -0.1680  0.3827
 243  1.913749  3.6933  2.4859  1.9606  1.5718  1.0352  0.1197 -0.3625 -0.8208 -1.5021 -2.0140 -2.0772 -0.2072  0.3472
 244  1.913947  3.6922  2.4655  1.9768  1.5494  1.0046  0.0838 -0.4008 -0.8612 -1.5463 -2.0616 -2.1250 -0.2450  0.3130
 245  1.914133  3.6912  2.4460  1.9922  1.5284  0.9757  0.0499 -0.4371 -0.8995 -1.5882 -2.1068 -2.1705 -0.2809  0.2806
 246  1.914357  3.6900  2.4227  2.0106  1.5042  0.9412  0.0092 -0.4805 -0.9454 -1.6385 -2.1609 -2.2251 -0.3238  0.2420
 247  1.914528  3.6890  2.4050  2.0246  1.4874  0.9152 -0.0216 -0.5136 -0.9802 -1.6769 -2.2020 -2.2666 -0.3564  0.2126
 248  1.914739  3.6879  2.3828  2.0421  1.4671  0.8829 -0.0601 -0.5548 -1.0238 -1.7247 -2.2533 -2.3186 -0.3970  0.1761
 249  1.914930  3.6868  2.3628  2.0579  1.4490  0.8536 -0.0950 -0.5921 -1.0631 -1.7681 -2.2997 -2.3656 -0.4338  0.1430
 250  1.915123  3.6857  2.3425  2.0739  1.4313  0.8243 -0.1300 -0.6297 -1.1028 -1.8118 -2.3465 -2.4131 -0.4709  0.1097
 251  1.915331  3.6845  2.3202  2.0915  1.4125  0.7921 -0.1684 -0.6709 -1.1464 -1.8598 -2.3979 -2.4653 -0.5116  0.0733
 252  1.915504  3.6836  2.3019  2.1059  1.3972  0.7658 -0.2000 -0.7048 -1.1822 -1.8993 -2.4402 -2.5082 -0.5450  0.0434
 253  1.915700  3.6824  2.2809  2.1225  1.3803  0.7357 -0.2361 -0.7436 -1.2231 -1.9446 -2.4887 -2.5574 -0.5832  0.0093
 254  1.915891  3.6813  2.2606  2.1384  1.3642  0.7068 -0.2708 -0.7809 -1.2626 -1.9882 -2.5355 -2.6049 -0.6200 -0.0235
 255  1.916068  3.6803  2.2417  2.1533  1.3492  0.6800 -0.3031 -0.8156 -1.2994 -2.0289 -2.5793 -2.6492 -0.6543 -0.0539
 256  1.916238  3.6793  2.2234  2.1677  1.3350  0.6542 -0.3341 -0.8490 -1.3348 -2.0681 -2.6215 -2.6920 -0.6872 -0.0831
 257  1.916404  3.6784  2.2056  2.1817  1.3214  0.6292 -0.3642 -0.8815 -1.3692 -2.1063 -2.6626 -2.7336 -0.7193 -0.1115
 258  1.916589  3.6773  2.1857  2.1973  1.3064  0.6013 -0.3979 -0.9178 -1.4077 -2.1490 -2.7086 -2.7802 -0.7551 -0.1432
 259  1.916762  3.6763  2.1670  2.2120  1.2926  0.5752 -0.4295 -0.9519 -1.4439 -2.1891 -2.7518 -2.8240 -0.7887 -0.1728
 260  1.916928  3.6753  2.1491  2.2261  1.2796  0.5504 -0.4596 -0.9845 -1.4785 -2.2275 -2.7931 -2.8660 -0.8209 -0.2011
 261  1.917088  3.6744  2.1317  2.2397  1.2672  0.5266 -0.4887 -1.0159 -1.5118 -2.2645 -2.8330 -2.9065 -0.8519 -0.2283
 262  1.917264  3.6733  2.1128  2.2545  1.2540  0.5007 -0.5203 -1.0501 -1.5482 -2.3050 -2.8766 -2.9508 -0.8856 -0.2578
 263  1.917429  3.6723  2.0949  2.2685  1.2416  0.4763 -0.5502 -1.0826 -1.5827 -2.3433 -2.9178 -2.9928 -0.9176 -0.2858
 264  1.917587  3.6714  2.0779  2.2819  1.2299  0.4532 -0.5785 -1.1133 -1.6154 -2.3796 -2.9568 -3.0326 -0.9479 -0.3122
 265  1.917744  3.6705  2.0610  2.2950  1.2192  0.4308 -0.6062 -1.1435 -1.6476 -2.4156 -2.9955 -3.0721 -0.9777 -0.3380
 266  1.917892  3.6696  2.0451  2.3074  1.2092  0.4098 -0.6322 -1.1718 -1.6778 -2.4493 -3.0319 -3.1092 -1.0056 -0.3622
 267  1.918051  3.6686  2.0280  2.3208  1.1983  0.3870 -0.6604 -1.2025 -1.7105 -2.4857 -3.0711 -3.1492 -1.0359 -0.3884
 268  1.918205  3.6677  2.0114  2.3337  1.1883  0.3653 -0.6875 -1.2320 -1.7421 -2.5210 -3.1091 -3.1880 -1.0650 -0.4134
 269  1.918347  3.6668  1.9959  2.3457  1.1793  0.3451 -0.7126 -1.2595 -1.7714 -2.5538 -3.1445 -3.2242 -1.0921 -0.4367
 270  1.918506  3.6658  1.9786  2.3591  1.1700  0.3231 -0.7403 -1.2898 -1.8040 -2.5903 -3.1840 -3.2646 -1.1220 -0.4622
 271  1.918642  3.6650  1.9635  2.3707  1.1622  0.3041 -0.7642 -1.3162 -1.8322 -2.6220 -3.2182 -3.2996 -1.1479 -0.4843
 272  1.918783  3.6641  1.9481  2.3826  1.1543  0.2846 -0.7888 -1.3431 -1.8612 -2.6545 -3.2534 -3.3355 -1.1745 -0.5069
 273  1.918937  3.6631  1.9315  2.3955  1.1457  0.2635 -0.8153 -1.3722 -1.8924 -2.6896 -3.2913 -3.3742 -1.2032 -0.5312
 274  1.919069  3.6624  1.9174  2.4065  1.1376  0.2450 -0.8383 -1.3973 -1.9192 -2.7196 -3.3235 -3.4072 -1.2280 -0.5524
 275  1.919208  3.6616  1.9029  2.4179  1.1292  0.2259 -0.8620 -1.4232 -1.9469 -2.7504 -3.3567 -3.4410 -1.2535 -0.5743
 276  1.919342  3.6608  1.8893  2.4284  1.1227  0.2088 -0.8835 -1.4469 -1.9724 -2.7790 -3.3876 -3.4727 -1.2770 -0.5940
 277  1.919481  3.6600  1.8758  2.4387  1.1175  0.1926 -0.9043 -1.4699 -1.9972 -2.8071 -3.4180 -3.5038 -1.2996 -0.6128
 278  1.919603  3.6594  1.8656  2.4465  1.1133  0.1801 -0.9202 -1.4876 -2.0162 -2.8286 -3.4413 -3.5276 -1.3170 -0.6273
 279  1.919729  3.6591  1.8601  2.4509  1.1100  0.1727 -0.9293 -1.4975 -2.0268 -2.8404 -3.4539 -3.5405 -1.3268 -0.6357