#NUMBER OF AGES=1 
#----------------------------------------------------       
#MIX-LEN  Y      Z          Zeff        [Fe/H] [a/Fe]
# 1.9380  0.2478 1.7242E-03 1.7242E-03  -1.00   0.00
#----------------------------------------------------       
#**PHOTOMETRIC SYSTEM**: Bessell UBV(RI)c + 2MASS JHKs + Kepler (Vega)
#----------------------------------------------------       

#AGE= 0.750 EEPS=275
#EEP   M/Mo    LogTeff  LogG   LogL/Lo U       B       V       R       I       J       H       Ks      Kp      D51     
   2  0.127792  3.5306  5.2482 -2.6280 16.5239 14.6208 12.8565 11.8388 10.7374  9.5364  8.9415  8.7465 11.9378 13.6788
   3  0.146030  3.5357  5.1893 -2.4906 15.9748 14.1713 12.4452 11.4448 10.3875  9.2078  8.6125  8.4135 11.5583 13.2483
   4  0.186188  3.5499  5.1245 -2.2635 14.9700 13.3545 11.7174 10.7554  9.8005  8.6781  8.0860  7.8830 10.8996 12.4752
   5  0.238562  3.5627  5.0724 -2.0526 14.1079 12.6243 11.0642 10.1338  9.2583  8.1850  7.5968  7.3925 10.2988 11.7812
   6  0.297951  3.5724  5.0291 -1.8739 13.4295 12.0331 10.5302  9.6248  8.8024  7.7647  7.1786  6.9745  9.8016 11.2149
   7  0.314658  3.5749  5.0138 -1.8250 13.2490 11.8747 10.3865  9.4879  8.6782  7.6493  7.0635  6.8595  9.6672 11.0624
   8  0.322002  3.5760  5.0054 -1.8024 13.1677 11.8030 10.3211  9.4255  8.6210  7.5959  7.0101  6.8062  9.6058 10.9932
   9  0.326666  3.5766  4.9989 -1.7871 13.1140 11.7552 10.2774  9.3837  8.5824  7.5595  6.9738  6.7698  9.5645 10.9470
  10  0.330855  3.5772  4.9927 -1.7730 13.0652 11.7116 10.2373  9.3453  8.5469  7.5260  6.9401  6.7362  9.5266 10.9047
  11  0.336190  3.5779  4.9855 -1.7558 13.0045 11.6577 10.1879  9.2981  8.5035  7.4852  6.8993  6.6954  9.4801 10.8524
  12  0.343470  3.5790  4.9764 -1.7331 12.9229 11.5854 10.1221  9.2354  8.4459  7.4313  6.8453  6.6417  9.4183 10.7825
  13  0.360467  3.5818  4.9576 -1.6820 12.7322 11.4185  9.9713  9.0931  8.3164  7.3116  6.7254  6.5226  9.2780 10.6214
  14  0.404496  3.5910  4.9099 -1.5478 12.2003 10.9591  9.5635  8.7139  7.9746  7.0011  6.4138  6.2163  8.9034 10.1802
  15  0.420019  3.5948  4.8909 -1.4970 11.9950 10.7810  9.4069  8.5700  7.8449  6.8842  6.2962  6.1022  8.7606 10.0104
  16  0.430859  3.5978  4.8772 -1.4604 11.8465 10.6515  9.2935  8.4664  7.7514  6.8004  6.2115  6.0208  8.6575  9.8875
  17  0.441423  3.6009  4.8639 -1.4242 11.6977 10.5213  9.1801  8.3633  7.6587  6.7177  6.1276  5.9408  8.5549  9.7644
  18  0.454027  3.6050  4.8486 -1.3803 11.5138 10.3604  9.0410  8.2379  7.5463  6.6181  6.0260  5.8449  8.4297  9.6129
  19  0.467231  3.6098  4.8328 -1.3329 11.3120 10.1833  8.8890  8.1021  7.4253  6.5116  5.9164  5.7431  8.2939  9.4470
  20  0.480283  3.6150  4.8174 -1.2847 11.1050 10.0001  8.7326  7.9636  7.3025  6.4040  5.8048  5.6407  8.1551  9.2765
  21  0.493649  3.6208  4.8028 -1.2349 10.8883  9.8061  8.5683  7.8193  7.1757  6.2936  5.6897  5.5366  8.0101  9.0974
  22  0.508220  3.6276  4.7886 -1.1806 10.6544  9.5926  8.3879  7.6619  7.0383  6.1740  5.5660  5.4253  7.8516  8.9021
  23  0.524291  3.6361  4.7753 -1.1199 10.3840  9.3446  8.1806  7.4834  6.8848  6.0420  5.4328  5.3059  7.6711  8.6777
  24  0.539928  3.6450  4.7648 -1.0612 10.1025  9.0931  7.9732  7.3078  6.7362  5.9169  5.3124  5.1981  7.4927  8.4506
  25  0.553234  3.6527  4.7572 -1.0122  9.8521  8.8810  7.7992  7.1616  6.6123  5.8142  5.2184  5.1131  7.3432  8.2550
  26  0.563259  3.6588  4.7526 -0.9756  9.6483  8.7196  7.6675  7.0523  6.5196  5.7394  5.1532  5.0541  7.2308  8.1010
  27  0.571317  3.6638  4.7497 -0.9462  9.4747  8.5889  7.5613  6.9648  6.4450  5.6805  5.1040  5.0095  7.1403  7.9735
  28  0.579292  3.6689  4.7471 -0.9174  9.2980  8.4611  7.4576  6.8796  6.3718  5.6234  5.0578  4.9676  7.0519  7.8466
  29  0.589894  3.6755  4.7441 -0.8799  9.0628  8.2970  7.3242  6.7698  6.2766  5.5505  5.0013  4.9160  6.9377  7.6810
  30  0.608248  3.6865  4.7384 -0.8168  8.6706  8.0306  7.1062  6.5884  6.1170  5.4290  4.9101  4.8316  6.7490  7.4114
  31  0.643700  3.7069  4.7261 -0.6986  7.9570  7.5558  6.7212  6.2610  5.8263  5.2070  4.7455  4.6773  6.4090  6.9509
  32  0.703479  3.7370  4.7010 -0.5142  6.9755  6.8792  6.1779  5.7816  5.3943  4.8691  4.4850  4.4295  5.9131  6.3444
  33  0.910584  3.8092  4.5650  0.0222  4.9700  5.2015  4.7780  4.5048  4.2261  3.8743  3.6200  3.5978  4.5957  4.8699
  34  0.933384  3.8154  4.5487  0.0741  4.8171  5.0524  4.6461  4.3828  4.1137  3.7758  3.5330  3.5127  4.4703  4.7331
  35  0.960079  3.8225  4.5305  0.1332  4.6480  4.8829  4.4957  4.2439  3.9860  3.6640  3.4348  3.4163  4.3273  4.5770
  36  0.991929  3.8310  4.5102  0.2016  4.4574  4.6874  4.3212  4.0833  3.8391  3.5357  3.3231  3.3061  4.1620  4.3959
  37  1.098323  3.8605  4.4604  0.4136  3.8978  4.0754  3.7767  3.5895  3.3968  3.1561  3.0041  2.9900  3.6502  3.8282
  38  1.128440  3.8699  4.4536  0.4700  3.7473  3.9128  3.6308  3.4579  3.2811  3.0619  2.9301  2.9148  3.5137  3.6758
  39  1.150011  3.8772  4.4513  0.5096  3.6503  3.7950  3.5285  3.3696  3.2073  3.0021  2.8849  2.8701  3.4202  3.5677
  40  1.171345  3.8849  4.4515  0.5481  3.5518  3.6813  3.4292  3.2833  3.1353  2.9458  2.8437  2.8288  3.3291  3.4629
  41  1.191091  3.8923  4.4533  0.5830  3.4577  3.5800  3.3397  3.2045  3.0689  2.8952  2.8074  2.7918  3.2464  3.3691
  42  1.209124  3.8987  4.4552  0.6136  3.3791  3.4916  3.2624  3.1378  3.0143  2.8530  2.7768  2.7613  3.1758  3.2877
  43  1.225169  3.9044  4.4571  0.6398  3.3128  3.4161  3.1970  3.0819  2.9690  2.8181  2.7516  2.7364  3.1161  3.2185
  44  1.240820  3.9098  4.4589  0.6652  3.2487  3.3430  3.1339  3.0279  2.9254  2.7847  2.7277  2.7126  3.0585  3.1518
  45  1.256782  3.9153  4.4602  0.6918  3.1811  3.2674  3.0681  2.9716  2.8801  2.7496  2.7022  2.6872  2.9985  3.0825
  46  1.272355  3.9209  4.4612  0.7186  3.1127  3.1926  3.0031  2.9156  2.8351  2.7143  2.6761  2.6613  2.9391  3.0140
  47  1.288925  3.9266  4.4614  0.7468  3.0420  3.1155  2.9372  2.8590  2.7888  2.6775  2.6477  2.6330  2.8784  2.9446
  48  1.308642  3.9332  4.4618  0.7791  2.9638  3.0291  2.8668  2.7991  2.7391  2.6386  2.6166  2.6020  2.8128  2.8698
  49  1.328379  3.9395  4.4621  0.8107  2.8886  2.9481  2.8015  2.7435  2.6922  2.6017  2.5863  2.5718  2.7516  2.8004
  50  1.421796  3.9662  4.4577  0.9512  2.5490  2.6212  2.5270  2.5000  2.4809  2.4292  2.4363  2.4254  2.4906  2.5143
  51  1.436050  3.9699  4.4548  0.9732  2.4953  2.5728  2.4849  2.4612  2.4459  2.3992  2.4088  2.3986  2.4499  2.4710
  52  1.518552  3.9898  4.4430  1.0889  2.2137  2.3313  2.2744  2.2653  2.2676  2.2466  2.2676  2.2615  2.2451  2.2556
  53  1.522933  3.9907  4.4409  1.0961  2.1960  2.3160  2.2606  2.2521  2.2551  2.2352  2.2567  2.2509  2.2315  2.2416
  54  1.526075  3.9913  4.4383  1.1019  2.1816  2.3030  2.2485  2.2404  2.2439  2.2248  2.2465  2.2408  2.2196  2.2294
  55  1.529835  3.9921  4.4359  1.1085  2.1652  2.2886  2.2353  2.2276  2.2318  2.2136  2.2357  2.2302  2.2065  2.2160
  56  1.537282  3.9936  4.4336  1.1190  2.1396  2.2669  2.2157  2.2090  2.2142  2.1979  2.2206  2.2155  2.1873  2.1962
  57  1.640289  4.0148  4.4042  1.2613  1.7928  1.9823  1.9599  1.9633  1.9815  1.9901  2.0206  2.0208  1.9346  1.9371
  58  1.646879  4.0158  4.4006  1.2706  1.7701  1.9627  1.9415  1.9453  1.9641  1.9738  2.0046  2.0051  1.9163  1.9186
  59  1.654434  4.0170  4.3967  1.2811  1.7446  1.9408  1.9210  1.9253  1.9447  1.9557  1.9868  1.9877  1.8959  1.8980
  60  1.661972  4.0181  4.3928  1.2917  1.7188  1.9187  1.9003  1.9051  1.9252  1.9375  1.9689  1.9701  1.8754  1.8772
  61  1.669493  4.0192  4.3883  1.3023  1.6930  1.8962  1.8791  1.8843  1.9050  1.9184  1.9502  1.9516  1.8543  1.8558
  62  1.677401  4.0203  4.3836  1.3135  1.6656  1.8723  1.8566  1.8622  1.8835  1.8982  1.9303  1.9320  1.8319  1.8332
  63  1.686157  4.0215  4.3784  1.3256  1.6362  1.8466  1.8322  1.8383  1.8603  1.8762  1.9086  1.9107  1.8077  1.8087
  64  1.695760  4.0227  4.3726  1.3387  1.6043  1.8185  1.8056  1.8121  1.8347  1.8519  1.8847  1.8871  1.7812  1.7819
  65  1.706066  4.0239  4.3661  1.3527  1.5700  1.7882  1.7767  1.7837  1.8070  1.8256  1.8587  1.8614  1.7525  1.7530
  66  1.716846  4.0250  4.3591  1.3671  1.5348  1.7567  1.7466  1.7540  1.7780  1.7978  1.8312  1.8343  1.7225  1.7228
  67  1.727573  4.0261  4.3518  1.3815  1.4997  1.7251  1.7162  1.7240  1.7486  1.7695  1.8032  1.8067  1.6922  1.6922
  68  1.737898  4.0270  4.3441  1.3954  1.4654  1.6938  1.6860  1.6942  1.7193  1.7412  1.7752  1.7789  1.6622  1.6620
  69  1.748002  4.0278  4.3361  1.4091  1.4315  1.6626  1.6558  1.6643  1.6899  1.7126  1.7467  1.7507  1.6320  1.6317
  70  1.758029  4.0285  4.3275  1.4230  1.3971  1.6305  1.6246  1.6333  1.6594  1.6828  1.7171  1.7214  1.6009  1.6004
  71  1.767999  4.0291  4.3182  1.4372  1.3619  1.5974  1.5922  1.6012  1.6277  1.6518  1.6862  1.6907  1.5686  1.5680
  72  1.777853  4.0297  4.3085  1.4514  1.3265  1.5638  1.5593  1.5685  1.5954  1.6200  1.6545  1.6592  1.5358  1.5351
  73  1.787486  4.0300  4.2985  1.4653  1.2916  1.5302  1.5264  1.5358  1.5629  1.5879  1.6225  1.6274  1.5029  1.5021
  74  1.796705  4.0303  4.2883  1.4786  1.2582  1.4977  1.4943  1.5038  1.5312  1.5564  1.5910  1.5960  1.4709  1.4700
  75  1.805508  4.0304  4.2782  1.4911  1.2263  1.4663  1.4631  1.4727  1.5003  1.5255  1.5602  1.5653  1.4398  1.4389
  76  1.814061  4.0303  4.2679  1.5033  1.1954  1.4353  1.4323  1.4419  1.4696  1.4948  1.5293  1.5345  1.4090  1.4081
  77  1.822379  4.0301  4.2574  1.5150  1.1653  1.4048  1.4019  1.4115  1.4393  1.4642  1.4987  1.5039  1.3786  1.3777
  78  1.830529  4.0298  4.2467  1.5266  1.1356  1.3745  1.3715  1.3811  1.4089  1.4335  1.4679  1.4731  1.3482  1.3474
  79  1.838498  4.0294  4.2357  1.5378  1.1065  1.3442  1.3411  1.3506  1.3784  1.4025  1.4367  1.4420  1.3178  1.3170
  80  1.846326  4.0289  4.2243  1.5489  1.0776  1.3138  1.3105  1.3199  1.3476  1.3711  1.4051  1.4103  1.2872  1.2865
  81  1.854015  4.0282  4.2126  1.5598  1.0490  1.2833  1.2797  1.2889  1.3165  1.3392  1.3730  1.3782  1.2563  1.2557
  82  1.858831  4.0278  4.2050  1.5666  1.0312  1.2640  1.2602  1.2693  1.2968  1.3190  1.3526  1.3577  1.2368  1.2363
  83  1.863621  4.0273  4.1973  1.5734  1.0133  1.2446  1.2405  1.2495  1.2769  1.2985  1.3319  1.3370  1.2171  1.2166
  84  1.868358  4.0267  4.1895  1.5801  0.9955  1.2252  1.2207  1.2296  1.2568  1.2778  1.3111  1.3160  1.1973  1.1969
  85  1.873062  4.0261  4.1814  1.5869  0.9776  1.2054  1.2006  1.2094  1.2364  1.2567  1.2897  1.2946  1.1771  1.1769
  86  1.877754  4.0254  4.1732  1.5936  0.9598  1.1857  1.1804  1.1891  1.2159  1.2355  1.2683  1.2731  1.1569  1.1568
  87  1.882427  4.0247  4.1646  1.6002  0.9420  1.1655  1.1598  1.1682  1.1949  1.2136  1.2461  1.2508  1.1363  1.1362
  88  1.887081  4.0239  4.1559  1.6069  0.9242  1.1454  1.1391  1.1474  1.1738  1.1916  1.2239  1.2284  1.1155  1.1157
  89  1.891719  4.0231  4.1469  1.6136  0.9063  1.1248  1.1180  1.1261  1.1522  1.1691  1.2010  1.2055  1.0944  1.0946
  90  1.896330  4.0222  4.1378  1.6202  0.8884  1.1042  1.0968  1.1047  1.1305  1.1464  1.1780  1.1823  1.0731  1.0735
  91  1.900918  4.0213  4.1284  1.6269  0.8704  1.0832  1.0752  1.0828  1.1084  1.1231  1.1545  1.1586  1.0515  1.0520
  92  1.905476  4.0203  4.1189  1.6336  0.8524  1.0622  1.0535  1.0609  1.0861  1.0997  1.1307  1.1347  1.0297  1.0304
  93  1.909997  4.0192  4.1091  1.6402  0.8344  1.0409  1.0315  1.0386  1.0634  1.0759  1.1065  1.1103  1.0076  1.0085
  94  1.914480  4.0182  4.0992  1.6468  0.8164  1.0195  1.0094  1.0162  1.0406  1.0518  1.0821  1.0857  0.9854  0.9865
  95  1.918925  4.0170  4.0890  1.6535  0.7984  0.9979  0.9870  0.9935  1.0175  1.0274  1.0573  1.0607  0.9630  0.9643
  96  1.923308  4.0158  4.0786  1.6601  0.7806  0.9762  0.9645  0.9706  0.9942  1.0027  1.0321  1.0353  0.9403  0.9419
  97  1.927648  4.0146  4.0680  1.6666  0.7627  0.9542  0.9417  0.9475  0.9706  0.9776  1.0066  1.0095  0.9174  0.9192
  98  1.931962  4.0133  4.0572  1.6732  0.7449  0.9322  0.9187  0.9241  0.9468  0.9522  0.9808  0.9834  0.8944  0.8964
  99  1.936233  4.0119  4.0462  1.6797  0.7271  0.9100  0.8956  0.9006  0.9228  0.9266  0.9546  0.9570  0.8711  0.8734
 100  1.940458  4.0105  4.0350  1.6863  0.7094  0.8877  0.8722  0.8769  0.8985  0.9006  0.9281  0.9303  0.8476  0.8502
 101  1.944645  4.0091  4.0238  1.6928  0.6919  0.8655  0.8489  0.8531  0.8742  0.8746  0.9016  0.9035  0.8242  0.8270
 102  1.948795  4.0077  4.0125  1.6993  0.6744  0.8432  0.8256  0.8294  0.8499  0.8486  0.8751  0.8767  0.8007  0.8038
 103  1.952891  4.0063  4.0013  1.7059  0.6568  0.8210  0.8023  0.8057  0.8257  0.8227  0.8487  0.8499  0.7774  0.7807
 104  1.956940  4.0049  3.9901  1.7125  0.6394  0.7989  0.7793  0.7824  0.8017  0.7970  0.8224  0.8234  0.7542  0.7578
 105  1.960937  4.0037  3.9793  1.7192  0.6218  0.7770  0.7567  0.7594  0.7782  0.7719  0.7968  0.7975  0.7315  0.7354
 106  1.964846  4.0026  3.9692  1.7259  0.6042  0.7557  0.7349  0.7372  0.7554  0.7478  0.7723  0.7728  0.7095  0.7136
 107  1.968656  4.0019  3.9602  1.7328  0.5863  0.7354  0.7143  0.7164  0.7343  0.7258  0.7499  0.7502  0.6888  0.6931
 108  1.972243  4.0017  3.9532  1.7398  0.5686  0.7169  0.6959  0.6980  0.7158  0.7070  0.7310  0.7313  0.6704  0.6747
 109  1.975501  4.0022  3.9489  1.7467  0.5512  0.7011  0.6810  0.6834  0.7015  0.6932  0.7173  0.7177  0.6555  0.6597
 110  1.978228  4.0034  3.9481  1.7533  0.5352  0.6894  0.6708  0.6737  0.6924  0.6857  0.7102  0.7110  0.6455  0.6493
 111  1.980313  4.0055  3.9510  1.7593  0.5210  0.6824  0.6660  0.6696  0.6894  0.6852  0.7104  0.7118  0.6409  0.6443
 112  1.980521  4.0058  3.9515  1.7599  0.5195  0.6819  0.6657  0.6695  0.6893  0.6855  0.7108  0.7122  0.6406  0.6439
 113  1.980730  4.0062  3.9522  1.7607  0.5179  0.6814  0.6656  0.6695  0.6895  0.6862  0.7115  0.7131  0.6406  0.6438
 114  1.980939  4.0065  3.9528  1.7613  0.5163  0.6810  0.6654  0.6694  0.6896  0.6866  0.7121  0.7137  0.6404  0.6436
 115  1.981147  4.0068  3.9535  1.7620  0.5147  0.6805  0.6652  0.6693  0.6897  0.6871  0.7126  0.7144  0.6403  0.6434
 116  1.981355  4.0071  3.9541  1.7627  0.5132  0.6800  0.6651  0.6693  0.6898  0.6876  0.7132  0.7150  0.6401  0.6432
 117  1.981563  4.0076  3.9550  1.7635  0.5114  0.6797  0.6651  0.6695  0.6902  0.6885  0.7143  0.7162  0.6403  0.6432
 118  1.981770  4.0080  3.9560  1.7643  0.5097  0.6794  0.6652  0.6697  0.6906  0.6894  0.7153  0.7173  0.6404  0.6432
 119  1.981977  4.0084  3.9569  1.7651  0.5080  0.6790  0.6653  0.6699  0.6910  0.6903  0.7163  0.7185  0.6405  0.6432
 120  1.982184  4.0088  3.9578  1.7658  0.5063  0.6787  0.6653  0.6701  0.6914  0.6912  0.7174  0.7196  0.6406  0.6433
 121  1.982390  4.0093  3.9589  1.7667  0.5044  0.6785  0.6656  0.6705  0.6920  0.6924  0.7187  0.7211  0.6409  0.6435
 122  1.982595  4.0098  3.9602  1.7676  0.5025  0.6785  0.6660  0.6712  0.6929  0.6939  0.7204  0.7229  0.6414  0.6438
 123  1.982800  4.0103  3.9615  1.7685  0.5006  0.6784  0.6664  0.6717  0.6936  0.6953  0.7220  0.7246  0.6418  0.6441
 124  1.983003  4.0109  3.9628  1.7694  0.4987  0.6783  0.6668  0.6723  0.6945  0.6968  0.7237  0.7264  0.6423  0.6445
 125  1.983204  4.0116  3.9645  1.7704  0.4966  0.6784  0.6675  0.6733  0.6958  0.6989  0.7260  0.7289  0.6431  0.6452
 126  1.983404  4.0122  3.9662  1.7714  0.4945  0.6786  0.6682  0.6742  0.6970  0.7009  0.7282  0.7313  0.6438  0.6458
 127  1.983603  4.0129  3.9679  1.7725  0.4924  0.6788  0.6690  0.6752  0.6983  0.7031  0.7306  0.7338  0.6447  0.6465
 128  1.983799  4.0137  3.9701  1.7737  0.4901  0.6792  0.6701  0.6766  0.7001  0.7058  0.7336  0.7371  0.6459  0.6476
 129  1.983994  4.0145  3.9722  1.7748  0.4879  0.6797  0.6712  0.6779  0.7018  0.7085  0.7365  0.7401  0.6471  0.6486
 130  1.984186  4.0154  3.9745  1.7760  0.4855  0.6802  0.6725  0.6795  0.7037  0.7114  0.7397  0.7436  0.6485  0.6498
 131  1.984376  4.0164  3.9771  1.7773  0.4831  0.6810  0.6741  0.6813  0.7060  0.7148  0.7435  0.7476  0.6501  0.6512
 132  1.984561  4.0173  3.9797  1.7787  0.4806  0.6818  0.6756  0.6832  0.7083  0.7183  0.7472  0.7516  0.6518  0.6527
 133  1.984742  4.0184  3.9827  1.7802  0.4780  0.6827  0.6774  0.6854  0.7110  0.7222  0.7515  0.7561  0.6537  0.6544
 134  1.984919  4.0196  3.9857  1.7816  0.4753  0.6838  0.6793  0.6876  0.7137  0.7262  0.7558  0.7607  0.6557  0.6562
 135  1.985090  4.0208  3.9890  1.7833  0.4725  0.6850  0.6815  0.6901  0.7168  0.7307  0.7607  0.7659  0.6580  0.6582
 136  1.985253  4.0220  3.9924  1.7850  0.4695  0.6862  0.6836  0.6926  0.7198  0.7352  0.7656  0.7711  0.6603  0.6602
 137  1.985406  4.0234  3.9960  1.7868  0.4663  0.6874  0.6859  0.6953  0.7231  0.7400  0.7709  0.7766  0.6627  0.6624
 138  1.985551  4.0248  3.9998  1.7888  0.4630  0.6888  0.6883  0.6981  0.7266  0.7450  0.7763  0.7825  0.6652  0.6647
 139  1.985688  4.0263  4.0037  1.7908  0.4597  0.6902  0.6909  0.7011  0.7302  0.7503  0.7821  0.7885  0.6680  0.6671
 140  1.985817  4.0278  4.0077  1.7929  0.4563  0.6917  0.6936  0.7042  0.7339  0.7557  0.7879  0.7947  0.6707  0.6696
 141  1.985937  4.0294  4.0118  1.7950  0.4528  0.6932  0.6963  0.7074  0.7376  0.7612  0.7939  0.8010  0.6736  0.6722
 142  1.986045  4.0310  4.0159  1.7973  0.4491  0.6946  0.6988  0.7104  0.7413  0.7665  0.7997  0.8072  0.6763  0.6746
 143  1.986143  4.0325  4.0198  1.7997  0.4452  0.6957  0.7011  0.7131  0.7447  0.7716  0.8052  0.8131  0.6787  0.6768
 144  1.986232  4.0341  4.0238  1.8021  0.4413  0.6968  0.7033  0.7157  0.7479  0.7766  0.8107  0.8189  0.6811  0.6788
 145  1.986313  4.0357  4.0277  1.8046  0.4374  0.6978  0.7055  0.7183  0.7512  0.7816  0.8161  0.8247  0.6834  0.6809
 146  1.986388  4.0373  4.0315  1.8071  0.4333  0.6988  0.7076  0.7208  0.7543  0.7864  0.8214  0.8304  0.6856  0.6828
 147  1.986456  4.0389  4.0352  1.8097  0.4292  0.6996  0.7094  0.7231  0.7572  0.7910  0.8264  0.8357  0.6876  0.6845
 148  1.986517  4.0404  4.0387  1.8123  0.4250  0.7001  0.7110  0.7251  0.7597  0.7951  0.8310  0.8407  0.6893  0.6859
 149  1.986573  4.0419  4.0421  1.8150  0.4206  0.7004  0.7123  0.7268  0.7620  0.7990  0.8354  0.8453  0.6907  0.6871
 150  1.986623  4.0434  4.0452  1.8177  0.4162  0.7004  0.7134  0.7282  0.7640  0.8026  0.8393  0.8496  0.6919  0.6881
 151  1.986669  4.0448  4.0483  1.8204  0.4116  0.7003  0.7142  0.7295  0.7658  0.8059  0.8430  0.8536  0.6929  0.6888
 152  1.986711  4.0462  4.0511  1.8232  0.4070  0.7000  0.7149  0.7305  0.7673  0.8088  0.8464  0.8573  0.6936  0.6893
 153  1.986751  4.0476  4.0539  1.8260  0.4023  0.6996  0.7154  0.7313  0.7687  0.8116  0.8495  0.8608  0.6942  0.6897
 154  1.986789  4.0489  4.0565  1.8288  0.3976  0.6990  0.7156  0.7320  0.7699  0.8142  0.8524  0.8640  0.6946  0.6899
 155  1.986826  4.0503  4.0591  1.8316  0.3928  0.6983  0.7158  0.7325  0.7709  0.8166  0.8552  0.8670  0.6949  0.6899
 156  1.986864  4.0516  4.0616  1.8344  0.3880  0.6976  0.7160  0.7330  0.7718  0.8189  0.8579  0.8700  0.6952  0.6900
 157  1.986907  4.0529  4.0641  1.8368  0.3840  0.6974  0.7166  0.7339  0.7732  0.8216  0.8609  0.8733  0.6959  0.6905
 158  1.986966  4.0542  4.0673  1.8390  0.3810  0.6983  0.7183  0.7359  0.7758  0.8255  0.8651  0.8778  0.6977  0.6921
 159  1.987024  4.0538  4.0686  1.8360  0.3878  0.7039  0.7236  0.7411  0.7808  0.8300  0.8696  0.8822  0.7030  0.6974
 160  1.987042  4.0529  4.0683  1.8327  0.3945  0.7078  0.7268  0.7441  0.7834  0.8318  0.8711  0.8835  0.7061  0.7008
 161  1.987055  4.0520  4.0677  1.8297  0.4006  0.7111  0.7296  0.7466  0.7856  0.8330  0.8722  0.8843  0.7088  0.7036
 162  1.987073  4.0502  4.0732  1.8173  0.4290  0.7342  0.7513  0.7679  0.8061  0.8518  0.8905  0.9022  0.7304  0.7254
 163  1.987120  4.0462  4.0657  1.8086  0.4440  0.7368  0.7512  0.7667  0.8035  0.8450  0.8826  0.8934  0.7299  0.7257
 164  1.987195  4.0398  4.0452  1.8037  0.4461  0.7193  0.7296  0.7435  0.7778  0.8127  0.8485  0.8579  0.7078  0.7046
 165  1.987271  4.0350  4.0172  1.8125  0.4162  0.6747  0.6821  0.6949  0.7275  0.7572  0.7914  0.7999  0.6600  0.6576
 166  1.987334  4.0320  3.9955  1.8222  0.3872  0.6363  0.6422  0.6542  0.6857  0.7121  0.7453  0.7532  0.6198  0.6178
 167  1.987413  4.0289  3.9735  1.8317  0.3591  0.5981  0.6025  0.6137  0.6439  0.6668  0.6989  0.7062  0.5797  0.5784
 168  1.987520  4.0251  3.9497  1.8404  0.3322  0.5591  0.5615  0.5718  0.6004  0.6190  0.6497  0.6563  0.5383  0.5377
 169  1.987657  4.0209  3.9252  1.8482  0.3078  0.5209  0.5210  0.5302  0.5569  0.5708  0.6000  0.6056  0.4974  0.4975
 170  1.987828  4.0164  3.9011  1.8541  0.2882  0.4862  0.4836  0.4916  0.5163  0.5249  0.5524  0.5570  0.4595  0.4605
 171  1.988022  4.0120  3.8788  1.8591  0.2717  0.4550  0.4498  0.4565  0.4792  0.4826  0.5086  0.5122  0.4251  0.4270
 172  1.988234  4.0077  3.8578  1.8627  0.2594  0.4278  0.4196  0.4251  0.4457  0.4439  0.4683  0.4709  0.3945  0.3972
 173  1.988455  4.0035  3.8381  1.8659  0.2491  0.4031  0.3920  0.3961  0.4148  0.4079  0.4307  0.4323  0.3664  0.3700
 174  1.988682  3.9997  3.8200  1.8685  0.2406  0.3811  0.3672  0.3701  0.3868  0.3751  0.3964  0.3970  0.3411  0.3456
 175  1.988914  3.9960  3.8033  1.8708  0.2333  0.3615  0.3450  0.3465  0.3612  0.3450  0.3648  0.3645  0.3183  0.3237
 176  1.989148  3.9925  3.7875  1.8727  0.2271  0.3437  0.3244  0.3247  0.3374  0.3167  0.3350  0.3339  0.2972  0.3035
 177  1.989385  3.9892  3.7723  1.8744  0.2218  0.3270  0.3051  0.3040  0.3147  0.2897  0.3064  0.3046  0.2773  0.2846
 178  1.989621  3.9858  3.7574  1.8759  0.2173  0.3114  0.2866  0.2842  0.2927  0.2634  0.2786  0.2759  0.2582  0.2666
 179  1.989858  3.9825  3.7427  1.8773  0.2135  0.2965  0.2688  0.2649  0.2713  0.2376  0.2511  0.2477  0.2397  0.2492
 180  1.990094  3.9791  3.7279  1.8786  0.2103  0.2822  0.2514  0.2460  0.2501  0.2119  0.2236  0.2194  0.2217  0.2323
 181  1.990330  3.9756  3.7130  1.8797  0.2078  0.2686  0.2343  0.2272  0.2289  0.1860  0.1959  0.1909  0.2038  0.2157
 182  1.990560  3.9721  3.6981  1.8808  0.2058  0.2556  0.2177  0.2088  0.2080  0.1603  0.1683  0.1625  0.1865  0.1996
 183  1.990789  3.9685  3.6828  1.8817  0.2044  0.2430  0.2013  0.1904  0.1870  0.1342  0.1401  0.1335  0.1692  0.1838
 184  1.991018  3.9648  3.6671  1.8826  0.2036  0.2308  0.1850  0.1720  0.1657  0.1075  0.1112  0.1037  0.1519  0.1682
 185  1.991245  3.9609  3.6508  1.8834  0.2032  0.2189  0.1688  0.1535  0.1441  0.0802  0.0814  0.0730  0.1348  0.1527
 186  1.991470  3.9568  3.6339  1.8840  0.2034  0.2075  0.1529  0.1350  0.1221  0.0522  0.0506  0.0412  0.1176  0.1376
 187  1.991694  3.9526  3.6163  1.8845  0.2039  0.1968  0.1373  0.1163  0.0994  0.0231  0.0185  0.0080  0.1005  0.1230
 188  1.991915  3.9481  3.5980  1.8849  0.2047  0.1872  0.1220  0.0975  0.0760 -0.0071 -0.0151 -0.0265  0.0836  0.1089
 189  1.992133  3.9433  3.5788  1.8852  0.2064  0.1787  0.1073  0.0787  0.0520 -0.0383 -0.0503 -0.0626  0.0668  0.0955
 190  1.992349  3.9383  3.5587  1.8853  0.2092  0.1717  0.0932  0.0600  0.0275 -0.0706 -0.0870 -0.1003  0.0505  0.0830
 191  1.992561  3.9330  3.5377  1.8852  0.2134  0.1665  0.0801  0.0415  0.0027 -0.1040 -0.1253 -0.1395  0.0347  0.0717
 192  1.992769  3.9275  3.5158  1.8849  0.2188  0.1639  0.0683  0.0235 -0.0226 -0.1384 -0.1653 -0.1805  0.0198  0.0620
 193  1.992973  3.9216  3.4930  1.8844  0.2235  0.1679  0.0573  0.0036 -0.0509 -0.1760 -0.2084 -0.2244  0.0048  0.0547
 194  1.993171  3.9155  3.4691  1.8837  0.2278  0.1799  0.0476 -0.0178 -0.0821 -0.2165 -0.2548 -0.2711 -0.0098  0.0503
 195  1.993364  3.9090  3.4443  1.8827  0.2347  0.1951  0.0409 -0.0370 -0.1118 -0.2568 -0.3021 -0.3187 -0.0219  0.0490
 196  1.993551  3.9023  3.4186  1.8815  0.2454  0.2099  0.0384 -0.0513 -0.1376 -0.2948 -0.3490 -0.3662 -0.0303  0.0514
 197  1.993732  3.8953  3.3921  1.8799  0.2584  0.2271  0.0398 -0.0622 -0.1614 -0.3317 -0.3965 -0.4144 -0.0358  0.0576
 198  1.993905  3.8880  3.3648  1.8781  0.2728  0.2474  0.0437 -0.0712 -0.1841 -0.3684 -0.4452 -0.4638 -0.0392  0.0667
 199  1.994072  3.8804  3.3369  1.8760  0.2886  0.2706  0.0500 -0.0784 -0.2057 -0.4048 -0.4951 -0.5143 -0.0408  0.0785
 200  1.994231  3.8727  3.3084  1.8736  0.3064  0.2961  0.0587 -0.0837 -0.2260 -0.4409 -0.5456 -0.5653 -0.0405  0.0927
 201  1.994382  3.8648  3.2794  1.8708  0.3254  0.3248  0.0697 -0.0872 -0.2452 -0.4764 -0.5964 -0.6166 -0.0384  0.1097
 202  1.994527  3.8567  3.2502  1.8678  0.3462  0.3556  0.0827 -0.0888 -0.2625 -0.5107 -0.6469 -0.6677 -0.0345  0.1288
 203  1.994664  3.8485  3.2209  1.8644  0.3719  0.3847  0.0966 -0.0876 -0.2758 -0.5430 -0.6957 -0.7179 -0.0289  0.1481
 204  1.994795  3.8403  3.1917  1.8608  0.3988  0.4185  0.1126 -0.0855 -0.2890 -0.5752 -0.7451 -0.7682 -0.0219  0.1703
 205  1.994918  3.8320  3.1627  1.8568  0.4277  0.4559  0.1304 -0.0825 -0.3016 -0.6067 -0.7943 -0.8183 -0.0137  0.1946
 206  1.995036  3.8238  3.1339  1.8525  0.4589  0.4953  0.1494 -0.0782 -0.3125 -0.6365 -0.8416 -0.8664 -0.0042  0.2203
 207  1.995148  3.8156  3.1060  1.8479  0.4939  0.5365  0.1697 -0.0723 -0.3215 -0.6647 -0.8877 -0.9134  0.0067  0.2473
 208  1.995261  3.8079  3.0801  1.8426  0.5320  0.5792  0.1917 -0.0641 -0.3274 -0.6895 -0.9299 -0.9566  0.0196  0.2759
 209  1.995374  3.8006  3.0570  1.8367  0.5729  0.6229  0.2151 -0.0535 -0.3298 -0.7095 -0.9662 -0.9938  0.0346  0.3054
 210  1.995488  3.7941  3.0381  1.8299  0.6157  0.6667  0.2401 -0.0398 -0.3275 -0.7231 -0.9944 -1.0230  0.0520  0.3359
 211  1.995602  3.7887  3.0240  1.8222  0.6589  0.7090  0.2664 -0.0227 -0.3198 -0.7295 -1.0136 -1.0428  0.0721  0.3669
 212  1.995711  3.7840  3.0136  1.8139  0.7002  0.7541  0.2938 -0.0050 -0.3110 -0.7310 -1.0247 -1.0557  0.0933  0.3989
 213  1.995813  3.7799  3.0060  1.8050  0.7386  0.8026  0.3221  0.0128 -0.3021 -0.7289 -1.0289 -1.0631  0.1149  0.4322
 214  1.995908  3.7763  3.0007  1.7958  0.7795  0.8456  0.3506  0.0342 -0.2874 -0.7233 -1.0323 -1.0675  0.1387  0.4643
 215  1.995998  3.7730  2.9972  1.7863  0.8226  0.8838  0.3791  0.0582 -0.2682 -0.7149 -1.0347 -1.0693  0.1641  0.4955
 216  1.996083  3.7700  2.9948  1.7769  0.8651  0.9211  0.4072  0.0821 -0.2489 -0.7052 -1.0340 -1.0683  0.1892  0.5259
 217  1.996107  3.7692  2.9944  1.7740  0.8773  0.9323  0.4156  0.0891 -0.2433 -0.7017 -1.0325 -1.0670  0.1967  0.5350
 218  1.996131  3.7684  2.9941  1.7711  0.8898  0.9438  0.4240  0.0962 -0.2376 -0.6981 -1.0309 -1.0655  0.2042  0.5442
 219  1.996154  3.7677  2.9940  1.7682  0.9021  0.9552  0.4325  0.1033 -0.2318 -0.6944 -1.0289 -1.0638  0.2117  0.5534
 220  1.996177  3.7669  2.9938  1.7653  0.9146  0.9667  0.4411  0.1104 -0.2259 -0.6906 -1.0268 -1.0619  0.2194  0.5626
 221  1.996200  3.7661  2.9938  1.7623  0.9272  0.9782  0.4497  0.1177 -0.2200 -0.6866 -1.0245 -1.0599  0.2270  0.5719
 222  1.996222  3.7654  2.9938  1.7593  0.9397  0.9898  0.4583  0.1249 -0.2140 -0.6825 -1.0220 -1.0576  0.2347  0.5812
 223  1.996245  3.7647  2.9939  1.7563  0.9523  1.0014  0.4669  0.1322 -0.2080 -0.6783 -1.0194 -1.0553  0.2425  0.5906
 224  1.996267  3.7639  2.9940  1.7533  0.9650  1.0130  0.4756  0.1396 -0.2019 -0.6741 -1.0167 -1.0529  0.2503  0.6000
 225  1.996290  3.7632  2.9942  1.7502  0.9777  1.0246  0.4844  0.1470 -0.1958 -0.6698 -1.0139 -1.0504  0.2581  0.6094
 226  1.996312  3.7625  2.9944  1.7472  0.9905  1.0362  0.4931  0.1544 -0.1895 -0.6654 -1.0111 -1.0478  0.2660  0.6188
 227  1.996428  3.7589  2.9951  1.7320  1.0559  1.0947  0.5367  0.1916 -0.1585 -0.6438 -0.9978 -1.0358  0.3052  0.6660
 228  1.996543  3.7554  2.9957  1.7175  1.1202  1.1511  0.5786  0.2273 -0.1287 -0.6232 -0.9851 -1.0243  0.3429  0.7113
 229  1.996659  3.7520  2.9939  1.7058  1.1785  1.2005  0.6137  0.2562 -0.1055 -0.6090 -0.9786 -1.0191  0.3738  0.7495
 230  1.996775  3.7488  2.9884  1.6983  1.2267  1.2386  0.6380  0.2748 -0.0924 -0.6047 -0.9816 -1.0234  0.3941  0.7770
 231  1.996889  3.7457  2.9785  1.6961  1.2615  1.2626  0.6488  0.2802 -0.0919 -0.6127 -0.9966 -1.0396  0.4013  0.7907
 232  1.997113  3.7406  2.9463  1.7077  1.2865  1.2664  0.6291  0.2512 -0.1295 -0.6645 -1.0602 -1.1055  0.3752  0.7765
 233  1.997222  3.7385  2.9269  1.7189  1.2816  1.2522  0.6052  0.2233 -0.1610 -0.7015 -1.1012 -1.1477  0.3485  0.7548
 234  1.997331  3.7368  2.9075  1.7314  1.2706  1.2328  0.5775  0.1921 -0.1953 -0.7403 -1.1434 -1.1910  0.3184  0.7290
 235  1.997549  3.7340  2.8719  1.7560  1.2418  1.1900  0.5217  0.1309 -0.2613 -0.8138 -1.2224 -1.2716  0.2588  0.6762
 236  1.997652  3.7330  2.8568  1.7670  1.2269  1.1694  0.4963  0.1036 -0.2905 -0.8458 -1.2565 -1.3063  0.2321  0.6520
 237  1.997857  3.7312  2.8288  1.7879  1.1968  1.1293  0.4480  0.0519 -0.3452 -0.9058 -1.3205 -1.3711  0.1814  0.6056
 238  1.997960  3.7304  2.8156  1.7980  1.1814  1.1094  0.4245  0.0270 -0.3715 -0.9344 -1.3510 -1.4020  0.1568  0.5829
 239  1.998153  3.7291  2.7916  1.8166  1.1525  1.0724  0.3813 -0.0188 -0.4196 -0.9866 -1.4066 -1.4581  0.1118  0.5412
 240  1.998344  3.7278  2.7686  1.8346  1.1237  1.0359  0.3391 -0.0632 -0.4662 -1.0371 -1.4602 -1.5122  0.0680  0.5004
 241  1.998435  3.7272  2.7578  1.8431  1.1097  1.0184  0.3191 -0.0842 -0.4881 -1.0608 -1.4854 -1.5375  0.0473  0.4810
 242  1.998622  3.7261  2.7359  1.8605  1.0811  0.9828  0.2784 -0.1270 -0.5328 -1.1091 -1.5366 -1.5891  0.0051  0.4414
 243  1.998801  3.7251  2.7152  1.8771  1.0534  0.9484  0.2394 -0.1678 -0.5755 -1.1550 -1.5853 -1.6381 -0.0353  0.4036
 244  1.998976  3.7241  2.6952  1.8932  1.0263  0.9150  0.2017 -0.2074 -0.6166 -1.1993 -1.6323 -1.6854 -0.0743  0.3669
 245  1.999150  3.7231  2.6755  1.9092  0.9992  0.8817  0.1642 -0.2466 -0.6575 -1.2432 -1.6789 -1.7322 -0.1130  0.3304
 246  1.999317  3.7222  2.6567  1.9245  0.9733  0.8498  0.1283 -0.2840 -0.6964 -1.2851 -1.7233 -1.7768 -0.1501  0.2955
 247  1.999478  3.7214  2.6388  1.9391  0.9484  0.8193  0.0940 -0.3199 -0.7338 -1.3251 -1.7656 -1.8194 -0.1856  0.2621
 248  1.999723  3.7201  2.6117  1.9612  0.9109  0.7732  0.0421 -0.3741 -0.7901 -1.3856 -1.8295 -1.8836 -0.2391  0.2117
 249  1.999879  3.7193  2.5947  1.9750  0.8876  0.7443  0.0095 -0.4082 -0.8256 -1.4235 -1.8696 -1.9240 -0.2728  0.1800
 250  2.000105  3.7182  2.5701  1.9952  0.8535  0.7023 -0.0377 -0.4576 -0.8769 -1.4785 -1.9275 -1.9823 -0.3216  0.1341
 251  2.000248  3.7175  2.5547  2.0078  0.8322  0.6760 -0.0674 -0.4887 -0.9092 -1.5130 -1.9638 -2.0189 -0.3523  0.1052
 252  2.000462  3.7165  2.5318  2.0266  0.8009  0.6371 -0.1114 -0.5348 -0.9572 -1.5643 -2.0178 -2.0733 -0.3979  0.0625
 253  2.000671  3.7155  2.5097  2.0447  0.7710  0.5995 -0.1540 -0.5794 -1.0036 -1.6138 -2.0698 -2.1257 -0.4419  0.0212
 254  2.000867  3.7145  2.4888  2.0618  0.7441  0.5649 -0.1937 -0.6211 -1.0471 -1.6604 -2.1189 -2.1752 -0.4831 -0.0173
 255  2.001063  3.7135  2.4679  2.0786  0.7178  0.5306 -0.2330 -0.6625 -1.0904 -1.7068 -2.1677 -2.2245 -0.5240 -0.0553
 256  2.001247  3.7126  2.4485  2.0944  0.6932  0.4988 -0.2696 -0.7011 -1.1306 -1.7499 -2.2132 -2.2703 -0.5620 -0.0907
 257  2.001484  3.7114  2.4236  2.1146  0.6617  0.4580 -0.3165 -0.7504 -1.1821 -1.8052 -2.2715 -2.3291 -0.6107 -0.1361
 258  2.001656  3.7105  2.4056  2.1291  0.6391  0.4287 -0.3502 -0.7859 -1.2192 -1.8450 -2.3136 -2.3716 -0.6457 -0.1687
 259  2.001875  3.7094  2.3830  2.1474  0.6104  0.3918 -0.3925 -0.8304 -1.2658 -1.8951 -2.3665 -2.4249 -0.6897 -0.2097
 260  2.002089  3.7083  2.3610  2.1651  0.5823  0.3561 -0.4334 -0.8735 -1.3109 -1.9437 -2.4179 -2.4768 -0.7322 -0.2494
 261  2.002290  3.7073  2.3404  2.1818  0.5551  0.3225 -0.4716 -0.9137 -1.3530 -1.9891 -2.4661 -2.5254 -0.7719 -0.2866
 262  2.002479  3.7064  2.3212  2.1973  0.5271  0.2907 -0.5072 -0.9509 -1.3922 -2.0314 -2.5109 -2.5706 -0.8088 -0.3215
 263  2.002668  3.7055  2.3018  2.2130  0.4991  0.2590 -0.5427 -0.9881 -1.4313 -2.0737 -2.5560 -2.6161 -0.8457 -0.3564
 264  2.002846  3.7046  2.2839  2.2275  0.4726  0.2293 -0.5758 -1.0227 -1.4676 -2.1130 -2.5978 -2.6582 -0.8800 -0.3888
 265  2.003059  3.7036  2.2624  2.2448  0.4413  0.1940 -0.6152 -1.0639 -1.5109 -2.1600 -2.6480 -2.7088 -0.9209 -0.4275
 266  2.003260  3.7025  2.2420  2.2613  0.4120  0.1607 -0.6524 -1.1029 -1.5520 -2.2047 -2.6957 -2.7569 -0.9595 -0.4640
 267  2.003456  3.7016  2.2224  2.2771  0.3841  0.1287 -0.6882 -1.1404 -1.5914 -2.2475 -2.7415 -2.8030 -0.9967 -0.4991
 268  2.003638  3.7007  2.2039  2.2920  0.3585  0.0988 -0.7219 -1.1758 -1.6287 -2.2880 -2.7849 -2.8467 -1.0317 -0.5320
 269  2.003816  3.6998  2.1860  2.3064  0.3343  0.0700 -0.7545 -1.2100 -1.6647 -2.3271 -2.8269 -2.8889 -1.0656 -0.5638
 270  2.004017  3.6988  2.1656  2.3227  0.3086  0.0378 -0.7914 -1.2491 -1.7057 -2.3718 -2.8748 -2.9370 -1.1042 -0.5996
 271  2.004177  3.6980  2.1497  2.3355  0.2912  0.0130 -0.8206 -1.2800 -1.7381 -2.4068 -2.9124 -2.9746 -1.1347 -0.6274
 272  2.004359  3.6971  2.1313  2.3503  0.2721 -0.0151 -0.8540 -1.3157 -1.7755 -2.4473 -2.9558 -3.0180 -1.1699 -0.6593
 273  2.004538  3.6962  2.1133  2.3647  0.2543 -0.0424 -0.8867 -1.3506 -1.8121 -2.4869 -2.9983 -3.0605 -1.2042 -0.6904
 274  2.004737  3.6952  2.0935  2.3805  0.2352 -0.0723 -0.9227 -1.3891 -1.8524 -2.5305 -3.0451 -3.1073 -1.2421 -0.7244
 275  2.004898  3.6944  2.0779  2.3931  0.2205 -0.0958 -0.9512 -1.4195 -1.8843 -2.5651 -3.0821 -3.1444 -1.2720 -0.7514
 276  2.005120  3.6940  2.0706  2.3989  0.2133 -0.1070 -0.9646 -1.4338 -1.8992 -2.5812 -3.0993 -3.1616 -1.2861 -0.7640
