#NUMBER OF AGES=1 MAGS=10
#----------------------------------------------------       
#MIX-LEN  Y      Z          Zeff        [Fe/H] [a/Fe]
# 1.9380  0.2741 1.8850E-02 1.8850E-02   0.07   0.00
#----------------------------------------------------       
#**PHOTOMETRIC SYSTEM**: Bessell UBV(RI)c + 2MASS JHKs + Kepler (Vega)
#----------------------------------------------------  
#AGE= 0.800 EEPS=267
#EEP   M/Mo    LogTeff  LogG   LogL/Lo U       B       V       R       I       J       H       Ks      Kp      D51     
   2  0.132247  3.5048  5.1867 -2.6550 16.5852 15.0903 13.5008 12.3854 10.9153  9.4749  8.9412  8.6963 12.3302 14.1474
   3  0.167612  3.5073  5.1051 -2.4605 15.9774 14.5396 12.9757 11.8732 10.4233  8.9948  8.4615  8.2167 11.8259 13.6067
   4  0.230996  3.5172  5.0344 -2.2106 15.0810 13.7251 12.2108 11.1503  9.7682  8.3946  7.8552  7.6170 11.1296 12.8214
   5  0.301012  3.5267  4.9830 -2.0063 14.3592 13.0547 11.5806 10.5561  9.2321  7.9075  7.3583  7.1269 10.5569 12.1779
   6  0.317449  3.5288  4.9694 -1.9612 14.2052 12.9099 11.4443 10.4270  9.1148  7.8001  7.2481  7.0182 10.4319 12.0390
   7  0.323842  3.5296  4.9627 -1.9428 14.1436 12.8518 11.3896 10.3750  9.0670  7.7559  7.2027  6.9734 10.3814 11.9833
   8  0.328176  3.5301  4.9572 -1.9295 14.1000 12.8108 11.3510 10.3381  9.0328  7.7240  7.1700  6.9410 10.3454 11.9438
   9  0.332550  3.5306  4.9515 -1.9159 14.0557 12.7691 11.3117 10.3006  8.9979  7.6914  7.1366  6.9079 10.3088 11.9037
  10  0.338603  3.5313  4.9444 -1.8980 13.9967 12.7134 11.2592 10.2505  8.9518  7.6485  7.0924  6.8643 10.2601 11.8501
  11  0.347577  3.5325  4.9348 -1.8726 13.9119 12.6330 11.1835 10.1786  8.8859  7.5877  7.0298  6.8024 10.1903 11.7730
  12  0.422022  3.5447  4.8727 -1.6774 13.2366 11.9819 10.5697  9.6016  8.3753  7.1322  6.5542  6.3337  9.6361 11.1540
  13  0.437767  3.5478  4.8581 -1.6343 13.0888 11.8363 10.4313  9.4713  8.2612  7.0332  6.4500  6.2310  9.5113 11.0161
  14  0.454426  3.5513  4.8423 -1.5881 12.9307 11.6788 10.2812  9.3299  8.1386  6.9278  6.3385  6.1213  9.3763 10.8673
  15  0.470799  3.5551  4.8265 -1.5418 12.7727 11.5194 10.1284  9.1861  8.0157  6.8229  6.2273  6.0120  9.2396 10.7167
  16  0.485375  3.5588  4.8123 -1.4998 12.6294 11.3731  9.9873  9.0538  7.9053  6.7285  6.1267  5.9136  9.1147 10.5781
  17  0.498561  3.5623  4.7996 -1.4614 12.4981 11.2372  9.8557  8.9309  7.8050  6.6428  6.0351  5.8245  8.9993 10.4494
  18  0.510009  3.5656  4.7889 -1.4277 12.3822 11.1158  9.7375  8.8208  7.7170  6.5682  5.9550  5.7469  8.8964 10.3344
  19  0.519527  3.5684  4.7802 -1.3995 12.2853 11.0132  9.6372  8.7274  7.6434  6.5061  5.8883  5.6826  8.8095 10.2373
  20  0.528421  3.5712  4.7722 -1.3730 12.1947 10.9166  9.5424  8.6389  7.5740  6.4482  5.8260  5.6228  8.7273 10.1460
  21  0.538309  3.5744  4.7636 -1.3437 12.0940 10.8082  9.4358  8.5395  7.4969  6.3842  5.7570  5.5570  8.6350 10.0437
  22  0.551224  3.5787  4.7528 -1.3053 11.9623 10.6653  9.2947  8.4078  7.3962  6.3012  5.6674  5.4722  8.5132  9.9089
  23  0.568408  3.5847  4.7386 -1.2538 11.7829 10.4699  9.1006  8.2264  7.2609  6.1912  5.5485  5.3605  8.3462  9.7244
  24  0.588660  3.5922  4.7227 -1.1926 11.5699 10.2337  8.8675  8.0092  7.1002  6.0609  5.4080  5.2305  8.1459  9.5049
  25  0.609349  3.6003  4.7078 -1.1303 11.3593  9.9919  8.6358  7.7947  6.9370  5.9262  5.2646  5.1001  7.9451  9.2894
  26  0.629584  3.6087  4.6947 -1.0694 11.1399  9.7459  8.4006  7.5775  6.7777  5.7974  5.1299  4.9784  7.7426  9.0680
  27  0.657300  3.6208  4.6790 -0.9869 10.8334  9.4063  8.0816  7.2851  6.5632  5.6234  4.9534  4.8195  7.4678  8.7641
  28  0.907176  3.7264  4.5833 -0.3288  7.1855  6.5813  5.7158  5.2600  4.8714  4.3136  3.9101  3.8600  5.4179  5.9745
  29  0.924799  3.7324  4.5751 -0.2881  6.9692  6.4318  5.5937  5.1527  4.7738  4.2362  3.8496  3.8006  5.3068  5.8354
  30  0.941663  3.7379  4.5668 -0.2498  6.7733  6.2923  5.4806  5.0533  4.6834  4.1633  3.7905  3.7439  5.2036  5.7084
  31  0.957903  3.7430  4.5582 -0.2135  6.5937  6.1624  5.3751  4.9601  4.5984  4.0939  3.7333  3.6890  5.1069  5.5913
  32  0.973222  3.7477  4.5498 -0.1797  6.4314  6.0438  5.2786  4.8742  4.5199  4.0293  3.6795  3.6371  5.0179  5.4849
  33  0.988514  3.7521  4.5411 -0.1464  6.2755  5.9285  5.1845  4.7902  4.4429  3.9655  3.6259  3.5855  4.9309  5.3820
  34  1.004741  3.7567  4.5315 -0.1115  6.1168  5.8094  5.0873  4.7030  4.3627  3.8986  3.5691  3.5306  4.8406  5.2762
  35  1.021923  3.7613  4.5209 -0.0750  5.9555  5.6870  4.9868  4.6124  4.2794  3.8283  3.5091  3.4723  4.7469  5.1674
  36  1.039506  3.7658  4.5097 -0.0382  5.7976  5.5652  4.8863  4.5216  4.1956  3.7571  3.4478  3.4126  4.6530  5.0593
  37  1.057015  3.7702  4.4981 -0.0020  5.6468  5.4472  4.7885  4.4328  4.1134  3.6868  3.3869  3.3531  4.5612  4.9546
  38  1.074426  3.7743  4.4861  0.0336  5.5024  5.3328  4.6932  4.3460  4.0329  3.6173  3.3261  3.2938  4.4716  4.8530
  39  1.092140  3.7783  4.4736  0.0693  5.3612  5.2191  4.5982  4.2591  3.9523  3.5474  3.2644  3.2334  4.3820  4.7521
  40  1.109347  3.7821  4.4612  0.1037  5.2268  5.1087  4.5075  4.1764  3.8760  3.4810  3.2057  3.1763  4.2963  4.6555
  41  1.122590  3.7850  4.4510  0.1304  5.1257  5.0253  4.4380  4.1121  3.8157  3.4279  3.1585  3.1297  4.2301  4.5821
  42  1.143916  3.7894  4.4358  0.1716  4.9824  4.9104  4.3337  4.0113  3.7171  3.3395  3.0797  3.0489  4.1280  4.4740
  43  1.240937  3.8084  4.3669  0.3518  4.3652  4.3742  3.8673  3.5769  3.3092  2.9768  2.7543  2.7257  3.6823  3.9874
  44  1.389065  3.8344  4.2801  0.5918  3.6033  3.6465  3.2462  3.0115  2.7947  2.5235  2.3526  2.3318  3.0961  3.3381
  45  1.437159  3.8430  4.2567  0.6640  3.3900  3.4364  3.0619  2.8420  2.6396  2.3867  2.2323  2.2117  2.9209  3.1465
  46  1.492074  3.8531  4.2369  0.7408  3.1657  3.2111  2.8657  2.6638  2.4796  2.2481  2.1132  2.0929  2.7358  2.9416
  47  1.531201  3.8606  4.2241  0.7948  3.0110  3.0534  2.7282  2.5397  2.3692  2.1531  2.0322  2.0122  2.6066  2.7977
  48  1.584096  3.8706  4.2091  0.8646  2.8149  2.8509  2.5513  2.3807  2.2288  2.0325  1.9300  1.9102  2.4404  2.6125
  49  1.645425  3.8811  4.1891  0.9430  2.6010  2.6280  2.3540  2.2020  2.0700  1.8936  1.8094  1.7900  2.2543  2.4066
  50  1.705671  3.8899  4.1656  1.0172  2.4020  2.4208  2.1682  2.0322  1.9174  1.7572  1.6881  1.6689  2.0779  2.2131
  51  1.766944  3.8971  4.1372  1.0899  2.2111  2.2213  1.9869  1.8648  1.7649  1.6176  1.5607  1.5419  1.9046  2.0252
  52  1.776982  3.8982  4.1321  1.1016  2.1806  2.1895  1.9577  1.8376  1.7399  1.5944  1.5391  1.5203  1.8765  1.9951
  53  1.787360  3.8992  4.1267  1.1137  2.1492  2.1569  1.9277  1.8096  1.7139  1.5702  1.5166  1.4979  1.8476  1.9642
  54  1.798443  3.9003  4.1209  1.1265  2.1157  2.1222  1.8957  1.7797  1.6863  1.5444  1.4925  1.4739  1.8169  1.9312
  55  1.810480  3.9015  4.1145  1.1405  2.0792  2.0845  1.8610  1.7472  1.6560  1.5162  1.4661  1.4475  1.7833  1.8954
  56  1.823435  3.9027  4.1075  1.1556  2.0399  2.0439  1.8236  1.7121  1.6234  1.4857  1.4374  1.4190  1.7472  1.8569
  57  1.836729  3.9039  4.0999  1.1712  1.9992  2.0022  1.7849  1.6755  1.5891  1.4533  1.4068  1.3884  1.7097  1.8171
  58  1.850279  3.9051  4.0919  1.1872  1.9578  1.9598  1.7454  1.6381  1.5538  1.4199  1.3750  1.3567  1.6713  1.7766
  59  1.863474  3.9062  4.0837  1.2028  1.9172  1.9180  1.7065  1.6012  1.5188  1.3868  1.3434  1.3251  1.6335  1.7368
  60  1.876794  3.9072  4.0752  1.2184  1.8770  1.8765  1.6677  1.5644  1.4840  1.3535  1.3115  1.2933  1.5957  1.6971
  61  1.889614  3.9081  4.0667  1.2334  1.8385  1.8367  1.6305  1.5289  1.4503  1.3213  1.2805  1.2624  1.5594  1.6590
  62  1.901859  3.9089  4.0583  1.2476  1.8022  1.7989  1.5950  1.4951  1.4180  1.2903  1.2506  1.2325  1.5248  1.6228
  63  1.913809  3.9095  4.0498  1.2614  1.7672  1.7623  1.5606  1.4621  1.3864  1.2597  1.2209  1.2029  1.4911  1.5877
  64  1.925560  3.9100  4.0411  1.2750  1.7329  1.7265  1.5267  1.4296  1.3552  1.2293  1.1913  1.1734  1.4579  1.5533
  65  1.937152  3.9105  4.0322  1.2883  1.6994  1.6915  1.4934  1.3974  1.3241  1.1990  1.1617  1.1439  1.4252  1.5194
  66  1.948563  3.9108  4.0230  1.3014  1.6666  1.6571  1.4606  1.3656  1.2933  1.1687  1.1320  1.1142  1.3929  1.4861
  67  1.959877  3.9111  4.0137  1.3143  1.6344  1.6233  1.4281  1.3340  1.2625  1.1383  1.1021  1.0843  1.3608  1.4533
  68  1.971065  3.9112  4.0040  1.3270  1.6028  1.5902  1.3961  1.3026  1.2317  1.1078  1.0719  1.0541  1.3291  1.4209
  69  1.982170  3.9113  3.9941  1.3396  1.5716  1.5576  1.3643  1.2712  1.2009  1.0770  1.0413  1.0235  1.2975  1.3890
  70  1.993165  3.9113  3.9840  1.3520  1.5409  1.5257  1.3329  1.2401  1.1700  1.0460  1.0104  0.9926  1.2662  1.3575
  71  2.004049  3.9111  3.9736  1.3642  1.5107  1.4942  1.3018  1.2091  1.1390  1.0149  0.9792  0.9614  1.2351  1.3263
  72  2.014837  3.9109  3.9630  1.3764  1.4809  1.4633  1.2709  1.1781  1.1080  0.9835  0.9476  0.9299  1.2042  1.2955
  73  2.025525  3.9106  3.9520  1.3883  1.4516  1.4330  1.2403  1.1472  1.0768  0.9517  0.9155  0.8978  1.1734  1.2651
  74  2.036140  3.9102  3.9407  1.4002  1.4228  1.4032  1.2100  1.1165  1.0456  0.9197  0.8831  0.8653  1.1429  1.2351
  75  2.046599  3.9096  3.9291  1.4118  1.3947  1.3742  1.1801  1.0859  1.0144  0.8876  0.8504  0.8326  1.1126  1.2056
  76  2.056915  3.9090  3.9173  1.4232  1.3673  1.3459  1.1507  1.0556  0.9832  0.8553  0.8175  0.7996  1.0827  1.1766
  77  2.067027  3.9082  3.9053  1.4344  1.3407  1.3186  1.1219  1.0256  0.9522  0.8230  0.7843  0.7663  1.0533  1.1483
  78  2.077075  3.9074  3.8930  1.4453  1.3148  1.2919  1.0935  0.9960  0.9214  0.7907  0.7510  0.7330  1.0243  1.1206
  79  2.086769  3.9064  3.8806  1.4559  1.2901  1.2664  1.0660  0.9669  0.8909  0.7586  0.7177  0.6995  0.9960  1.0938
  80  2.096237  3.9053  3.8679  1.4661  1.2663  1.2420  1.0392  0.9385  0.8607  0.7265  0.6843  0.6660  0.9683  1.0679
  81  2.105592  3.9041  3.8552  1.4761  1.2435  1.2184  1.0132  0.9106  0.8310  0.6947  0.6511  0.6326  0.9413  1.0428
  82  2.111379  3.9033  3.8468  1.4823  1.2296  1.2040  0.9970  0.8930  0.8121  0.6744  0.6296  0.6111  0.9243  1.0273
  83  2.117079  3.9024  3.8384  1.4883  1.2161  1.1899  0.9811  0.8757  0.7934  0.6541  0.6082  0.5896  0.9077  1.0121
  84  2.122701  3.9015  3.8299  1.4942  1.2030  1.1762  0.9654  0.8586  0.7748  0.6339  0.5868  0.5681  0.8912  0.9971
  85  2.128290  3.9005  3.8213  1.5001  1.1902  1.1628  0.9501  0.8418  0.7564  0.6138  0.5654  0.5466  0.8750  0.9825
  86  2.133850  3.8995  3.8127  1.5058  1.1778  1.1497  0.9349  0.8250  0.7380  0.5936  0.5439  0.5250  0.8590  0.9682
  87  2.139347  3.8984  3.8037  1.5115  1.1658  1.1370  0.9199  0.8083  0.7195  0.5732  0.5220  0.5029  0.8430  0.9541
  88  2.144811  3.8973  3.7946  1.5172  1.1539  1.1245  0.9050  0.7915  0.7009  0.5525  0.4998  0.4806  0.8271  0.9401
  89  2.150268  3.8961  3.7853  1.5228  1.1423  1.1122  0.8902  0.7748  0.6821  0.5316  0.4772  0.4580  0.8112  0.9263
  90  2.155729  3.8948  3.7758  1.5284  1.1310  1.1003  0.8756  0.7581  0.6633  0.5105  0.4543  0.4349  0.7954  0.9127
  91  2.161232  3.8935  3.7661  1.5339  1.1199  1.0887  0.8611  0.7414  0.6443  0.4891  0.4310  0.4115  0.7797  0.8992
  92  2.166750  3.8921  3.7561  1.5394  1.1090  1.0773  0.8466  0.7245  0.6250  0.4673  0.4072  0.3875  0.7639  0.8859
  93  2.172248  3.8906  3.7457  1.5449  1.0982  1.0664  0.8322  0.7074  0.6051  0.4446  0.3824  0.3625  0.7480  0.8728
  94  2.177778  3.8891  3.7351  1.5505  1.0876  1.0559  0.8178  0.6902  0.5849  0.4215  0.3569  0.3369  0.7320  0.8598
  95  2.183345  3.8874  3.7242  1.5560  1.0770  1.0455  0.8034  0.6728  0.5644  0.3980  0.3308  0.3106  0.7159  0.8468
  96  2.188974  3.8858  3.7130  1.5616  1.0668  1.0355  0.7890  0.6553  0.5436  0.3740  0.3042  0.2837  0.6998  0.8340
  97  2.194657  3.8840  3.7014  1.5672  1.0568  1.0257  0.7748  0.6377  0.5225  0.3495  0.2768  0.2562  0.6836  0.8214
  98  2.200365  3.8821  3.6894  1.5728  1.0469  1.0160  0.7603  0.6198  0.5010  0.3244  0.2487  0.2279  0.6672  0.8086
  99  2.206093  3.8801  3.6770  1.5785  1.0372  1.0064  0.7458  0.6018  0.4793  0.2989  0.2202  0.1991  0.6507  0.7958
 100  2.211878  3.8781  3.6643  1.5842  1.0276  0.9964  0.7312  0.5837  0.4577  0.2735  0.1916  0.1703  0.6341  0.7828
 101  2.217707  3.8760  3.6514  1.5900  1.0181  0.9865  0.7164  0.5655  0.4358  0.2477  0.1626  0.1411  0.6173  0.7697
 102  2.223536  3.8739  3.6382  1.5959  1.0086  0.9764  0.7015  0.5471  0.4137  0.2215  0.1331  0.1113  0.6003  0.7565
 103  2.229392  3.8718  3.6248  1.6020  0.9989  0.9661  0.6863  0.5284  0.3913  0.1951  0.1032  0.0813  0.5831  0.7430
 104  2.235283  3.8698  3.6114  1.6083  0.9886  0.9552  0.6706  0.5092  0.3686  0.1683  0.0731  0.0510  0.5653  0.7289
 105  2.241178  3.8678  3.5983  1.6149  0.9773  0.9435  0.6541  0.4895  0.3453  0.1413  0.0429  0.0205  0.5469  0.7140
 106  2.246968  3.8662  3.5860  1.6220  0.9642  0.9298  0.6365  0.4691  0.3221  0.1148  0.0138 -0.0088  0.5277  0.6977
 107  2.252393  3.8653  3.5756  1.6294  0.9485  0.9135  0.6178  0.4487  0.3000  0.0907 -0.0120 -0.0347  0.5080  0.6798
 108  2.256945  3.8652  3.5687  1.6368  0.9306  0.8948  0.5991  0.4299  0.2812  0.0716 -0.0312 -0.0539  0.4892  0.6611
 109  2.260395  3.8659  3.5653  1.6437  0.9118  0.8753  0.5816  0.4139  0.2666  0.0585 -0.0430 -0.0657  0.4726  0.6430
 110  2.262836  3.8671  3.5648  1.6497  0.8936  0.8563  0.5661  0.4008  0.2560  0.0503 -0.0489 -0.0715  0.4585  0.6263
 111  2.264676  3.8687  3.5659  1.6552  0.8760  0.8379  0.5519  0.3895  0.2478  0.0453 -0.0511 -0.0735  0.4461  0.6108
 112  2.264969  3.8690  3.5663  1.6561  0.8728  0.8345  0.5494  0.3876  0.2465  0.0447 -0.0512 -0.0736  0.4439  0.6080
 113  2.265261  3.8694  3.5669  1.6572  0.8690  0.8306  0.5466  0.3855  0.2452  0.0442 -0.0510 -0.0734  0.4415  0.6048
 114  2.265552  3.8698  3.5674  1.6583  0.8655  0.8270  0.5439  0.3835  0.2439  0.0435 -0.0510 -0.0733  0.4392  0.6019
 115  2.265843  3.8701  3.5678  1.6593  0.8621  0.8234  0.5413  0.3815  0.2426  0.0429 -0.0510 -0.0733  0.4370  0.5989
 116  2.266133  3.8705  3.5683  1.6603  0.8586  0.8199  0.5386  0.3795  0.2413  0.0423 -0.0511 -0.0733  0.4347  0.5959
 117  2.266422  3.8710  3.5691  1.6616  0.8543  0.8155  0.5355  0.3773  0.2399  0.0419 -0.0506 -0.0728  0.4321  0.5924
 118  2.266710  3.8715  3.5699  1.6628  0.8501  0.8111  0.5324  0.3750  0.2386  0.0415 -0.0503 -0.0724  0.4294  0.5889
 119  2.266998  3.8720  3.5707  1.6640  0.8459  0.8068  0.5293  0.3727  0.2372  0.0411 -0.0499 -0.0719  0.4268  0.5853
 120  2.267284  3.8724  3.5714  1.6652  0.8417  0.8025  0.5262  0.3705  0.2359  0.0406 -0.0495 -0.0715  0.4242  0.5818
 121  2.267569  3.8730  3.5725  1.6666  0.8369  0.7975  0.5226  0.3680  0.2345  0.0404 -0.0488 -0.0708  0.4213  0.5778
 122  2.267852  3.8737  3.5737  1.6681  0.8313  0.7918  0.5186  0.3653  0.2330  0.0402 -0.0478 -0.0697  0.4180  0.5732
 123  2.268134  3.8744  3.5749  1.6696  0.8260  0.7863  0.5148  0.3626  0.2316  0.0400 -0.0469 -0.0688  0.4149  0.5689
 124  2.268413  3.8751  3.5762  1.6711  0.8205  0.7807  0.5109  0.3599  0.2301  0.0399 -0.0459 -0.0677  0.4117  0.5644
 125  2.268692  3.8759  3.5779  1.6729  0.8140  0.7740  0.5064  0.3569  0.2287  0.0401 -0.0443 -0.0660  0.4080  0.5591
 126  2.268968  3.8767  3.5795  1.6747  0.8078  0.7676  0.5020  0.3540  0.2273  0.0403 -0.0428 -0.0644  0.4045  0.5541
 127  2.269242  3.8776  3.5812  1.6764  0.8014  0.7609  0.4975  0.3510  0.2260  0.0405 -0.0412 -0.0627  0.4009  0.5488
 128  2.269513  3.8787  3.5834  1.6785  0.7938  0.7531  0.4923  0.3477  0.2246  0.0411 -0.0389 -0.0603  0.3968  0.5427
 129  2.269781  3.8797  3.5855  1.6805  0.7865  0.7455  0.4873  0.3444  0.2232  0.0417 -0.0368 -0.0580  0.3927  0.5368
 130  2.270045  3.8808  3.5879  1.6828  0.7783  0.7371  0.4817  0.3409  0.2219  0.0425 -0.0342 -0.0553  0.3884  0.5303
 131  2.270305  3.8821  3.5905  1.6852  0.7695  0.7277  0.4757  0.3373  0.2208  0.0437 -0.0309 -0.0518  0.3837  0.5231
 132  2.270558  3.8834  3.5934  1.6877  0.7602  0.7178  0.4694  0.3336  0.2197  0.0452 -0.0273 -0.0481  0.3788  0.5156
 133  2.270803  3.8849  3.5965  1.6905  0.7499  0.7068  0.4623  0.3294  0.2185  0.0468 -0.0232 -0.0438  0.3734  0.5072
 134  2.271041  3.8864  3.5998  1.6935  0.7393  0.6954  0.4552  0.3253  0.2175  0.0487 -0.0189 -0.0393  0.3679  0.4986
 135  2.271270  3.8881  3.6035  1.6966  0.7276  0.6829  0.4474  0.3208  0.2165  0.0510 -0.0139 -0.0341  0.3620  0.4892
 136  2.271489  3.8899  3.6074  1.7000  0.7156  0.6700  0.4394  0.3163  0.2156  0.0534 -0.0087 -0.0287  0.3559  0.4795
 137  2.271698  3.8918  3.6115  1.7035  0.7027  0.6563  0.4309  0.3116  0.2146  0.0560 -0.0032 -0.0229  0.3495  0.4692
 138  2.271894  3.8939  3.6159  1.7073  0.6891  0.6423  0.4220  0.3065  0.2133  0.0584  0.0022 -0.0173  0.3427  0.4585
 139  2.272076  3.8960  3.6204  1.7112  0.6750  0.6280  0.4130  0.3012  0.2119  0.0607  0.0075 -0.0117  0.3357  0.4476
 140  2.272246  3.8981  3.6250  1.7154  0.6603  0.6132  0.4036  0.2958  0.2104  0.0630  0.0128 -0.0061  0.3284  0.4363
 141  2.272399  3.9004  3.6296  1.7197  0.6451  0.5980  0.3940  0.2901  0.2087  0.0652  0.0180 -0.0007  0.3209  0.4247
 142  2.272536  3.9026  3.6341  1.7242  0.6294  0.5822  0.3840  0.2842  0.2067  0.0671  0.0229  0.0044  0.3130  0.4128
 143  2.272657  3.9049  3.6385  1.7289  0.6137  0.5659  0.3739  0.2783  0.2048  0.0691  0.0277  0.0096  0.3051  0.4006
 144  2.272766  3.9072  3.6425  1.7340  0.5969  0.5480  0.3628  0.2715  0.2020  0.0701  0.0315  0.0136  0.2961  0.3875
 145  2.272863  3.9094  3.6471  1.7385  0.5819  0.5316  0.3536  0.2667  0.2011  0.0729  0.0368  0.0192  0.2890  0.3760
 146  2.272949  3.9116  3.6511  1.7434  0.5659  0.5136  0.3433  0.2611  0.1991  0.0745  0.0407  0.0233  0.2807  0.3635
 147  2.273026  3.9138  3.6549  1.7485  0.5500  0.4953  0.3330  0.2554  0.1970  0.0757  0.0440  0.0268  0.2724  0.3508
 148  2.273095  3.9160  3.6584  1.7535  0.5341  0.4768  0.3226  0.2498  0.1949  0.0767  0.0468  0.0298  0.2640  0.3380
 149  2.273157  3.9181  3.6616  1.7588  0.5176  0.4579  0.3117  0.2435  0.1919  0.0767  0.0486  0.0317  0.2550  0.3247
 150  2.273213  3.9202  3.6649  1.7638  0.5020  0.4406  0.3019  0.2379  0.1896  0.0773  0.0508  0.0340  0.2469  0.3125
 151  2.273265  3.9222  3.6679  1.7691  0.4854  0.4230  0.2912  0.2314  0.1862  0.0768  0.0519  0.0353  0.2380  0.2998
 152  2.273318  3.9243  3.6709  1.7745  0.4683  0.4061  0.2808  0.2248  0.1828  0.0764  0.0532  0.0369  0.2293  0.2874
 153  2.273376  3.9260  3.6742  1.7779  0.4567  0.3956  0.2751  0.2219  0.1822  0.0784  0.0567  0.0406  0.2248  0.2803
 154  2.273418  3.9274  3.6769  1.7807  0.4472  0.3875  0.2705  0.2194  0.1816  0.0799  0.0595  0.0435  0.2211  0.2748
 155  2.273463  3.9288  3.6798  1.7836  0.4372  0.3796  0.2661  0.2171  0.1812  0.0819  0.0628  0.0470  0.2177  0.2695
 156  2.273546  3.9302  3.6852  1.7835  0.4348  0.3799  0.2692  0.2218  0.1877  0.0906  0.0728  0.0573  0.2215  0.2719
 157  2.273577  3.9290  3.6871  1.7771  0.4532  0.3967  0.2829  0.2340  0.1983  0.0993  0.0805  0.0648  0.2346  0.2863
 158  2.273595  3.9277  3.6880  1.7708  0.4718  0.4136  0.2962  0.2451  0.2076  0.1065  0.0864  0.0705  0.2469  0.3004
 159  2.273610  3.9262  3.6884  1.7645  0.4902  0.4307  0.3092  0.2558  0.2163  0.1129  0.0915  0.0754  0.2590  0.3145
 160  2.273621  3.9247  3.6883  1.7586  0.5076  0.4473  0.3215  0.2656  0.2239  0.1183  0.0957  0.0793  0.2702  0.3280
 161  2.273635  3.9233  3.6883  1.7529  0.5243  0.4639  0.3336  0.2751  0.2314  0.1236  0.0998  0.0834  0.2812  0.3415
 162  2.273674  3.9196  3.6826  1.7438  0.5530  0.4939  0.3514  0.2857  0.2363  0.1233  0.0964  0.0796  0.2959  0.3630
 163  2.273720  3.9152  3.6723  1.7364  0.5782  0.5233  0.3649  0.2898  0.2333  0.1140  0.0835  0.0664  0.3054  0.3814
 164  2.273774  3.9100  3.6575  1.7307  0.6004  0.5504  0.3739  0.2881  0.2232  0.0961  0.0607  0.0431  0.3098  0.3959
 165  2.273874  3.9017  3.6221  1.7329  0.6096  0.5614  0.3613  0.2602  0.1813  0.0401 -0.0053 -0.0238  0.2897  0.3908
 166  2.273968  3.8960  3.5891  1.7430  0.5960  0.5461  0.3325  0.2214  0.1327 -0.0185 -0.0716 -0.0908  0.2555  0.3668
 167  2.274077  3.8905  3.5583  1.7519  0.5855  0.5350  0.3079  0.1870  0.0883 -0.0729 -0.1338 -0.1537  0.2255  0.3471
 168  2.274222  3.8840  3.5256  1.7585  0.5841  0.5340  0.2899  0.1568  0.0456 -0.1281 -0.1990 -0.2198  0.2008  0.3350
 169  2.274400  3.8770  3.4937  1.7624  0.5911  0.5406  0.2792  0.1338  0.0098 -0.1771 -0.2589 -0.2806  0.1831  0.3302
 170  2.274596  3.8703  3.4649  1.7644  0.6035  0.5522  0.2744  0.1175 -0.0187 -0.2186 -0.3111 -0.3337  0.1716  0.3310
 171  2.274802  3.8640  3.4393  1.7651  0.6194  0.5682  0.2739  0.1058 -0.0423 -0.2547 -0.3581 -0.3814  0.1646  0.3360
 172  2.275014  3.8582  3.4163  1.7648  0.6375  0.5864  0.2764  0.0976 -0.0616 -0.2860 -0.3997 -0.4238  0.1608  0.3435
 173  2.275228  3.8527  3.3952  1.7639  0.6570  0.6057  0.2808  0.0923 -0.0771 -0.3129 -0.4362 -0.4610  0.1593  0.3525
 174  2.275443  3.8474  3.3754  1.7626  0.6781  0.6261  0.2867  0.0888 -0.0903 -0.3369 -0.4696 -0.4951  0.1596  0.3628
 175  2.275659  3.8422  3.3565  1.7609  0.7015  0.6473  0.2936  0.0869 -0.1014 -0.3590 -0.5011 -0.5272  0.1611  0.3740
 176  2.275874  3.8372  3.3383  1.7588  0.7268  0.6706  0.3019  0.0860 -0.1116 -0.3803 -0.5317 -0.5586  0.1638  0.3866
 177  2.276088  3.8321  3.3205  1.7565  0.7539  0.6968  0.3116  0.0859 -0.1213 -0.4011 -0.5622 -0.5898  0.1675  0.4010
 178  2.276300  3.8271  3.3032  1.7539  0.7837  0.7236  0.3222  0.0872 -0.1293 -0.4204 -0.5913 -0.6196  0.1723  0.4160
 179  2.276511  3.8221  3.2862  1.7510  0.8165  0.7521  0.3339  0.0896 -0.1362 -0.4389 -0.6196 -0.6487  0.1782  0.4321
 180  2.276719  3.8171  3.2694  1.7477  0.8524  0.7826  0.3464  0.0929 -0.1420 -0.4563 -0.6469 -0.6769  0.1850  0.4491
 181  2.276925  3.8122  3.2532  1.7442  0.8892  0.8129  0.3605  0.0980 -0.1457 -0.4714 -0.6717 -0.7025  0.1933  0.4674
 182  2.277141  3.8071  3.2371  1.7400  0.9257  0.8416  0.3780  0.1067 -0.1457 -0.4832 -0.6932 -0.7249  0.2048  0.4892
 183  2.277355  3.8022  3.2221  1.7353  0.9755  0.8813  0.3945  0.1134 -0.1479 -0.4976 -0.7179 -0.7506  0.2154  0.5108
 184  2.277567  3.7973  3.2080  1.7301  1.0308  0.9223  0.4118  0.1216 -0.1481 -0.5101 -0.7401 -0.7740  0.2271  0.5329
 185  2.277777  3.7926  3.1951  1.7243  1.0848  0.9596  0.4316  0.1334 -0.1440 -0.5177 -0.7566 -0.7918  0.2417  0.5568
 186  2.277984  3.7883  3.1842  1.7178  1.1404  1.0010  0.4534  0.1468 -0.1382 -0.5230 -0.7711 -0.8071  0.2582  0.5832
 187  2.278188  3.7843  3.1757  1.7107  1.1947  1.0423  0.4771  0.1628 -0.1293 -0.5242 -0.7808 -0.8176  0.2769  0.6112
 188  2.278386  3.7806  3.1688  1.7028  1.2489  1.0833  0.5030  0.1813 -0.1173 -0.5217 -0.7865 -0.8240  0.2979  0.6411
 189  2.278579  3.7771  3.1632  1.6941  1.3060  1.1261  0.5307  0.2019 -0.1030 -0.5168 -0.7894 -0.8277  0.3208  0.6727
 190  2.278765  3.7737  3.1589  1.6848  1.3660  1.1708  0.5599  0.2243 -0.0865 -0.5093 -0.7895 -0.8286  0.3455  0.7058
 191  2.278942  3.7704  3.1559  1.6747  1.4280  1.2169  0.5909  0.2487 -0.0678 -0.4995 -0.7871 -0.8269  0.3721  0.7407
 192  2.279112  3.7672  3.1541  1.6640  1.4913  1.2643  0.6237  0.2751 -0.0469 -0.4872 -0.7820 -0.8226  0.4006  0.7773
 193  2.279274  3.7642  3.1535  1.6526  1.5557  1.3127  0.6580  0.3032 -0.0241 -0.4726 -0.7745 -0.8158  0.4307  0.8154
 194  2.279427  3.7613  3.1539  1.6407  1.6211  1.3620  0.6937  0.3329  0.0006 -0.4559 -0.7647 -0.8067  0.4623  0.8548
 195  2.279574  3.7586  3.1554  1.6284  1.6864  1.4115  0.7304  0.3639  0.0269 -0.4372 -0.7525 -0.7951  0.4951  0.8950
 196  2.279712  3.7559  3.1573  1.6156  1.7539  1.4625  0.7683  0.3961  0.0543 -0.4175 -0.7393 -0.7827  0.5291  0.9367
 197  2.279846  3.7534  3.1602  1.6025  1.8206  1.5133  0.8069  0.4292  0.0830 -0.3961 -0.7240 -0.7681  0.5639  0.9788
 198  2.279973  3.7508  3.1634  1.5892  1.8890  1.5652  0.8463  0.4632  0.1126 -0.3738 -0.7080 -0.7528  0.5996  1.0218
 199  2.280097  3.7484  3.1673  1.5756  1.9567  1.6168  0.8861  0.4978  0.1430 -0.3505 -0.6905 -0.7361  0.6357  1.0651
 200  2.280216  3.7459  3.1714  1.5617  2.0269  1.6699  0.9271  0.5334  0.1744 -0.3264 -0.6726 -0.7188  0.6730  1.1097
 201  2.280336  3.7435  3.1756  1.5476  2.0985  1.7238  0.9687  0.5697  0.2064 -0.3018 -0.6542 -0.7012  0.7108  1.1551
 202  2.280458  3.7410  3.1798  1.5335  2.1715  1.7783  1.0108  0.6063  0.2388 -0.2770 -0.6356 -0.6834  0.7491  1.2010
 203  2.280585  3.7384  3.1835  1.5195  2.2459  1.8330  1.0526  0.6425  0.2706 -0.2530 -0.6180 -0.6667  0.7869  1.2468
 204  2.280719  3.7357  3.1856  1.5066  2.3208  1.8864  1.0925  0.6765  0.2999 -0.2320 -0.6037 -0.6535  0.8226  1.2910
 205  2.280857  3.7329  3.1856  1.4956  2.3934  1.9362  1.1283  0.7061  0.3247 -0.2157 -0.5944 -0.6453  0.8539  1.3313
 206  2.281002  3.7301  3.1835  1.4864  2.4620  1.9816  1.1595  0.7311  0.3450 -0.2044 -0.5901 -0.6422  0.8806  1.3671
 207  2.281154  3.7271  3.1792  1.4788  2.5316  2.0253  1.1881  0.7530  0.3617 -0.1974 -0.5907 -0.6442  0.9043  1.4007
 208  2.281319  3.7238  3.1719  1.4726  2.6047  2.0682  1.2143  0.7718  0.3747 -0.1954 -0.5971 -0.6522  0.9250  1.4325
 209  2.281514  3.7201  3.1598  1.4703  2.6743  2.1029  1.2319  0.7817  0.3786 -0.2036 -0.6138 -0.6709  0.9369  1.4561
 210  2.281725  3.7163  3.1414  1.4734  2.7356  2.1262  1.2371  0.7788  0.3691 -0.2260 -0.6455 -0.7046  0.9359  1.4677
 211  2.281918  3.7132  3.1198  1.4826  2.7704  2.1303  1.2255  0.7603  0.3451 -0.2609 -0.6884 -0.7491  0.9191  1.4617
 212  2.282086  3.7107  3.0979  1.4946  2.7875  2.1226  1.2052  0.7341  0.3144 -0.3003 -0.7344 -0.7965  0.8943  1.4459
 213  2.282234  3.7087  3.0769  1.5076  2.7929  2.1082  1.1805  0.7048  0.2814 -0.3403 -0.7798 -0.8430  0.8660  1.4248
 214  2.282371  3.7070  3.0563  1.5213  2.7916  2.0894  1.1529  0.6733  0.2468 -0.3812 -0.8252 -0.8894  0.8354  1.4004
 215  2.282502  3.7055  3.0365  1.5352  2.7859  2.0683  1.1242  0.6412  0.2118 -0.4215 -0.8693 -0.9345  0.8041  1.3744
 216  2.282629  3.7042  3.0175  1.5488  2.7784  2.0469  1.0959  0.6096  0.1778 -0.4605 -0.9119 -0.9779  0.7733  1.3485
 217  2.282642  3.7040  3.0156  1.5502  2.7779  2.0449  1.0931  0.6065  0.1743 -0.4644 -0.9162 -0.9823  0.7702  1.3460
 218  2.282655  3.7039  3.0137  1.5516  2.7769  2.0425  1.0900  0.6032  0.1708 -0.4685 -0.9206 -0.9867  0.7669  1.3432
 219  2.282669  3.7037  3.0117  1.5530  2.7761  2.0403  1.0871  0.5999  0.1673 -0.4725 -0.9250 -0.9912  0.7638  1.3405
 220  2.282680  3.7037  3.0101  1.5546  2.7725  2.0365  1.0832  0.5960  0.1633 -0.4765 -0.9290 -0.9953  0.7599  1.3367
 221  2.282694  3.7035  3.0080  1.5557  2.7742  2.0359  1.0814  0.5937  0.1605 -0.4801 -0.9332 -0.9996  0.7576  1.3353
 222  2.282707  3.7034  3.0061  1.5571  2.7734  2.0337  1.0785  0.5905  0.1571 -0.4841 -0.9376 -1.0041  0.7545  1.3327
 223  2.282721  3.7032  3.0041  1.5585  2.7726  2.0315  1.0756  0.5872  0.1535 -0.4881 -0.9420 -1.0086  0.7513  1.3300
 224  2.282734  3.7031  3.0022  1.5599  2.7716  2.0292  1.0726  0.5839  0.1500 -0.4921 -0.9463 -1.0130  0.7481  1.3273
 225  2.282748  3.7030  3.0003  1.5613  2.7707  2.0269  1.0697  0.5807  0.1465 -0.4961 -0.9507 -1.0174  0.7449  1.3245
 226  2.282761  3.7028  2.9983  1.5627  2.7698  2.0246  1.0667  0.5774  0.1430 -0.5001 -0.9550 -1.0218  0.7417  1.3218
 227  2.283000  3.7005  2.9638  1.5882  2.7506  1.9825  1.0129  0.5182  0.0794 -0.5720 -1.0331 -1.1013  0.6836  1.2722
 228  2.283125  3.6994  2.9462  1.6013  2.7395  1.9603  0.9850  0.4876  0.0466 -0.6088 -1.0730 -1.1418  0.6536  1.2464
 229  2.283351  3.6974  2.9135  1.6261  2.7143  1.9170  0.9319  0.4299 -0.0151 -0.6777 -1.1477 -1.2173  0.5968  1.1970
 230  2.283470  3.6964  2.8971  1.6386  2.7009  1.8950  0.9051  0.4007 -0.0462 -0.7123 -1.1854 -1.2553  0.5681  1.1721
 231  2.283689  3.6946  2.8671  1.6614  2.6763  1.8548  0.8563  0.3476 -0.1028 -0.7754 -1.2540 -1.3244  0.5158  1.1266
 232  2.283791  3.6938  2.8531  1.6722  2.6642  1.8357  0.8332  0.3225 -0.1295 -0.8050 -1.2861 -1.3567  0.4911  1.1050
 233  2.284007  3.6921  2.8232  1.6953  2.6386  1.7946  0.7838  0.2689 -0.1866 -0.8684 -1.3548 -1.4260  0.4382  1.0589
 234  2.284205  3.6905  2.7956  1.7166  2.6151  1.7565  0.7380  0.2193 -0.2395 -0.9270 -1.4182 -1.4900  0.3893  1.0161
 235  2.284399  3.6890  2.7685  1.7376  2.5936  1.7192  0.6929  0.1705 -0.2914 -0.9847 -1.4802 -1.5529  0.3411  0.9740
 236  2.284591  3.6875  2.7414  1.7587  2.5732  1.6819  0.6477  0.1216 -0.3434 -1.0425 -1.5422 -1.6159  0.2929  0.9319
 237  2.284756  3.6862  2.7182  1.7768  2.5556  1.6496  0.6087  0.0794 -0.3883 -1.0922 -1.5955 -1.6702  0.2513  0.8955
 238  2.284952  3.6847  2.6905  1.7984  2.5355  1.6114  0.5624  0.0294 -0.4415 -1.1514 -1.6588 -1.7347  0.2019  0.8524
 239  2.285119  3.6834  2.6671  1.8167  2.5187  1.5790  0.5232 -0.0130 -0.4866 -1.2015 -1.7123 -1.7893  0.1601  0.8159
 240  2.285368  3.6815  2.6315  1.8446  2.4936  1.5299  0.4637 -0.0774 -0.5551 -1.2776 -1.7936 -1.8723  0.0965  0.7605
 241  2.285531  3.6802  2.6085  1.8627  2.4769  1.4978  0.4249 -0.1194 -0.5997 -1.3270 -1.8464 -1.9262  0.0551  0.7244
 242  2.285742  3.6787  2.5791  1.8859  2.4552  1.4566  0.3753 -0.1730 -0.6568 -1.3902 -1.9137 -1.9949  0.0020  0.6783
 243  2.285897  3.6775  2.5572  1.9031  2.4399  1.4264  0.3387 -0.2127 -0.6990 -1.4370 -1.9637 -2.0459 -0.0371  0.6444
 244  2.286118  3.6759  2.5268  1.9272  2.4175  1.3835  0.2872 -0.2683 -0.7581 -1.5025 -2.0334 -2.1171 -0.0921  0.5966
 245  2.286305  3.6746  2.5009  1.9478  2.3983  1.3469  0.2433 -0.3158 -0.8086 -1.5583 -2.0927 -2.1777 -0.1390  0.5557
 246  2.286495  3.6732  2.4748  1.9685  2.3799  1.3103  0.1994 -0.3634 -0.8592 -1.6144 -2.1525 -2.2387 -0.1861  0.5150
 247  2.286745  3.6713  2.4395  1.9962  2.3574  1.2624  0.1412 -0.4266 -0.9268 -1.6897 -2.2328 -2.3208 -0.2486  0.4615
 248  2.286914  3.6700  2.4156  2.0149  2.3425  1.2302  0.1021 -0.4692 -0.9723 -1.7405 -2.2869 -2.3762 -0.2907  0.4256
 249  2.287136  3.6683  2.3842  2.0394  2.3237  1.1882  0.0510 -0.5249 -1.0320 -1.8071 -2.3581 -2.4491 -0.3458  0.3789
 250  2.287342  3.6666  2.3545  2.0625  2.3076  1.1496  0.0035 -0.5770 -1.0880 -1.8699 -2.4254 -2.5179 -0.3973  0.3356
 251  2.287553  3.6648  2.3236  2.0864  2.2918  1.1099 -0.0455 -0.6308 -1.1460 -1.9350 -2.4953 -2.5895 -0.4506  0.2913
 252  2.287722  3.6634  2.2988  2.1056  2.2794  1.0783 -0.0847 -0.6740 -1.1925 -1.9873 -2.5515 -2.6471 -0.4932  0.2559
 253  2.287921  3.6618  2.2696  2.1282  2.2656  1.0415 -0.1304 -0.7245 -1.2471 -2.0488 -2.6177 -2.7148 -0.5432  0.2148
 254  2.288126  3.6600  2.2393  2.1516  2.2524  1.0041 -0.1774 -0.7766 -1.3034 -2.1123 -2.6863 -2.7851 -0.5947  0.1729
 255  2.288306  3.6585  2.2124  2.1724  2.2414  0.9713 -0.2188 -0.8227 -1.3534 -2.1688 -2.7473 -2.8477 -0.6402  0.1362
 256  2.288494  3.6568  2.1839  2.1943  2.2300  0.9367 -0.2624 -0.8712 -1.4061 -2.2284 -2.8117 -2.9138 -0.6883  0.0975
 257  2.288686  3.6551  2.1546  2.2169  2.2190  0.9016 -0.3070 -0.9209 -1.4602 -2.2897 -2.8780 -2.9819 -0.7374  0.0583
 258  2.288882  3.6534  2.1241  2.2403  2.2083  0.8656 -0.3528 -0.9722 -1.5162 -2.3532 -2.9468 -3.0525 -0.7882  0.0181
 259  2.289053  3.6518  2.0975  2.2607  2.1991  0.8343 -0.3927 -1.0170 -1.5651 -2.4086 -3.0068 -3.1142 -0.8325 -0.0167
 260  2.289228  3.6502  2.0705  2.2815  2.1900  0.8027 -0.4330 -1.0623 -1.6147 -2.4649 -3.0677 -3.1770 -0.8773 -0.0518
 261  2.289405  3.6486  2.0424  2.3030  2.1814  0.7705 -0.4744 -1.1090 -1.6659 -2.5231 -3.1308 -3.2419 -0.9235 -0.0875
 262  2.289587  3.6469  2.0134  2.3251  2.1731  0.7376 -0.5167 -1.1568 -1.7186 -2.5832 -3.1959 -3.3090 -0.9710 -0.1239
 263  2.289737  3.6454  1.9890  2.3438  2.1663  0.7101 -0.5522 -1.1969 -1.7629 -2.6336 -3.2506 -3.3653 -1.0107 -0.1544
 264  2.289925  3.6436  1.9586  2.3669  2.1594  0.6767 -0.5956 -1.2463 -1.8177 -2.6962 -3.3187 -3.4356 -1.0598 -0.1913
 265  2.290079  3.6420  1.9332  2.3861  2.1545  0.6495 -0.6314 -1.2872 -1.8632 -2.7484 -3.3754 -3.4942 -1.1004 -0.2215
 266  2.290240  3.6404  1.9068  2.4060  2.1501  0.6218 -0.6680 -1.3292 -1.9102 -2.8023 -3.4341 -3.5549 -1.1421 -0.2522
 267  2.290407  3.6386  1.8797  2.4260  2.1501  0.5962 -0.7033 -1.3704 -1.9571 -2.8570 -3.4941 -3.6170 -1.1830 -0.2807
 268  2.290572  3.6370  1.8528  2.4464  2.1457  0.5681 -0.7404 -1.4129 -2.0050 -2.9120 -3.5539 -3.6790 -1.2254 -0.3118