#NUMBER OF AGES=1 MAGS=10
#----------------------------------------------------       
#MIX-LEN  Y      Z          Zeff        [Fe/H] [a/Fe]
# 1.9380  0.4000 1.3432E-02 1.3432E-02   0.00   0.00
#----------------------------------------------------       
#**PHOTOMETRIC SYSTEM**: Bessell UBV(RI)c + 2MASS JHKs + Kepler (Vega)
#----------------------------------------------------       
#AGE= 1.000 EEPS=277
#EEP   M/Mo    LogTeff  LogG   LogL/Lo U       B       V       R       I       J       H       Ks      Kp      D51     
   3  0.110533  3.5113  5.2162 -2.7362 16.6854 15.1786 13.5893 12.5032 11.0875  9.6998  9.1566  8.9177 12.4712 14.2494
   4  0.137168  3.5133  5.1442 -2.5623 16.1523 14.6923 13.1244 12.0485 10.6490  9.2701  8.7272  8.4881 12.0226 13.7714
   5  0.182756  3.5195  5.0705 -2.3393 15.4077 14.0126 12.4808 11.4309 10.0754  8.7279  8.1823  7.9463 11.4217 13.1109
   6  0.212872  3.5244  5.0383 -2.2212 14.9921 13.6304 12.1210 11.0902  9.7672  8.4451  7.8957  7.6627 11.0930 12.7429
   7  0.225236  3.5264  5.0275 -2.1780 14.8399 13.4894 11.9882 10.9647  9.6543  8.3422  7.7911  7.5593 10.9721 12.6074
   8  0.235446  3.5280  5.0180 -2.1428 14.7161 13.3745 11.8800 10.8624  9.5623  8.2582  7.7057  7.4749 10.8735 12.4971
   9  0.242251  3.5292  5.0104 -2.1181 14.6284 13.2931 11.8037 10.7903  9.4977  8.1995  7.6458  7.4157 10.8041 12.4191
  10  0.252065  3.5309  5.0006 -2.0842 14.5082 13.1812 11.6985 10.6911  9.4092  8.1192  7.5638  7.3347 10.7087 12.3120
  11  0.260983  3.5325  4.9906 -2.0525 14.3965 13.0765 11.6002 10.5984  9.3265  8.0443  7.4868  7.2588 10.6195 12.2119
  12  0.271219  3.5345  4.9765 -2.0140 14.2633 12.9513 11.4827 10.4872  9.2266  7.9530  7.3931  7.1661 10.5121 12.0921
  13  0.282554  3.5367  4.9586 -1.9695 14.1107 12.8073 11.3474 10.3590  9.1112  7.8474  7.2843  7.0587 10.3884 11.9545
  14  0.297100  3.5398  4.9383 -1.9147 13.9194 12.6255 11.1766 10.1979  8.9685  7.7189  7.1512  6.9272 10.2335 11.7813
  15  0.319082  3.5456  4.9111 -1.8335 13.6293 12.3463 10.9138  9.9513  8.7550  7.5319  6.9560  6.7348  9.9982 11.5169
  16  0.345294  3.5539  4.8818 -1.7366 13.2781 12.0014 10.5867  9.6447  8.4960  7.3137  6.7260  6.5085  9.7077 11.1918
  17  0.361412  3.5597  4.8623 -1.6744 13.0550 11.7776 10.3725  9.4443  8.3317  7.1751  6.5792  6.3647  9.5192 10.9803
  18  0.373040  3.5642  4.8478 -1.6281 12.8897 11.6094 10.2104  9.2931  8.2109  7.0729  6.4705  6.2588  9.3779 10.8209
  19  0.383177  3.5683  4.8351 -1.5873 12.7446 11.4599 10.0656  9.1580  8.1045  6.9831  6.3748  6.1661  9.2521 10.6792
  20  0.393588  3.5727  4.8224 -1.5453 12.5964 11.3055  9.9155  9.0177  7.9947  6.8914  6.2768  6.0718  9.1214 10.5332
  21  0.405200  3.5778  4.8089 -1.4985 12.4309 11.1312  9.7454  8.8588  7.8722  6.7900  6.1682  5.9683  8.9739 10.3686
  22  0.417027  3.5835  4.7958 -1.4503 12.2578 10.9479  9.5659  8.6910  7.7461  6.6869  6.0573  5.8640  8.8188 10.1958
  23  0.428670  3.5894  4.7836 -1.4025 12.0851 10.7633  9.3856  8.5228  7.6212  6.5857  5.9481  5.7626  8.6632 10.0232
  24  0.439992  3.5954  4.7725 -1.3560 11.9211 10.5828  9.2129  8.3624  7.4998  6.4860  5.8411  5.6647  8.5135  9.8596
  25  0.451082  3.6015  4.7624 -1.3109 11.7631 10.4062  9.0466  8.2089  7.3820  6.3886  5.7371  5.5709  8.3688  9.7029
  26  0.460816  3.6070  4.7542 -1.2713 11.6180 10.2474  8.8969  8.0709  7.2793  6.3049  5.6486  5.4912  8.2394  9.5602
  27  0.469116  3.6119  4.7477 -1.2375 11.4907 10.1092  8.7674  7.9521  7.1917  6.2338  5.5743  5.4247  8.1278  9.4360
  28  0.477495  3.6169  4.7415 -1.2034 11.3638  9.9696  8.6384  7.8343  7.1037  6.1617  5.4999  5.3582  8.0162  9.3123
  29  0.488685  3.6239  4.7343 -1.1585 11.1904  9.7816  8.4679  7.6800  6.9875  6.0666  5.4042  5.2732  7.8690  9.1465
  30  0.508576  3.6364  4.7235 -1.0800 10.8424  9.4349  8.1638  7.4100  6.7831  5.9035  5.2497  5.1361  7.6079  8.8342
  31  0.679026  3.7360  4.6466 -0.4796  7.3569  6.8757  6.0624  5.6328  5.2594  4.7325  4.3512  4.3044  5.7830  6.2933
  32  0.688942  3.7404  4.6402 -0.4490  7.2008  6.7645  5.9726  5.5539  5.1878  4.6746  4.3042  4.2595  5.7011  6.1928
  33  0.699979  3.7452  4.6328 -0.4154  7.0343  6.6450  5.8760  5.4685  5.1100  4.6114  4.2523  4.2097  5.6124  6.0855
  34  0.711707  3.7502  4.6246 -0.3803  6.8646  6.5216  5.7760  5.3797  5.0289  4.5449  4.1972  4.1568  5.5203  5.9753
  35  0.723355  3.7549  4.6160 -0.3458  6.7035  6.4024  5.6792  5.2933  4.9499  4.4796  4.1425  4.1041  5.4307  5.8695
  36  0.735282  3.7595  4.6068 -0.3110  6.5460  6.2844  5.5830  5.2071  4.8708  4.4135  4.0867  4.0501  5.3414  5.7649
  37  0.747823  3.7641  4.5969 -0.2753  6.3892  6.1652  5.4853  5.1191  4.7898  4.3454  4.0285  3.9937  5.2503  5.6593
  38  0.761126  3.7687  4.5862 -0.2386  6.2333  6.0445  5.3858  5.0291  4.7068  4.2749  3.9681  3.9347  5.1572  5.5525
  39  0.774956  3.7732  4.5750 -0.2015  6.0799  5.9244  5.2864  4.9386  4.6231  4.2034  3.9062  3.8742  5.0637  5.4462
  40  0.789144  3.7776  4.5630 -0.1640  5.9289  5.8047  5.1866  4.8474  4.5385  4.1305  3.8425  3.8118  4.9696  5.3399
  41  0.803552  3.7819  4.5499 -0.1257  5.7812  5.6839  5.0852  4.7548  4.4530  4.0562  3.7770  3.7479  4.8739  5.2322
  42  0.818105  3.7861  4.5355 -0.0869  5.6388  5.5669  4.9845  4.6608  4.3641  3.9776  3.7069  3.6783  4.7776  5.1263
  43  0.832811  3.7902  4.5205 -0.0478  5.5039  5.4586  4.8868  4.5658  4.2705  3.8932  3.6312  3.6006  4.6814  5.0252
  44  0.847863  3.7943  4.5051 -0.0083  5.3683  5.3460  4.7869  4.4703  4.1782  3.8101  3.5565  3.5249  4.5842  4.9215
  45  0.862979  3.7984  4.4902  0.0307  5.2315  5.2276  4.6856  4.3767  4.0909  3.7328  3.4870  3.4565  4.4879  4.8155
  46  0.878523  3.8026  4.4753  0.0704  5.0951  5.1079  4.5830  4.2818  4.0026  3.6545  3.4168  3.3873  4.3902  4.7081
  47  0.897498  3.8076  4.4569  0.1177  4.9369  4.9667  4.4609  4.1686  3.8969  3.5605  3.3321  3.3037  4.2737  4.5809
  48  0.925037  3.8140  4.4286  0.1848  4.7212  4.7696  4.2892  4.0085  3.7469  3.4252  3.2088  3.1818  4.1093  4.4024
  49  0.959881  3.8215  4.3926  0.2669  4.4681  4.5321  4.0792  3.8119  3.5623  3.2576  3.0555  3.0297  3.9077  4.1851
  50  0.998099  3.8294  4.3556  0.3526  4.2104  4.2754  3.8571  3.6093  3.3778  3.0922  2.9066  2.8842  3.6980  3.9538
  51  1.020045  3.8342  4.3382  0.3985  4.0728  4.1341  3.7372  3.5023  3.2830  3.0091  2.8338  2.8138  3.5862  3.8281
  52  1.025085  3.8353  4.3343  0.4091  4.0419  4.1036  3.7103  3.4775  3.2601  2.9886  2.8156  2.7956  3.5606  3.8002
  53  1.030244  3.8364  4.3304  0.4196  4.0112  4.0734  3.6835  3.4525  3.2369  2.9679  2.7970  2.7772  3.5349  3.7724
  54  1.035574  3.8376  4.3264  0.4305  3.9797  4.0424  3.6559  3.4267  3.2130  2.9464  2.7778  2.7579  3.5084  3.7437
  55  1.041377  3.8389  4.3222  0.4423  3.9458  4.0091  3.6261  3.3990  3.1871  2.9233  2.7571  2.7372  3.4799  3.7130
  56  1.048079  3.8403  4.3172  0.4556  3.9076  3.9709  3.5922  3.3675  3.1581  2.8972  2.7337  2.7138  3.4475  3.6778
  57  1.055492  3.8417  4.3115  0.4703  3.8658  3.9290  3.5546  3.3326  3.1258  2.8681  2.7076  2.6877  3.4116  3.6390
  58  1.062772  3.8432  4.3057  0.4849  3.8247  3.8875  3.5175  3.2980  3.0939  2.8392  2.6817  2.6618  3.3761  3.6006
  59  1.070657  3.8446  4.2992  0.5003  3.7818  3.8440  3.4782  3.2613  3.0598  2.8081  2.6534  2.6335  3.3384  3.5601
  60  1.078804  3.8461  4.2924  0.5163  3.7374  3.7991  3.4376  3.2233  3.0244  2.7758  2.6240  2.6042  3.2993  3.5182
  61  1.087967  3.8478  4.2851  0.5340  3.6885  3.7494  3.3927  3.1814  2.9856  2.7405  2.5920  2.5722  3.2563  3.4719
  62  1.098889  3.8497  4.2764  0.5545  3.6320  3.6917  3.3403  3.1325  2.9400  2.6989  2.5541  2.5343  3.2061  3.4179
  63  1.111471  3.8518  4.2665  0.5781  3.5675  3.6258  3.2806  3.0766  2.8882  2.6516  2.5110  2.4913  3.1487  3.3563
  64  1.125477  3.8542  4.2555  0.6042  3.4964  3.5528  3.2142  3.0147  2.8306  2.5990  2.4632  2.4434  3.0851  3.2879
  65  1.143608  3.8573  4.2417  0.6369  3.4076  3.4614  3.1310  2.9369  2.7585  2.5331  2.4030  2.3833  3.0052  3.2020
  66  1.163431  3.8609  4.2287  0.6721  3.3118  3.3624  3.0417  2.8542  2.6826  2.4647  2.3417  2.3221  2.9200  3.1096
  67  1.181906  3.8647  4.2180  0.7048  3.2223  3.2696  2.9587  2.7781  2.6136  2.4033  2.2876  2.2680  2.8412  3.0233
  68  1.274725  3.8812  4.1615  0.8599  2.8079  2.8368  2.5666  2.4156  2.2829  2.1042  2.0185  1.9991  2.4669  2.6175
  69  1.278829  3.8810  4.1540  0.8683  2.7875  2.8155  2.5452  2.3942  2.2614  2.0824  1.9966  1.9772  2.4455  2.5962
  70  1.283884  3.8810  4.1457  0.8783  2.7629  2.7899  2.5198  2.3690  2.2363  2.0573  1.9717  1.9522  2.4203  2.5708
  71  1.290987  3.8814  4.1359  0.8918  2.7293  2.7549  2.4859  2.3357  2.2039  2.0255  1.9406  1.9210  2.3867  2.5365
  72  1.301630  3.8823  4.1238  0.9111  2.6802  2.7037  2.4371  2.2888  2.1590  1.9822  1.8990  1.8794  2.3390  2.4869
  73  1.317285  3.8839  4.1080  0.9387  2.6093  2.6296  2.3674  2.2223  2.0961  1.9223  1.8422  1.8226  2.2712  2.4156
  74  1.336800  3.8861  4.0891  0.9728  2.5216  2.5378  2.2814  2.1407  2.0191  1.8494  1.7733  1.7538  2.1878  2.3276
  75  1.357021  3.8883  4.0690  1.0080  2.4310  2.4432  2.1926  2.0561  1.9393  1.7735  1.7012  1.6818  2.1015  2.2368
  76  1.379222  3.8906  4.0459  1.0474  2.3302  2.3380  2.0935  1.9617  1.8498  1.6881  1.6199  1.6005  2.0051  2.1355
  77  1.396055  3.8920  4.0283  1.0759  2.2575  2.2622  2.0217  1.8928  1.7841  1.6249  1.5593  1.5400  1.9350  2.0624
  78  1.406614  3.8924  4.0161  1.0930  2.2147  2.2178  1.9786  1.8506  1.7429  1.5844  1.5196  1.5002  1.8924  2.0188
  79  1.414485  3.8923  4.0055  1.1056  2.1838  2.1857  1.9467  1.8188  1.7112  1.5524  1.4876  1.4682  1.8605  1.9869
  80  1.420890  3.8919  3.9954  1.1159  2.1589  2.1599  1.9203  1.7918  1.6837  1.5241  1.4587  1.4392  1.8338  1.9608
  81  1.426592  3.8912  3.9854  1.1252  2.1371  2.1372  1.8966  1.7672  1.6581  1.4974  1.4311  1.4116  1.8095  1.9375
  82  1.430169  3.8908  3.9787  1.1311  2.1234  2.1231  1.8816  1.7515  1.6417  1.4801  1.4132  1.3936  1.7941  1.9228
  83  1.433706  3.8903  3.9720  1.1369  2.1099  2.1091  1.8667  1.7359  1.6253  1.4628  1.3952  1.3756  1.7788  1.9084
  84  1.437288  3.8898  3.9652  1.1427  2.0964  2.0951  1.8518  1.7202  1.6088  1.4453  1.3769  1.3573  1.7634  1.8938
  85  1.440938  3.8892  3.9581  1.1487  2.0827  2.0810  1.8365  1.7041  1.5918  1.4272  1.3581  1.3384  1.7477  1.8790
  86  1.444743  3.8886  3.9507  1.1548  2.0686  2.0664  1.8208  1.6875  1.5742  1.4086  1.3386  1.3188  1.7314  1.8637
  87  1.448757  3.8880  3.9431  1.1613  2.0538  2.0511  1.8044  1.6701  1.5559  1.3891  1.3182  1.2984  1.7145  1.8478
  88  1.452946  3.8874  3.9352  1.1680  2.0384  2.0353  1.7872  1.6520  1.5368  1.3688  1.2970  1.2771  1.6968  1.8311
  89  1.457180  3.8867  3.9270  1.1747  2.0229  2.0194  1.7700  1.6337  1.5173  1.3481  1.2753  1.2553  1.6789  1.8145
  90  1.461464  3.8860  3.9186  1.1815  2.0075  2.0036  1.7527  1.6153  1.4976  1.3270  1.2531  1.2331  1.6609  1.7977
  91  1.465742  3.8852  3.9099  1.1883  1.9921  1.9878  1.7353  1.5966  1.4776  1.3055  1.2305  1.2104  1.6428  1.7809
  92  1.470036  3.8844  3.9011  1.1952  1.9766  1.9720  1.7177  1.5777  1.4573  1.2837  1.2074  1.1872  1.6245  1.7640
  93  1.474362  3.8835  3.8920  1.2021  1.9613  1.9563  1.7002  1.5587  1.4368  1.2614  1.1838  1.1635  1.6060  1.7472
  94  1.478703  3.8826  3.8826  1.2091  1.9460  1.9407  1.6825  1.5395  1.4159  1.2388  1.1597  1.1394  1.5875  1.7303
  95  1.483050  3.8816  3.8731  1.2160  1.9307  1.9252  1.6649  1.5202  1.3949  1.2159  1.1353  1.1148  1.5689  1.7135
  96  1.487390  3.8806  3.8634  1.2230  1.9155  1.9097  1.6472  1.5008  1.3737  1.1929  1.1107  1.0901  1.5502  1.6966
  97  1.491714  3.8796  3.8536  1.2299  1.9004  1.8942  1.6295  1.4814  1.3526  1.1698  1.0860  1.0654  1.5316  1.6797
  98  1.496022  3.8786  3.8437  1.2369  1.8854  1.8789  1.6119  1.4622  1.3316  1.1467  1.0614  1.0406  1.5130  1.6629
  99  1.500279  3.8775  3.8339  1.2438  1.8706  1.8636  1.5944  1.4430  1.3106  1.1238  1.0368  1.0159  1.4945  1.6462
 100  1.504447  3.8765  3.8241  1.2506  1.8559  1.8484  1.5771  1.4240  1.2899  1.1011  1.0125  0.9916  1.4762  1.6297
 101  1.508540  3.8755  3.8146  1.2575  1.8411  1.8332  1.5598  1.4052  1.2695  1.0788  0.9887  0.9677  1.4580  1.6131
 102  1.512545  3.8746  3.8053  1.2643  1.8263  1.8179  1.5426  1.3865  1.2493  1.0569  0.9654  0.9443  1.4399  1.5966
 103  1.516424  3.8739  3.7966  1.2711  1.8111  1.8021  1.5252  1.3680  1.2296  1.0358  0.9431  0.9219  1.4219  1.5798
 104  1.520150  3.8734  3.7886  1.2780  1.7952  1.7856  1.5077  1.3498  1.2106  1.0157  0.9222  0.9009  1.4039  1.5627
 105  1.523666  3.8731  3.7818  1.2850  1.7786  1.7684  1.4901  1.3319  1.1924  0.9971  0.9033  0.8820  1.3862  1.5452
 106  1.526859  3.8733  3.7765  1.2919  1.7612  1.7503  1.4727  1.3148  1.1758  0.9808  0.8874  0.8661  1.3690  1.5276
 107  1.529642  3.8739  3.7730  1.2985  1.7435  1.7319  1.4558  1.2991  1.1612  0.9674  0.8750  0.8538  1.3527  1.5102
 108  1.531980  3.8749  3.7713  1.3048  1.7259  1.7134  1.4398  1.2848  1.1489  0.9568  0.8662  0.8450  1.3378  1.4934
 109  1.533884  3.8762  3.7712  1.3107  1.7087  1.6954  1.4249  1.2722  1.1388  0.9492  0.8608  0.8397  1.3242  1.4774
 110  1.535381  3.8778  3.7725  1.3161  1.6920  1.6779  1.4112  1.2613  1.1308  0.9442  0.8584  0.8374  1.3122  1.4624
 111  1.536617  3.8795  3.7748  1.3212  1.6759  1.6609  1.3984  1.2516  1.1244  0.9410  0.8582  0.8373  1.3012  1.4481
 112  1.536878  3.8800  3.7754  1.3223  1.6722  1.6569  1.3954  1.2494  1.1230  0.9405  0.8583  0.8375  1.2987  1.4448
 113  1.537140  3.8805  3.7763  1.3236  1.6679  1.6524  1.3922  1.2471  1.1217  0.9402  0.8589  0.8381  1.2960  1.4411
 114  1.537402  3.8810  3.7771  1.3249  1.6639  1.6481  1.3891  1.2449  1.1204  0.9398  0.8593  0.8386  1.2934  1.4376
 115  1.537663  3.8814  3.7779  1.3261  1.6599  1.6437  1.3860  1.2427  1.1192  0.9395  0.8598  0.8392  1.2908  1.4340
 116  1.537925  3.8820  3.7788  1.3274  1.6555  1.6390  1.3826  1.2404  1.1180  0.9393  0.8606  0.8399  1.2881  1.4302
 117  1.538186  3.8826  3.7800  1.3289  1.6505  1.6336  1.3789  1.2379  1.1168  0.9395  0.8618  0.8412  1.2850  1.4259
 118  1.538448  3.8833  3.7811  1.3303  1.6458  1.6284  1.3753  1.2355  1.1157  0.9395  0.8628  0.8423  1.2821  1.4217
 119  1.538709  3.8839  3.7823  1.3318  1.6410  1.6232  1.3717  1.2331  1.1145  0.9395  0.8639  0.8435  1.2792  1.4176
 120  1.538969  3.8847  3.7839  1.3334  1.6353  1.6169  1.3675  1.2305  1.1135  0.9400  0.8657  0.8454  1.2759  1.4126
 121  1.539230  3.8855  3.7854  1.3351  1.6298  1.6108  1.3634  1.2278  1.1124  0.9404  0.8674  0.8471  1.2726  1.4078
 122  1.539489  3.8862  3.7869  1.3368  1.6242  1.6047  1.3593  1.2252  1.1114  0.9408  0.8691  0.8489  1.2694  1.4030
 123  1.539748  3.8872  3.7889  1.3387  1.6175  1.5973  1.3544  1.2223  1.1104  0.9417  0.8716  0.8515  1.2656  1.3972
 124  1.540006  3.8882  3.7909  1.3406  1.6109  1.5901  1.3497  1.2194  1.1095  0.9426  0.8741  0.8541  1.2619  1.3916
 125  1.540263  3.8892  3.7930  1.3426  1.6040  1.5826  1.3448  1.2165  1.1086  0.9436  0.8767  0.8568  1.2582  1.3858
 126  1.540518  3.8904  3.7957  1.3449  1.5961  1.5739  1.3393  1.2133  1.1078  0.9451  0.8801  0.8604  1.2539  1.3791
 127  1.540771  3.8916  3.7982  1.3472  1.5884  1.5655  1.3338  1.2101  1.1070  0.9464  0.8834  0.8637  1.2498  1.3726
 128  1.541022  3.8930  3.8014  1.3498  1.5792  1.5558  1.3276  1.2064  1.1060  0.9481  0.8873  0.8677  1.2450  1.3651
 129  1.541268  3.8944  3.8045  1.3525  1.5700  1.5462  1.3213  1.2027  1.1050  0.9497  0.8910  0.8716  1.2402  1.3577
 130  1.541512  3.8961  3.8082  1.3555  1.5595  1.5353  1.3143  1.1987  1.1040  0.9517  0.8955  0.8763  1.2348  1.3492
 131  1.541749  3.8978  3.8121  1.3586  1.5486  1.5241  1.3072  1.1946  1.1031  0.9539  0.9002  0.8811  1.2294  1.3406
 132  1.541980  3.8998  3.8164  1.3621  1.5367  1.5119  1.2994  1.1902  1.1022  0.9564  0.9055  0.8866  1.2235  1.3312
 133  1.542202  3.9019  3.8213  1.3659  1.5234  1.4983  1.2909  1.1854  1.1012  0.9592  0.9113  0.8927  1.2170  1.3208
 134  1.542412  3.9042  3.8263  1.3700  1.5095  1.4838  1.2819  1.1805  1.1004  0.9623  0.9176  0.8992  1.2102  1.3099
 135  1.542605  3.9067  3.8317  1.3746  1.4943  1.4675  1.2720  1.1752  1.0995  0.9656  0.9242  0.9061  1.2027  1.2979
 136  1.542780  3.9093  3.8373  1.3797  1.4781  1.4496  1.2614  1.1695  1.0984  0.9691  0.9309  0.9131  1.1946  1.2848
 137  1.542938  3.9121  3.8432  1.3850  1.4611  1.4305  1.2504  1.1639  1.0977  0.9728  0.9380  0.9204  1.1862  1.2712
 138  1.543080  3.9150  3.8492  1.3905  1.4435  1.4103  1.2390  1.1583  1.0970  0.9767  0.9450  0.9278  1.1775  1.2569
 139  1.543208  3.9179  3.8551  1.3963  1.4253  1.3899  1.2273  1.1524  1.0962  0.9805  0.9518  0.9348  1.1686  1.2423
 140  1.543315  3.9208  3.8606  1.4024  1.4064  1.3696  1.2152  1.1459  1.0946  0.9832  0.9575  0.9407  1.1592  1.2274
 141  1.543409  3.9237  3.8659  1.4086  1.3869  1.3500  1.2032  1.1391  1.0924  0.9854  0.9625  0.9461  1.1497  1.2129
 142  1.543491  3.9265  3.8708  1.4149  1.3668  1.3313  1.1916  1.1321  1.0897  0.9870  0.9670  0.9509  1.1403  1.1991
 143  1.543562  3.9292  3.8753  1.4213  1.3464  1.3135  1.1804  1.1250  1.0864  0.9881  0.9708  0.9552  1.1310  1.1862
 144  1.543627  3.9319  3.8795  1.4279  1.3258  1.2965  1.1696  1.1179  1.0828  0.9890  0.9743  0.9591  1.1218  1.1740
 145  1.543688  3.9345  3.8834  1.4344  1.3052  1.2800  1.1589  1.1106  1.0789  0.9894  0.9772  0.9623  1.1127  1.1619
 146  1.543749  3.9370  3.8870  1.4410  1.2847  1.2639  1.1483  1.1032  1.0748  0.9894  0.9795  0.9651  1.1035  1.1501
 147  1.543841  3.9395  3.8915  1.4466  1.2669  1.2509  1.1406  1.0985  1.0731  0.9916  0.9841  0.9700  1.0971  1.1412
 148  1.543916  3.9380  3.8921  1.4397  1.2865  1.2677  1.1538  1.1097  1.0824  0.9985  0.9895  0.9752  1.1095  1.1552
 149  1.543945  3.9359  3.8907  1.4329  1.3067  1.2844  1.1660  1.1193  1.0894  1.0022  0.9914  0.9768  1.1205  1.1684
 150  1.543973  3.9335  3.8879  1.4262  1.3272  1.3012  1.1774  1.1277  1.0947  1.0037  0.9907  0.9757  1.1306  1.1810
 151  1.544006  3.9305  3.8821  1.4198  1.3480  1.3174  1.1869  1.1331  1.0962  1.0001  0.9842  0.9687  1.1382  1.1920
 152  1.544064  3.9253  3.8646  1.4167  1.3642  1.3273  1.1853  1.1241  1.0801  0.9756  0.9544  0.9382  1.1331  1.1936
 153  1.544120  3.9215  3.8434  1.4228  1.3544  1.3150  1.1644  1.0972  1.0474  0.9369  0.9119  0.8952  1.1092  1.1756
 154  1.544161  3.9193  3.8277  1.4296  1.3405  1.3005  1.1446  1.0736  1.0203  0.9065  0.8792  0.8623  1.0875  1.1577
 155  1.544208  3.9172  3.8123  1.4364  1.3266  1.2866  1.1251  1.0501  0.9934  0.8762  0.8468  0.8297  1.0661  1.1403
 156  1.544269  3.9146  3.7955  1.4429  1.3136  1.2747  1.1059  1.0260  0.9652  0.8441  0.8120  0.7947  1.0446  1.1236
 157  1.544356  3.9114  3.7765  1.4490  1.3029  1.2658  1.0875  1.0014  0.9353  0.8090  0.7735  0.7559  1.0233  1.1083
 158  1.544473  3.9077  3.7564  1.4544  1.2947  1.2591  1.0704  0.9775  0.9053  0.7729  0.7332  0.7152  1.0029  1.0946
 159  1.544623  3.9038  3.7362  1.4591  1.2891  1.2540  1.0556  0.9558  0.8770  0.7379  0.6933  0.6749  0.9845  1.0830
 160  1.544808  3.8999  3.7171  1.4629  1.2866  1.2510  1.0436  0.9373  0.8519  0.7061  0.6563  0.6375  0.9690  1.0742
 161  1.545022  3.8963  3.6999  1.4657  1.2862  1.2500  1.0345  0.9220  0.8304  0.6783  0.6235  0.6043  0.9566  1.0681
 162  1.545494  3.8908  3.6747  1.4690  1.2889  1.2529  1.0244  0.9021  0.8003  0.6381  0.5752  0.5553  0.9410  1.0628
 163  1.545992  3.8857  3.6516  1.4717  1.2925  1.2584  1.0166  0.8845  0.7726  0.6007  0.5296  0.5092  0.9277  1.0597
 164  1.546515  3.8809  3.6305  1.4738  1.2972  1.2648  1.0108  0.8697  0.7485  0.5674  0.4886  0.4677  0.9168  1.0582
 165  1.547048  3.8763  3.6104  1.4757  1.3028  1.2708  1.0060  0.8570  0.7275  0.5376  0.4515  0.4301  0.9074  1.0572
 166  1.547582  3.8717  3.5905  1.4773  1.3097  1.2780  1.0023  0.8454  0.7076  0.5088  0.4151  0.3933  0.8991  1.0572
 167  1.548112  3.8669  3.5702  1.4785  1.3185  1.2873  0.9998  0.8346  0.6878  0.4796  0.3778  0.3554  0.8917  1.0588
 168  1.548634  3.8619  3.5492  1.4795  1.3294  1.2992  0.9987  0.8244  0.6681  0.4495  0.3387  0.3158  0.8851  1.0620
 169  1.549144  3.8565  3.5274  1.4801  1.3430  1.3135  0.9990  0.8151  0.6488  0.4193  0.2988  0.2754  0.8797  1.0669
 170  1.549636  3.8509  3.5047  1.4803  1.3593  1.3302  1.0009  0.8071  0.6305  0.3894  0.2588  0.2348  0.8756  1.0735
 171  1.550109  3.8449  3.4812  1.4800  1.3796  1.3501  1.0046  0.8004  0.6128  0.3592  0.2176  0.1929  0.8729  1.0822
 172  1.550559  3.8386  3.4568  1.4792  1.4047  1.3735  1.0102  0.7948  0.5958  0.3284  0.1750  0.1494  0.8717  1.0931
 173  1.550986  3.8320  3.4321  1.4779  1.4342  1.4013  1.0180  0.7907  0.5796  0.2976  0.1315  0.1052  0.8721  1.1067
 174  1.551397  3.8254  3.4078  1.4759  1.4685  1.4320  1.0280  0.7887  0.5656  0.2687  0.0894  0.0623  0.8746  1.1225
 175  1.551794  3.8189  3.3844  1.4733  1.5078  1.4656  1.0400  0.7889  0.5542  0.2420  0.0499  0.0217  0.8792  1.1402
 176  1.552179  3.8126  3.3629  1.4699  1.5508  1.5012  1.0542  0.7919  0.5462  0.2196  0.0150 -0.0142  0.8864  1.1598
 177  1.552556  3.8070  3.3448  1.4656  1.5924  1.5345  1.0718  0.7996  0.5442  0.2043 -0.0114 -0.0416  0.8974  1.1821
 178  1.552912  3.8019  3.3297  1.4603  1.6421  1.5746  1.0900  0.8081  0.5437  0.1913 -0.0351 -0.0663  0.9096  1.2055
 179  1.553237  3.7972  3.3171  1.4543  1.6952  1.6137  1.1092  0.8191  0.5469  0.1828 -0.0527 -0.0851  0.9237  1.2291
 180  1.553531  3.7930  3.3069  1.4476  1.7474  1.6497  1.1301  0.8332  0.5544  0.1796 -0.0637 -0.0975  0.9401  1.2533
 181  1.553796  3.7891  3.2988  1.4404  1.7991  1.6889  1.1525  0.8486  0.5633  0.1787 -0.0725 -0.1071  0.9581  1.2796
 182  1.554154  3.7839  3.2899  1.4286  1.8754  1.7487  1.1892  0.8752  0.5808  0.1829 -0.0798 -0.1152  0.9883  1.3220
 183  1.554492  3.7789  3.2839  1.4148  1.9555  1.8111  1.2319  0.9083  0.6052  0.1944 -0.0793 -0.1157  1.0245  1.3699
 184  1.554807  3.7742  3.2807  1.3990  2.0439  1.8790  1.2790  0.9461  0.6349  0.2115 -0.0726 -0.1102  1.0655  1.4223
 185  1.555099  3.7697  3.2802  1.3816  2.1372  1.9508  1.3301  0.9883  0.6694  0.2340 -0.0603 -0.0989  1.1107  1.4787
 186  1.555370  3.7655  3.2821  1.3630  2.2322  2.0245  1.3845  1.0342  0.7082  0.2612 -0.0428 -0.0824  1.1594  1.5382
 187  1.555625  3.7615  3.2859  1.3434  2.3290  2.0998  1.4413  1.0829  0.7500  0.2921 -0.0213 -0.0619  1.2107  1.5999
 188  1.555870  3.7577  3.2910  1.3233  2.4268  2.1757  1.4994  1.1332  0.7939  0.3255  0.0030 -0.0385  1.2635  1.6630
 189  1.556110  3.7541  3.2967  1.3029  2.5256  2.2522  1.5583  1.1845  0.8389  0.3601  0.0286 -0.0138  1.3172  1.7269
 190  1.556355  3.7504  3.3023  1.2826  2.6260  2.3290  1.6174  1.2359  0.8839  0.3946  0.0542  0.0106  1.3709  1.7911
 191  1.556617  3.7465  3.3067  1.2629  2.7294  2.4063  1.6760  1.2863  0.9277  0.4272  0.0772  0.0326  1.4238  1.8552
 192  1.556921  3.7423  3.3075  1.2451  2.8366  2.4826  1.7314  1.3325  0.9667  0.4533  0.0927  0.0467  1.4727  1.9169
 193  1.557291  3.7374  3.2992  1.2343  2.9368  2.5460  1.7712  1.3620  0.9881  0.4601  0.0875  0.0397  1.5053  1.9640
 194  1.557684  3.7330  3.2801  1.2357  3.0034  2.5769  1.7802  1.3614  0.9799  0.4381  0.0545  0.0049  1.5074  1.9798
 195  1.558043  3.7295  3.2565  1.2454  3.0356  2.5803  1.7664  1.3400  0.9525  0.3996  0.0073 -0.0438  1.4881  1.9715
 196  1.558374  3.7266  3.2320  1.2586  3.0495  2.5700  1.7420  1.3095  0.9170  0.3550 -0.0445 -0.0969  1.4592  1.9516
 197  1.558696  3.7242  3.2069  1.2739  3.0530  2.5518  1.7117  1.2738  0.8771  0.3069 -0.0987 -0.1523  1.4249  1.9252
 198  1.559006  3.7220  3.1813  1.2909  3.0468  2.5260  1.6758  1.2334  0.8331  0.2559 -0.1548 -0.2095  1.3857  1.8925
 199  1.559303  3.7202  3.1557  1.3092  3.0336  2.4951  1.6361  1.1900  0.7865  0.2031 -0.2119 -0.2677  1.3432  1.8557
 200  1.559590  3.7185  3.1306  1.3277  3.0168  2.4621  1.5953  1.1457  0.7393  0.1503 -0.2685 -0.3253  1.2998  1.8174
 201  1.559872  3.7169  3.1055  1.3466  2.9971  2.4273  1.5532  1.1005  0.6914  0.0970 -0.3253 -0.3830  1.2553  1.7776
 202  1.560152  3.7155  3.0807  1.3657  2.9758  2.3916  1.5105  1.0547  0.6431  0.0437 -0.3821 -0.4407  1.2103  1.7371
 203  1.560429  3.7141  3.0560  1.3848  2.9536  2.3557  1.4677  1.0089  0.5947 -0.0095 -0.4388 -0.4982  1.1651  1.6965
 204  1.560706  3.7127  3.0315  1.4039  2.9306  2.3196  1.4248  0.9630  0.5464 -0.0626 -0.4952 -0.5554  1.1200  1.6557
 205  1.560982  3.7114  3.0071  1.4231  2.9074  2.2834  1.3818  0.9171  0.4981 -0.1155 -0.5516 -0.6125  1.0748  1.6149
 206  1.561258  3.7100  2.9828  1.4422  2.8844  2.2474  1.3391  0.8713  0.4499 -0.1684 -0.6079 -0.6696  1.0298  1.5743
 207  1.561534  3.7087  2.9586  1.4612  2.8612  2.2116  1.2964  0.8257  0.4019 -0.2210 -0.6640 -0.7264  0.9849  1.5338
 208  1.561811  3.7074  2.9345  1.4803  2.8381  2.1758  1.2539  0.7803  0.3541 -0.2735 -0.7199 -0.7830  0.9401  1.4934
 209  1.562088  3.7062  2.9104  1.4993  2.8155  2.1401  1.2115  0.7350  0.3064 -0.3258 -0.7755 -0.8394  0.8955  1.4532
 210  1.562365  3.7049  2.8866  1.5182  2.7929  2.1044  1.1693  0.6899  0.2589 -0.3778 -0.8309 -0.8956  0.8510  1.4131
 211  1.562643  3.7036  2.8628  1.5370  2.7705  2.0691  1.1273  0.6450  0.2117 -0.4296 -0.8860 -0.9514  0.8068  1.3732
 212  1.562923  3.7024  2.8391  1.5558  2.7478  2.0338  1.0855  0.6004  0.1647 -0.4811 -0.9408 -1.0070  0.7628  1.3336
 213  1.563203  3.7012  2.8156  1.5744  2.7253  1.9987  1.0440  0.5560  0.1180 -0.5324 -0.9954 -1.0624  0.7191  1.2942
 214  1.563483  3.6999  2.7922  1.5931  2.7027  1.9638  1.0027  0.5119  0.0715 -0.5833 -1.0498 -1.1174  0.6756  1.2550
 215  1.563765  3.6987  2.7688  1.6116  2.6797  1.9290  0.9617  0.4680  0.0253 -0.6340 -1.1039 -1.1721  0.6323  1.2161
 216  1.564047  3.6975  2.7456  1.6300  2.6552  1.8942  0.9209  0.4244 -0.0207 -0.6844 -1.1579 -1.2265  0.5892  1.1774
 217  1.564086  3.6973  2.7424  1.6326  2.6518  1.8894  0.9153  0.4183 -0.0271 -0.6914 -1.1654 -1.2341  0.5832  1.1720
 218  1.564126  3.6972  2.7391  1.6352  2.6485  1.8847  0.9096  0.4123 -0.0335 -0.6983 -1.1729 -1.2416  0.5773  1.1667
 219  1.564165  3.6970  2.7359  1.6377  2.6451  1.8799  0.9040  0.4063 -0.0398 -0.7053 -1.1804 -1.2492  0.5713  1.1613
 220  1.564205  3.6968  2.7327  1.6403  2.6416  1.8750  0.8983  0.4002 -0.0462 -0.7123 -1.1879 -1.2566  0.5654  1.1559
 221  1.564244  3.6967  2.7295  1.6428  2.6383  1.8702  0.8927  0.3942 -0.0526 -0.7192 -1.1954 -1.2642  0.5594  1.1506
 222  1.564284  3.6965  2.7262  1.6454  2.6350  1.8654  0.8871  0.3882 -0.0589 -0.7262 -1.2029 -1.2717  0.5535  1.1453
 223  1.564323  3.6963  2.7230  1.6479  2.6315  1.8606  0.8815  0.3822 -0.0653 -0.7331 -1.2103 -1.2792  0.5475  1.1400
 224  1.564362  3.6962  2.7198  1.6505  2.6282  1.8559  0.8759  0.3762 -0.0716 -0.7401 -1.2178 -1.2868  0.5416  1.1346
 225  1.564402  3.6960  2.7166  1.6530  2.6247  1.8510  0.8702  0.3701 -0.0780 -0.7470 -1.2252 -1.2942  0.5357  1.1293
 226  1.564441  3.6958  2.7134  1.6556  2.6214  1.8463  0.8647  0.3641 -0.0843 -0.7540 -1.2327 -1.3018  0.5297  1.1240
 227  1.564813  3.6942  2.6833  1.6794  2.5900  1.8016  0.8123  0.3080 -0.1436 -0.8189 -1.3026 -1.3720  0.4743  1.0743
 228  1.565164  3.6928  2.6551  1.7019  2.5606  1.7597  0.7631  0.2553 -0.1993 -0.8800 -1.3681 -1.4380  0.4223  1.0277
 229  1.565571  3.6910  2.6224  1.7278  2.5278  1.7117  0.7065  0.1946 -0.2635 -0.9504 -1.4439 -1.5143  0.3623  0.9742
 230  1.565926  3.6895  2.5938  1.7504  2.5007  1.6698  0.6570  0.1415 -0.3197 -1.0122 -1.5100 -1.5812  0.3099  0.9274
 231  1.566327  3.6878  2.5616  1.7760  2.4728  1.6231  0.6012  0.0816 -0.3830 -1.0819 -1.5844 -1.6567  0.2508  0.8748
 232  1.566685  3.6863  2.5335  1.7982  2.4500  1.5829  0.5530  0.0298 -0.4379 -1.1425 -1.6491 -1.7226  0.1996  0.8294
 233  1.567073  3.6847  2.5021  1.8231  2.4253  1.5380  0.4991 -0.0282 -0.4993 -1.2104 -1.7212 -1.7962  0.1424  0.7786
 234  1.567418  3.6832  2.4746  1.8446  2.4055  1.4997  0.4526 -0.0783 -0.5525 -1.2693 -1.7840 -1.8603  0.0929  0.7351
 235  1.567780  3.6816  2.4457  1.8672  2.3860  1.4599  0.4042 -0.1306 -0.6081 -1.3312 -1.8500 -1.9277  0.0412  0.6899
 236  1.568119  3.6801  2.4188  1.8883  2.3684  1.4231  0.3593 -0.1793 -0.6599 -1.3889 -1.9115 -1.9906 -0.0067  0.6481
 237  1.568446  3.6786  2.3929  1.9085  2.3521  1.3881  0.3165 -0.2258 -0.7095 -1.4441 -1.9706 -2.0510 -0.0527  0.6082
 238  1.568785  3.6771  2.3660  1.9294  2.3356  1.3519  0.2721 -0.2740 -0.7609 -1.5016 -2.0320 -2.1137 -0.1003  0.5671
 239  1.569131  3.6756  2.3387  1.9507  2.3197  1.3156  0.2273 -0.3227 -0.8130 -1.5598 -2.0943 -2.1774 -0.1484  0.5257
 240  1.569442  3.6742  2.3141  1.9700  2.3051  1.2825  0.1868 -0.3668 -0.8601 -1.6124 -2.1505 -2.2348 -0.1919  0.4882
 241  1.569755  3.6729  2.2896  1.9891  2.2906  1.2497  0.1464 -0.4107 -0.9069 -1.6647 -2.2064 -2.2920 -0.2353  0.4509
 242  1.570072  3.6715  2.2651  2.0082  2.2771  1.2174  0.1066 -0.4542 -0.9535 -1.7168 -2.2622 -2.3491 -0.2782  0.4142
 243  1.570380  3.6702  2.2412  2.0269  2.2631  1.1854  0.0675 -0.4968 -0.9990 -1.7676 -2.3166 -2.4046 -0.3203  0.3781
 244  1.570675  3.6689  2.2184  2.0448  2.2497  1.1549  0.0301 -0.5375 -1.0426 -1.8163 -2.3685 -2.4578 -0.3606  0.3436
 245  1.570966  3.6677  2.1965  2.0619  2.2379  1.1261 -0.0055 -0.5763 -1.0842 -1.8629 -2.4185 -2.5089 -0.3990  0.3110
 246  1.571255  3.6665  2.1747  2.0790  2.2259  1.0974 -0.0408 -0.6150 -1.1256 -1.9093 -2.4681 -2.5597 -0.4372  0.2785
 247  1.571539  3.6654  2.1539  2.0952  2.2154  1.0706 -0.0741 -0.6515 -1.1649 -1.9533 -2.5154 -2.6081 -0.4733  0.2481
 248  1.571825  3.6642  2.1332  2.1113  2.2047  1.0438 -0.1074 -0.6880 -1.2041 -1.9972 -2.5625 -2.6563 -0.5093  0.2177
 249  1.572103  3.6631  2.1138  2.1264  2.1959  1.0193 -0.1381 -0.7218 -1.2405 -2.0383 -2.6067 -2.7016 -0.5427  0.1898
 250  1.572371  3.6620  2.0956  2.1404  2.1883  0.9968 -0.1665 -0.7532 -1.2744 -2.0766 -2.6479 -2.7439 -0.5737  0.1642
 251  1.572646  3.6610  2.0774  2.1546  2.1806  0.9741 -0.1951 -0.7848 -1.3086 -2.1151 -2.6894 -2.7864 -0.6050  0.1384
 252  1.572920  3.6600  2.0602  2.1678  2.1742  0.9532 -0.2216 -0.8142 -1.3404 -2.1511 -2.7284 -2.8264 -0.6340  0.1146
 253  1.573189  3.6590  2.0441  2.1802  2.1687  0.9340 -0.2463 -0.8417 -1.3702 -2.1849 -2.7649 -2.8639 -0.6612  0.0926
 254  1.573466  3.6581  2.0283  2.1925  2.1622  0.9145 -0.2709 -0.8689 -1.3997 -2.2181 -2.8007 -2.9007 -0.6881  0.0705
 255  1.573716  3.6574  2.0161  2.2019  2.1577  0.8996 -0.2897 -0.8899 -1.4224 -2.2439 -2.8285 -2.9292 -0.7088  0.0537
 256  1.573991  3.6568  2.0039  2.2114  2.1527  0.8845 -0.3088 -0.9110 -1.4453 -2.2696 -2.8563 -2.9577 -0.7297  0.0366
 257  1.574261  3.6563  1.9965  2.2173  2.1492  0.8749 -0.3207 -0.9241 -1.4594 -2.2855 -2.8733 -2.9751 -0.7427  0.0259
 258  1.574535  3.6564  1.9973  2.2169  2.1478  0.8748 -0.3204 -0.9236 -1.4587 -2.2843 -2.8719 -2.9736 -0.7422  0.0259
 259  1.574811  3.6571  2.0096  2.2072  2.1550  0.8913 -0.3002 -0.9015 -1.4350 -2.2581 -2.8438 -2.9449 -0.7203  0.0443
 260  1.575107  3.6576  2.0209  2.1981  2.1630  0.9073 -0.2811 -0.8809 -1.4131 -2.2338 -2.8181 -2.9186 -0.6999  0.0620
 261  1.575433  3.6574  2.0182  2.2002  2.1620  0.9039 -0.2854 -0.8856 -1.4182 -2.2396 -2.8244 -2.9250 -0.7045  0.0582
 262  1.575764  3.6567  2.0043  2.2114  2.1537  0.8851 -0.3084 -0.9107 -1.4451 -2.2696 -2.8563 -2.9578 -0.7294  0.0372
 263  1.576083  3.6563  1.9922  2.2219  2.1397  0.8643 -0.3318 -0.9353 -1.4708 -2.2971 -2.8850 -2.9869 -0.7539  0.0148
 264  1.576418  3.6568  1.9988  2.2174  2.1376  0.8693 -0.3241 -0.9261 -1.4603 -2.2845 -2.8708 -2.9723 -0.7448  0.0210
 265  1.576751  3.6571  2.0038  2.2137  2.1387  0.8748 -0.3169 -0.9180 -1.4514 -2.2744 -2.8599 -2.9610 -0.7368  0.0273
 266  1.577111  3.6559  1.9818  2.2309  2.1286  0.8468 -0.3517 -0.9564 -1.4929 -2.3209 -2.9099 -3.0123 -0.7749 -0.0041
 267  1.577479  3.6534  1.9410  2.2620  2.1182  0.8003 -0.4121 -1.0244 -1.5672 -2.4055 -3.0016 -3.1067 -0.8420 -0.0572
 268  1.577818  3.6506  1.8933  2.2983  2.1063  0.7459 -0.4826 -1.1038 -1.6541 -2.5045 -3.1089 -3.2170 -0.9205 -0.1186
 269  1.578143  3.6480  1.8506  2.3310  2.0955  0.6972 -0.5456 -1.1748 -1.7319 -2.5930 -3.2047 -3.3158 -0.9908 -0.1735
 270  1.578444  3.6459  1.8159  2.3574  2.0896  0.6594 -0.5955 -1.2314 -1.7945 -2.6646 -3.2826 -3.3961 -1.0469 -0.2163
 271  1.578367  3.6439  1.7834  2.3818  2.0850  0.6247 -0.6413 -1.2837 -1.8525 -2.7311 -3.3548 -3.4707 -1.0987 -0.2554
 272  1.578632  3.6420  1.7516  2.4059  2.0807  0.5910 -0.6862 -1.3350 -1.9095 -2.7964 -3.4258 -3.5440 -1.1495 -0.2935
 273  1.578889  3.6400  1.7200  2.4298  2.0770  0.5577 -0.7305 -1.3858 -1.9660 -2.8612 -3.4962 -3.6169 -1.1999 -0.3309
 274  1.579120  3.6382  1.6907  2.4520  2.0742  0.5273 -0.7711 -1.4324 -2.0181 -2.9212 -3.5614 -3.6844 -1.2462 -0.3649
 275  1.579346  3.6364  1.6615  2.4741  2.0716  0.4972 -0.8113 -1.4786 -2.0702 -2.9811 -3.6264 -3.7517 -1.2922 -0.3986
 276  1.579560  3.6346  1.6329  2.4955  2.0698  0.4685 -0.8500 -1.5232 -2.1206 -3.0393 -3.6896 -3.8173 -1.3367 -0.4307
 277  1.579768  3.6329  1.6044  2.5171  2.0680  0.4398 -0.8886 -1.5678 -2.1710 -3.0975 -3.7528 -3.8829 -1.3811 -0.4628
 278  1.579965  3.6311  1.5764  2.5381  2.0668  0.4120 -0.9260 -1.6110 -2.2203 -3.1545 -3.8147 -3.9473 -1.4243 -0.4937
 279  1.580153  3.6295  1.5505  2.5576  2.0659  0.3866 -0.9604 -1.6508 -2.2657 -3.2072 -3.8718 -4.0068 -1.4641 -0.5220
