#NUMBER OF AGES=1 
#----------------------------------------------------       
#MIX-LEN  Y      Z          Zeff        [Fe/H] [a/Fe]
# 1.9380  0.2478 1.7242E-03 1.7242E-03   0.00   0.00
#----------------------------------------------------       
#**PHOTOMETRIC SYSTEM**: Bessell UBV(RI)c + 2MASS JHKs + Kepler (Vega)
#----------------------------------------------------       

#AGE= 1.750 EEPS=274
#EEP   M/Mo    LogTeff  LogG   LogL/Lo U       B       V       R       I       J       H       Ks      Kp      D51     
   4  0.108244  3.5049  5.2742 -2.8290 17.0819 15.5425 13.9360 12.8186 11.3464  9.9104  9.3747  9.1319 12.7629 14.5965
   5  0.124941  3.5048  5.2110 -2.7039 16.7255 15.2180 13.6237 12.5076 11.0366  9.5973  9.0631  8.8187 12.4521 14.2742
   6  0.150332  3.5054  5.1374 -2.5474 16.2644 14.7990 13.2216 12.1102 10.6462  9.2076  8.6747  8.4291 12.0573 13.8597
   7  0.201675  3.5129  5.0629 -2.3153 15.4535 14.0659 12.5310 11.4530 10.0424  8.6456  8.1094  7.8682 11.4213 13.1498
   8  0.257555  3.5210  5.0108 -2.1245 14.7746 13.4429 11.9459 10.9003  9.5424  8.1887  7.6459  7.4104 10.8887 12.5501
   9  0.299536  3.5266  4.9791 -2.0051 14.3575 13.0537 11.5798 10.5547  9.2297  7.9041  7.3549  7.1235 10.5551 12.1766
  10  0.311260  3.5280  4.9675 -1.9709 14.2422 12.9455 11.4779 10.4580  9.1411  7.8223  7.2711  7.0407 10.4612 12.0727
  11  0.317104  3.5287  4.9603 -1.9529 14.1827 12.8896 11.4253 10.4078  9.0946  7.7789  7.2267  6.9967 10.4123 12.0189
  12  0.320634  3.5291  4.9549 -1.9411 14.1446 12.8538 11.3916 10.3755  9.0644  7.7505  7.1976  6.9679 10.3807 11.9844
  13  0.323206  3.5294  4.9504 -1.9319 14.1153 12.8264 11.3657 10.3506  9.0409  7.7283  7.1748  6.9454 10.3563 11.9579
  14  0.325587  3.5297  4.9462 -1.9234 14.0882 12.8010 11.3418 10.3276  9.0193  7.7077  7.1538  6.9245 10.3337 11.9334
  15  0.327999  3.5300  4.9420 -1.9150 14.0611 12.7755 11.3178 10.3046  8.9976  7.6872  7.1327  6.9037 10.3111 11.9088
  16  0.330895  3.5303  4.9376 -1.9054 14.0305 12.7467 11.2907 10.2785  8.9731  7.6641  7.1090  6.8802 10.2856 11.8810
  17  0.334970  3.5308  4.9326 -1.8932 13.9906 12.7090 11.2551 10.2446  8.9416  7.6347  7.0789  6.8504 10.2525 11.8448
  18  0.341819  3.5316  4.9260 -1.8745 13.9287 12.6503 11.1998 10.1919  8.8933  7.5901  7.0329  6.8050 10.2013 11.7884
  19  0.445983  3.5493  4.8440 -1.6063 13.0004 11.7492 10.3483  9.3918  8.1887  6.9673  6.3810  6.1628  9.4342 10.9329
  20  0.464659  3.5534  4.8260 -1.5540 12.8226 11.5709 10.1778  9.2312  8.0501  6.8484  6.2551  6.0389  9.2810 10.7644
  21  0.481179  3.5573  4.8099 -1.5069 12.6626 11.4083 10.0213  9.0841  7.9257  6.7421  6.1420  5.9281  9.1416 10.6106
  22  0.495670  3.5611  4.7959 -1.4650 12.5195 11.2607  9.8785  8.9507  7.8161  6.6483  6.0418  5.8304  9.0161 10.4707
  23  0.508386  3.5646  4.7840 -1.4279 12.3924 11.1277  9.7492  8.8301  7.7192  6.5660  5.9536  5.7448  8.9034 10.3448
  24  0.518609  3.5677  4.7748 -1.3977 12.2882 11.0175  9.6416  8.7300  7.6403  6.4995  5.8820  5.6759  8.8102 10.2405
  25  0.527867  3.5707  4.7666 -1.3701 12.1931 10.9161  9.5421  8.6373  7.5678  6.4391  5.8169  5.6134  8.7241 10.1447
  26  0.538041  3.5740  4.7578 -1.3397 12.0888 10.8037  9.4315  8.5342  7.4880  6.3730  5.7456  5.5454  8.6285 10.0386
  27  0.551285  3.5785  4.7468 -1.3002 11.9529 10.6561  9.2857  8.3982  7.3841  6.2876  5.6533  5.4580  8.5028  9.8994
  28  0.568800  3.5846  4.7323 -1.2474 11.7691 10.4556  9.0865  8.2122  7.2456  6.1750  5.5315  5.3437  8.3316  9.7101
  29  0.589113  3.5923  4.7162 -1.1856 11.5538 10.2166  8.8505  7.9923  7.0832  6.0436  5.3898  5.2126  8.1289  9.4880
  30  0.609623  3.6004  4.7014 -1.1233 11.3428  9.9740  8.6181  7.7773  6.9199  5.9090  5.2465  5.0824  7.9277  9.2721
  31  0.629666  3.6089  4.6884 -1.0624 11.1229  9.7273  8.3821  7.5594  6.7606  5.7804  5.1120  4.9610  7.7248  9.0501
  32  0.655774  3.6204  4.6734 -0.9839 10.8307  9.4034  8.0778  7.2804  6.5563  5.6149  4.9441  4.8099  7.4627  8.7602
  33  0.691591  3.6369  4.6562 -0.8774 10.3639  8.9372  7.6614  6.9075  6.2777  5.3939  4.7367  4.6245  7.1048  8.3351
  34  0.883210  3.7196  4.5825 -0.3667  7.4106  6.7332  5.8366  5.3628  4.9624  4.3818  3.9595  3.9069  5.5251  6.1165
  35  0.897891  3.7250  4.5751 -0.3307  7.2156  6.5969  5.7254  5.2663  4.8754  4.3127  3.9053  3.8549  5.4249  5.9878
  36  0.913435  3.7304  4.5670 -0.2933  7.0174  6.4597  5.6129  5.1674  4.7853  4.2412  3.8492  3.7998  5.3226  5.8594
  37  0.928637  3.7356  4.5587 -0.2572  6.8321  6.3288  5.5061  5.0733  4.6996  4.1721  3.7936  3.7459  5.2252  5.7391
  38  0.943461  3.7404  4.5501 -0.2225  6.6597  6.2042  5.4048  4.9838  4.6179  4.1053  3.7385  3.6931  5.1324  5.6263
  39  0.957841  3.7449  4.5414 -0.1891  6.4990  6.0870  5.3091  4.8987  4.5400  4.0411  3.6850  3.6415  5.0442  5.5207
  40  0.971757  3.7491  4.5326 -0.1571  6.3490  5.9763  5.2186  4.8178  4.4658  3.9795  3.6332  3.5914  4.9605  5.4214
  41  0.985748  3.7532  4.5233 -0.1253  6.2036  5.8676  5.1294  4.7378  4.3922  3.9180  3.5810  3.5409  4.8777  5.3243
  42  1.000257  3.7573  4.5133 -0.0926  6.0581  5.7575  5.0389  4.6562  4.3169  3.8545  3.5266  3.4882  4.7933  5.2262
  43  1.015395  3.7614  4.5024 -0.0588  5.9120  5.6455  4.9462  4.5723  4.2394  3.7885  3.4696  3.4327  4.7067  5.1262
  44  1.030956  3.7654  4.4907 -0.0244  5.7672  5.5329  4.8527  4.4874  4.1607  3.7210  3.4109  3.3755  4.6190  5.0259
  45  1.046668  3.7694  4.4785  0.0100  5.6263  5.4218  4.7599  4.4027  4.0821  3.6531  3.3516  3.3175  4.5317  4.9269
  46  1.062427  3.7731  4.4658  0.0443  5.4898  5.3128  4.6683  4.3189  4.0040  3.5852  3.2915  3.2587  4.4452  4.8295
  47  1.078474  3.7768  4.4523  0.0789  5.3559  5.2042  4.5766  4.2345  3.9253  3.5160  3.2299  3.1983  4.3584  4.7323
  48  1.094902  3.7804  4.4382  0.1140  5.2210  5.0929  4.4842  4.1498  3.8464  3.4467  3.1679  3.1378  4.2709  4.6343
  49  1.110404  3.7837  4.4248  0.1469  5.0954  4.9886  4.3986  4.0709  3.7728  3.3818  3.1100  3.0809  4.1894  4.5437
  50  1.122386  3.7863  4.4138  0.1730  5.0016  4.9111  4.3319  4.0078  3.7124  3.3277  3.0613  3.0321  4.1249  4.4739
  51  1.139715  3.7900  4.3990  0.2090  4.8817  4.8132  4.2402  3.9188  3.6251  3.2487  2.9902  2.9593  4.0351  4.3793
  52  1.233749  3.8077  4.3177  0.3958  4.2606  4.2641  3.7569  3.4667  3.1991  2.8651  2.6417  2.6132  3.5720  3.8770
  53  1.375193  3.8274  4.2011  0.6381  3.5267  3.5630  3.1355  2.8846  2.6525  2.3640  2.1796  2.1554  2.9753  3.2349
  54  1.394039  3.8293  4.1840  0.6688  3.4403  3.4747  3.0562  2.8107  2.5837  2.2999  2.1198  2.0965  2.8994  3.1532
  55  1.407312  3.8306  4.1726  0.6894  3.3826  3.4156  3.0030  2.7610  2.5373  2.2566  2.0794  2.0566  2.8484  3.0985
  56  1.416721  3.8313  4.1641  0.7039  3.3429  3.3750  2.9659  2.7259  2.5042  2.2253  2.0499  2.0273  2.8126  3.0604
  57  1.424495  3.8319  4.1567  0.7159  3.3107  3.3420  2.9353  2.6967  2.4764  2.1988  2.0246  2.0022  2.7829  3.0292
  58  1.431548  3.8323  4.1497  0.7268  3.2817  3.3124  2.9075  2.6700  2.4507  2.1741  2.0009  1.9786  2.7557  3.0009
  59  1.438494  3.8327  4.1427  0.7376  3.2530  3.2832  2.8801  2.6435  2.4251  2.1495  1.9772  1.9550  2.7289  2.9730
  60  1.446241  3.8332  4.1351  0.7493  3.2220  3.2518  2.8504  2.6148  2.3973  2.1226  1.9514  1.9291  2.6998  2.9428
  61  1.455052  3.8337  4.1267  0.7624  3.1874  3.2167  2.8171  2.5826  2.3661  2.0926  1.9224  1.9002  2.6672  2.9091
  62  1.464645  3.8343  4.1176  0.7765  3.1502  3.1791  2.7814  2.5480  2.3325  2.0602  1.8912  1.8690  2.6322  2.8728
  63  1.474329  3.8348  4.1084  0.7906  3.1130  3.1414  2.7456  2.5131  2.2987  2.0274  1.8596  1.8373  2.5969  2.8365
  64  1.483600  3.8352  4.0993  0.8042  3.0777  3.1055  2.7112  2.4796  2.2660  1.9957  1.8288  1.8065  2.5631  2.8017
  65  1.492464  3.8356  4.0904  0.8171  3.0446  3.0717  2.6787  2.4478  2.2349  1.9653  1.7992  1.7769  2.5311  2.7688
  66  1.500240  3.8357  4.0818  0.8285  3.0158  3.0422  2.6498  2.4193  2.2067  1.9374  1.7718  1.7493  2.5024  2.7398
  67  1.507043  3.8357  4.0735  0.8387  2.9908  3.0166  2.6243  2.3938  2.1812  1.9119  1.7463  1.7238  2.4769  2.7142
  68  1.512822  3.8355  4.0656  0.8477  2.9693  2.9942  2.6017  2.3710  2.1583  1.8886  1.7229  1.7003  2.4542  2.6917
  69  1.518449  3.8352  4.0574  0.8564  2.9493  2.9733  2.5800  2.3488  2.1357  1.8654  1.6992  1.6765  2.4322  2.6703
  70  1.524042  3.8349  4.0489  0.8649  2.9300  2.9530  2.5587  2.3270  2.1133  1.8421  1.6753  1.6525  2.4105  2.6493
  71  1.529568  3.8344  4.0403  0.8734  2.9110  2.9331  2.5375  2.3051  2.0908  1.8186  1.6511  1.6282  2.3890  2.6285
  72  1.535314  3.8340  4.0313  0.8821  2.8917  2.9126  2.5158  2.2826  2.0676  1.7943  1.6260  1.6030  2.3668  2.6071
  73  1.541462  3.8335  4.0220  0.8913  2.8711  2.8910  2.4929  2.2589  2.0432  1.7688  1.5998  1.5767  2.3434  2.5846
  74  1.548236  3.8330  4.0121  0.9012  2.8488  2.8675  2.4681  2.2335  2.0170  1.7416  1.5718  1.5486  2.3182  2.5602
  75  1.555661  3.8326  4.0017  0.9119  2.8246  2.8421  2.4414  2.2061  1.9890  1.7125  1.5419  1.5186  2.2911  2.5339
  76  1.563544  3.8321  3.9907  0.9231  2.7992  2.8154  2.4135  2.1774  1.9596  1.6820  1.5106  1.4872  2.2627  2.5064
  77  1.571797  3.8316  3.9794  0.9347  2.7732  2.7881  2.3847  2.1478  1.9292  1.6504  1.4781  1.4546  2.2334  2.4780
  78  1.580168  3.8310  3.9676  0.9463  2.7475  2.7609  2.3558  2.1179  1.8983  1.6182  1.4448  1.4212  2.2039  2.4496
  79  1.588607  3.8303  3.9555  0.9579  2.7222  2.7340  2.3270  2.0880  1.8674  1.5856  1.4110  1.3874  2.1744  2.4213
  80  1.596844  3.8294  3.9431  0.9692  2.6984  2.7085  2.2991  2.0588  1.8368  1.5532  1.3771  1.3533  2.1457  2.3941
  81  1.604869  3.8285  3.9304  0.9801  2.6761  2.6842  2.2721  2.0302  1.8067  1.5209  1.3430  1.3192  2.1176  2.3678
  82  1.609621  3.8278  3.9226  0.9866  2.6632  2.6701  2.2561  2.0132  1.7887  1.5014  1.3223  1.2985  2.1010  2.3523
  83  1.614327  3.8271  3.9147  0.9930  2.6509  2.6564  2.2404  1.9964  1.7708  1.4819  1.3015  1.2776  2.0846  2.3372
  84  1.618971  3.8264  3.9067  0.9994  2.6390  2.6431  2.2249  1.9797  1.7530  1.4625  1.2807  1.2568  2.0684  2.3223
  85  1.623596  3.8256  3.8986  1.0056  2.6276  2.6302  2.2096  1.9632  1.7353  1.4430  1.2598  1.2358  2.0524  2.3077
  86  1.628196  3.8248  3.8904  1.0117  2.6167  2.6177  2.1947  1.9469  1.7177  1.4235  1.2389  1.2147  2.0366  2.2934
  87  1.632764  3.8239  3.8821  1.0178  2.6064  2.6058  2.1800  1.9308  1.7002  1.4041  1.2178  1.1935  2.0210  2.2795
  88  1.637337  3.8230  3.8738  1.0237  2.5965  2.5942  2.1656  1.9149  1.6829  1.3846  1.1967  1.1723  2.0057  2.2658
  89  1.641913  3.8221  3.8654  1.0296  2.5870  2.5829  2.1513  1.8990  1.6656  1.3652  1.1755  1.1509  1.9904  2.2523
  90  1.646494  3.8211  3.8569  1.0355  2.5778  2.5718  2.1371  1.8832  1.6483  1.3456  1.1542  1.1294  1.9753  2.2390
  91  1.651112  3.8202  3.8484  1.0414  2.5688  2.5609  2.1230  1.8674  1.6309  1.3260  1.1327  1.1077  1.9601  2.2257
  92  1.655787  3.8191  3.8396  1.0473  2.5601  2.5502  2.1089  1.8516  1.6134  1.3061  1.1109  1.0858  1.9449  2.2125
  93  1.660503  3.8181  3.8307  1.0531  2.5519  2.5398  2.0950  1.8358  1.5959  1.2861  1.0888  1.0635  1.9299  2.1995
  94  1.665245  3.8170  3.8216  1.0590  2.5441  2.5297  2.0812  1.8201  1.5783  1.2658  1.0665  1.0409  1.9148  2.1867
  95  1.670026  3.8158  3.8124  1.0648  2.5366  2.5198  2.0674  1.8043  1.5606  1.2455  1.0439  1.0182  1.8998  2.1739
  96  1.674829  3.8146  3.8032  1.0707  2.5294  2.5101  2.0537  1.7885  1.5429  1.2250  1.0211  0.9952  1.8847  2.1612
  97  1.679635  3.8134  3.7937  1.0765  2.5228  2.5008  2.0401  1.7728  1.5251  1.2044  0.9982  0.9720  1.8698  2.1486
  98  1.684440  3.8122  3.7842  1.0822  2.5168  2.4919  2.0266  1.7571  1.5074  1.1837  0.9750  0.9486  1.8550  2.1363
  99  1.689253  3.8109  3.7746  1.0880  2.5111  2.4832  2.0132  1.7414  1.4896  1.1628  0.9517  0.9250  1.8401  2.1240
 100  1.694060  3.8096  3.7650  1.0937  2.5057  2.4746  1.9997  1.7257  1.4717  1.1419  0.9283  0.9014  1.8252  2.1118
 101  1.698857  3.8083  3.7553  1.0996  2.5001  2.4658  1.9861  1.7098  1.4537  1.1209  0.9048  0.8776  1.8102  2.0993
 102  1.703628  3.8071  3.7456  1.1055  2.4942  2.4566  1.9721  1.6937  1.4356  1.0997  0.8813  0.8538  1.7949  2.0865
 103  1.708385  3.8059  3.7359  1.1118  2.4873  2.4464  1.9576  1.6770  1.4170  1.0783  0.8576  0.8299  1.7790  2.0731
 104  1.712955  3.8049  3.7265  1.1182  2.4788  2.4351  1.9425  1.6601  1.3983  1.0572  0.8344  0.8064  1.7627  2.0590
 105  1.717003  3.8042  3.7182  1.1246  2.4682  2.4224  1.9271  1.6434  1.3805  1.0375  0.8133  0.7851  1.7465  2.0443
 106  1.720327  3.8038  3.7113  1.1307  2.4560  2.4089  1.9122  1.6278  1.3642  1.0203  0.7953  0.7671  1.7312  2.0298
 107  1.722853  3.8037  3.7063  1.1362  2.4427  2.3951  1.8984  1.6140  1.3503  1.0062  0.7813  0.7530  1.7174  2.0160
 108  1.724803  3.8039  3.7023  1.1412  2.4292  2.3817  1.8856  1.6015  1.3381  0.9944  0.7698  0.7415  1.7048  2.0030
 109  1.726322  3.8042  3.6993  1.1459  2.4156  2.3685  1.8736  1.5901  1.3273  0.9843  0.7603  0.7320  1.6932  1.9908
 110  1.727511  3.8046  3.6970  1.1502  2.4018  2.3555  1.8624  1.5796  1.3176  0.9756  0.7526  0.7244  1.6824  1.9790
 111  1.728499  3.8051  3.6952  1.1543  2.3879  2.3426  1.8515  1.5698  1.3086  0.9679  0.7460  0.7178  1.6722  1.9676
 112  1.728758  3.8053  3.6948  1.1555  2.3839  2.3388  1.8483  1.5670  1.3061  0.9657  0.7442  0.7161  1.6692  1.9643
 113  1.729016  3.8055  3.6944  1.1568  2.3790  2.3344  1.8448  1.5638  1.3033  0.9634  0.7423  0.7142  1.6659  1.9605
 114  1.729274  3.8057  3.6939  1.1581  2.3746  2.3303  1.8414  1.5608  1.3006  0.9612  0.7405  0.7124  1.6628  1.9570
 115  1.729531  3.8059  3.6935  1.1594  2.3702  2.3262  1.8380  1.5578  1.2979  0.9590  0.7387  0.7106  1.6596  1.9534
 116  1.729787  3.8061  3.6930  1.1607  2.3652  2.3217  1.8344  1.5545  1.2951  0.9566  0.7368  0.7088  1.6562  1.9495
 117  1.730043  3.8064  3.6927  1.1623  2.3593  2.3163  1.8301  1.5508  1.2918  0.9541  0.7348  0.7069  1.6523  1.9450
 118  1.730298  3.8067  3.6923  1.1638  2.3537  2.3112  1.8261  1.5473  1.2888  0.9516  0.7329  0.7050  1.6486  1.9407
 119  1.730552  3.8069  3.6919  1.1654  2.3479  2.3060  1.8219  1.5436  1.2856  0.9491  0.7310  0.7031  1.6448  1.9363
 120  1.730805  3.8073  3.6916  1.1673  2.3405  2.2994  1.8169  1.5393  1.2819  0.9463  0.7289  0.7011  1.6401  1.9308
 121  1.731056  3.8077  3.6912  1.1691  2.3335  2.2931  1.8119  1.5350  1.2782  0.9435  0.7269  0.6992  1.6357  1.9256
 122  1.731306  3.8081  3.6909  1.1710  2.3261  2.2864  1.8068  1.5306  1.2745  0.9407  0.7248  0.6972  1.6310  1.9201
 123  1.731556  3.8085  3.6907  1.1732  2.3173  2.2786  1.8009  1.5255  1.2703  0.9376  0.7227  0.6951  1.6256  1.9136
 124  1.731803  3.8090  3.6905  1.1753  2.3088  2.2710  1.7951  1.5206  1.2661  0.9346  0.7206  0.6931  1.6204  1.9074
 125  1.732048  3.8096  3.6903  1.1778  2.2989  2.2621  1.7884  1.5150  1.2615  0.9312  0.7184  0.6910  1.6143  1.9002
 126  1.732290  3.8102  3.6902  1.1805  2.2879  2.2523  1.7811  1.5088  1.2564  0.9277  0.7161  0.6888  1.6078  1.8923
 127  1.732529  3.8109  3.6901  1.1834  2.2763  2.2419  1.7734  1.5024  1.2511  0.9240  0.7138  0.6866  1.6008  1.8839
 128  1.732764  3.8116  3.6901  1.1865  2.2635  2.2304  1.7649  1.4953  1.2454  0.9201  0.7115  0.6844  1.5933  1.8747
 129  1.732996  3.8125  3.6903  1.1900  2.2490  2.2174  1.7554  1.4875  1.2391  0.9159  0.7092  0.6823  1.5848  1.8644
 130  1.733219  3.8135  3.6905  1.1936  2.2340  2.2039  1.7455  1.4793  1.2326  0.9116  0.7067  0.6800  1.5759  1.8536
 131  1.733434  3.8146  3.6908  1.1978  2.2167  2.1883  1.7339  1.4697  1.2250  0.9066  0.7040  0.6774  1.5656  1.8410
 132  1.733638  3.8159  3.6912  1.2025  2.1976  2.1710  1.7212  1.4593  1.2168  0.9013  0.7014  0.6749  1.5544  1.8271
 133  1.733832  3.8172  3.6919  1.2074  2.1773  2.1525  1.7076  1.4483  1.2082  0.8960  0.6988  0.6726  1.5424  1.8123
 134  1.734012  3.8188  3.6929  1.2127  2.1552  2.1323  1.6929  1.4365  1.1991  0.8905  0.6965  0.6705  1.5295  1.7962
 135  1.734178  3.8205  3.6941  1.2185  2.1314  2.1105  1.6772  1.4239  1.1896  0.8850  0.6945  0.6687  1.5158  1.7789
 136  1.734322  3.8224  3.6956  1.2246  2.1061  2.0871  1.6603  1.4105  1.1795  0.8793  0.6926  0.6671  1.5010  1.7603
 137  1.734448  3.8245  3.6973  1.2310  2.0796  2.0625  1.6426  1.3965  1.1691  0.8735  0.6909  0.6656  1.4857  1.7408
 138  1.734558  3.8266  3.6994  1.2376  2.0525  2.0372  1.6244  1.3822  1.1586  0.8679  0.6896  0.6645  1.4699  1.7207
 139  1.734656  3.8289  3.7017  1.2444  2.0252  2.0115  1.6059  1.3676  1.1479  0.8623  0.6885  0.6635  1.4538  1.7003
 140  1.734739  3.8312  3.7039  1.2513  1.9978  1.9856  1.5869  1.3527  1.1369  0.8563  0.6871  0.6621  1.4374  1.6794
 141  1.734809  3.8334  3.7060  1.2584  1.9706  1.9594  1.5678  1.3375  1.1258  0.8502  0.6856  0.6606  1.4207  1.6583
 142  1.734870  3.8357  3.7080  1.2655  1.9435  1.9330  1.5485  1.3224  1.1147  0.8442  0.6840  0.6593  1.4040  1.6370
 143  1.734926  3.8380  3.7101  1.2726  1.9165  1.9066  1.5292  1.3073  1.1039  0.8384  0.6828  0.6583  1.3873  1.6156
 144  1.734977  3.8403  3.7123  1.2797  1.8898  1.8801  1.5099  1.2922  1.0931  0.8328  0.6816  0.6573  1.3706  1.5943
 145  1.735028  3.8427  3.7146  1.2869  1.8634  1.8537  1.4906  1.2773  1.0826  0.8273  0.6807  0.6566  1.3540  1.5730
 146  1.735111  3.8451  3.7187  1.2924  1.8411  1.8314  1.4754  1.2666  1.0764  0.8263  0.6843  0.6604  1.3416  1.5558
 147  1.735164  3.8443  3.7221  1.2858  1.8600  1.8509  1.4925  1.2821  1.0903  0.8386  0.6949  0.6710  1.3577  1.5735
 148  1.735188  3.8429  3.7238  1.2784  1.8834  1.8747  1.5119  1.2989  1.1043  0.8495  0.7031  0.6791  1.3755  1.5942
 149  1.735207  3.8413  3.7249  1.2710  1.9074  1.8991  1.5315  1.3155  1.1179  0.8597  0.7102  0.6861  1.3932  1.6151
 150  1.735226  3.8396  3.7254  1.2636  1.9322  1.9240  1.5510  1.3318  1.1310  0.8690  0.7162  0.6919  1.4108  1.6362
 151  1.735246  3.8376  3.7249  1.2563  1.9579  1.9495  1.5706  1.3477  1.1433  0.8771  0.7204  0.6959  1.4281  1.6574
 152  1.735268  3.8353  3.7227  1.2491  1.9853  1.9763  1.5900  1.3629  1.1542  0.8827  0.7215  0.6968  1.4449  1.6790
 153  1.735304  3.8318  3.7154  1.2425  2.0167  2.0059  1.6089  1.3756  1.1607  0.8815  0.7134  0.6885  1.4599  1.7009
 154  1.735377  3.8262  3.6908  1.2446  2.0377  2.0212  1.6071  1.3642  1.1399  0.8482  0.6690  0.6439  1.4522  1.7038
 155  1.735433  3.8230  3.6714  1.2515  2.0369  2.0162  1.5920  1.3435  1.1138  0.8149  0.6297  0.6041  1.4336  1.6914
 156  1.735499  3.8200  3.6525  1.2583  2.0368  2.0116  1.5772  1.3234  1.0886  0.7826  0.5915  0.5654  1.4155  1.6793
 157  1.735598  3.8164  3.6322  1.2643  2.0425  2.0116  1.5649  1.3047  1.0636  0.7493  0.5513  0.5245  1.3991  1.6701
 158  1.735751  3.8124  3.6115  1.2689  2.0563  2.0180  1.5569  1.2894  1.0414  0.7175  0.5115  0.4840  1.3865  1.6657
 159  1.735954  3.8086  3.5938  1.2714  2.0755  2.0293  1.5538  1.2794  1.0249  0.6919  0.4784  0.4501  1.3791  1.6661
 160  1.736183  3.8055  3.5805  1.2723  2.0952  2.0421  1.5546  1.2745  1.0146  0.6741  0.4543  0.4254  1.3763  1.6699
 161  1.736419  3.8029  3.5703  1.2723  2.1135  2.0546  1.5574  1.2725  1.0082  0.6616  0.4365  0.4071  1.3761  1.6753
 162  1.736959  3.7984  3.5537  1.2708  2.1533  2.0796  1.5656  1.2727  1.0011  0.6432  0.4095  0.3789  1.3791  1.6877
 163  1.737499  3.7946  3.5413  1.2684  2.1938  2.1013  1.5744  1.2762  0.9993  0.6318  0.3920  0.3598  1.3844  1.6993
 164  1.738033  3.7912  3.5309  1.2652  2.2332  2.1249  1.5859  1.2822  1.0001  0.6238  0.3780  0.3445  1.3924  1.7137
 165  1.738558  3.7878  3.5217  1.2611  2.2734  2.1531  1.6008  1.2908  1.0030  0.6180  0.3652  0.3310  1.4031  1.7321
 166  1.739070  3.7844  3.5134  1.2559  2.3188  2.1859  1.6186  1.3020  1.0083  0.6146  0.3543  0.3196  1.4166  1.7537
 167  1.739561  3.7809  3.5061  1.2493  2.3706  2.2229  1.6398  1.3164  1.0168  0.6140  0.3462  0.3108  1.4334  1.7789
 168  1.740028  3.7774  3.5000  1.2414  2.4284  2.2641  1.6651  1.3347  1.0290  0.6170  0.3414  0.3051  1.4541  1.8084
 169  1.740462  3.7737  3.4950  1.2319  2.4929  2.3099  1.6944  1.3568  1.0451  0.6234  0.3402  0.3028  1.4787  1.8420
 170  1.740860  3.7701  3.4915  1.2211  2.5624  2.3596  1.7275  1.3827  1.0649  0.6334  0.3424  0.3039  1.5070  1.8796
 171  1.741222  3.7665  3.4892  1.2091  2.6353  2.4126  1.7640  1.4119  1.0881  0.6468  0.3476  0.3082  1.5386  1.9206
 172  1.741549  3.7631  3.4884  1.1962  2.7105  2.4676  1.8031  1.4439  1.1142  0.6633  0.3562  0.3159  1.5729  1.9641
 173  1.741847  3.7598  3.4889  1.1825  2.7873  2.5240  1.8439  1.4779  1.1427  0.6826  0.3677  0.3266  1.6091  2.0095
 174  1.742120  3.7566  3.4903  1.1683  2.8657  2.5817  1.8863  1.5136  1.1729  0.7037  0.3811  0.3391  1.6468  2.0563
 175  1.742374  3.7534  3.4924  1.1537  2.9454  2.6403  1.9298  1.5504  1.2043  0.7262  0.3960  0.3531  1.6857  2.1043
 176  1.742614  3.7504  3.4952  1.1389  3.0251  2.6990  1.9739  1.5881  1.2369  0.7500  0.4125  0.3687  1.7254  2.1529
 177  1.742845  3.7473  3.4978  1.1239  3.1075  2.7590  2.0189  1.6264  1.2700  0.7739  0.4289  0.3842  1.7657  2.2025
 178  1.743069  3.7441  3.5004  1.1089  3.1920  2.8199  2.0644  1.6652  1.3035  0.7980  0.4453  0.3996  1.8065  2.2530
 179  1.743297  3.7409  3.5025  1.0939  3.2787  2.8815  2.1103  1.7040  1.3369  0.8217  0.4611  0.4141  1.8474  2.3040
 180  1.743536  3.7376  3.5039  1.0792  3.3683  2.9440  2.1563  1.7428  1.3700  0.8445  0.4756  0.4274  1.8882  2.3555
 181  1.743796  3.7338  3.5032  1.0649  3.4645  3.0090  2.2027  1.7808  1.4017  0.8645  0.4863  0.4365  1.9286  2.4081
 182  1.744130  3.7292  3.4984  1.0511  3.5766  3.0808  2.2514  1.8191  1.4320  0.8801  0.4900  0.4383  1.9697  2.4650
 183  1.744501  3.7243  3.4866  1.0436  3.6787  3.1395  2.2859  1.8426  1.4472  0.8795  0.4770  0.4231  1.9962  2.5083
 184  1.744890  3.7195  3.4664  1.0448  3.7605  3.1765  2.2994  1.8452  1.4415  0.8579  0.4430  0.3868  2.0015  2.5306
 185  1.745256  3.7157  3.4411  1.0550  3.8032  3.1829  2.2874  1.8246  1.4143  0.8179  0.3932  0.3350  1.9830  2.5256
 186  1.745588  3.7127  3.4142  1.0699  3.8218  3.1720  2.2616  1.7919  1.3760  0.7691  0.3366  0.2767  1.9519  2.5055
 187  1.745892  3.7104  3.3873  1.0875  3.8205  3.1480  2.2263  1.7514  1.3313  0.7163  0.2777  0.2166  1.9126  2.4747
 188  1.746183  3.7082  3.3601  1.1062  3.8144  3.1204  2.1883  1.7084  1.2844  0.6617  0.2175  0.1552  1.8707  2.4407
 189  1.746458  3.7065  3.3337  1.1259  3.7973  3.0859  2.1458  1.6621  1.2350  0.6063  0.1577  0.0944  1.8252  2.4013
 190  1.746730  3.7048  3.3070  1.1458  3.7806  3.0512  2.1029  1.6154  1.1851  0.5502  0.0972  0.0329  1.7793  2.3616
 191  1.746995  3.7033  3.2807  1.1662  3.7585  3.0136  2.0582  1.5673  1.1342  0.4938  0.0371 -0.0282  1.7320  2.3196
 192  1.747256  3.7019  3.2547  1.1867  3.7334  2.9745  2.0126  1.5186  1.0829  0.4375 -0.0229 -0.0889  1.6839  2.2765
 193  1.747515  3.7006  3.2287  1.2074  3.7079  2.9353  1.9668  1.4697  1.0314  0.3810 -0.0829 -0.1498  1.6357  2.2332
 194  1.747772  3.6993  3.2028  1.2281  3.6806  2.8953  1.9206  1.4205  0.9797  0.3246 -0.1429 -0.2105  1.5870  2.1894
 195  1.748029  3.6980  3.1771  1.2489  3.6513  2.8549  1.8743  1.3713  0.9280  0.2683 -0.2028 -0.2709  1.5383  2.1454
 196  1.748284  3.6968  3.1514  1.2697  3.6209  2.8142  1.8278  1.3219  0.8762  0.2121 -0.2627 -0.3312  1.4895  2.1012
 197  1.748539  3.6956  3.1260  1.2906  3.5893  2.7729  1.7810  1.2723  0.8243  0.1560 -0.3222 -0.3912  1.4405  2.0565
 198  1.748794  3.6944  3.1004  1.3113  3.5593  2.7326  1.7348  1.2233  0.7727  0.1001 -0.3819 -0.4513  1.3920  2.0127
 199  1.749049  3.6932  3.0750  1.3321  3.5284  2.6917  1.6883  1.1740  0.7211  0.0442 -0.4414 -0.5112  1.3432  1.9684
 200  1.749303  3.6921  3.0496  1.3529  3.4976  2.6509  1.6419  1.1248  0.6695 -0.0116 -0.5008 -0.5710  1.2945  1.9242
 201  1.749558  3.6909  3.0242  1.3736  3.4673  2.6102  1.5957  1.0757  0.6180 -0.0674 -0.5600 -0.6307  1.2459  1.8802
 202  1.749813  3.6897  2.9989  1.3943  3.4379  2.5697  1.5495  1.0267  0.5666 -0.1230 -0.6190 -0.6903  1.1974  1.8363
 203  1.750068  3.6885  2.9735  1.4150  3.4108  2.5300  1.5038  0.9781  0.5155 -0.1787 -0.6781 -0.7502  1.1493  1.7929
 204  1.750323  3.6873  2.9481  1.4356  3.3844  2.4906  1.4582  0.9296  0.4645 -0.2343 -0.7371 -0.8100  1.1013  1.7499
 205  1.750580  3.6861  2.9229  1.4561  3.3586  2.4514  1.4129  0.8813  0.4137 -0.2897 -0.7958 -0.8697  1.0536  1.7070
 206  1.750837  3.6849  2.8977  1.4766  3.3333  2.4125  1.3678  0.8333  0.3631 -0.3450 -0.8543 -0.9291  1.0060  1.6645
 207  1.751094  3.6837  2.8726  1.4970  3.3084  2.3738  1.3229  0.7854  0.3127 -0.4000 -0.9127 -0.9884  0.9586  1.6221
 208  1.751352  3.6826  2.8476  1.5174  3.2836  2.3351  1.2781  0.7376  0.2624 -0.4549 -0.9707 -1.0475  0.9114  1.5798
 209  1.751610  3.6814  2.8226  1.5377  3.2593  2.2967  1.2335  0.6900  0.2123 -0.5096 -1.0286 -1.1064  0.8643  1.5377
 210  1.751869  3.6802  2.7976  1.5580  3.2357  2.2588  1.1893  0.6427  0.1624 -0.5642 -1.0865 -1.1652  0.8175  1.4962
 211  1.752126  3.6790  2.7726  1.5783  3.2123  2.2209  1.1450  0.5954  0.1125 -0.6188 -1.1444 -1.2242  0.7706  1.4548
 212  1.752384  3.6778  2.7476  1.5985  3.1890  2.1831  1.1009  0.5481  0.0626 -0.6734 -1.2023 -1.2830  0.7239  1.4135
 213  1.752640  3.6766  2.7226  1.6188  3.1664  2.1455  1.0569  0.5009  0.0128 -0.7280 -1.2602 -1.3421  0.6772  1.3723
 214  1.752897  3.6754  2.6975  1.6391  3.1444  2.1083  1.0131  0.4539 -0.0369 -0.7826 -1.3182 -1.4011  0.6307  1.3316
 215  1.753153  3.6741  2.6723  1.6594  3.1227  2.0712  0.9694  0.4069 -0.0867 -0.8373 -1.3762 -1.4602  0.5842  1.2909
 216  1.753408  3.6729  2.6471  1.6797  3.1014  2.0342  0.9258  0.3600 -0.1365 -0.8920 -1.4343 -1.5195  0.5377  1.2503
 217  1.753460  3.6726  2.6419  1.6839  3.0970  2.0265  0.9168  0.3503 -0.1467 -0.9033 -1.4463 -1.5317  0.5281  1.2419
 218  1.753513  3.6724  2.6367  1.6880  3.0924  2.0188  0.9077  0.3406 -0.1570 -0.9145 -1.4582 -1.5438  0.5185  1.2335
 219  1.753566  3.6721  2.6316  1.6922  3.0884  2.0114  0.8990  0.3311 -0.1671 -0.9257 -1.4701 -1.5559  0.5091  1.2254
 220  1.753618  3.6719  2.6263  1.6964  3.0839  2.0037  0.8899  0.3213 -0.1774 -0.9370 -1.4821 -1.5682  0.4994  1.2169
 221  1.753670  3.6716  2.6211  1.7006  3.0795  1.9960  0.8809  0.3117 -0.1877 -0.9483 -1.4941 -1.5804  0.4899  1.2086
 222  1.753722  3.6713  2.6159  1.7048  3.0752  1.9884  0.8719  0.3019 -0.1980 -0.9597 -1.5062 -1.5928  0.4802  1.2002
 223  1.753775  3.6711  2.6107  1.7089  3.0709  1.9809  0.8631  0.2924 -0.2081 -0.9708 -1.5179 -1.6047  0.4708  1.1921
 224  1.753828  3.6708  2.6056  1.7131  3.0667  1.9734  0.8542  0.2828 -0.2183 -0.9820 -1.5298 -1.6169  0.4613  1.1838
 225  1.753880  3.6706  2.6003  1.7173  3.0625  1.9658  0.8452  0.2731 -0.2286 -0.9933 -1.5419 -1.6292  0.4517  1.1755
 226  1.753932  3.6703  2.5951  1.7215  3.0581  1.9581  0.8362  0.2635 -0.2388 -1.0046 -1.5539 -1.6414  0.4422  1.1672
 227  1.754427  3.6678  2.5455  1.7612  3.0186  1.8865  0.7517  0.1723 -0.3358 -1.1116 -1.6674 -1.7573  0.3518  1.0891
 228  1.754926  3.6653  2.4956  1.8012  2.9805  1.8153  0.6673  0.0809 -0.4331 -1.2191 -1.7817 -1.8740  0.2613  1.0113
 229  1.755423  3.6627  2.4454  1.8410  2.9462  1.7462  0.5844 -0.0094 -0.5298 -1.3265 -1.8963 -1.9912  0.1719  0.9357
 230  1.755866  3.6603  2.4008  1.8762  2.9178  1.6860  0.5116 -0.0890 -0.6151 -1.4215 -1.9981 -2.0952  0.0931  0.8700
 231  1.756321  3.6579  2.3557  1.9119  2.8903  1.6259  0.4385 -0.1692 -0.7014 -1.5177 -2.1013 -2.2008  0.0137  0.8042
 232  1.756735  3.6558  2.3152  1.9438  2.8669  1.5729  0.3737 -0.2406 -0.7783 -1.6037 -2.1937 -2.2954 -0.0570  0.7462
 233  1.757159  3.6537  2.2760  1.9747  2.8451  1.5221  0.3114 -0.3094 -0.8526 -1.6869 -2.2831 -2.3870 -0.1252  0.6906
 234  1.757573  3.6519  2.2424  2.0012  2.8268  1.4788  0.2582 -0.3682 -0.9162 -1.7581 -2.3597 -2.4656 -0.1834  0.6434
 235  1.757968  3.6506  2.2202  2.0187  2.8151  1.4505  0.2232 -0.4069 -0.9582 -1.8053 -2.4105 -2.5176 -0.2218  0.6125
 236  1.758386  3.6507  2.2217  2.0177  2.8151  1.4519  0.2251 -0.4047 -0.9557 -1.8024 -2.4073 -2.5143 -0.2196  0.6140
 237  1.758824  3.6547  2.2916  1.9639  2.8447  1.5359  0.3309 -0.2865 -0.8269 -1.6568 -2.2498 -2.3526 -0.1026  0.7064
 238  1.759403  3.6650  2.4820  1.8147  2.9538  1.7846  0.6349  0.0480 -0.4667 -1.2539 -1.8170 -1.9097  0.2284  0.9792
 239  1.760361  3.6645  2.4670  1.8279  2.9339  1.7575  0.6050  0.0167 -0.4992 -1.2885 -1.8530 -1.9461  0.1973  0.9505
 240  1.761433  3.6609  2.3964  1.8845  2.8831  1.6584  0.4868 -0.1118 -0.6365 -1.4405 -2.0150 -2.1117  0.0700  0.8423
 241  1.762394  3.6562  2.3080  1.9541  2.8326  1.5427  0.3452 -0.2677 -0.8044 -1.6283 -2.2168 -2.3182 -0.0843  0.7155
 242  1.763242  3.6519  2.2283  2.0170  2.7875  1.4389  0.2180 -0.4079 -0.9558 -1.7976 -2.3986 -2.5046 -0.2232  0.6019
 243  1.763975  3.6474  2.1499  2.0777  2.7555  1.3450  0.0996 -0.5405 -1.1008 -1.9616 -2.5760 -2.6869 -0.3546  0.4990
 244  1.764621  3.6436  2.0809  2.1314  2.7257  1.2615 -0.0048 -0.6573 -1.2288 -2.1061 -2.7320 -2.8473 -0.4706  0.4081
 245  1.765192  3.6400  2.0160  2.1819  2.6999  1.1845 -0.1018 -0.7662 -1.3488 -2.2419 -2.8786 -2.9984 -0.5789  0.3241
 246  1.765709  3.6363  1.9529  2.2306  2.6792  1.1128 -0.1932 -0.8695 -1.4639 -2.3728 -3.0203 -3.1446 -0.6818  0.2460
 247  1.766171  3.6328  1.8928  2.2768  2.6619  1.0463 -0.2784 -0.9660 -1.5728 -2.4971 -3.1548 -3.2837 -0.7785  0.1738
 248  1.766587  3.6294  1.8350  2.3210  2.6471  0.9838 -0.3587 -1.0572 -1.6767 -2.6162 -3.2836 -3.4172 -0.8700  0.1062
 249  1.766963  3.6261  1.7790  2.3638  2.6339  0.9248 -0.4348 -1.1439 -1.7768 -2.7314 -3.4081 -3.5465 -0.9575  0.0422
 250  1.767306  3.6228  1.7240  2.4058  2.6211  0.8680 -0.5080 -1.2275 -1.8746 -2.8442 -3.5300 -3.6733 -1.0422 -0.0195
 251  1.767618  3.6195  1.6703  2.4465  2.6093  0.8140 -0.5775 -1.3071 -1.9692 -2.9538 -3.6488 -3.7967 -1.1234 -0.0780
 252  1.767904  3.6164  1.6181  2.4862  2.5978  0.7627 -0.6437 -1.3831 -2.0610 -3.0606 -3.7646 -3.9171 -1.2013 -0.1338
 253  1.768167  3.6133  1.5672  2.5247  2.5865  0.7140 -0.7063 -1.4551 -2.1500 -3.1644 -3.8774 -4.0343 -1.2758 -0.1868
 254  1.768406  3.6103  1.5179  2.5620  2.5749  0.6679 -0.7655 -1.5234 -2.2357 -3.2648 -3.9866 -4.1479 -1.3468 -0.2376
 255  1.768628  3.6072  1.4693  2.5986  2.5644  0.6247 -0.8213 -1.5881 -2.3194 -3.3634 -4.0939 -4.2596 -1.4149 -0.2858
 256  1.768830  3.6043  1.4222  2.6339  2.5550  0.5850 -0.8728 -1.6482 -2.3997 -3.4587 -4.1978 -4.3679 -1.4790 -0.3304
 257  1.769018  3.6014  1.3762  2.6683  2.5460  0.5479 -0.9209 -1.7046 -2.4778 -3.5520 -4.2994 -4.4739 -1.5400 -0.3723
 258  1.769192  3.5985  1.3311  2.7020  2.5372  0.5134 -0.9658 -1.7574 -2.5539 -3.6435 -4.3988 -4.5777 -1.5981 -0.4115
 259  1.769353  3.5957  1.2873  2.7348  2.5275  0.4811 -1.0078 -1.8072 -2.6276 -3.7323 -4.4955 -4.6787 -1.6536 -0.4489
 260  1.769503  3.5930  1.2442  2.7669  2.5170  0.4510 -1.0470 -1.8542 -2.6991 -3.8193 -4.5903 -4.7777 -1.7067 -0.4843
 261  1.769642  3.5903  1.2023  2.7981  2.5049  0.4228 -1.0840 -1.8988 -2.7685 -3.9038 -4.6825 -4.8741 -1.7577 -0.5184
 262  1.769771  3.5877  1.1614  2.8285  2.4918  0.3967 -1.1184 -1.9406 -2.8355 -3.9859 -4.7722 -4.9680 -1.8062 -0.5508
 263  1.769892  3.5851  1.1213  2.8583  2.4787  0.3729 -1.1495 -1.9790 -2.9007 -4.0664 -4.8601 -5.0600 -1.8521 -0.5808
 264  1.770005  3.5825  1.0821  2.8873  2.4657  0.3516 -1.1771 -2.0139 -2.9637 -4.1451 -4.9458 -5.1497 -1.8953 -0.6084
 265  1.770111  3.5800  1.0436  2.9157  2.4531  0.3326 -1.2011 -2.0453 -3.0250 -4.2224 -5.0299 -5.2378 -1.9359 -0.6336
 266  1.770211  3.5775  1.0061  2.9434  2.4408  0.3154 -1.2223 -2.0736 -3.0844 -4.2977 -5.1116 -5.3235 -1.9741 -0.6571
 267  1.770304  3.5751  0.9693  2.9704  2.4290  0.3009 -1.2400 -2.0986 -3.1418 -4.3716 -5.1916 -5.4075 -2.0097 -0.6784
 268  1.770392  3.5726  0.9328  2.9970  2.4175  0.2895 -1.2537 -2.1202 -3.1975 -4.4443 -5.2705 -5.4903 -2.0428 -0.6971
 269  1.770475  3.5702  0.8971  3.0231  2.4061  0.2809 -1.2637 -2.1385 -3.2511 -4.5157 -5.3478 -5.5714 -2.0735 -0.7134
 270  1.770552  3.5679  0.8625  3.0483  2.3949  0.2753 -1.2695 -2.1531 -3.3023 -4.5848 -5.4228 -5.6502 -2.1013 -0.7271
 271  1.770764  3.5655  0.8286  3.0731  2.3836  0.2727 -1.2712 -2.1636 -3.3519 -4.6528 -5.4966 -5.7276 -2.1264 -0.7385
 272  1.770834  3.5632  0.7951  3.0973  2.3728  0.2734 -1.2685 -2.1707 -3.3994 -4.7195 -5.5691 -5.8036 -2.1488 -0.7470
 273  1.770901  3.5610  0.7623  3.1210  2.3625  0.2774 -1.2612 -2.1742 -3.4446 -4.7849 -5.6402 -5.8782 -2.1686 -0.7524
 274  1.770964  3.5587  0.7304  3.1441  2.3526  0.2843 -1.2500 -2.1748 -3.4871 -4.8487 -5.7095 -5.9509 -2.1860 -0.7552
 275  1.771024  3.5566  0.6991  3.1666  2.3434  0.2948 -1.2340 -2.1718 -3.5270 -4.9110 -5.7771 -6.0218 -2.2005 -0.7547
 276  1.771081  3.5544  0.6688  3.1885  2.3374  0.3085 -1.2154 -2.1676 -3.5642 -4.9715 -5.8428 -6.0908 -2.2134 -0.7527
 277  1.771135  3.5524  0.6399  3.2092  2.3319  0.3249 -1.1930 -2.1604 -3.5979 -5.0290 -5.9052 -6.1564 -2.2235 -0.7479