#NUMBER OF AGES=1 MAGS=10
#----------------------------------------------------       
#MIX-LEN  Y      Z          Zeff        [Fe/H] [a/Fe]
# 1.9380  0.2826 2.3222E-02 5.2928E-03  0.00   0.00
#----------------------------------------------------       
#AGE=15.000 EEPS=265
#EEP   M/Mo    LogTeff  LogG   LogL/Lo U       B       V       R       I       J       H       Ks      Kp      D51     
  15  0.106171  3.5110  5.2239 -2.7628 16.7660 15.2531 13.6610 12.5732 11.1548  9.7654  9.2222  8.9832 12.5402 14.3227
  16  0.119374  3.5120  5.1804 -2.6640 16.4623 14.9774 13.3977 12.3156 10.9060  9.5211  8.9782  8.7390 12.2859 14.0516
  17  0.130706  3.5129  5.1458 -2.5866 16.2241 14.7608 13.1911 12.1134 10.7109  9.3296  8.7870  8.5476 12.0864 13.8387
  18  0.140457  3.5138  5.1186 -2.5247 16.0308 14.5852 13.0238 11.9503 10.5544  9.1769  8.6343  8.3950 11.9257 13.6664
  19  0.149497  3.5147  5.0958 -2.4710 15.8598 14.4297 12.8761 11.8069 10.4181  9.0451  8.5022  8.2632 11.7850 13.5144
  20  0.159093  3.5159  5.0744 -2.4177 15.6843 14.2703 12.7252 11.6615 10.2817  8.9148  8.3715  8.1330 11.6430 13.3592
  21  0.169646  3.5176  5.0541 -2.3629 15.4984 14.1012 12.5657 11.5089 10.1406  8.7819  8.2377  8.0000 11.4947 13.1952
  22  0.180528  3.5194  5.0360 -2.3103 15.3159 13.9347 12.4091 11.3598 10.0042  8.6552  8.1098  7.8732 11.3504 13.0343
  23  0.191280  3.5214  5.0204 -2.2620 15.1463 13.7795 12.2631 11.2214  9.8784  8.5392  7.9924  7.7570 11.2167 12.8847
  24  0.201035  3.5230  5.0075 -2.2208 15.0024 13.6471 12.1385 11.1032  9.7712  8.4403  7.8922  7.6578 11.1025 12.7572
  25  0.209681  3.5244  4.9972 -2.1866 14.8842 13.5376 12.0354 11.0054  9.6822  8.3584  7.8090  7.5755 11.0079 12.6518
  26  0.217661  3.5257  4.9886 -2.1566 14.7807 13.4411 11.9445 10.9192  9.6040  8.2866  7.7359  7.5032 10.9246 12.5590
  27  0.225569  3.5270  4.9804 -2.1278 14.6811 13.3481 11.8569 10.8363  9.5289  8.2178  7.6657  7.4340 10.8445 12.4697
  28  0.233860  3.5284  4.9722 -2.0983 14.5790 13.2524 11.7669 10.7511  9.4521  8.1477  7.5940  7.3632 10.7622 12.3780
  29  0.242747  3.5299  4.9634 -2.0672 14.4710 13.1510 11.6714 10.6608  9.3709  8.0739  7.5183  7.2886 10.6752 12.2808
  30  0.252268  3.5316  4.9537 -2.0340 14.3552 13.0420 11.5689 10.5641  9.2843  7.9953  7.4377  7.2090 10.5821 12.1767
  31  0.260438  3.5331  4.9456 -2.0061 14.2574 12.9497 11.4821 10.4822  9.2113  7.9293  7.3698  7.1420 10.5033 12.0884
  32  0.266601  3.5343  4.9394 -1.9851 14.1838 12.8800 11.4165 10.4205  9.1566  7.8799  7.3188  7.0917 10.4440 12.0219
  33  0.271362  3.5352  4.9345 -1.9687 14.1262 12.8253 11.3651 10.3721  9.1137  7.8414  7.2790  7.0525 10.3975 11.9698
  34  0.275277  3.5360  4.9302 -1.9550 14.0776 12.7791 11.3217 10.3313  9.0778  7.8092  7.2456  7.0196 10.3584 11.9259
  35  0.278826  3.5368  4.9262 -1.9422 14.0325 12.7362 11.2815 10.2935  9.0445  7.7794  7.2148  6.9891 10.3221 11.8851
  36  0.282320  3.5376  4.9220 -1.9294 13.9873 12.6932 11.2411 10.2555  9.0111  7.7495  7.1838  6.9586 10.2857 11.8442
  37  0.285932  3.5384  4.9174 -1.9160 13.9400 12.6481 11.1986 10.2156  8.9760  7.7182  7.1512  6.9265 10.2475 11.8012
  38  0.289797  3.5393  4.9121 -1.9014 13.8890 12.5993 11.1528 10.1724  8.9379  7.6841  7.1158  6.8915 10.2060 11.7549
  39  0.293934  3.5403  4.9063 -1.8855 13.8338 12.5464 11.1030 10.1255  8.8965  7.6469  7.0772  6.8534 10.1610 11.7045
  40  0.298513  3.5414  4.8995 -1.8677 13.7721 12.4873 11.0472 10.0729  8.8500  7.6053  7.0338  6.8106 10.1105 11.6482
  41  0.308395  3.5438  4.8858 -1.8302 13.6420 12.3616 10.9286  9.9612  8.7521  7.5182  6.9430  6.7210 10.0034 11.5288
  42  0.332051  3.5511  4.8540 -1.7372 13.3124 12.0388 10.6227  9.6736  8.5052  7.3066  6.7204  6.5017  9.7297 11.2239
  43  0.355301  3.5595  4.8230 -1.6432 12.9794 11.7045 10.3027  9.3737  8.2564  7.0963  6.4975  6.2832  9.4468 10.9080
  44  0.366615  3.5639  4.8069 -1.5957 12.8132 11.5344 10.1383  9.2201  8.1326  6.9907  6.3850  6.1737  9.3029 10.7466
  45  0.376423  3.5680  4.7926 -1.5536 12.6664 11.3822  9.9905  9.0821  8.0231  6.8977  6.2856  6.0774  9.1741 10.6022
  46  0.385424  3.5720  4.7796 -1.5143 12.5303 11.2395  9.8514  8.9520  7.9206  6.8114  6.1932  5.9885  9.0528 10.4672
  47  0.394085  3.5760  4.7671 -1.4762 12.3983 11.0998  9.7148  8.8241  7.8210  6.7281  6.1038  5.9031  8.9338 10.3351
  48  0.402509  3.5801  4.7553 -1.4388 12.2690 10.9619  9.5796  8.6975  7.7237  6.6472  6.0167  5.8206  8.8163 10.2050
  49  0.410521  3.5842  4.7443 -1.4030 12.1425 10.8270  9.4468  8.5732  7.6302  6.5703  5.9336  5.7426  8.7013 10.0775
  50  0.417978  3.5881  4.7342 -1.3691 12.0229 10.6984  9.3206  8.4552  7.5420  6.4980  5.8555  5.6698  8.5921  9.9569
  51  0.425158  3.5921  4.7246 -1.3362 11.9082 10.5729  9.1988  8.3415  7.4563  6.4274  5.7794  5.5996  8.4864  9.8411
  52  0.430195  3.5950  4.7180 -1.3128 11.8289 10.4840  9.1140  8.2629  7.3956  6.3766  5.7249  5.5498  8.4125  9.7614
  53  0.435288  3.5981  4.7115 -1.2891 11.7487 10.3933  9.0282  8.1834  7.3340  6.3251  5.6697  5.4997  8.3376  9.6808
  54  0.440479  3.6012  4.7050 -1.2649 11.6660 10.2997  8.9401  8.1021  7.2710  6.2724  5.6137  5.4490  8.2608  9.5981
  55  0.445756  3.6045  4.6985 -1.2403 11.5785 10.2028  8.8485  8.0175  7.2071  6.2196  5.5577  5.3984  8.1812  9.5111
  56  0.451134  3.6079  4.6922 -1.2151 11.4863 10.1020  8.7532  7.9296  7.1419  6.1661  5.5015  5.3476  8.0988  9.4201
  57  0.456544  3.6115  4.6862 -1.1895 11.3907  9.9980  8.6554  7.8398  7.0758  6.1122  5.4454  5.2971  8.0144  9.3262
  58  0.461925  3.6151  4.6803 -1.1640 11.2961  9.8941  8.5587  7.7513  7.0098  6.0580  5.3894  5.2468  7.9308  9.2334
  59  0.467266  3.6189  4.6748 -1.1384 11.2008  9.7893  8.4624  7.6635  6.9438  6.0034  5.3339  5.1970  7.8474  9.1406
  60  0.472540  3.6228  4.6698 -1.1129 11.1017  9.6822  8.3653  7.5758  6.8778  5.9494  5.2799  5.1488  7.7636  9.0460
  61  0.477706  3.6266  4.6647 -1.0879 10.9995  9.5752  8.2698  7.4900  6.8130  5.8968  5.2286  5.1030  7.6813  8.9507
  62  0.482757  3.6305  4.6602 -1.0632 10.8913  9.4660  8.1737  7.4046  6.7487  5.8454  5.1798  5.0597  7.5989  8.8526
  63  0.487666  3.6342  4.6557 -1.0392 10.7807  9.3595  8.0808  7.3224  6.6861  5.7956  5.1337  5.0186  7.5191  8.7551
  64  0.492423  3.6380  4.6515 -1.0158 10.6648  9.2544  7.9896  7.2422  6.6247  5.7474  5.0905  4.9799  7.4409  8.6564
  65  0.497026  3.6416  4.6473 -0.9931 10.5477  9.1522  7.9018  7.1655  6.5651  5.7007  5.0499  4.9434  7.3655  8.5589
  66  0.501454  3.6451  4.6433 -0.9711 10.4304  9.0528  7.8172  7.0921  6.5071  5.6556  5.0118  4.9090  7.2929  8.4631
  67  0.505662  3.6487  4.6398 -0.9499 10.3115  8.9550  7.7351  7.0215  6.4508  5.6124  4.9767  4.8774  7.2226  8.3679
  68  0.509657  3.6519  4.6360 -0.9298 10.1969  8.8631  7.6583  6.9558  6.3972  5.5711  4.9436  4.8474  7.1566  8.2773
  69  0.513462  3.6552  4.6329 -0.9102 10.0792  8.7720  7.5830  6.8921  6.3452  5.5315  4.9126  4.8196  7.0923  8.1861
  70  0.517092  3.6583  4.6295 -0.8915  9.9666  8.6865  7.5124  6.8327  6.2957  5.4937  4.8828  4.7928  7.0320  8.0994
  71  0.520568  3.6613  4.6265 -0.8733  9.8532  8.6021  7.4433  6.7750  6.2475  5.4571  4.8549  4.7678  6.9731  8.0132
  72  0.523907  3.6642  4.6233 -0.8559  9.7463  8.5228  7.3782  6.7206  6.2014  5.4219  4.8280  4.7434  6.9174  7.9320
  73  0.527136  3.6671  4.6204 -0.8388  9.6402  8.4446  7.3145  6.6676  6.1562  5.3876  4.8026  4.7202  6.8629  7.8517
  74  0.530265  3.6698  4.6171 -0.8222  9.5395  8.3705  7.2539  6.6171  6.1126  5.3543  4.7777  4.6973  6.8108  7.7755
  75  0.533320  3.6725  4.6141 -0.8060  9.4392  8.2976  7.1943  6.5676  6.0698  5.3217  4.7537  4.6753  6.7597  7.7000
  76  0.536311  3.6750  4.6108 -0.7901  9.3426  8.2278  7.1370  6.5198  6.0282  5.2898  4.7300  4.6533  6.7103  7.6273
  77  0.539256  3.6775  4.6076 -0.7744  9.2477  8.1596  7.0809  6.4730  5.9874  5.2584  4.7067  4.6317  6.6620  7.5561
  78  0.542163  3.6800  4.6042 -0.7589  9.1545  8.0928  7.0259  6.4271  5.9471  5.2274  4.6837  4.6102  6.6145  7.4863
  79  0.545050  3.6824  4.6008 -0.7435  9.0633  8.0276  6.9721  6.3822  5.9076  5.1967  4.6606  4.5887  6.5679  7.4183
  80  0.547934  3.6847  4.5971 -0.7283  8.9737  7.9635  6.9191  6.3378  5.8684  5.1661  4.6374  4.5669  6.5219  7.3516
  81  0.550816  3.6870  4.5934 -0.7131  8.8858  7.9005  6.8669  6.2939  5.8296  5.1357  4.6141  4.5450  6.4765  7.2861
  82  0.554457  3.6899  4.5885 -0.6939  8.7772  7.8220  6.8017  6.2391  5.7808  5.0972  4.5846  4.5171  6.4196  7.2047
  83  0.558102  3.6927  4.5834 -0.6747  8.6738  7.7451  6.7374  6.1847  5.7322  5.0584  4.5546  4.4887  6.3632  7.1251
  84  0.561747  3.6954  4.5781 -0.6556  8.5731  7.6695  6.6741  6.1308  5.6838  5.0196  4.5243  4.4598  6.3074  7.0471
  85  0.565382  3.6981  4.5727 -0.6365  8.4734  7.5949  6.6114  6.0773  5.6356  4.9808  4.4939  4.4308  6.2520  6.9707
  86  0.568995  3.7008  4.5670 -0.6174  8.3727  7.5214  6.5498  6.0245  5.5881  4.9425  4.4635  4.4018  6.1974  6.8961
  87  0.572583  3.7033  4.5611 -0.5985  8.2718  7.4489  6.4891  5.9722  5.5410  4.9044  4.4330  4.3727  6.1433  6.8231
  88  0.576136  3.7058  4.5550 -0.5797  8.1724  7.3779  6.4296  5.9208  5.4944  4.8666  4.4025  4.3435  6.0901  6.7522
  89  0.579636  3.7083  4.5488 -0.5612  8.0752  7.3083  6.3712  5.8702  5.4486  4.8292  4.3721  4.3144  6.0377  6.6833
  90  0.583077  3.7106  4.5424 -0.5428  7.9812  7.2406  6.3143  5.8205  5.4033  4.7920  4.3416  4.2850  5.9864  6.6167
  91  0.586448  3.7129  4.5358 -0.5246  7.8897  7.1744  6.2587  5.7718  5.3588  4.7551  4.3112  4.2557  5.9361  6.5521
  92  0.589735  3.7151  4.5292 -0.5068  7.8008  7.1100  6.2045  5.7241  5.3151  4.7187  4.2810  4.2266  5.8869  6.4896
  93  0.592940  3.7172  4.5224 -0.4892  7.7148  7.0474  6.1517  5.6775  5.2723  4.6829  4.2509  4.1976  5.8388  6.4292
  94  0.596058  3.7192  4.5155 -0.4720  7.6317  6.9865  6.1003  5.6319  5.2303  4.6476  4.2211  4.1689  5.7918  6.3708
  95  0.599077  3.7211  4.5085 -0.4551  7.5515  6.9275  6.0505  5.5875  5.1893  4.6128  4.1916  4.1403  5.7461  6.3145
  96  0.601996  3.7230  4.5014 -0.4385  7.4739  6.8703  6.0020  5.5441  5.1491  4.5786  4.1624  4.1120  5.7014  6.2602
  97  0.604831  3.7248  4.4943 -0.4223  7.3983  6.8148  5.9548  5.5016  5.1096  4.5450  4.1338  4.0840  5.6577  6.2074
  98  0.607589  3.7265  4.4870 -0.4063  7.3253  6.7611  5.9089  5.4600  5.0707  4.5118  4.1054  4.0559  5.6150  6.1565
  99  0.610272  3.7281  4.4797 -0.3906  7.2544  6.7088  5.8642  5.4192  5.0325  4.4791  4.0773  4.0280  5.5732  6.1070
 100  0.612879  3.7296  4.4724 -0.3751  7.1857  6.6579  5.8204  5.3793  4.9950  4.4468  4.0494  4.0004  5.5323  6.0589
 101  0.615419  3.7311  4.4649 -0.3599  7.1195  6.6083  5.7777  5.3402  4.9582  4.4149  4.0216  3.9728  5.4923  6.0121
 102  0.617894  3.7325  4.4573 -0.3450  7.0552  6.5597  5.7359  5.3018  4.9221  4.3834  3.9940  3.9455  5.4530  5.9665
 103  0.620309  3.7339  4.4497 -0.3303  6.9933  6.5122  5.6949  5.2642  4.8867  4.3523  3.9663  3.9184  5.4144  5.9221
 104  0.622667  3.7352  4.4421 -0.3158  6.9335  6.4658  5.6548  5.2273  4.8519  4.3214  3.9388  3.8913  5.3767  5.8787
 105  0.624975  3.7364  4.4343 -0.3016  6.8756  6.4204  5.6155  5.1910  4.8176  4.2909  3.9113  3.8644  5.3396  5.8364
 106  0.627237  3.7375  4.4265 -0.2876  6.8195  6.3761  5.5770  5.1554  4.7838  4.2607  3.8839  3.8376  5.3031  5.7950
 107  0.629462  3.7386  4.4186 -0.2737  6.7651  6.3328  5.5393  5.1203  4.7505  4.2308  3.8567  3.8108  5.2673  5.7546
 108  0.631652  3.7397  4.4107 -0.2601  6.7122  6.2905  5.5022  5.0858  4.7177  4.2011  3.8296  3.7842  5.2320  5.7150
 109  0.633810  3.7407  4.4026 -0.2466  6.6609  6.2490  5.4658  5.0519  4.6854  4.1717  3.8025  3.7576  5.1973  5.6763
 110  0.635939  3.7416  4.3945 -0.2333  6.6114  6.2087  5.4301  5.0184  4.6534  4.1424  3.7755  3.7310  5.1632  5.6385
 111  0.637987  3.7425  4.3864 -0.2202  6.5628  6.1690  5.3949  4.9855  4.6219  4.1137  3.7489  3.7048  5.1297  5.6013
 112  0.638961  3.7430  4.3826 -0.2138  6.5387  6.1494  5.3777  4.9694  4.6065  4.0997  3.7361  3.6922  5.1132  5.5830
 113  0.639936  3.7434  4.3786 -0.2073  6.5145  6.1297  5.3603  4.9531  4.5910  4.0855  3.7230  3.6792  5.0966  5.5646
 114  0.640912  3.7439  4.3745 -0.2008  6.4904  6.1099  5.3428  4.9366  4.5752  4.0710  3.7096  3.6660  5.0798  5.5461
 115  0.641888  3.7443  4.3702 -0.1941  6.4661  6.0900  5.3250  4.9199  4.5592  4.0563  3.6960  3.6526  5.0628  5.5274
 116  0.642863  3.7447  4.3658 -0.1874  6.4419  6.0699  5.3071  4.9030  4.5429  4.0413  3.6820  3.6388  5.0456  5.5085
 117  0.643837  3.7451  4.3612 -0.1806  6.4179  6.0497  5.2890  4.8858  4.5264  4.0259  3.6676  3.6245  5.0281  5.4895
 118  0.644810  3.7455  4.3566 -0.1736  6.3938  6.0294  5.2707  4.8685  4.5097  4.0104  3.6529  3.6100  5.0105  5.4703
 119  0.645783  3.7459  4.3516 -0.1666  6.3700  6.0091  5.2523  4.8509  4.4927  3.9944  3.6379  3.5951  4.9927  5.4511
 120  0.646754  3.7463  4.3466 -0.1595  6.3460  5.9886  5.2337  4.8332  4.4755  3.9783  3.6226  3.5800  4.9747  5.4317
 121  0.647724  3.7466  4.3415 -0.1524  6.3220  5.9681  5.2149  4.8153  4.4582  3.9619  3.6070  3.5646  4.9565  5.4121
 122  0.648694  3.7469  4.3362 -0.1451  6.2981  5.9474  5.1960  4.7972  4.4406  3.9453  3.5912  3.5489  4.9382  5.3924
 123  0.649651  3.7473  4.3310 -0.1377  6.2728  5.9259  5.1765  4.7786  4.4227  3.9285  3.5754  3.5332  4.9194  5.3721
 124  0.650614  3.7477  4.3257 -0.1303  6.2480  5.9046  5.1571  4.7601  4.4047  3.9116  3.5593  3.5173  4.9006  5.3519
 125  0.651579  3.7481  4.3204 -0.1229  6.2232  5.8833  5.1377  4.7415  4.3867  3.8946  3.5432  3.5013  4.8817  5.3317
 126  0.652544  3.7484  4.3149 -0.1154  6.1986  5.8620  5.1182  4.7228  4.3685  3.8774  3.5267  3.4850  4.8627  5.3114
 127  0.653508  3.7487  4.3093 -0.1078  6.1740  5.8407  5.0986  4.7040  4.3501  3.8600  3.5102  3.4685  4.8437  5.2911
 128  0.654471  3.7490  4.3036 -0.1002  6.1496  5.8194  5.0789  4.6850  4.3317  3.8424  3.4933  3.4518  4.8245  5.2707
 129  0.655433  3.7493  4.2977 -0.0926  6.1256  5.7982  5.0592  4.6660  4.3130  3.8246  3.4761  3.4346  4.8053  5.2504
 130  0.656391  3.7496  4.2916 -0.0849  6.1018  5.7771  5.0394  4.6468  4.2942  3.8065  3.4586  3.4172  4.7859  5.2300
 131  0.657346  3.7498  4.2854 -0.0771  6.0782  5.7559  5.0195  4.6274  4.2752  3.7881  3.4408  3.3995  4.7663  5.2095
 132  0.658297  3.7500  4.2790 -0.0693  6.0549  5.7347  4.9995  4.6079  4.2560  3.7695  3.4227  3.3815  4.7467  5.1890
 133  0.659244  3.7502  4.2725 -0.0614  6.0318  5.7136  4.9794  4.5883  4.2366  3.7506  3.4042  3.3631  4.7269  5.1684
 134  0.660185  3.7503  4.2658 -0.0535  6.0088  5.6924  4.9592  4.5685  4.2171  3.7315  3.3855  3.3444  4.7070  5.1478
 135  0.661121  3.7505  4.2589 -0.0455  5.9862  5.6714  4.9389  4.5486  4.1973  3.7121  3.3664  3.3254  4.6869  5.1271
 136  0.662050  3.7506  4.2519 -0.0374  5.9638  5.6503  4.9185  4.5285  4.1774  3.6925  3.3471  3.3060  4.6668  5.1064
 137  0.662972  3.7506  4.2447 -0.0293  5.9417  5.6292  4.8980  4.5083  4.1573  3.6725  3.3273  3.2863  4.6464  5.0856
 138  0.663887  3.7507  4.2372 -0.0211  5.9201  5.6083  4.8775  4.4879  4.1370  3.6523  3.3072  3.2661  4.6260  5.0648
 139  0.664794  3.7507  4.2297 -0.0129  5.8983  5.5872  4.8568  4.4674  4.1165  3.6319  3.2868  3.2458  4.6054  5.0439
 140  0.665693  3.7507  4.2219 -0.0046  5.8774  5.5664  4.8361  4.4468  4.0958  3.6110  3.2660  3.2250  4.5848  5.0231
 141  0.666582  3.7506  4.2138  0.0038  5.8570  5.5458  4.8154  4.4260  4.0749  3.5899  3.2447  3.2036  4.5640  5.0022
 142  0.667461  3.7505  4.2055  0.0122  5.8371  5.5252  4.7946  4.4051  4.0538  3.5684  3.2230  3.1819  4.5431  4.9814
 143  0.668330  3.7504  4.1972  0.0207  5.8168  5.5044  4.7736  4.3840  4.0326  3.5469  3.2013  3.1602  4.5221  4.9604
 144  0.669190  3.7502  4.1883  0.0292  5.7986  5.4845  4.7528  4.3629  4.0112  3.5246  3.1786  3.1373  4.5011  4.9399
 145  0.670039  3.7499  4.1793  0.0377  5.7806  5.4645  4.7320  4.3417  3.9895  3.5022  3.1556  3.1143  4.4800  4.9192
 146  0.670875  3.7496  4.1701  0.0463  5.7631  5.4447  4.7111  4.3203  3.9677  3.4794  3.1322  3.0908  4.4587  4.8986
 147  0.671700  3.7492  4.1604  0.0550  5.7469  5.4253  4.6903  4.2989  3.9457  3.4563  3.1082  3.0666  4.4375  4.8782
 148  0.672513  3.7488  4.1506  0.0637  5.7311  5.4061  4.6695  4.2774  3.9236  3.4328  3.0838  3.0421  4.4162  4.8579
 149  0.673311  3.7483  4.1403  0.0724  5.7171  5.3876  4.6489  4.2559  3.9012  3.4087  3.0586  3.0167  4.3949  4.8379
 150  0.674098  3.7477  4.1297  0.0811  5.7034  5.3694  4.6283  4.2342  3.8787  3.3845  3.0330  2.9910  4.3736  4.8180
 151  0.674869  3.7471  4.1189  0.0899  5.6906  5.3515  4.6078  4.2126  3.8560  3.3598  3.0069  2.9646  4.3522  4.7983
 152  0.675630  3.7464  4.1078  0.0987  5.6786  5.3341  4.5874  4.1909  3.8332  3.3349  2.9804  2.9379  4.3309  4.7788
 153  0.676378  3.7455  4.0959  0.1075  5.6700  5.3182  4.5676  4.1692  3.8101  3.3090  2.9524  2.9095  4.3098  4.7603
 154  0.677107  3.7444  4.0834  0.1163  5.6631  5.3031  4.5480  4.1476  3.7869  3.2826  2.9236  2.8804  4.2888  4.7421
 155  0.677825  3.7433  4.0706  0.1252  5.6574  5.2887  4.5287  4.1261  3.7635  3.2559  2.8942  2.8506  4.2679  4.7244
 156  0.678528  3.7421  4.0571  0.1340  5.6547  5.2758  4.5099  4.1046  3.7399  3.2284  2.8637  2.8195  4.2472  4.7076
 157  0.679213  3.7406  4.0430  0.1428  5.6543  5.2640  4.4915  4.0833  3.7163  3.2003  2.8322  2.7874  4.2268  4.6915
 158  0.679880  3.7390  4.0281  0.1516  5.6578  5.2539  4.4739  4.0623  3.6925  3.1715  2.7993  2.7539  4.2067  4.6765
 159  0.680527  3.7371  4.0122  0.1604  5.6656  5.2459  4.4572  4.0416  3.6686  3.1417  2.7649  2.7187  4.1871  4.6628
 160  0.681147  3.7351  3.9958  0.1692  5.6759  5.2390  4.4410  4.0211  3.6448  3.1115  2.7297  2.6827  4.1677  4.6500
 161  0.681737  3.7329  3.9787  0.1779  5.6897  5.2339  4.4256  4.0009  3.6209  3.0807  2.6933  2.6454  4.1489  4.6384
 162  0.682412  3.7299  3.9571  0.1880  5.7132  5.2315  4.4093  3.9780  3.5930  3.0435  2.6486  2.5994  4.1278  4.6274
 163  0.683076  3.7268  3.9332  0.1998  5.7369  5.2271  4.3900  3.9517  3.5613  3.0015  2.5985  2.5479  4.1033  4.6139
 164  0.683728  3.7234  3.9068  0.2131  5.7611  5.2208  4.3678  3.9218  3.5256  2.9549  2.5432  2.4910  4.0754  4.5981
 165  0.684362  3.7201  3.8784  0.2286  5.7806  5.2096  4.3408  3.8872  3.4851  2.9033  2.4829  2.4290  4.0427  4.5777
 166  0.684970  3.7169  3.8483  0.2464  5.7917  5.1913  4.3077  3.8467  3.4390  2.8466  2.4178  2.3624  4.0040  4.5509
 167  0.685546  3.7141  3.8172  0.2666  5.7914  5.1647  4.2678  3.8003  3.3875  2.7855  2.3491  2.2922  3.9591  4.5167
 168  0.686089  3.7117  3.7856  0.2888  5.7795  5.1299  4.2217  3.7486  3.3313  2.7209  2.2780  2.2198  3.9087  4.4756
 169  0.686602  3.7096  3.7541  0.3125  5.7560  5.0878  4.1703  3.6926  3.2716  2.6542  2.2059  2.1466  3.8537  4.4281
 170  0.687089  3.7080  3.7229  0.3374  5.7232  5.0399  4.1148  3.6333  3.2092  2.5859  2.1332  2.0730  3.7952  4.3757
 171  0.687556  3.7066  3.6919  0.3631  5.6839  4.9874  4.0561  3.5716  3.1449  2.5166  2.0602  1.9992  3.7342  4.3194
 172  0.688005  3.7054  3.6611  0.3894  5.6394  4.9317  3.9951  3.5080  3.0791  2.4465  1.9871  1.9253  3.6711  4.2603
 173  0.688442  3.7044  3.6305  0.4162  5.5904  4.8733  3.9323  3.4432  3.0123  2.3760  1.9140  1.8516  3.6067  4.1990
 174  0.688869  3.7035  3.6001  0.4433  5.5380  4.8129  3.8681  3.3773  2.9448  2.3052  1.8409  1.7781  3.5411  4.1359
 175  0.689286  3.7027  3.5698  0.4706  5.4834  4.7512  3.8030  3.3106  2.8765  2.2340  1.7677  1.7044  3.4747  4.0716
 176  0.689692  3.7019  3.5394  0.4982  5.4271  4.6883  3.7369  3.2431  2.8076  2.1623  1.6941  1.6304  3.4075  4.0062
 177  0.690088  3.7012  3.5089  0.5262  5.3691  4.6242  3.6698  3.1748  2.7379  2.0900  1.6201  1.5560  3.3394  3.9398
 178  0.690472  3.7005  3.4781  0.5544  5.3104  4.5595  3.6021  3.1058  2.6676  2.0170  1.5454  1.4808  3.2706  3.8727
 179  0.690845  3.6998  3.4471  0.5828  5.2509  4.4941  3.5338  3.0361  2.5966  1.9435  1.4701  1.4051  3.2012  3.8049
 180  0.691207  3.6991  3.4158  0.6116  5.1911  4.4284  3.4648  2.9659  2.5249  1.8691  1.3940  1.3286  3.1312  3.7367
 181  0.691554  3.6984  3.3840  0.6406  5.1301  4.3620  3.3953  2.8949  2.4525  1.7940  1.3168  1.2511  3.0605  3.6678
 182  0.691709  3.6980  3.3686  0.6547  5.1004  4.3299  3.3616  2.8604  2.4173  1.7575  1.2794  1.2135  3.0262  3.6345
 183  0.691862  3.6976  3.3522  0.6696  5.0693  4.2960  3.3260  2.8241  2.3802  1.7190  1.2397  1.1736  2.9899  3.5993
 184  0.692014  3.6972  3.3350  0.6853  5.0368  4.2606  3.2887  2.7860  2.3412  1.6785  1.1981  1.1319  2.9520  3.5625
 185  0.692165  3.6968  3.3171  0.7015  5.0028  4.2237  3.2499  2.7462  2.3006  1.6364  1.1547  1.0883  2.9124  3.5241
 186  0.692314  3.6963  3.2983  0.7186  4.9677  4.1852  3.2093  2.7047  2.2581  1.5921  1.1091  1.0425  2.8711  3.4840
 187  0.692461  3.6958  3.2784  0.7365  4.9313  4.1451  3.1668  2.6611  2.2135  1.5457  1.0611  0.9943  2.8277  3.4422
 188  0.692608  3.6953  3.2580  0.7549  4.8938  4.1039  3.1232  2.6164  2.1677  1.4980  1.0119  0.9449  2.7832  3.3993
 189  0.692752  3.6947  3.2368  0.7739  4.8551  4.0613  3.0781  2.5700  2.1202  1.4484  0.9608  0.8935  2.7370  3.3548
 190  0.692894  3.6941  3.2143  0.7940  4.8153  4.0169  3.0307  2.5213  2.0702  1.3961  0.9066  0.8392  2.6886  3.3083
 191  0.693035  3.6934  3.1914  0.8145  4.7744  3.9714  2.9824  2.4716  2.0192  1.3429  0.8515  0.7838  2.6391  3.2607
 192  0.693174  3.6928  3.1675  0.8358  4.7323  3.9243  2.9322  2.4199  1.9662  1.2874  0.7940  0.7261  2.5877  3.2114
 193  0.693310  3.6921  3.1427  0.8578  4.6896  3.8761  2.8806  2.3667  1.9115  1.2301  0.7346  0.6664  2.5348  3.1609
 194  0.693444  3.6913  3.1171  0.8804  4.6461  3.8266  2.8275  2.3119  1.8551  1.1709  0.6731  0.6046  2.4803  3.1089
 195  0.693576  3.6905  3.0904  0.9039  4.6018  3.7758  2.7727  2.2553  1.7968  1.1096  0.6094  0.5405  2.4240  3.0554
 196  0.693705  3.6896  3.0629  0.9280  4.5576  3.7237  2.7164  2.1970  1.7368  1.0463  0.5437  0.4743  2.3661  3.0004
 197  0.693832  3.6887  3.0346  0.9528  4.5134  3.6706  2.6588  2.1373  1.6752  0.9813  0.4762  0.4061  2.3067  2.9442
 198  0.693955  3.6877  3.0052  0.9784  4.4687  3.6161  2.5994  2.0757  1.6115  0.9140  0.4062  0.3355  2.2455  2.8864
 199  0.694075  3.6867  2.9747  1.0047  4.4245  3.5608  2.5387  2.0126  1.5462  0.8446  0.3340  0.2624  2.1828  2.8275
 200  0.694192  3.6856  2.9434  1.0317  4.3807  3.5048  2.4769  1.9481  1.4794  0.7735  0.2598  0.1874  2.1188  2.7678
 201  0.694306  3.6844  2.9110  1.0594  4.3364  3.4474  2.4134  1.8818  1.4106  0.7001  0.1833  0.1099  2.0530  2.7065
 202  0.694416  3.6832  2.8778  1.0878  4.2923  3.3892  2.3487  1.8141  1.3403  0.6249  0.1048  0.0304  1.9858  2.6441
 203  0.694522  3.6819  2.8436  1.1169  4.2483  3.3300  2.2826  1.7448  1.2683  0.5479  0.0242 -0.0513  1.9171  2.5806
 204  0.694625  3.6805  2.8086  1.1465  4.2042  3.2700  2.2155  1.6744  1.1949  0.4692 -0.0581 -0.1347  1.8472  2.5162
 205  0.694724  3.6791  2.7727  1.1769  4.1598  3.2090  2.1471  1.6024  1.1200  0.3887 -0.1424 -0.2202  1.7758  2.4507
 206  0.694819  3.6776  2.7359  1.2078  4.1159  3.1475  2.0777  1.5292  1.0436  0.3066 -0.2286 -0.3076  1.7032  2.3844
 207  0.694909  3.6761  2.6984  1.2393  4.0723  3.0852  2.0072  1.4549  0.9659  0.2229 -0.3166 -0.3969  1.6295  2.3173
 208  0.694996  3.6745  2.6600  1.2713  4.0292  3.0224  1.9360  1.3795  0.8871  0.1377 -0.4061 -0.4878  1.5548  2.2496
 209  0.695079  3.6729  2.6210  1.3039  3.9866  2.9592  1.8639  1.3032  0.8071  0.0512 -0.4971 -0.5802  1.4791  2.1813
 210  0.695158  3.6712  2.5813  1.3368  3.9446  2.8956  1.7913  1.2262  0.7262 -0.0365 -0.5894 -0.6740  1.4027  2.1126
 211  0.695234  3.6694  2.5411  1.3701  3.9030  2.8317  1.7182  1.1484  0.6446 -0.1252 -0.6826 -0.7689  1.3256  2.0436
 212  0.695307  3.6676  2.5004  1.4037  3.8623  2.7677  1.6447  1.0702  0.5622 -0.2147 -0.7769 -0.8649  1.2480  1.9744
 213  0.695378  3.6657  2.4591  1.4375  3.8239  2.7045  1.5715  0.9919  0.4796 -0.3051 -0.8723 -0.9621  1.1704  1.9059
 214  0.695449  3.6638  2.4175  1.4713  3.7870  2.6420  1.4987  0.9139  0.3970 -0.3955 -0.9680 -1.0596  1.0930  1.8380
 215  0.695524  3.6619  2.3766  1.5048  3.7511  2.5805  1.4270  0.8368  0.3154 -0.4849 -1.0625 -1.1561  1.0166  1.7713
 216  0.695627  3.6605  2.3418  1.5338  3.7159  2.5253  1.3637  0.7695  0.2446 -0.5617 -1.1435 -1.2384  0.9497  1.7119
 217  0.695634  3.6605  2.3412  1.5344  3.7147  2.5240  1.3623  0.7680  0.2431 -0.5632 -1.1449 -1.2399  0.9483  1.7105
 218  0.695641  3.6605  2.3406  1.5350  3.7131  2.5224  1.3608  0.7665  0.2416 -0.5647 -1.1464 -1.2414  0.9468  1.7089
 219  0.695650  3.6605  2.3400  1.5356  3.7118  2.5210  1.3593  0.7651  0.2401 -0.5662 -1.1479 -1.2429  0.9453  1.7074
 220  0.695661  3.6605  2.3398  1.5360  3.7102  2.5197  1.3582  0.7640  0.2392 -0.5670 -1.1486 -1.2436  0.9443  1.7061
 221  0.695672  3.6606  2.3403  1.5358  3.7087  2.5192  1.3581  0.7641  0.2395 -0.5664 -1.1478 -1.2427  0.9444  1.7057
 222  0.695680  3.6607  2.3410  1.5355  3.7075  2.5191  1.3584  0.7647  0.2403 -0.5653 -1.1464 -1.2412  0.9449  1.7057
 223  0.695687  3.6608  2.3417  1.5350  3.7064  2.5191  1.3588  0.7654  0.2412 -0.5640 -1.1448 -1.2396  0.9456  1.7059
 224  0.695693  3.6608  2.3425  1.5346  3.7055  2.5192  1.3594  0.7662  0.2422 -0.5627 -1.1433 -1.2380  0.9464  1.7062
 225  0.695700  3.6609  2.3432  1.5342  3.7046  2.5194  1.3599  0.7670  0.2431 -0.5615 -1.1418 -1.2364  0.9471  1.7064
 226  0.695706  3.6610  2.3439  1.5338  3.7035  2.5193  1.3603  0.7676  0.2439 -0.5603 -1.1404 -1.2350  0.9477  1.7065
 227  0.695793  3.6584  2.2909  1.5768  3.6624  2.4430  1.2698  0.6697  0.1398 -0.6751 -1.2626 -1.3597  0.8507  1.6233
 228  0.695873  3.6547  2.2168  1.6359  3.6124  2.3412  1.1473  0.5360 -0.0033 -0.8338 -1.4322 -1.5331  0.7183  1.5119
 229  0.695941  3.6512  2.1474  1.6912  3.5692  2.2482  1.0344  0.4122 -0.1363 -0.9819 -1.5908 -1.6955  0.5956  1.4102
 230  0.696002  3.6476  2.0792  1.7453  3.5298  2.1586  0.9251  0.2918 -0.2663 -1.1269 -1.7462 -1.8550  0.4762  1.3125
 231  0.696057  3.6441  2.0118  1.7985  3.4948  2.0727  0.8193  0.1747 -0.3935 -1.2693 -1.8992 -2.0121  0.3599  1.2188
 232  0.696104  3.6405  1.9466  1.8495  3.4665  1.9931  0.7198  0.0636 -0.5151 -1.4062 -2.0466 -2.1637  0.2495  1.1318
 233  0.696146  3.6370  1.8822  1.8997  3.4419  1.9167  0.6234 -0.0445 -0.6342 -1.5408 -2.1916 -2.3132  0.1420  1.0483
 234  0.696185  3.6333  1.8171  1.9501  3.4202  1.8418  0.5284 -0.1516 -0.7535 -1.6761 -2.3376 -2.4640  0.0351  0.9667
 235  0.696219  3.6297  1.7544  1.9986  3.4022  1.7716  0.4388 -0.2529 -0.8675 -1.8060 -2.4777 -2.6090 -0.0663  0.8904
 236  0.696249  3.6262  1.6938  2.0452  3.3864  1.7055  0.3540 -0.3490 -0.9768 -1.9310 -2.6126 -2.7489 -0.1628  0.8185
 237  0.696276  3.6227  1.6328  2.0920  3.3725  1.6412  0.2709 -0.4437 -1.0860 -2.0566 -2.7481 -2.8897 -0.2584  0.7484
 238  0.696301  3.6191  1.5728  2.1378  3.3600  1.5798  0.1915 -0.5345 -1.1925 -2.1795 -2.8812 -3.0279 -0.3505  0.6817
 239  0.696323  3.6156  1.5140  2.1826  3.3486  1.5216  0.1158 -0.6214 -1.2963 -2.2998 -3.0117 -3.1636 -0.4392  0.6182
 240  0.696343  3.6122  1.4571  2.2257  3.3396  1.4681  0.0458 -0.7024 -1.3955 -2.4157 -3.1379 -3.2948 -0.5227  0.5596
 241  0.696361  3.6086  1.4000  2.2687  3.3312  1.4167 -0.0217 -0.7810 -1.4939 -2.5312 -3.2638 -3.4260 -0.6042  0.5025
 242  0.696378  3.6052  1.3442  2.3106  3.3231  1.3685 -0.0852 -0.8550 -1.5896 -2.6442 -3.3870 -3.5543 -0.6820  0.4486
 243  0.696393  3.6017  1.2894  2.3517  3.3156  1.3237 -0.1444 -0.9246 -1.6829 -2.7551 -3.5078 -3.6803 -0.7562  0.3980
 244  0.696406  3.5984  1.2358  2.3918  3.3085  1.2825 -0.1992 -0.9894 -1.7734 -2.8635 -3.6260 -3.8037 -0.8265  0.3512
 245  0.696419  3.5950  1.1833  2.4310  3.3002  1.2441 -0.2505 -1.0505 -1.8613 -2.9694 -3.7415 -3.9245 -0.8937  0.3068
 246  0.696430  3.5918  1.1319  2.4693  3.2904  1.2086 -0.2982 -1.1078 -1.9465 -3.0727 -3.8542 -4.0424 -0.9577  0.2646
 247  0.696441  3.5885  1.0818  2.5066  3.2789  1.1758 -0.3426 -1.1616 -2.0291 -3.1732 -3.9642 -4.1574 -1.0187  0.2245
 248  0.696450  3.5853  1.0319  2.5435  3.2672  1.1461 -0.3829 -1.2113 -2.1102 -3.2730 -4.0731 -4.2715 -1.0768  0.1873
 249  0.696459  3.5821  0.9832  2.5795  3.2561  1.1203 -0.4178 -1.2555 -2.1886 -3.3705 -4.1795 -4.3831 -1.1308  0.1540
 250  0.696467  3.5789  0.9348  2.6150  3.2456  1.0980 -0.4480 -1.2951 -2.2651 -3.4670 -4.2845 -4.4932 -1.1814  0.1237
 251  0.696475  3.5758  0.8883  2.6491  3.2347  1.0789 -0.4736 -1.3299 -2.3380 -3.5597 -4.3853 -4.5990 -1.2281  0.0964
 252  0.696482  3.5727  0.8422  2.6828  3.2239  1.0641 -0.4936 -1.3597 -2.4089 -3.6515 -4.4850 -4.7038 -1.2713  0.0727
 253  0.696488  3.5696  0.7967  2.7159  3.2131  1.0540 -0.5073 -1.3839 -2.4773 -3.7420 -4.5835 -4.8073 -1.3107  0.0529
 254  0.696494  3.5666  0.7528  2.7478  3.2022  1.0485 -0.5145 -1.4019 -2.5422 -3.8292 -4.6785 -4.9070 -1.3454  0.0370
 255  0.696500  3.5636  0.7090  2.7795  3.1912  1.0482 -0.5145 -1.4137 -2.6054 -3.9163 -4.7734 -5.0066 -1.3763  0.0254
 256  0.696505  3.5606  0.6663  2.8103  3.1806  1.0530 -0.5073 -1.4196 -2.6648 -4.0011 -4.8658 -5.1036 -1.4027  0.0184
 257  0.696510  3.5577  0.6247  2.8402  3.1704  1.0632 -0.4926 -1.4200 -2.7203 -4.0838 -4.9558 -5.1981 -1.4249  0.0161
 258  0.696514  3.5548  0.5837  2.8696  3.1631  1.0799 -0.4703 -1.4149 -2.7720 -4.1652 -5.0444 -5.2912 -1.4429  0.0184
 259  0.696518  3.5519  0.5432  2.8985  3.1575  1.1030 -0.4397 -1.4040 -2.8199 -4.2453 -5.1317 -5.3828 -1.4567  0.0255
 260  0.696522  3.5491  0.5039  2.9266  3.1505  1.1324 -0.3987 -1.3856 -2.8630 -4.3235 -5.2166 -5.4722 -1.4651  0.0393
 261  0.696526  3.5463  0.4652  2.9542  3.1404  1.1703 -0.3436 -1.3569 -2.9011 -4.4007 -5.3002 -5.5600 -1.4669  0.0620
 262  0.696529  3.5435  0.4271  2.9812  3.1250  1.2189 -0.2682 -1.3135 -2.9325 -4.4770 -5.3827 -5.6467 -1.4595  0.0965
 263  0.696533  3.5408  0.3901  3.0074  3.0994  1.2829 -0.1610 -1.2471 -2.9546 -4.5522 -5.4635 -5.7314 -1.4385  0.1473
 264  0.696536  3.5381  0.3533  3.0334  3.0715  1.3581 -0.0332 -1.1685 -2.9688 -4.6277 -5.5439 -5.8157 -1.4089  0.2110
 265  0.696539  3.5355  0.3178  3.0585  3.0436  1.4406  0.1076 -1.0835 -2.9753 -4.7015 -5.6219 -5.8973 -1.3732  0.2844
 266  0.696541  3.5329  0.2826  3.0834  3.0168  1.5300  0.2600 -0.9941 -2.9750 -4.7750 -5.6993 -5.9782 -1.3326  0.3674
 267  0.696544  3.5304  0.2481  3.1076  2.9948  1.6209  0.4145 -0.9105 -2.9676 -4.8468 -5.7749 -6.0575 -1.2914  0.4579
 268  0.696546  3.5278  0.2144  3.1312  2.9792  1.7078  0.5611 -0.8400 -2.9550 -4.9157 -5.8482 -6.1348 -1.2536  0.5516
 269  0.696549  3.5251  0.1804  3.1545  2.9692  1.8009  0.7122 -0.7699 -2.9351 -4.9832 -5.9214 -6.2122 -1.2121  0.6556
 270  0.696551  3.5227  0.1481  3.1771  2.9599  1.8767  0.8330 -0.7199 -2.9207 -5.0469 -5.9908 -6.2858 -1.1825  0.7432
 271  0.696553  3.5203  0.1162  3.1994  2.9537  1.9465  0.9389 -0.6799 -2.9067 -5.1084 -6.0588 -6.3581 -1.1575  0.8261
 272  0.696555  3.5179  0.0849  3.2211  2.9519  2.0104  1.0260 -0.6501 -2.8940 -5.1672 -6.1248 -6.4282 -1.1375  0.9028
 273  0.696557  3.5156  0.0543  3.2425  2.9552  2.0661  1.0868 -0.6325 -2.8855 -5.2235 -6.1885 -6.4960 -1.1246  0.9686
 274  0.696559  3.5133  0.0244  3.2632  2.9619  2.1201  1.1390 -0.6186 -2.8759 -5.2779 -6.2505 -6.5619 -1.1127  1.0329
 275  0.696561  3.5111 -0.0047  3.2834  3.3630  2.4110  1.3865 -0.4631 -2.7900 -5.3326 -6.3524 -6.6601 -0.9925  1.3168
 276  0.696562  3.5089 -0.0332  3.3033  3.3358  2.4346  1.4023 -0.4699 -2.7891 -5.3840 -6.4072 -6.7193 -0.9949  1.3511
 277  0.696564  3.5068 -0.0609  3.3225  3.1965  2.3856  1.3533 -0.5200 -2.8106 -5.4335 -6.4486 -6.7667 -1.0299  1.3172
 278  0.696565  3.5048 -0.0877  3.3410  2.9907  2.2925  1.2662 -0.5941 -2.8451 -5.4810 -6.4812 -6.8063 -1.0834  1.2416
 279  0.696567  3.5030 -0.1121  3.3583  2.9886  2.3175  1.2828 -0.5909 -2.8419 -5.5267 -6.5326 -6.8601 -1.0805  1.2741
