#AGE=14.000 EEPS=265
#EEP   M/Mo    LogTeff  LogG   LogL/Lo U       B       V       R       I       J       H       Ks      Kp      D51     
  15  0.111072  3.5114  5.2081 -2.7256 16.6515 15.1491 13.5617 12.4761 11.0612  9.6736  9.1305  8.8914 12.4444 14.2205
  16  0.124366  3.5124  5.1659 -2.6302 16.3587 14.8830 13.3076 12.2273 10.8209  9.4375  8.8947  8.6555 12.1988 13.9588
  17  0.135665  3.5133  5.1330 -2.5560 16.1293 14.6745 13.1087 12.0330 10.6337  9.2542  8.7115  8.4722 12.0071 13.7540
  18  0.145449  3.5142  5.1073 -2.4962 15.9408 14.5031 12.9457 11.8744 10.4822  9.1071  8.5643  8.3252 11.8512 13.5861
  19  0.154888  3.5154  5.0851 -2.4424 15.7663 14.3445 12.7953 11.7290 10.3449  8.9751  8.4320  8.1933 11.7089 13.4314
  20  0.165280  3.5169  5.0639 -2.3869 15.5802 14.1754 12.6355 11.5757 10.2023  8.8401  8.2963  8.0582 11.5596 13.2670
  21  0.176124  3.5187  5.0447 -2.3329 15.3943 14.0061 12.4761 11.4236 10.0627  8.7096  8.1648  7.9277 11.4122 13.1032
  22  0.186835  3.5205  5.0283 -2.2833 15.2206 13.8473 12.3268 11.2819  9.9336  8.5903  8.0441  7.8082 11.2752 12.9501
  23  0.196957  3.5223  5.0144 -2.2394 15.0668 13.7061 12.1940 11.1560  9.8194  8.4850  7.9375  7.7027 11.1536 12.8141
  24  0.205728  3.5238  5.0032 -2.2035 14.9422 13.5912 12.0858 11.0533  9.7260  8.3989  7.8502  7.6163 11.0544 12.7034
  25  0.213759  3.5251  4.9941 -2.1726 14.8356 13.4922 11.9926 10.9649  9.6456  8.3249  7.7749  7.5419 10.9688 12.6082
  26  0.221405  3.5263  4.9860 -2.1442 14.7378 13.4009 11.9066 10.8834  9.5717  8.2572  7.7059  7.4737 10.8900 12.5204
  27  0.229200  3.5276  4.9780 -2.1161 14.6403 13.3098 11.8208 10.8021  9.4983  8.1900  7.6373  7.4059 10.8116 12.4330
  28  0.237566  3.5290  4.9695 -2.0865 14.5376 13.2135 11.7302 10.7164  9.4210  8.1196  7.5652  7.3348 10.7289 12.3407
  29  0.246682  3.5306  4.9603 -2.0546 14.4266 13.1092 11.6320 10.6237  9.3378  8.0439  7.4876  7.2583 10.6395 12.2409
  30  0.255942  3.5322  4.9508 -2.0223 14.3141 13.0032 11.5324 10.5297  9.2537  7.9677  7.4092  7.1809 10.5489 12.1396
  31  0.263304  3.5336  4.9434 -1.9972 14.2262 12.9200 11.4542 10.4559  9.1880  7.9083  7.3481  7.1206 10.4780 12.0601
  32  0.268917  3.5347  4.9377 -1.9780 14.1588 12.8562 11.3941 10.3994  9.1379  7.8631  7.3015  7.0746 10.4237 11.9992
  33  0.273411  3.5356  4.9329 -1.9624 14.1040 12.8042 11.3452 10.3534  9.0972  7.8266  7.2637  7.0374 10.3796 11.9497
  34  0.277307  3.5364  4.9286 -1.9486 14.0555 12.7580 11.3019 10.3126  9.0613  7.7944  7.2303  7.0045 10.3405 11.9058
  35  0.281038  3.5372  4.9243 -1.9353 14.0082 12.7130 11.2596 10.2729  9.0263  7.7631  7.1979  6.9725 10.3023 11.8629
  36  0.284880  3.5381  4.9196 -1.9213 13.9589 12.6660 11.2154 10.2313  8.9897  7.7304  7.1640  6.9390 10.2625 11.8182
  37  0.288980  3.5390  4.9144 -1.9061 13.9056 12.6151 11.1675 10.1863  8.9501  7.6949  7.1271  6.9027 10.2193 11.7698
  38  0.293491  3.5401  4.9083 -1.8891 13.8464 12.5584 11.1142 10.1360  8.9058  7.6553  7.0860  6.8621 10.1711 11.7159
  39  0.298471  3.5412  4.9013 -1.8700 13.7801 12.4948 11.0542 10.0796  8.8560  7.6108  7.0396  6.8163 10.1169 11.6554
  40  0.309840  3.5441  4.8860 -1.8272 13.6304 12.3502 10.9178  9.9512  8.7439  7.5115  6.9359  6.7141  9.9941 11.5181
  41  0.337120  3.5527  4.8498 -1.7199 13.2491 11.9758 10.5627  9.6175  8.4586  7.2680  6.6796  6.4617  9.6768 11.1646
  42  0.358327  3.5604  4.8215 -1.6344 12.9470 11.6714 10.2707  9.3440  8.2330  7.0769  6.4768  6.2630  9.4192 10.8767
  43  0.369507  3.5648  4.8057 -1.5874 12.7826 11.5025 10.1074  9.1915  8.1106  6.9727  6.3658  6.1550  9.2765 10.7165
  44  0.379331  3.5690  4.7916 -1.5452 12.6357 11.3499  9.9591  9.0529  8.0010  6.8798  6.2665  6.0590  9.1473 10.5718
  45  0.388592  3.5731  4.7784 -1.5050 12.4961 11.2033  9.8160  8.9191  7.8960  6.7916  6.1719  5.9683  9.0226 10.4331
  46  0.397558  3.5773  4.7659 -1.4658 12.3601 11.0590  9.6749  8.7870  7.7935  6.7061  6.0801  5.8808  8.8997 10.2968
  47  0.406221  3.5816  4.7540 -1.4276 12.2267 10.9168  9.5352  8.6562  7.6939  6.6237  5.9913  5.7970  8.7785 10.1625
  48  0.414174  3.5857  4.7433 -1.3919 12.1007 10.7821  9.4028  8.5323  7.6011  6.5476  5.9090  5.7199  8.6640 10.0356
  49  0.421779  3.5898  4.7332 -1.3575 11.9790 10.6507  9.2741  8.4121  7.5114  6.4742  5.8297  5.6464  8.5527  9.9128
  50  0.429045  3.5939  4.7239 -1.3243 11.8646 10.5239  9.1522  8.2988  7.4249  6.4024  5.7525  5.5755  8.4467  9.7976
  51  0.436287  3.5982  4.7148 -1.2910 11.7516 10.3964  9.0314  8.1869  7.3383  6.3300  5.6750  5.5050  8.3413  9.6842
  52  0.441505  3.6013  4.7084 -1.2669 11.6691 10.3031  8.9437  8.1059  7.2756  6.2776  5.6192  5.4546  8.2647  9.6017
  53  0.446871  3.6046  4.7020 -1.2421 11.5807 10.2053  8.8512  8.0205  7.2113  6.2245  5.5630  5.4038  8.1845  9.5139
  54  0.452389  3.6081  4.6957 -1.2166 11.4872 10.1031  8.7547  7.9315  7.1452  6.1704  5.5061  5.3524  8.1010  9.4216
  55  0.457924  3.6117  4.6896 -1.1908 11.3910  9.9985  8.6563  7.8411  7.0785  6.1159  5.4494  5.3014  8.0161  9.3271
  56  0.463442  3.6154  4.6838 -1.1648 11.2948  9.8928  8.5580  7.7512  7.0116  6.0609  5.3927  5.2505  7.9311  9.2329
  57  0.468913  3.6193  4.6786 -1.1389 11.1972  9.7856  8.4597  7.6618  6.9445  6.0058  5.3367  5.2003  7.8462  9.1382
  58  0.474320  3.6232  4.6734 -1.1132 11.0976  9.6782  8.3625  7.5738  6.8781  5.9512  5.2822  5.1516  7.7621  9.0431
  59  0.479644  3.6271  4.6685 -1.0877 10.9921  9.5681  8.2644  7.4860  6.8119  5.8977  5.2302  5.1053  7.6777  8.9451
  60  0.484841  3.6311  4.6641 -1.0626 10.8809  9.4566  8.1665  7.3991  6.7465  5.8456  5.1810  5.0617  7.5938  8.8448
  61  0.489902  3.6350  4.6595 -1.0383 10.7675  9.3485  8.0723  7.3158  6.6829  5.7951  5.1345  5.0201  7.5129  8.7454
  62  0.494824  3.6388  4.6554 -1.0144 10.6482  9.2410  7.9793  7.2342  6.6204  5.7460  5.0908  4.9810  7.4332  8.6443
  63  0.499570  3.6424  4.6511 -0.9914 10.5292  9.1378  7.8907  7.1568  6.5600  5.6987  5.0497  4.9440  7.3571  8.5456
  64  0.504116  3.6461  4.6472 -0.9692 10.4088  9.0364  7.8048  7.0824  6.5011  5.6531  5.0116  4.9097  7.2833  8.4477
  65  0.508447  3.6496  4.6436 -0.9478 10.2888  8.9382  7.7224  7.0117  6.4443  5.6094  4.9761  4.8776  7.2127  8.3518
  66  0.512570  3.6530  4.6401 -0.9272 10.1690  8.8431  7.6433  6.9443  6.3895  5.5675  4.9429  4.8477  7.1450  8.2578
  67  0.516499  3.6564  4.6371 -0.9073 10.0481  8.7503  7.5668  6.8798  6.3366  5.5274  4.9116  4.8197  7.0798  8.1645
  68  0.520262  3.6595  4.6338 -0.8882  9.9321  8.6629  7.4948  6.8194  6.2862  5.4889  4.8815  4.7927  7.0183  8.0756
  69  0.523880  3.6627  4.6308 -0.8697  9.8159  8.5769  7.4245  6.7608  6.2371  5.4517  4.8533  4.7674  6.9584  7.9876
  70  0.527373  3.6656  4.6277 -0.8518  9.7063  8.4956  7.3579  6.7053  6.1898  5.4157  4.8261  4.7426  6.9014  7.9044
  71  0.530761  3.6685  4.6247 -0.8343  9.5977  8.4158  7.2929  6.6512  6.1436  5.3807  4.8002  4.7189  6.8457  7.8224
  72  0.534061  3.6713  4.6215 -0.8173  9.4935  8.3397  7.2307  6.5994  6.0989  5.3465  4.7749  4.6956  6.7923  7.7438
  73  0.537300  3.6741  4.6184 -0.8005  9.3902  8.2650  7.1696  6.5486  6.0549  5.3130  4.7503  4.6730  6.7399  7.6662
  74  0.540487  3.6767  4.6151 -0.7840  9.2904  8.1931  7.1105  6.4994  6.0120  5.2801  4.7259  4.6504  6.6890  7.5912
  75  0.543648  3.6793  4.6118 -0.7677  9.1919  8.1225  7.0524  6.4511  5.9696  5.2475  4.7018  4.6279  6.6389  7.5174
  76  0.546790  3.6819  4.6083 -0.7516  9.0956  8.0537  6.9957  6.4036  5.9279  5.2153  4.6776  4.6054  6.5898  7.4456
  77  0.549932  3.6844  4.6047 -0.7356  9.0007  7.9859  6.9397  6.3569  5.8867  5.1832  4.6534  4.5827  6.5413  7.3750
  78  0.553060  3.6868  4.6009 -0.7196  8.9079  7.9195  6.8848  6.3108  5.8460  5.1514  4.6292  4.5599  6.4936  7.3059
  79  0.556165  3.6892  4.5971 -0.7038  8.8174  7.8543  6.8308  6.2654  5.8057  5.1198  4.6050  4.5372  6.4465  7.2384
  80  0.559249  3.6915  4.5931 -0.6882  8.7314  7.7910  6.7780  6.2208  5.7660  5.0882  4.5808  4.5142  6.4003  7.1728
  81  0.562299  3.6938  4.5891 -0.6727  8.6484  7.7290  6.7262  6.1770  5.7267  5.0569  4.5566  4.4912  6.3548  7.1086
  82  0.566090  3.6966  4.5840 -0.6534  8.5469  7.6529  6.6625  6.1228  5.6781  5.0180  4.5264  4.4625  6.2987  7.0304
  83  0.569865  3.6993  4.5787 -0.6343  8.4459  7.5781  6.5998  6.0693  5.6300  4.9794  4.4960  4.4336  6.2433  6.9539
  84  0.573616  3.7020  4.5731 -0.6152  8.3433  7.5042  6.5380  6.0164  5.5825  4.9412  4.4658  4.4048  6.1885  6.8793
  85  0.577333  3.7046  4.5674 -0.5963  8.2415  7.4316  6.4773  5.9642  5.5354  4.9033  4.4356  4.3760  6.1345  6.8064
  86  0.581003  3.7071  4.5615 -0.5776  8.1418  7.3606  6.4180  5.9129  5.4891  4.8658  4.4053  4.3471  6.0814  6.7358
  87  0.584620  3.7096  4.5555 -0.5590  8.0452  7.2914  6.3600  5.8626  5.4434  4.8285  4.3751  4.3180  6.0294  6.6675
  88  0.588172  3.7119  4.5493 -0.5407  7.9514  7.2240  6.3035  5.8133  5.3985  4.7916  4.3449  4.2889  5.9784  6.6014
  89  0.591643  3.7142  4.5430 -0.5227  7.8602  7.1582  6.2483  5.7650  5.3544  4.7552  4.3150  4.2601  5.9285  6.5375
  90  0.595029  3.7164  4.5366 -0.5050  7.7718  7.0943  6.1946  5.7178  5.3112  4.7193  4.2852  4.2314  5.8798  6.4757
  91  0.598319  3.7185  4.5300 -0.4877  7.6866  7.0322  6.1425  5.6717  5.2689  4.6839  4.2556  4.2030  5.8323  6.4161
  92  0.601512  3.7205  4.5234 -0.4706  7.6040  6.9720  6.0918  5.6268  5.2276  4.6493  4.2264  4.1748  5.7859  6.3586
  93  0.604619  3.7225  4.5167 -0.4539  7.5242  6.9136  6.0426  5.5829  5.1871  4.6151  4.1975  4.1469  5.7407  6.3030
  94  0.607644  3.7244  4.5099 -0.4375  7.4466  6.8568  5.9946  5.5399  5.1473  4.5814  4.1690  4.1191  5.6964  6.2492
  95  0.610589  3.7262  4.5031 -0.4214  7.3711  6.8018  5.9479  5.4978  5.1081  4.5482  4.1409  4.0913  5.6532  6.1971
  96  0.613459  3.7279  4.4961 -0.4055  7.2980  6.7484  5.9023  5.4565  5.0695  4.5155  4.1130  4.0638  5.6108  6.1465
  97  0.616253  3.7295  4.4891 -0.3899  7.2269  6.6962  5.8578  5.4161  5.0317  4.4832  4.0855  4.0364  5.5693  6.0973
  98  0.618977  3.7311  4.4819 -0.3746  7.1585  6.6454  5.8144  5.3765  4.9945  4.4513  4.0579  4.0091  5.5286  6.0496
  99  0.621632  3.7326  4.4747 -0.3595  7.0921  6.5958  5.7718  5.3376  4.9581  4.4197  4.0305  3.9820  5.4888  6.0030
 100  0.624216  3.7340  4.4674 -0.3446  7.0283  6.5472  5.7302  5.2995  4.9223  4.3885  4.0030  3.9551  5.4498  5.9577
 101  0.626738  3.7354  4.4601 -0.3300  6.9664  6.4996  5.6894  5.2622  4.8872  4.3577  3.9757  3.9283  5.4115  5.9134
 102  0.629201  3.7367  4.4527 -0.3156  6.9065  6.4532  5.6495  5.2255  4.8527  4.3272  3.9485  3.9017  5.3739  5.8702
 103  0.631609  3.7380  4.4452 -0.3014  6.8484  6.4078  5.6103  5.1894  4.8187  4.2971  3.9214  3.8752  5.3370  5.8281
 104  0.633966  3.7392  4.4376 -0.2874  6.7920  6.3635  5.5720  5.1540  4.7852  4.2672  3.8944  3.8488  5.3007  5.7868
 105  0.636278  3.7403  4.4300 -0.2736  6.7374  6.3201  5.5343  5.1191  4.7521  4.2376  3.8676  3.8225  5.2650  5.7466
 106  0.638548  3.7414  4.4223 -0.2600  6.6842  6.2778  5.4974  5.0848  4.7196  4.2083  3.8409  3.7963  5.2300  5.7071
 107  0.640785  3.7425  4.4146 -0.2466  6.6326  6.2364  5.4611  5.0511  4.6874  4.1792  3.8143  3.7702  5.1955  5.6685
 108  0.642992  3.7435  4.4067 -0.2334  6.5824  6.1958  5.4255  5.0178  4.6557  4.1504  3.7879  3.7441  5.1615  5.6307
 109  0.645167  3.7444  4.3989 -0.2203  6.5336  6.1561  5.3904  4.9849  4.6243  4.1218  3.7615  3.7181  5.1280  5.5936
 110  0.647315  3.7452  4.3908 -0.2074  6.4866  6.1173  5.3560  4.9526  4.5933  4.0933  3.7350  3.6920  5.0950  5.5573
 111  0.649386  3.7461  4.3829 -0.1947  6.4403  6.0792  5.3222  4.9207  4.5628  4.0652  3.7090  3.6663  5.0625  5.5216
 112  0.650406  3.7465  4.3789 -0.1883  6.4166  6.0597  5.3049  4.9045  4.5473  4.0511  3.6959  3.6534  5.0460  5.5034
 113  0.651428  3.7470  4.3748 -0.1818  6.3928  6.0401  5.2876  4.8882  4.5317  4.0367  3.6826  3.6402  5.0294  5.4851
 114  0.652449  3.7474  4.3706 -0.1751  6.3690  6.0204  5.2700  4.8716  4.5158  4.0221  3.6690  3.6268  5.0126  5.4666
 115  0.653470  3.7478  4.3663 -0.1685  6.3451  6.0005  5.2523  4.8549  4.4997  4.0073  3.6551  3.6131  4.9955  5.4480
 116  0.654490  3.7482  4.3618 -0.1617  6.3213  5.9806  5.2344  4.8379  4.4834  3.9921  3.6409  3.5991  4.9783  5.4292
 117  0.655507  3.7486  4.3572 -0.1548  6.2975  5.9606  5.2163  4.8208  4.4668  3.9766  3.6263  3.5847  4.9608  5.4104
 118  0.656523  3.7490  4.3524 -0.1479  6.2737  5.9404  5.1981  4.8034  4.4500  3.9609  3.6115  3.5700  4.9432  5.3913
 119  0.657538  3.7493  4.3474 -0.1408  6.2502  5.9203  5.1797  4.7858  4.4330  3.9449  3.5963  3.5549  4.9254  5.3722
 120  0.658551  3.7497  4.3424 -0.1337  6.2264  5.9000  5.1612  4.7681  4.4158  3.9287  3.5809  3.5397  4.9074  5.3529
 121  0.659562  3.7500  4.3372 -0.1266  6.2027  5.8796  5.1425  4.7502  4.3984  3.9123  3.5653  3.5241  4.8892  5.3335
 122  0.660573  3.7503  4.3319 -0.1193  6.1792  5.8592  5.1237  4.7321  4.3808  3.8956  3.5493  3.5083  4.8709  5.3140
 123  0.661568  3.7507  4.3266 -0.1119  6.1542  5.8379  5.1044  4.7136  4.3628  3.8787  3.5333  3.4924  4.8522  5.2939
 124  0.662570  3.7511  4.3213 -0.1045  6.1297  5.8168  5.0851  4.6951  4.3449  3.8618  3.5172  3.4764  4.8334  5.2739
 125  0.663574  3.7514  4.3159 -0.0970  6.1051  5.7957  5.0657  4.6766  4.3268  3.8448  3.5010  3.4603  4.8146  5.2538
 126  0.664577  3.7517  4.3104 -0.0896  6.0809  5.7747  5.0463  4.6579  4.3086  3.8275  3.4844  3.4439  4.7957  5.2337
 127  0.665581  3.7520  4.3048 -0.0820  6.0565  5.7535  5.0268  4.6391  4.2903  3.8101  3.4678  3.4273  4.7767  5.2135
 128  0.666584  3.7523  4.2990 -0.0744  6.0324  5.7324  5.0072  4.6202  4.2718  3.7925  3.4508  3.4105  4.7576  5.1933
 129  0.667585  3.7526  4.2931 -0.0668  6.0087  5.7114  4.9876  4.6012  4.2532  3.7746  3.4336  3.3933  4.7384  5.1731
 130  0.668583  3.7529  4.2870 -0.0591  5.9852  5.6904  4.9679  4.5820  4.2344  3.7564  3.4160  3.3758  4.7190  5.1528
 131  0.669578  3.7531  4.2808 -0.0513  5.9619  5.6693  4.9480  4.5627  4.2154  3.7381  3.3981  3.3580  4.6995  5.1324
 132  0.670569  3.7533  4.2743 -0.0435  5.9389  5.6483  4.9281  4.5432  4.1962  3.7194  3.3799  3.3398  4.6799  5.1121
 133  0.671555  3.7534  4.2678 -0.0357  5.9160  5.6274  4.9081  4.5236  4.1768  3.7005  3.3614  3.3214  4.6602  5.0916
 134  0.672537  3.7536  4.2611 -0.0277  5.8933  5.6063  4.8880  4.5039  4.1573  3.6814  3.3427  3.3026  4.6403  5.0711
 135  0.673512  3.7537  4.2542 -0.0197  5.8710  5.5854  4.8678  4.4840  4.1376  3.6620  3.3235  3.2835  4.6203  5.0506
 136  0.674481  3.7538  4.2471 -0.0117  5.8487  5.5644  4.8474  4.4639  4.1176  3.6423  3.3041  3.2641  4.6002  5.0299
 137  0.675443  3.7539  4.2399 -0.0036  5.8269  5.5436  4.8270  4.4437  4.0975  3.6223  3.2843  3.2443  4.5799  5.0093
 138  0.676398  3.7539  4.2324  0.0046  5.8055  5.5227  4.8066  4.4234  4.0772  3.6021  3.2641  3.2241  4.5596  4.9886
 139  0.677344  3.7539  4.2249  0.0129  5.7840  5.5018  4.7860  4.4029  4.0568  3.5816  3.2438  3.2038  4.5390  4.9678
 140  0.678282  3.7539  4.2171  0.0211  5.7631  5.4811  4.7654  4.3823  4.0361  3.5608  3.2229  3.1829  4.5184  4.9470
 141  0.679210  3.7538  4.2090  0.0295  5.7430  5.4606  4.7447  4.3616  4.0152  3.5397  3.2016  3.1615  4.4977  4.9263
 142  0.680129  3.7537  4.2007  0.0379  5.7231  5.4402  4.7240  4.3407  3.9942  3.5183  3.1800  3.1398  4.4769  4.9056
 143  0.681038  3.7535  4.1924  0.0463  5.7032  5.4196  4.7031  4.3198  3.9730  3.4967  3.1581  3.1180  4.4559  4.8848
 144  0.681937  3.7533  4.1835  0.0548  5.6850  5.3997  4.6824  4.2987  3.9516  3.4745  3.1355  3.0952  4.4350  4.8642
 145  0.682825  3.7530  4.1745  0.0633  5.6670  5.3798  4.6616  4.2775  3.9300  3.4521  3.1125  3.0722  4.4139  4.8437
 146  0.683701  3.7527  4.1653  0.0719  5.6497  5.3601  4.6408  4.2562  3.9083  3.4294  3.0892  3.0487  4.3927  4.8232
 147  0.684566  3.7524  4.1558  0.0805  5.6331  5.3407  4.6200  4.2349  3.8863  3.4063  3.0653  3.0247  4.3715  4.8028
 148  0.685417  3.7519  4.1459  0.0891  5.6175  5.3216  4.5993  4.2134  3.8642  3.3829  3.0410  3.0002  4.3503  4.7825
 149  0.686256  3.7514  4.1356  0.0978  5.6036  5.3031  4.5787  4.1919  3.8419  3.3589  3.0158  2.9749  4.3291  4.7625
 150  0.687084  3.7508  4.1251  0.1065  5.5902  5.2848  4.5581  4.1703  3.8195  3.3347  2.9904  2.9493  4.3078  4.7426
 151  0.687895  3.7502  4.1144  0.1152  5.5775  5.2668  4.5376  4.1487  3.7969  3.3101  2.9644  2.9232  4.2865  4.7229
 152  0.688696  3.7495  4.1034  0.1240  5.5656  5.2490  4.5171  4.1271  3.7743  3.2853  2.9382  2.8967  4.2652  4.7032
 153  0.689485  3.7486  4.0915  0.1327  5.5574  5.2328  4.4972  4.1055  3.7513  3.2596  2.9104  2.8686  4.2441  4.6845
 154  0.690257  3.7476  4.0791  0.1415  5.5509  5.2177  4.4775  4.0839  3.7282  3.2332  2.8817  2.8396  4.2231  4.6663
 155  0.691019  3.7465  4.0664  0.1503  5.5453  5.2031  4.4582  4.0624  3.7049  3.2066  2.8525  2.8100  4.2022  4.6485
 156  0.691766  3.7452  4.0529  0.1590  5.5427  5.1901  4.4394  4.0410  3.6814  3.1791  2.8220  2.7790  4.1816  4.6316
 157  0.692498  3.7437  4.0389  0.1678  5.5423  5.1783  4.4210  4.0197  3.6578  3.1512  2.7906  2.7471  4.1611  4.6154
 158  0.693214  3.7420  4.0238  0.1765  5.5461  5.1686  4.4036  3.9987  3.6340  3.1222  2.7576  2.7134  4.1412  4.6005
 159  0.693913  3.7401  4.0078  0.1852  5.5544  5.1612  4.3870  3.9781  3.6101  3.0923  2.7229  2.6780  4.1217  4.5871
 160  0.694587  3.7380  3.9911  0.1938  5.5660  5.1551  4.3712  3.9578  3.5862  3.0619  2.6873  2.6414  4.1026  4.5747
 161  0.695232  3.7356  3.9734  0.2024  5.5823  5.1514  4.3563  3.9378  3.5623  3.0306  2.6501  2.6033  4.0841  4.5638
 162  0.695936  3.7326  3.9524  0.2118  5.6084  5.1512  4.3419  3.9167  3.5360  2.9947  2.6066  2.5585  4.0648  4.5547
 163  0.696630  3.7293  3.9288  0.2227  5.6358  5.1497  4.3248  3.8923  3.5061  2.9543  2.5578  2.5082  4.0424  4.5435
 164  0.697313  3.7257  3.9027  0.2350  5.6647  5.1469  4.3053  3.8648  3.4726  2.9093  2.5037  2.4525  4.0170  4.5305
 165  0.697978  3.7222  3.8745  0.2495  5.6897  5.1397  4.2812  3.8327  3.4342  2.8593  2.4445  2.3916  3.9869  4.5132
 166  0.698615  3.7188  3.8445  0.2663  5.7063  5.1252  4.2508  3.7946  3.3902  2.8041  2.3804  2.3259  3.9507  4.4895
 167  0.699217  3.7158  3.8134  0.2857  5.7113  5.1022  4.2136  3.7503  3.3405  2.7442  2.3125  2.2564  3.9081  4.4582
 168  0.699783  3.7132  3.7820  0.3071  5.7038  5.0705  4.1698  3.7006  3.2861  2.6809  2.2422  2.1848  3.8597  4.4196
 169  0.700315  3.7111  3.7508  0.3302  5.6841  5.0311  4.1205  3.6464  3.2280  2.6154  2.1711  2.1125  3.8067  4.3744
 170  0.700819  3.7093  3.7198  0.3544  5.6547  4.9856  4.0669  3.5888  3.1671  2.5484  2.0994  2.0398  3.7500  4.3241
 171  0.701300  3.7078  3.6891  0.3794  5.6180  4.9355  4.0101  3.5288  3.1044  2.4804  2.0275  1.9671  3.6907  4.2700
 172  0.701763  3.7066  3.6588  0.4051  5.5761  4.8820  3.9510  3.4669  3.0402  2.4118  1.9556  1.8945  3.6294  4.2129
 173  0.702212  3.7055  3.6287  0.4312  5.5299  4.8257  3.8900  3.4038  2.9750  2.3427  1.8839  1.8221  3.5667  4.1535
 174  0.702649  3.7046  3.5988  0.4575  5.4801  4.7674  3.8277  3.3396  2.9091  2.2734  1.8122  1.7499  3.5029  4.0924
 175  0.703076  3.7037  3.5691  0.4842  5.4281  4.7077  3.7644  3.2747  2.8426  2.2038  1.7405  1.6776  3.4382  4.0301
 176  0.703492  3.7029  3.5392  0.5111  5.3743  4.6469  3.7001  3.2089  2.7753  2.1337  1.6684  1.6051  3.3728  3.9667
 177  0.703897  3.7022  3.5093  0.5383  5.3189  4.5849  3.6350  3.1425  2.7075  2.0631  1.5960  1.5323  3.3066  3.9023
 178  0.704290  3.7015  3.4792  0.5658  5.2625  4.5222  3.5692  3.0753  2.6390  1.9919  1.5231  1.4589  3.2397  3.8372
 179  0.704672  3.7008  3.4489  0.5935  5.2054  4.4589  3.5028  3.0076  2.5699  1.9201  1.4496  1.3850  3.1722  3.7715
 180  0.705042  3.7000  3.4183  0.6214  5.1479  4.3951  3.4359  2.9393  2.5002  1.8478  1.3754  1.3104  3.1042  3.7052
 181  0.705400  3.6993  3.3874  0.6496  5.0902  4.3310  3.3685  2.8705  2.4299  1.7747  1.3004  1.2350  3.0356  3.6387
 182  0.705564  3.6989  3.3720  0.6636  5.0615  4.2993  3.3352  2.8364  2.3951  1.7386  1.2633  1.1977  3.0017  3.6057
 183  0.705727  3.6985  3.3558  0.6783  5.0309  4.2658  3.2999  2.8004  2.3583  1.7003  1.2240  1.1582  2.9658  3.5709
 184  0.705888  3.6981  3.3387  0.6939  4.9987  4.2306  3.2628  2.7624  2.3195  1.6600  1.1824  1.1164  2.9280  3.5342
 185  0.706049  3.6977  3.3208  0.7101  4.9653  4.1941  3.2243  2.7230  2.2792  1.6180  1.1393  1.0731  2.8887  3.4962
 186  0.706207  3.6972  3.3019  0.7271  4.9305  4.1557  3.1838  2.6815  2.2367  1.5738  1.0937  1.0273  2.8474  3.4563
 187  0.706364  3.6967  3.2821  0.7450  4.8943  4.1157  3.1414  2.6380  2.1921  1.5274  1.0457  0.9791  2.8041  3.4145
 188  0.706519  3.6961  3.2617  0.7633  4.8571  4.0747  3.0980  2.5934  2.1464  1.4797  0.9965  0.9297  2.7597  3.3717
 189  0.706673  3.6956  3.2404  0.7824  4.8186  4.0322  3.0528  2.5470  2.0989  1.4301  0.9452  0.8782  2.7136  3.3273
 190  0.706823  3.6949  3.2179  0.8025  4.7789  3.9878  3.0055  2.4983  2.0489  1.3778  0.8910  0.8238  2.6651  3.2809
 191  0.706973  3.6943  3.1949  0.8230  4.7382  3.9424  2.9571  2.4486  1.9978  1.3244  0.8357  0.7683  2.6156  3.2334
 192  0.707120  3.6936  3.1709  0.8443  4.6962  3.8954  2.9069  2.3969  1.9447  1.2689  0.7782  0.7104  2.5642  3.1841
 193  0.707265  3.6929  3.1461  0.8663  4.6535  3.8472  2.8553  2.3436  1.8900  1.2114  0.7185  0.6505  2.5112  3.1335
 194  0.707408  3.6921  3.1204  0.8890  4.6100  3.7976  2.8021  2.2887  1.8335  1.1521  0.6569  0.5886  2.4566  3.0815
 195  0.707548  3.6913  3.0936  0.9125  4.5656  3.7467  2.7473  2.2319  1.7750  1.0906  0.5930  0.5244  2.4002  3.0279
 196  0.707685  3.6904  3.0660  0.9367  4.5205  3.6944  2.6908  2.1735  1.7148  1.0272  0.5270  0.4580  2.3422  2.9727
 197  0.707819  3.6895  3.0376  0.9615  4.4759  3.6413  2.6331  2.1137  1.6531  0.9620  0.4592  0.3896  2.2827  2.9165
 198  0.707950  3.6885  3.0080  0.9872  4.4311  3.5866  2.5735  2.0518  1.5892  0.8944  0.3889  0.3186  2.2213  2.8585
 199  0.708078  3.6874  2.9775  1.0136  4.3867  3.5312  2.5127  1.9885  1.5237  0.8248  0.3164  0.2454  2.1584  2.7995
 200  0.708202  3.6863  2.9460  1.0407  4.3427  3.4751  2.4507  1.9238  1.4566  0.7534  0.2418  0.1699  2.0942  2.7396
 201  0.708323  3.6851  2.9135  1.0685  4.2983  3.4175  2.3870  1.8573  1.3876  0.6797  0.1650  0.0922  2.0281  2.6781
 202  0.708440  3.6838  2.8800  1.0970  4.2541  3.3591  2.3220  1.7893  1.3169  0.6042  0.0861  0.0122  1.9607  2.6155
 203  0.708553  3.6825  2.8456  1.1262  4.2101  3.2998  2.2558  1.7198  1.2446  0.5268  0.0051 -0.0699  1.8917  2.5518
 204  0.708662  3.6812  2.8104  1.1560  4.1661  3.2396  2.1883  1.6490  1.1709  0.4477 -0.0777 -0.1538  1.8215  2.4871
 205  0.708767  3.6797  2.7743  1.1865  4.1217  3.1785  2.1196  1.5767  1.0956  0.3668 -0.1625 -0.2398  1.7498  2.4213
 206  0.708867  3.6782  2.7373  1.2175  4.0779  3.1167  2.0499  1.5032  1.0189  0.2842 -0.2492 -0.3277  1.6769  2.3548
 207  0.708964  3.6767  2.6995  1.2492  4.0343  3.0543  1.9792  1.4285  0.9408  0.2000 -0.3376 -0.4175  1.6029  2.2874
 208  0.709056  3.6751  2.6610  1.2814  3.9913  2.9913  1.9076  1.3528  0.8616  0.1144 -0.4276 -0.5089  1.5278  2.2194
 209  0.709144  3.6734  2.6217  1.3140  3.9486  2.9278  1.8352  1.2761  0.7812  0.0274 -0.5192 -0.6019  1.4518  2.1508
 210  0.709228  3.6717  2.5818  1.3471  3.9068  2.8641  1.7623  1.1987  0.7000 -0.0608 -0.6120 -0.6963  1.3750  2.0819
 211  0.709308  3.6699  2.5413  1.3806  3.8653  2.8000  1.6889  1.1206  0.6179 -0.1499 -0.7059 -0.7918  1.2976  2.0125
 212  0.709386  3.6681  2.5003  1.4143  3.8247  2.7358  1.6151  1.0420  0.5351 -0.2400 -0.8008 -0.8884  1.2196  1.9431
 213  0.709461  3.6662  2.4587  1.4483  3.7864  2.6724  1.5415  0.9633  0.4520 -0.3309 -0.8967 -0.9862  1.1416  1.8742
 214  0.709535  3.6642  2.4168  1.4824  3.7496  2.6096  1.4683  0.8847  0.3688 -0.4221 -0.9932 -1.0845  1.0637  1.8060
 215  0.709612  3.6623  2.3754  1.5162  3.7139  2.5478  1.3960  0.8070  0.2865 -0.5123 -1.0887 -1.1820  0.9867  1.7389
 216  0.709713  3.6606  2.3378  1.5471  3.6797  2.4905  1.3294  0.7357  0.2111 -0.5947 -1.1759 -1.2708  0.9159  1.6768
 217  0.709719  3.6606  2.3366  1.5482  3.6782  2.4884  1.3271  0.7332  0.2086 -0.5974 -1.1787 -1.2736  0.9135  1.6746
 218  0.709726  3.6606  2.3356  1.5491  3.6764  2.4864  1.3249  0.7310  0.2063 -0.5997 -1.1810 -1.2760  0.9113  1.6724
 219  0.709735  3.6606  2.3349  1.5498  3.6748  2.4847  1.3232  0.7293  0.2046 -0.6015 -1.1828 -1.2778  0.9095  1.6707
 220  0.709745  3.6606  2.3348  1.5501  3.6727  2.4832  1.3220  0.7282  0.2037 -0.6022 -1.1834 -1.2783  0.9085  1.6692
 221  0.709756  3.6607  2.3353  1.5499  3.6715  2.4829  1.3221  0.7286  0.2042 -0.6013 -1.1822 -1.2771  0.9088  1.6691
 222  0.709765  3.6608  2.3362  1.5493  3.6712  2.4836  1.3232  0.7299  0.2056 -0.5996 -1.1803 -1.2751  0.9100  1.6699
 223  0.709773  3.6608  2.3374  1.5484  3.6713  2.4848  1.3247  0.7317  0.2076 -0.5973 -1.1777 -1.2725  0.9118  1.6712
 224  0.709780  3.6609  2.3387  1.5475  3.6717  2.4863  1.3267  0.7338  0.2100 -0.5946 -1.1748 -1.2695  0.9139  1.6729
 225  0.709787  3.6610  2.3401  1.5464  3.6724  2.4880  1.3288  0.7362  0.2125 -0.5917 -1.1717 -1.2663  0.9163  1.6748
 226  0.709795  3.6611  2.3415  1.5453  3.6728  2.4896  1.3309  0.7386  0.2151 -0.5888 -1.1685 -1.2630  0.9186  1.6766
 227  0.709884  3.6593  2.3003  1.5794  3.6343  2.4261  1.2573  0.6598  0.1320 -0.6794 -1.2642 -1.3605  0.8405  1.6079
 228  0.709970  3.6557  2.2286  1.6368  3.5848  2.3268  1.1381  0.5300 -0.0068 -0.8332 -1.4285 -1.5285  0.7119  1.4993
 229  0.710044  3.6521  2.1589  1.6923  3.5412  2.2331  1.0244  0.4054 -0.1406 -0.9821 -1.5879 -1.6917  0.5885  1.3967
 230  0.710110  3.6486  2.0904  1.7466  3.5017  2.1431  0.9146  0.2844 -0.2711 -1.1277 -1.7441 -1.8519  0.4685  1.2984
 231  0.710168  3.6450  2.0229  1.7999  3.4663  2.0569  0.8085  0.1670 -0.3985 -1.2703 -1.8972 -2.0091  0.3520  1.2042
 232  0.710219  3.6415  1.9579  1.8508  3.4373  1.9769  0.7087  0.0557 -0.5201 -1.4071 -2.0444 -2.1605  0.2415  1.1168
 233  0.710265  3.6379  1.8932  1.9012  3.4123  1.8999  0.6117 -0.0530 -0.6397 -1.5422 -2.1901 -2.3105  0.1334  1.0327
 234  0.710306  3.6343  1.8283  1.9515  3.3907  1.8252  0.5167 -0.1601 -0.7587 -1.6772 -2.3357 -2.4609  0.0266  0.9510
 235  0.710343  3.6307  1.7653  2.0001  3.3725  1.7545  0.4263 -0.2622 -0.8733 -1.8077 -2.4766 -2.6066 -0.0755  0.8741
 236  0.710375  3.6272  1.7046  2.0469  3.3566  1.6880  0.3410 -0.3588 -0.9830 -1.9330 -2.6118 -2.7468 -0.1725  0.8018
 237  0.710405  3.6236  1.6438  2.0934  3.3430  1.6237  0.2580 -0.4535 -1.0918 -2.0581 -2.7468 -2.8871 -0.2679  0.7316
 238  0.710432  3.6201  1.5838  2.1393  3.3306  1.5621  0.1782 -0.5448 -1.1984 -2.1811 -2.8798 -3.0253 -0.3603  0.6646
 239  0.710456  3.6166  1.5250  2.1841  3.3194  1.5035  0.1020 -0.6322 -1.3023 -2.3015 -3.0104 -3.1610 -0.4494  0.6008
 240  0.710477  3.6131  1.4681  2.2272  3.3106  1.4496  0.0314 -0.7137 -1.4016 -2.4173 -3.1365 -3.2922 -0.5333  0.5420
 241  0.710497  3.6096  1.4111  2.2702  3.3024  1.3979 -0.0366 -0.7928 -1.5001 -2.5328 -3.2624 -3.4232 -0.6151  0.4847
 242  0.710515  3.6061  1.3552  2.3122  3.2947  1.3493 -0.1007 -0.8676 -1.5961 -2.6460 -3.3858 -3.5518 -0.6935  0.4303
 243  0.710531  3.6027  1.3006  2.3531  3.2874  1.3041 -0.1603 -0.9377 -1.6890 -2.7563 -3.5061 -3.6772 -0.7679  0.3795
 244  0.710545  3.5993  1.2469  2.3933  3.2808  1.2625 -0.2158 -1.0032 -1.7797 -2.8648 -3.6243 -3.8007 -0.8387  0.3323
 245  0.710559  3.5960  1.1944  2.4324  3.2731  1.2237 -0.2677 -1.0648 -1.8678 -2.9707 -3.7398 -3.9214 -0.9062  0.2876
 246  0.710571  3.5927  1.1431  2.4707  3.2640  1.1878 -0.3159 -1.1228 -1.9531 -3.0740 -3.8526 -4.0394 -0.9706  0.2452
 247  0.710582  3.5895  1.0928  2.5080  3.2533  1.1545 -0.3609 -1.1772 -2.0359 -3.1747 -3.9627 -4.1546 -1.0320  0.2049
 248  0.710593  3.5863  1.0431  2.5450  3.2417  1.1241 -0.4023 -1.2280 -2.1172 -3.2744 -4.0717 -4.2687 -1.0908  0.1670
 249  0.710602  3.5831  0.9944  2.5809  3.2308  1.0977 -0.4383 -1.2732 -2.1955 -3.3716 -4.1778 -4.3799 -1.1453  0.1331
 250  0.710611  3.5799  0.9462  2.6163  3.2206  1.0749 -0.4693 -1.3136 -2.2720 -3.4679 -4.2827 -4.4900 -1.1964  0.1025
 251  0.710619  3.5768  0.8995  2.6505  3.2100  1.0548 -0.4962 -1.3496 -2.3455 -3.5609 -4.3838 -4.5961 -1.2440  0.0744
 252  0.710627  3.5737  0.8535  2.6841  3.1994  1.0389 -0.5177 -1.3807 -2.4165 -3.6524 -4.4833 -4.7006 -1.2879  0.0499
 253  0.710634  3.5706  0.8081  2.7172  3.1889  1.0276 -0.5331 -1.4064 -2.4853 -3.7428 -4.5817 -4.8039 -1.3281  0.0292
 254  0.710640  3.5676  0.7642  2.7491  3.1783  1.0208 -0.5423 -1.4262 -2.5503 -3.8300 -4.6766 -4.9036 -1.3639  0.0124
 255  0.710646  3.5645  0.7204  2.7807  3.1676  1.0191 -0.5444 -1.4396 -2.6140 -3.9169 -4.7714 -5.0032 -1.3957 -0.0004
 256  0.710652  3.5616  0.6778  2.8115  3.1570  1.0222 -0.5396 -1.4473 -2.6741 -4.0016 -4.8637 -5.1000 -1.4232 -0.0088
 257  0.710657  3.5587  0.6361  2.8415  3.1469  1.0307 -0.5273 -1.4493 -2.7304 -4.0843 -4.9538 -5.1946 -1.4465 -0.0124
 258  0.710662  3.5558  0.5950  2.8710  3.1384  1.0457 -0.5067 -1.4452 -2.7830 -4.1658 -5.0425 -5.2878 -1.4654 -0.0109
 259  0.710666  3.5529  0.5548  2.8998  3.1330  1.0663 -0.4799 -1.4370 -2.8319 -4.2457 -5.1294 -5.3791 -1.4807 -0.0060
 260  0.710671  3.5501  0.5154  2.9279  3.1267  1.0933 -0.4429 -1.4213 -2.8763 -4.3238 -5.2144 -5.4685 -1.4909  0.0054
 261  0.710675  3.5473  0.4767  2.9554  3.1181  1.1284 -0.3929 -1.3962 -2.9158 -4.4008 -5.2979 -5.5563 -1.4948  0.0251
 262  0.710678  3.5445  0.4387  2.9824  3.1061  1.1722 -0.3273 -1.3599 -2.9496 -4.4769 -5.3802 -5.6427 -1.4914  0.0544
 263  0.710682  3.5418  0.4016  3.0087  3.0833  1.2310 -0.2304 -1.3004 -2.9746 -4.5517 -5.4608 -5.7273 -1.4745  0.0998
 264  0.710685  3.5391  0.3648  3.0347  3.0561  1.3025 -0.1095 -1.2257 -2.9915 -4.6268 -5.5412 -5.8115 -1.4477  0.1591
 265  0.710688  3.5365  0.3293  3.0597  3.0285  1.3820  0.0259 -1.1432 -3.0005 -4.7003 -5.6190 -5.8931 -1.4142  0.2286
 266  0.710691  3.5339  0.2941  3.0846  3.0013  1.4693  0.1748 -1.0546 -3.0024 -4.7736 -5.6963 -5.9739 -1.3749  0.3084
 267  0.710694  3.5314  0.2597  3.1088  2.9762  1.5593  0.3280 -0.9672 -2.9986 -4.8457 -5.7720 -6.0531 -1.3337  0.3942
 268  0.710697  3.5289  0.2261  3.1324  2.9595  1.6472  0.4770 -0.8936 -2.9869 -4.9149 -5.8454 -6.1304 -1.2949  0.4875
 269  0.710699  3.5262  0.1921  3.1557  2.9483  1.7417  0.6319 -0.8198 -2.9677 -4.9828 -5.9187 -6.2079 -1.2521  0.5917
 270  0.710702  3.5237  0.1595  3.1783  2.9385  1.8219  0.7612 -0.7640 -2.9520 -5.0472 -5.9887 -6.2821 -1.2192  0.6832
 271  0.710704  3.5213  0.1276  3.2005  2.9312  1.8940  0.8729 -0.7200 -2.9376 -5.1091 -6.0568 -6.3544 -1.1923  0.7679
 272  0.710706  3.5189  0.0963  3.2223  2.9275  1.9610  0.9701 -0.6850 -2.9234 -5.1685 -6.1230 -6.4249 -1.1693  0.8483
 273  0.710708  3.5166  0.0658  3.2436  2.9292  2.0186  1.0381 -0.6640 -2.9140 -5.2252 -6.1870 -6.4928 -1.1546  0.9166
 274  0.710710  3.5143  0.0358  3.2643  2.9352  2.0742  1.0946 -0.6478 -2.9040 -5.2797 -6.2491 -6.5589 -1.1415  0.9826
 275  0.710712  3.5121  0.0067  3.2846  2.9418  2.1236  1.1391 -0.6375 -2.8959 -5.3326 -6.3093 -6.6229 -1.1320  1.0417
 276  0.710714  3.5099 -0.0219  3.3044  3.3369  2.4094  1.3796 -0.4855 -2.8106 -5.3860 -6.4091 -6.7191 -1.0138  1.3207
 277  0.710715  3.5077 -0.0496  3.3236  3.2495  2.3936  1.3601 -0.5156 -2.8216 -5.4356 -6.4558 -6.7711 -1.0336  1.3179
 278  0.710717  3.5057 -0.0763  3.3420  3.0440  2.3017  1.2738 -0.5904 -2.8560 -5.4828 -6.4880 -6.8103 -1.0873  1.2436
 279  0.710719  3.5039 -0.1001  3.3589  2.9664  2.2812  1.2510 -0.6162 -2.8673 -5.5267 -6.5297 -6.8560 -1.1057  1.2338