#NUMBER OF AGES=1 MAGS=10
#----------------------------------------------------       
#MIX-LEN  Y      Z          Zeff        [Fe/H] [a/Fe]
# 1.9380  0.2826 2.3222E-02 5.2928E-03  0.00   0.00
#----------------------------------------------------       
#**PHOTOMETRIC SYSTEM**: Bessell UBV(RI)c + 2MASS JHKs + Kepler (Vega)

#AGE= 6.000 EEPS=269
#EEP   M/Mo    LogTeff  LogG   LogL/Lo U       B       V       R       I       J       H       Ks      Kp      D51     
  11  0.111558  3.5114  5.2113 -2.7269 16.6566 15.1528 13.5648 12.4791 11.0642  9.6768  9.1337  8.8947 12.4474 14.2240
  12  0.133992  3.5131  5.1481 -2.5773 16.1975 14.7344 13.1650 12.0880 10.6870  9.3069  8.7641  8.5250 12.0616 13.8127
  13  0.154530  3.5152  5.1019 -2.4608 15.8266 14.3965 12.8435 11.7762 10.3908  9.0208  8.4776  8.2390 11.7557 13.4823
  14  0.173108  3.5180  5.0687 -2.3672 15.5090 14.1075 12.5708 11.5152 10.1495  8.7937  8.2490  8.0119 11.5021 13.2020
  15  0.187303  3.5204  5.0474 -2.3017 15.2800 13.8986 12.3742 11.3285  9.9794  8.6363  8.0900  7.8544 11.3217 13.0003
  16  0.197786  3.5222  5.0331 -2.2567 15.1222 13.7539 12.2382 11.1994  9.8621  8.5281  7.9805  7.7459 11.1969 12.8609
  17  0.205737  3.5235  5.0230 -2.2243 15.0097 13.6503 12.1406 11.1069  9.7780  8.4504  7.9018  7.6680 11.1074 12.7611
  18  0.212284  3.5245  5.0153 -2.1989 14.9215 13.5689 12.0639 11.0341  9.7119  8.3896  7.8401  7.6069 11.0371 12.6827
  19  0.218132  3.5255  5.0087 -2.1767 14.8442 13.4973 11.9966 10.9702  9.6541  8.3364  7.7861  7.5535 10.9754 12.6138
  20  0.223785  3.5264  5.0022 -2.1555 14.7703 13.4289 11.9322 10.9092  9.5988  8.2857  7.7345  7.5025 10.9164 12.5480
  21  0.229699  3.5274  4.9955 -2.1335 14.6943 13.3581 11.8655 10.8461  9.5417  8.2333  7.6811  7.4497 10.8555 12.4800
  22  0.236314  3.5285  4.9880 -2.1093 14.6105 13.2798 11.7919 10.7763  9.4786  8.1755  7.6221  7.3914 10.7881 12.4049
  23  0.244033  3.5298  4.9792 -2.0812 14.5132 13.1888 11.7063 10.6953  9.4055  8.1087  7.5538  7.3240 10.7098 12.3176
  24  0.253167  3.5314  4.9684 -2.0480 14.3980 13.0807 11.6047 10.5992  9.3189  8.0298  7.4729  7.2441 10.6171 12.2142
  25  0.261824  3.5330  4.9580 -2.0167 14.2898 12.9788 11.5089 10.5086  9.2376  7.9556  7.3967  7.1688 10.5297 12.1167
  26  0.269589  3.5344  4.9488 -1.9891 14.1942 12.8884 11.4239 10.4283  9.1657  7.8903  7.3294  7.1024 10.4524 12.0303
  27  0.276843  3.5358  4.9404 -1.9636 14.1056 12.8045 11.3450 10.3538  9.0994  7.8303  7.2674  7.0412 10.3807 11.9502
  28  0.284640  3.5374  4.9318 -1.9367 14.0113 12.7148 11.2606 10.2744  9.0292  7.7672  7.2021  6.9768 10.3044 11.8648
  29  0.294695  3.5396  4.9212 -1.9022 13.8893 12.5983 11.1510 10.1714  8.9390  7.6868  7.1187  6.8945 10.2058 11.7540
  30  0.320746  3.5464  4.8913 -1.8084 13.5536 12.2741 10.8455  9.8849  8.6915  7.4711  6.8931  6.6723  9.9326 11.4471
  31  0.357064  3.5584  4.8462 -1.6687 13.0553 11.7798 10.3746  9.4431  8.3203  7.1569  6.5613  6.3461  9.5145 10.9805
  32  0.371764  3.5640  4.8275 -1.6100 12.8472 11.5677 10.1701  9.2522  8.1670  7.0269  6.4229  6.2113  9.3359 10.7794
  33  0.383032  3.5686  4.8130 -1.5638 12.6839 11.3987 10.0062  9.0993  8.0466  6.9254  6.3145  6.1065  9.1935 10.6193
  34  0.393995  3.5734  4.7991 -1.5185 12.5243 11.2316  9.8434  8.9472  7.9280  6.8264  6.2085  6.0047  9.0520 10.4613
  35  0.405682  3.5788  4.7849 -1.4700 12.3537 11.0509  9.6668  8.7822  7.8012  6.7215  6.0959  5.8977  8.8989 10.2909
  36  0.416916  3.5844  4.7717 -1.4228 12.1848 10.8713  9.4905  8.6174  7.6778  6.6207  5.9872  5.7956  8.7467 10.1215
  37  0.427530  3.5900  4.7598 -1.3776 12.0227 10.6972  9.3203  8.4586  7.5600  6.5250  5.8839  5.6998  8.5998  9.9589
  38  0.437857  3.5956  4.7487 -1.3336 11.8691 10.5269  9.1575  8.3075  7.4450  6.4302  5.7820  5.6068  8.4585  9.8051
  39  0.448109  3.6014  4.7383 -1.2900 11.7178 10.3569  8.9974  8.1596  7.3313  6.3359  5.6813  5.5158  8.3191  9.6544
  40  0.457837  3.6071  4.7291 -1.2485 11.5667 10.1911  8.8409  8.0154  7.2238  6.2480  5.5884  5.4322  8.1838  9.5054
  41  0.466888  3.6127  4.7211 -1.2097 11.4207 10.0324  8.6922  7.8789  7.1233  6.1664  5.5034  5.3559  8.0556  9.3626
  42  0.476285  3.6187  4.7135 -1.1694 11.2703  9.8666  8.5395  7.7397  7.0191  6.0808  5.4156  5.2775  7.9236  9.2161
  43  0.487144  3.6259  4.7056 -1.1231 11.0867  9.6701  8.3625  7.5803  6.8991  5.9830  5.3185  5.1910  7.7710  9.0423
  44  0.500241  3.6347  4.6969 -1.0675 10.8393  9.4244  8.1472  7.3891  6.7543  5.8675  5.2095  5.0943  7.5861  8.8206
  45  0.514525  3.6448  4.6885 -1.0065 10.5245  9.1467  7.9091  7.1815  6.5941  5.7428  5.1006  4.9970  7.3824  8.5580
  46  0.529204  3.6557  4.6812 -0.9435 10.1587  8.8520  7.6642  6.9731  6.4270  5.6158  4.9991  4.9064  7.1735  8.2695
  47  0.543736  3.6663  4.6739 -0.8820  9.7750  8.5655  7.4301  6.7780  6.2642  5.4929  4.9057  4.8226  6.9743  7.9781
  48  0.557282  3.6757  4.6663 -0.8260  9.4271  8.3126  7.2239  6.6068  6.1169  5.3813  4.8237  4.7475  6.7977  7.7168
  49  0.569231  3.6838  4.6592 -0.7773  9.1265  8.0991  7.0491  6.4619  5.9906  5.2853  4.7537  4.6826  6.6474  7.4938
  50  0.579158  3.6904  4.6530 -0.7374  8.8872  7.9288  6.9093  6.3457  5.8885  5.2070  4.6958  4.6285  6.5267  7.3168
  51  0.587366  3.6956  4.6475 -0.7046  8.7035  7.7932  6.7973  6.2520  5.8055  5.1424  4.6477  4.5833  6.4292  7.1765
  52  0.592578  3.6989  4.6438 -0.6840  8.5891  7.7091  6.7277  6.1935  5.7535  5.1018  4.6172  4.5545  6.3684  7.0902
  53  0.597753  3.7021  4.6400 -0.6636  8.4723  7.6264  6.6596  6.1360  5.7025  5.0622  4.5871  4.5261  6.3087  7.0064
  54  0.602882  3.7053  4.6360 -0.6434  8.3571  7.5458  6.5932  6.0798  5.6524  5.0231  4.5572  4.4979  6.2503  6.9255
  55  0.607948  3.7083  4.6320 -0.6236  8.2446  7.4675  6.5287  6.0249  5.6035  4.9847  4.5276  4.4698  6.1933  6.8476
  56  0.612949  3.7113  4.6278 -0.6041  8.1360  7.3915  6.4661  5.9714  5.5556  4.9469  4.4982  4.4419  6.1377  6.7728
  57  0.617888  3.7141  4.6237 -0.5849  8.0303  7.3175  6.4052  5.9192  5.5086  4.9096  4.4691  4.4142  6.0835  6.7007
  58  0.622759  3.7169  4.6194 -0.5660  7.9275  7.2454  6.3460  5.8682  5.4627  4.8730  4.4403  4.3868  6.0306  6.6311
  59  0.627567  3.7197  4.6150 -0.5474  7.8275  7.1752  6.2884  5.8183  5.4177  4.8370  4.4118  4.3596  5.9788  6.5639
  60  0.632324  3.7223  4.6106 -0.5291  7.7300  7.1066  6.2321  5.7694  5.3735  4.8015  4.3835  4.3325  5.9281  6.4988
  61  0.637021  3.7249  4.6060 -0.5110  7.6350  7.0399  6.1774  5.7215  5.3300  4.7665  4.3554  4.3055  5.8785  6.4359
  62  0.641682  3.7274  4.6013 -0.4932  7.5420  6.9750  6.1238  5.6744  5.2869  4.7318  4.3278  4.2785  5.8298  6.3749
  63  0.646289  3.7298  4.5964 -0.4755  7.4516  6.9118  6.0716  5.6281  5.2445  4.6975  4.3003  4.2513  5.7819  6.3157
  64  0.650871  3.7321  4.5914 -0.4580  7.3635  6.8497  6.0202  5.5824  5.2026  4.6634  4.2726  4.2241  5.7348  6.2580
  65  0.655422  3.7344  4.5863 -0.4407  7.2780  6.7883  5.9696  5.5375  5.1613  4.6294  4.2445  4.1969  5.6883  6.2015
  66  0.659936  3.7367  4.5810 -0.4235  7.1945  6.7278  5.9198  5.4932  5.1207  4.5957  4.2164  4.1698  5.6425  6.1461
  67  0.664424  3.7389  4.5756 -0.4064  7.1131  6.6683  5.8708  5.4494  5.0805  4.5622  4.1882  4.1426  5.5973  6.0918
  68  0.668867  3.7410  4.5702 -0.3895  7.0336  6.6098  5.8226  5.4064  5.0408  4.5290  4.1601  4.1154  5.5527  6.0387
  69  0.673267  3.7430  4.5645 -0.3728  6.9560  6.5526  5.7753  5.3639  5.0016  4.4960  4.1320  4.0883  5.5089  5.9868
  70  0.677610  3.7451  4.5589 -0.3564  6.8805  6.4966  5.7289  5.3222  4.9631  4.4635  4.1042  4.0613  5.4658  5.9361
  71  0.681887  3.7470  4.5531 -0.3401  6.8075  6.4420  5.6835  5.2813  4.9251  4.4313  4.0765  4.0344  5.4236  5.8867
  72  0.686095  3.7488  4.5473 -0.3242  6.7366  6.3886  5.6391  5.2411  4.8879  4.3996  4.0491  4.0078  5.3821  5.8385
  73  0.690219  3.7506  4.5414 -0.3085  6.6682  6.3366  5.5958  5.2018  4.8514  4.3683  4.0220  3.9815  5.3416  5.7916
  74  0.694248  3.7524  4.5356 -0.2932  6.6023  6.2862  5.5537  5.1635  4.8158  4.3377  3.9953  3.9555  5.3021  5.7461
  75  0.698178  3.7540  4.5296 -0.2783  6.5391  6.2375  5.5128  5.1261  4.7810  4.3077  3.9690  3.9298  5.2637  5.7021
  76  0.702011  3.7556  4.5236 -0.2637  6.4784  6.1903  5.4731  5.0898  4.7470  4.2782  3.9430  3.9045  5.2263  5.6595
  77  0.705730  3.7571  4.5177 -0.2495  6.4198  6.1446  5.4345  5.0545  4.7140  4.2494  3.9176  3.8796  5.1900  5.6182
  78  0.709346  3.7585  4.5118 -0.2357  6.3635  6.1004  5.3971  5.0201  4.6819  4.2213  3.8926  3.8552  5.1546  5.5782
  79  0.712863  3.7599  4.5059 -0.2222  6.3092  6.0575  5.3607  4.9867  4.6505  4.1937  3.8680  3.8311  5.1202  5.5394
  80  0.716296  3.7612  4.5000 -0.2090  6.2569  6.0159  5.3253  4.9540  4.6198  4.1667  3.8438  3.8074  5.0867  5.5017
  81  0.719642  3.7624  4.4942 -0.1961  6.2063  5.9755  5.2908  4.9221  4.5899  4.1402  3.8200  3.7840  5.0540  5.4650
  82  0.722860  3.7636  4.4884 -0.1836  6.1582  5.9367  5.2576  4.8914  4.5610  4.1145  3.7969  3.7614  5.0225  5.4299
  83  0.726027  3.7647  4.4826 -0.1714  6.1112  5.8987  5.2249  4.8612  4.5325  4.0891  3.7741  3.7389  4.9914  5.3954
  84  0.729149  3.7658  4.4767 -0.1593  6.0654  5.8614  5.1928  4.8314  4.5044  4.0640  3.7513  3.7165  4.9609  5.3615
  85  0.732231  3.7669  4.4709 -0.1473  6.0207  5.8248  5.1612  4.8019  4.4766  4.0390  3.7287  3.6942  4.9307  5.3281
  86  0.735274  3.7679  4.4650 -0.1355  5.9770  5.7888  5.1300  4.7729  4.4491  4.0143  3.7063  3.6721  4.9010  5.2954
  87  0.738277  3.7689  4.4590 -0.1239  5.9345  5.7535  5.0993  4.7442  4.4219  3.9898  3.6838  3.6500  4.8716  5.2631
  88  0.741245  3.7699  4.4531 -0.1124  5.8926  5.7187  5.0691  4.7159  4.3951  3.9655  3.6617  3.6281  4.8427  5.2314
  89  0.744174  3.7708  4.4471 -0.1010  5.8516  5.6845  5.0392  4.6880  4.3685  3.9415  3.6396  3.6063  4.8141  5.2001
  90  0.747068  3.7717  4.4412 -0.0898  5.8115  5.6509  5.0098  4.6604  4.3424  3.9177  3.6177  3.5847  4.7859  5.1693
  91  0.749924  3.7725  4.4352 -0.0787  5.7725  5.6180  4.9809  4.6332  4.3165  3.8941  3.5959  3.5632  4.7582  5.1391
  92  0.752747  3.7734  4.4293 -0.0678  5.7343  5.5857  4.9524  4.6064  4.2909  3.8708  3.5744  3.5419  4.7308  5.1093
  93  0.755539  3.7742  4.4233 -0.0571  5.6972  5.5541  4.9244  4.5800  4.2657  3.8476  3.5528  3.5206  4.7038  5.0801
  94  0.758293  3.7749  4.4173 -0.0465  5.6609  5.5230  4.8968  4.5540  4.2409  3.8247  3.5316  3.4996  4.6773  5.0514
  95  0.761014  3.7756  4.4113 -0.0360  5.6258  5.4926  4.8698  4.5285  4.2164  3.8021  3.5104  3.4787  4.6512  5.0233
  96  0.763700  3.7763  4.4053 -0.0258  5.5914  5.4628  4.8433  4.5033  4.1923  3.7797  3.4895  3.4580  4.6256  4.9958
  97  0.766348  3.7770  4.3993 -0.0157  5.5578  5.4336  4.8172  4.4785  4.1685  3.7577  3.4688  3.4375  4.6004  4.9687
  98  0.768957  3.7776  4.3933 -0.0058  5.5251  5.4049  4.7916  4.4542  4.1452  3.7359  3.4483  3.4172  4.5756  4.9422
  99  0.771534  3.7782  4.3874  0.0040  5.4932  5.3769  4.7665  4.4303  4.1222  3.7144  3.4280  3.3971  4.5513  4.9162
 100  0.774078  3.7787  4.3814  0.0136  5.4613  5.3487  4.7419  4.4070  4.0998  3.6935  3.4082  3.3776  4.5275  4.8907
 101  0.776590  3.7793  4.3755  0.0230  5.4300  5.3211  4.7178  4.3841  4.0778  3.6729  3.3887  3.3583  4.5041  4.8657
 102  0.779072  3.7798  4.3697  0.0323  5.3994  5.2939  4.6942  4.3616  4.0561  3.6525  3.3695  3.3392  4.4811  4.8411
 103  0.781522  3.7803  4.3639  0.0415  5.3695  5.2673  4.6709  4.3394  4.0348  3.6325  3.3505  3.3204  4.4585  4.8171
 104  0.783940  3.7807  4.3581  0.0504  5.3403  5.2412  4.6482  4.3176  4.0138  3.6126  3.3316  3.3017  4.4363  4.7935
 105  0.786318  3.7812  4.3523  0.0593  5.3119  5.2157  4.6258  4.2962  3.9930  3.5930  3.3129  3.2831  4.4145  4.7704
 106  0.788647  3.7816  4.3465  0.0680  5.2841  5.1907  4.6039  4.2752  3.9727  3.5737  3.2944  3.2648  4.3931  4.7478
 107  0.790916  3.7820  4.3408  0.0765  5.2569  5.1662  4.5824  4.2545  3.9526  3.5546  3.2762  3.2467  4.3721  4.7256
 108  0.793116  3.7823  4.3352  0.0849  5.2303  5.1422  4.5613  4.2342  3.9329  3.5359  3.2583  3.2289  4.3514  4.7038
 109  0.795239  3.7827  4.3296  0.0931  5.2041  5.1186  4.5406  4.2144  3.9136  3.5176  3.2408  3.2115  4.3312  4.6825
 110  0.797283  3.7831  4.3242  0.1012  5.1784  5.0955  4.5203  4.1949  3.8947  3.4996  3.2236  3.1944  4.3114  4.6616
 111  0.799248  3.7835  4.3188  0.1091  5.1533  5.0728  4.5005  4.1757  3.8761  3.4819  3.2067  3.1776  4.2919  4.6411
 112  0.800884  3.7838  4.3142  0.1158  5.1321  5.0536  4.4836  4.1595  3.8603  3.4669  3.1924  3.1633  4.2754  4.6237
 113  0.802520  3.7841  4.3095  0.1226  5.1106  5.0342  4.4666  4.1431  3.8443  3.4517  3.1778  3.1488  4.2587  4.6062
 114  0.804155  3.7844  4.3049  0.1295  5.0886  5.0145  4.4493  4.1264  3.8281  3.4363  3.1632  3.1343  4.2417  4.5883
 115  0.805790  3.7847  4.3001  0.1364  5.0666  4.9946  4.4318  4.1096  3.8117  3.4208  3.1483  3.1194  4.2246  4.5703
 116  0.807426  3.7851  4.2952  0.1435  5.0445  4.9746  4.4141  4.0925  3.7950  3.4049  3.1332  3.1043  4.2072  4.5521
 117  0.809061  3.7854  4.2903  0.1506  5.0224  4.9546  4.3962  4.0751  3.7781  3.3887  3.1177  3.0889  4.1896  4.5337
 118  0.810698  3.7857  4.2852  0.1578  5.0012  4.9352  4.3779  4.0573  3.7606  3.3720  3.1017  3.0728  4.1716  4.5151
 119  0.812335  3.7860  4.2801  0.1651  4.9799  4.9157  4.3595  4.0393  3.7429  3.3550  3.0854  3.0565  4.1534  4.4963
 120  0.813973  3.7864  4.2750  0.1725  4.9584  4.8960  4.3408  4.0210  3.7249  3.3379  3.0690  3.0400  4.1351  4.4773
 121  0.815612  3.7867  4.2697  0.1799  4.9370  4.8762  4.3219  4.0026  3.7068  3.3205  3.0524  3.0232  4.1165  4.4581
 122  0.817252  3.7870  4.2643  0.1875  4.9156  4.8564  4.3029  3.9839  3.6884  3.3028  3.0354  3.0061  4.0977  4.4387
 123  0.818865  3.7874  4.2589  0.1952  4.8935  4.8361  4.2833  3.9647  3.6696  3.2849  3.0182  2.9889  4.0784  4.4187
 124  0.820490  3.7878  4.2536  0.2029  4.8715  4.8157  4.2635  3.9454  3.6506  3.2668  3.0010  2.9716  4.0590  4.3987
 125  0.822120  3.7881  4.2481  0.2107  4.8494  4.7953  4.2436  3.9260  3.6316  3.2486  2.9836  2.9541  4.0394  4.3785
 126  0.823755  3.7885  4.2426  0.2185  4.8274  4.7748  4.2235  3.9064  3.6123  3.2302  2.9660  2.9364  4.0197  4.3581
 127  0.825394  3.7888  4.2369  0.2264  4.8055  4.7542  4.2033  3.8866  3.5929  3.2115  2.9481  2.9184  3.9998  4.3376
 128  0.827036  3.7892  4.2311  0.2344  4.7835  4.7335  4.1829  3.8666  3.5733  3.1927  2.9300  2.9003  3.9797  4.3169
 129  0.828679  3.7895  4.2252  0.2424  4.7615  4.7127  4.1623  3.8465  3.5535  3.1736  2.9117  2.8819  3.9595  4.2961
 130  0.830323  3.7898  4.2192  0.2505  4.7395  4.6917  4.1416  3.8262  3.5336  3.1544  2.8930  2.8632  3.9391  4.2751
 131  0.831968  3.7900  4.2129  0.2587  4.7175  4.6705  4.1207  3.8057  3.5135  3.1348  2.8741  2.8442  3.9185  4.2539
 132  0.833613  3.7903  4.2065  0.2670  4.6954  4.6492  4.0996  3.7850  3.4931  3.1151  2.8549  2.8250  3.8977  4.2326
 133  0.835256  3.7905  4.2000  0.2753  4.6733  4.6277  4.0784  3.7642  3.4726  3.0951  2.8355  2.8056  3.8768  4.2112
 134  0.836897  3.7907  4.1932  0.2837  4.6512  4.6060  4.0570  3.7432  3.4520  3.0749  2.8157  2.7858  3.8557  4.1896
 135  0.838536  3.7909  4.1863  0.2922  4.6290  4.5842  4.0355  3.7220  3.4311  3.0544  2.7957  2.7657  3.8344  4.1678
 136  0.840172  3.7910  4.1792  0.3007  4.6067  4.5622  4.0138  3.7007  3.4100  3.0337  2.7753  2.7454  3.8130  4.1459
 137  0.841803  3.7912  4.1719  0.3093  4.5844  4.5400  3.9919  3.6792  3.3888  3.0128  2.7546  2.7248  3.7914  4.1239
 138  0.843431  3.7913  4.1644  0.3180  4.5620  4.5177  3.9700  3.6575  3.3674  2.9915  2.7337  2.7038  3.7697  4.1018
 139  0.845052  3.7913  4.1567  0.3267  4.5397  4.4952  3.9480  3.6357  3.3458  2.9700  2.7123  2.6825  3.7478  4.0796
 140  0.846666  3.7913  4.1486  0.3355  4.5173  4.4725  3.9258  3.6138  3.3240  2.9482  2.6905  2.6607  3.7258  4.0574
 141  0.848275  3.7913  4.1405  0.3444  4.4949  4.4497  3.9036  3.5918  3.3021  2.9262  2.6685  2.6388  3.7037  4.0350
 142  0.849876  3.7911  4.1319  0.3533  4.4726  4.4268  3.8814  3.5696  3.2799  2.9038  2.6459  2.6162  3.6815  4.0127
 143  0.851462  3.7910  4.1232  0.3623  4.4502  4.4038  3.8591  3.5474  3.2577  2.8812  2.6231  2.5935  3.6592  3.9904
 144  0.853030  3.7908  4.1142  0.3713  4.4279  4.3807  3.8369  3.5252  3.2354  2.8585  2.6000  2.5704  3.6369  3.9682
 145  0.854580  3.7905  4.1048  0.3803  4.4057  4.3575  3.8149  3.5030  3.2130  2.8355  2.5765  2.5470  3.6147  3.9461
 146  0.856115  3.7902  4.0951  0.3894  4.3836  4.3343  3.7930  3.4809  3.1906  2.8121  2.5525  2.5230  3.5925  3.9242
 147  0.857639  3.7898  4.0855  0.3985  4.3613  4.3110  3.7709  3.4586  3.1680  2.7888  2.5286  2.4991  3.5702  3.9022
 148  0.859149  3.7893  4.0751  0.4076  4.3393  4.2876  3.7492  3.4365  3.1453  2.7649  2.5038  2.4743  3.5480  3.8805
 149  0.860647  3.7888  4.0647  0.4168  4.3173  4.2641  3.7274  3.4142  3.1224  2.7408  2.4787  2.4492  3.5257  3.8588
 150  0.862136  3.7883  4.0539  0.4260  4.2953  4.2407  3.7057  3.3919  3.0994  2.7164  2.4532  2.4237  3.5033  3.8372
 151  0.863616  3.7876  4.0426  0.4353  4.2740  4.2174  3.6842  3.3696  3.0761  2.6914  2.4269  2.3973  3.4810  3.8160
 152  0.865088  3.7867  4.0305  0.4446  4.2538  4.1947  3.6630  3.3472  3.0525  2.6656  2.3995  2.3697  3.4588  3.7951
 153  0.866550  3.7857  4.0178  0.4540  4.2355  4.1730  3.6419  3.3246  3.0284  2.6389  2.3707  2.3408  3.4364  3.7746
 154  0.868007  3.7844  4.0043  0.4633  4.2259  4.1569  3.6195  3.3000  3.0019  2.6092  2.3387  2.3083  3.4127  3.7536
 155  0.869456  3.7830  3.9900  0.4727  4.2246  4.1459  3.5960  3.2737  2.9734  2.5769  2.3035  2.2725  3.3878  3.7322
 156  0.870906  3.7814  3.9750  0.4821  4.2283  4.1377  3.5719  3.2464  2.9437  2.5429  2.2663  2.2347  3.3622  3.7107
 157  0.872360  3.7796  3.9589  0.4914  4.2375  4.1328  3.5479  3.2186  2.9130  2.5071  2.2267  2.1943  3.3365  3.6898
 158  0.873837  3.7775  3.9418  0.5008  4.2471  4.1276  3.5251  3.1916  2.8828  2.4711  2.1863  2.1531  3.3115  3.6702
 159  0.875342  3.7748  3.9228  0.5099  4.2551  4.1204  3.5057  3.1672  2.8542  2.4354  2.1452  2.1111  3.2889  3.6538
 160  0.876937  3.7718  3.9024  0.5190  4.2656  4.1140  3.4880  3.1440  2.8262  2.3993  2.1029  2.0677  3.2674  3.6395
 161  0.878688  3.7679  3.8792  0.5274  4.2906  4.1155  3.4733  3.1220  2.7979  2.3603  2.0556  2.0192  3.2477  3.6294
 162  0.879796  3.7648  3.8632  0.5317  4.3178  4.1235  3.4678  3.1106  2.7817  2.3356  2.0244  1.9870  3.2383  3.6277
 163  0.880893  3.7611  3.8464  0.5342  4.3590  4.1406  3.4683  3.1038  2.7689  2.3125  1.9930  1.9543  3.2338  3.6330
 164  0.881976  3.7567  3.8287  0.5350  4.4156  4.1671  3.4749  3.1018  2.7598  2.2909  1.9616  1.9214  3.2345  3.6454
 165  0.883034  3.7517  3.8101  0.5340  4.4905  4.2017  3.4873  3.1046  2.7550  2.2713  1.9306  1.8891  3.2403  3.6647
 166  0.884065  3.7462  3.7902  0.5323  4.5775  4.2435  3.5038  3.1102  2.7518  2.2515  1.8980  1.8548  3.2491  3.6893
 167  0.885093  3.7404  3.7681  0.5317  4.6674  4.2877  3.5201  3.1142  2.7461  2.2282  1.8605  1.8151  3.2567  3.7147
 168  0.886131  3.7346  3.7423  0.5348  4.7512  4.3235  3.5282  3.1098  2.7320  2.1963  1.8142  1.7664  3.2559  3.7324
 169  0.887113  3.7296  3.7147  0.5429  4.8125  4.3421  3.5228  3.0934  2.7071  2.1556  1.7610  1.7111  3.2425  3.7354
 170  0.887944  3.7259  3.6881  0.5552  4.8435  4.3409  3.5038  3.0662  2.6735  2.1102  1.7062  1.6545  3.2174  3.7228
 171  0.888641  3.7232  3.6637  0.5692  4.8539  4.3276  3.4776  3.0341  2.6368  2.0647  1.6538  1.6008  3.1869  3.7014
 172  0.889263  3.7211  3.6412  0.5838  4.8529  4.3081  3.4482  3.0000  2.5991  2.0202  1.6039  1.5499  3.1540  3.6756
 173  0.889838  3.7194  3.6197  0.5987  4.8446  4.2847  3.4167  2.9648  2.5609  1.9762  1.5555  1.5007  3.1197  3.6470
 174  0.890377  3.7181  3.5992  0.6139  4.8302  4.2579  3.3835  2.9285  2.5222  1.9329  1.5086  1.4531  3.0841  3.6161
 175  0.890894  3.7168  3.5791  0.6292  4.8141  4.2304  3.3499  2.8921  2.4835  1.8899  1.4623  1.4061  3.0484  3.5847
 176  0.891389  3.7157  3.5597  0.6446  4.7941  4.2008  3.3152  2.8551  2.4446  1.8473  1.4170  1.3602  3.0120  3.5518
 177  0.891868  3.7148  3.5407  0.6601  4.7713  4.1698  3.2798  2.8177  2.4055  1.8050  1.3723  1.3150  2.9751  3.5179
 178  0.892333  3.7139  3.5218  0.6756  4.7484  4.1388  3.2445  2.7804  2.3665  1.7629  1.3278  1.2700  2.9382  3.4840
 179  0.892783  3.7131  3.5033  0.6911  4.7228  4.1063  3.2085  2.7427  2.3274  1.7211  1.2840  1.2258  2.9009  3.4491
 180  0.893222  3.7123  3.4848  0.7067  4.6977  4.0741  3.1725  2.7051  2.2883  1.6793  1.2403  1.1816  2.8637  3.4144
 181  0.893649  3.7116  3.4665  0.7222  4.6717  4.0413  3.1364  2.6674  2.2493  1.6377  1.1968  1.1377  2.8264  3.3794
 182  0.894028  3.7109  3.4502  0.7362  4.6473  4.0114  3.1036  2.6334  2.2141  1.6003  1.1579  1.0984  2.7926  3.3474
 183  0.894407  3.7103  3.4336  0.7506  4.6221  3.9805  3.0700  2.5985  2.1781  1.5622  1.1183  1.0584  2.7580  3.3147
 184  0.894786  3.7097  3.4166  0.7654  4.5958  3.9487  3.0353  2.5626  2.1411  1.5230  1.0776  1.0173  2.7223  3.2809
 185  0.895164  3.7091  3.3992  0.7805  4.5690  3.9161  2.9999  2.5259  2.1033  1.4830  1.0361  0.9755  2.6859  3.2463
 186  0.895540  3.7085  3.3811  0.7963  4.5404  3.8817  2.9627  2.4873  2.0636  1.4410  0.9926  0.9316  2.6477  3.2100
 187  0.895913  3.7078  3.3620  0.8129  4.5106  3.8458  2.9237  2.4470  2.0220  1.3971  0.9471  0.8857  2.6076  3.1719
 188  0.896284  3.7072  3.3424  0.8301  4.4793  3.8082  2.8831  2.4051  1.9790  1.3518  0.9002  0.8384  2.5660  3.1323
 189  0.896648  3.7065  3.3214  0.8485  4.4460  3.7679  2.8397  2.3603  1.9328  1.3031  0.8498  0.7876  2.5215  3.0898
 190  0.897009  3.7058  3.2994  0.8678  4.4114  3.7260  2.7944  2.3135  1.8847  1.2523  0.7973  0.7346  2.4750  3.0455
 191  0.897365  3.7050  3.2765  0.8879  4.3750  3.6821  2.7470  2.2646  1.8344  1.1992  0.7424  0.6792  2.4264  2.9991
 192  0.897716  3.7042  3.2525  0.9089  4.3375  3.6366  2.6977  2.2136  1.7819  1.1439  0.6850  0.6214  2.3758  2.9510
 193  0.898062  3.7034  3.2274  0.9307  4.2988  3.5894  2.6466  2.1607  1.7274  1.0862  0.6253  0.5611  2.3232  2.9011
 194  0.898401  3.7024  3.2012  0.9534  4.2592  3.5407  2.5935  2.1057  1.6706  1.0261  0.5628  0.4981  2.2687  2.8494
 195  0.898736  3.7015  3.1742  0.9768  4.2183  3.4906  2.5388  2.0490  1.6121  0.9641  0.4984  0.4331  2.2124  2.7962
 196  0.899063  3.7005  3.1461  1.0011  4.1758  3.4387  2.4822  1.9902  1.5514  0.8998  0.4315  0.3657  2.1540  2.7410
 197  0.899383  3.6995  3.1171  1.0262  4.1319  3.3852  2.4237  1.9294  1.4887  0.8334  0.3624  0.2959  2.0937  2.6841
 198  0.899696  3.6984  3.0869  1.0522  4.0867  3.3304  2.3637  1.8669  1.4241  0.7647  0.2906  0.2237  2.0317  2.6258
 199  0.900001  3.6973  3.0557  1.0790  4.0393  3.2739  2.3017  1.8024  1.3573  0.6939  0.2164  0.1490  1.9677  2.5657
 200  0.900297  3.6961  3.0235  1.1065  3.9912  3.2162  2.2383  1.7362  1.2887  0.6209  0.1399  0.0721  1.9020  2.5042
 201  0.900586  3.6948  2.9903  1.1347  3.9424  3.1573  2.1734  1.6684  1.2183  0.5460  0.0611 -0.0071  1.8348  2.4413
 202  0.900863  3.6934  2.9557  1.1639  3.8939  3.0975  2.1069  1.5987  1.1459  0.4686 -0.0206 -0.0892  1.7657  2.3772
 203  0.901132  3.6919  2.9202  1.1937  3.8452  3.0367  2.0392  1.5276  1.0718  0.3892 -0.1043 -0.1734  1.6952  2.3120
 204  0.901390  3.6904  2.8837  1.2243  3.7965  2.9748  1.9699  1.4547  0.9958  0.3077 -0.1905 -0.2602  1.6229  2.2454
 205  0.901640  3.6889  2.8463  1.2555  3.7500  2.9124  1.8995  1.3806  0.9185  0.2244 -0.2782 -0.3488  1.5495  2.1779
 206  0.901878  3.6872  2.8080  1.2873  3.7046  2.8492  1.8279  1.3050  0.8394  0.1392 -0.3681 -0.4398  1.4746  2.1093
 207  0.902105  3.6855  2.7688  1.3198  3.6600  2.7853  1.7550  1.2280  0.7590  0.0521 -0.4597 -0.5328  1.3984  2.0397
 208  0.902323  3.6837  2.7288  1.3528  3.6165  2.7211  1.6814  1.1500  0.6773 -0.0364 -0.5531 -0.6276  1.3212  1.9696
 209  0.902530  3.6819  2.6881  1.3864  3.5738  2.6563  1.6068  1.0710  0.5944 -0.1264 -0.6479 -0.7240  1.2429  1.8987
 210  0.902728  3.6800  2.6467  1.4204  3.5315  2.5911  1.5316  0.9910  0.5104 -0.2177 -0.7443 -0.8220  1.1637  1.8274
 211  0.902915  3.6781  2.6046  1.4548  3.4899  2.5257  1.4558  0.9102  0.4256 -0.3102 -0.8420 -0.9214  1.0838  1.7558
 212  0.903093  3.6761  2.5619  1.4897  3.4492  2.4601  1.3795  0.8288  0.3399 -0.4038 -0.9410 -1.0221  1.0032  1.6838
 213  0.903261  3.6741  2.5187  1.5248  3.4094  2.3943  1.3028  0.7469  0.2535 -0.4983 -1.0410 -1.1238  0.9221  1.6117
 214  0.903422  3.6720  2.4749  1.5603  3.3719  2.3291  1.2262  0.6647  0.1666 -0.5937 -1.1421 -1.2269  0.8407  1.5400
 215  0.903574  3.6698  2.4305  1.5960  3.3356  2.2641  1.1495  0.5823  0.0792 -0.6899 -1.2440 -1.3308  0.7591  1.4685
 216  0.903721  3.6675  2.3856  1.6319  3.3011  2.1996  1.0730  0.4998 -0.0085 -0.7866 -1.3468 -1.4357  0.6774  1.3976
 217  0.903738  3.6673  2.3802  1.6362  3.2971  2.1919  1.0639  0.4899 -0.0189 -0.7982 -1.3591 -1.4483  0.6676  1.3891
 218  0.903755  3.6670  2.3749  1.6405  3.2931  2.1843  1.0549  0.4801 -0.0293 -0.8097 -1.3713 -1.4608  0.6580  1.3808
 219  0.903772  3.6667  2.3696  1.6447  3.2890  2.1767  1.0458  0.4704 -0.0397 -0.8211 -1.3835 -1.4732  0.6483  1.3724
 220  0.903788  3.6665  2.3642  1.6491  3.2851  2.1691  1.0367  0.4605 -0.0502 -0.8328 -1.3959 -1.4859  0.6385  1.3639
 221  0.903806  3.6662  2.3588  1.6533  3.2812  2.1615  1.0277  0.4507 -0.0607 -0.8443 -1.4081 -1.4984  0.6288  1.3556
 222  0.903822  3.6659  2.3534  1.6576  3.2772  2.1538  1.0185  0.4408 -0.0712 -0.8559 -1.4205 -1.5110  0.6190  1.3472
 223  0.903839  3.6656  2.3481  1.6619  3.2733  2.1462  1.0095  0.4311 -0.0816 -0.8674 -1.4327 -1.5235  0.6094  1.3388
 224  0.903856  3.6654  2.3427  1.6662  3.2694  2.1387  1.0004  0.4212 -0.0920 -0.8790 -1.4451 -1.5361  0.5996  1.3304
 225  0.903873  3.6651  2.3373  1.6705  3.2655  2.1311  0.9914  0.4114 -0.1025 -0.8906 -1.4574 -1.5487  0.5899  1.3221
 226  0.903890  3.6648  2.3320  1.6748  3.2617  2.1236  0.9824  0.4017 -0.1128 -0.9020 -1.4696 -1.5611  0.5803  1.3138
 227  0.904051  3.6624  2.2843  1.7128  3.2284  2.0571  0.9027  0.3152 -0.2051 -1.0044 -1.5787 -1.6726  0.4946  1.2405
 228  0.904197  3.6610  2.2557  1.7359  3.2070  2.0162  0.8540  0.2625 -0.2612 -1.0663 -1.6446 -1.7399  0.4424  1.1956
 229  0.904343  3.6615  2.2611  1.7327  3.2011  2.0175  0.8582  0.2683 -0.2541 -1.0569 -1.6335 -1.7283  0.4480  1.1980
 230  0.904497  3.6607  2.2427  1.7480  3.1838  1.9890  0.8251  0.2330 -0.2913 -1.0974 -1.6762 -1.7718  0.4130  1.1670
 231  0.904654  3.6571  2.1738  1.8025  3.1435  1.8975  0.7133  0.1104 -0.4229 -1.2443 -1.8337 -1.9330  0.2917  1.0657
 232  0.904793  3.6535  2.1067  1.8551  3.1085  1.8111  0.6067 -0.0071 -0.5496 -1.3862 -1.9862 -2.0894  0.1754  0.9700
 233  0.904918  3.6499  2.0414  1.9063  3.0769  1.7287  0.5043 -0.1206 -0.6725 -1.5241 -2.1346 -2.2417  0.0630  0.8790
 234  0.905027  3.6465  1.9786  1.9552  3.0505  1.6519  0.4080 -0.2279 -0.7894 -1.6557 -2.2765 -2.3876 -0.0434  0.7944
 235  0.905125  3.6429  1.9166  2.0032  3.0285  1.5787  0.3152 -0.3322 -0.9037 -1.7851 -2.4162 -2.5313 -0.1468  0.7136
 236  0.905213  3.6394  1.8554  2.0504  3.0103  1.5087  0.2254 -0.4335 -1.0155 -1.9121 -2.5536 -2.6730 -0.2474  0.6365
 237  0.905293  3.6359  1.7951  2.0967  2.9947  1.4414  0.1385 -0.5320 -1.1251 -2.0369 -2.6886 -2.8125 -0.3454  0.5624
 238  0.905365  3.6324  1.7358  2.1421  2.9814  1.3769  0.0548 -0.6272 -1.2321 -2.1591 -2.8208 -2.9493 -0.4405  0.4916
 239  0.905429  3.6290  1.6784  2.1859  2.9709  1.3162 -0.0245 -0.7176 -1.3346 -2.2769 -2.9482 -3.0815 -0.5311  0.4251
 240  0.905488  3.6256  1.6209  2.2296  2.9619  1.2570 -0.1021 -0.8066 -1.4367 -2.3946 -3.0755 -3.2139 -0.6205  0.3603
 241  0.905541  3.6222  1.5655  2.2717  2.9538  1.2013 -0.1754 -0.8909 -1.5346 -2.5080 -3.1982 -3.3416 -0.7056  0.2992
 242  0.905589  3.6189  1.5109  2.3130  2.9471  1.1482 -0.2455 -0.9718 -1.6303 -2.6191 -3.3189 -3.4671 -0.7877  0.2412
 243  0.905633  3.6156  1.4571  2.3535  2.9427  1.0985 -0.3118 -1.0489 -1.7235 -2.7281 -3.4379 -3.5909 -0.8666  0.1869
 244  0.905673  3.6123  1.4043  2.3931  2.9391  1.0516 -0.3747 -1.1223 -1.8143 -2.8348 -3.5545 -3.7124 -0.9423  0.1353
 245  0.905710  3.6090  1.3524  2.4319  2.9350  1.0068 -0.4346 -1.1927 -1.9030 -2.9394 -3.6688 -3.8316 -1.0153  0.0853
 246  0.905743  3.6057  1.3014  2.4699  2.9315  0.9649 -0.4910 -1.2591 -1.9894 -3.0419 -3.7809 -3.9486 -1.0851  0.0382
 247  0.905774  3.6025  1.2508  2.5076  2.9277  0.9251 -0.5447 -1.3226 -2.0747 -3.1437 -3.8921 -4.0647 -1.1528 -0.0069
 248  0.905802  3.5994  1.2020  2.5439  2.9240  0.8887 -0.5939 -1.3812 -2.1564 -3.2419 -3.9994 -4.1768 -1.2162 -0.0483
 249  0.905828  3.5963  1.1542  2.5794  2.9193  0.8549 -0.6401 -1.4366 -2.2359 -3.3379 -4.1044 -4.2866 -1.2769 -0.0876
 250  0.905853  3.5932  1.1067  2.6145  2.9132  0.8230 -0.6837 -1.4894 -2.3141 -3.4328 -4.2083 -4.3954 -1.3356 -0.1254
 251  0.905874  3.5902  1.0609  2.6484  2.9058  0.7939 -0.7238 -1.5384 -2.3890 -3.5243 -4.3085 -4.5003 -1.3909 -0.1609
 252  0.905895  3.5872  1.0156  2.6818  2.8976  0.7672 -0.7609 -1.5841 -2.4625 -3.6147 -4.4075 -4.6040 -1.4438 -0.1942
 253  0.905914  3.5843  0.9711  2.7144  2.8901  0.7438 -0.7936 -1.6254 -2.5337 -3.7032 -4.5043 -4.7056 -1.4933 -0.2243
 254  0.905932  3.5813  0.9270  2.7466  2.8826  0.7232 -0.8223 -1.6628 -2.6034 -3.7908 -4.5999 -4.8059 -1.5400 -0.2518
 255  0.905948  3.5784  0.8845  2.7777  2.8747  0.7053 -0.8472 -1.6961 -2.6700 -3.8753 -4.6919 -4.9026 -1.5834 -0.2769
 256  0.905963  3.5756  0.8424  2.8083  2.8668  0.6903 -0.8682 -1.7256 -2.7351 -3.9587 -4.7828 -4.9982 -1.6240 -0.2994
 257  0.905978  3.5727  0.8009  2.8384  2.8585  0.6786 -0.8847 -1.7512 -2.7983 -4.0410 -4.8725 -5.0925 -1.6619 -0.3192
 258  0.905991  3.5699  0.7608  2.8675  2.8504  0.6710 -0.8959 -1.7717 -2.8581 -4.1205 -4.9591 -5.1836 -1.6958 -0.3354
 259  0.906004  3.5672  0.7212  2.8960  2.8423  0.6674 -0.9015 -1.7872 -2.9161 -4.1988 -5.0447 -5.2735 -1.7263 -0.3483
 260  0.906015  3.5645  0.6822  2.9241  2.8337  0.6673 -0.9019 -1.7978 -2.9723 -4.2760 -5.1289 -5.3620 -1.7536 -0.3583
 261  0.906026  3.5618  0.6441  2.9515  2.8254  0.6716 -0.8963 -1.8035 -3.0255 -4.3515 -5.2114 -5.4485 -1.7773 -0.3644
 262  0.906037  3.5591  0.6068  2.9782  2.8174  0.6802 -0.8846 -1.8044 -3.0755 -4.4252 -5.2918 -5.5330 -1.7974 -0.3666
 263  0.906046  3.5565  0.5701  3.0044  2.8100  0.6938 -0.8660 -1.8003 -3.1224 -4.4977 -5.3709 -5.6161 -1.8139 -0.3645
 264  0.906055  3.5539  0.5337  3.0302  2.8066  0.7135 -0.8412 -1.7918 -3.1664 -4.5694 -5.4492 -5.6985 -1.8269 -0.3588
 265  0.906064  3.5513  0.4985  3.0554  2.8017  0.7358 -0.8115 -1.7800 -3.2074 -4.6393 -5.5253 -5.7785 -1.8374 -0.3506
 266  0.906072  3.5488  0.4634  3.0801  2.7965  0.7678 -0.7679 -1.7576 -3.2439 -4.7088 -5.6009 -5.8580 -1.8409 -0.3330
 267  0.906080  3.5462  0.4293  3.1042  2.7883  0.8048 -0.7148 -1.7284 -3.2760 -4.7765 -5.6744 -5.9354 -1.8399 -0.3096
 268  0.906087  3.5438  0.3958  3.1279  2.7760  0.8489 -0.6472 -1.6892 -3.3030 -4.8435 -5.7468 -6.0115 -1.8325 -0.2781
 269  0.906094  3.5414  0.3630  3.1509  2.7544  0.9084 -0.5485 -1.6272 -3.3214 -4.9098 -5.8181 -6.0863 -1.8118 -0.2307
 270  0.906101  3.5389  0.3306  3.1737  2.7307  0.9767 -0.4335 -1.5556 -3.3336 -4.9761 -5.8889 -6.1605 -1.7842 -0.1733
 271  0.906107  3.5366  0.2990  3.1958  2.7066  1.0523 -0.3054 -1.4769 -3.3392 -5.0415 -5.9583 -6.2331 -1.7508 -0.1069
 272  0.906113  3.5343  0.2682  3.2174  2.6832  1.1321 -0.1699 -1.3955 -3.3393 -5.1056 -6.0258 -6.3038 -1.7139 -0.0340
 273  0.906119  3.5320  0.2376  3.2388  2.6610  1.2159 -0.0281 -1.3129 -3.3347 -5.1694 -6.0930 -6.3742 -1.6744  0.0452
 274  0.906124  3.5295  0.2068  3.2596  2.6479  1.3098  0.1275 -1.2303 -3.3177 -5.2317 -6.1595 -6.4444 -1.6286  0.1430
 275  0.906129  3.5272  0.1777  3.2798  2.6361  1.3874  0.2566 -1.1688 -3.3043 -5.2905 -6.2227 -6.5111 -1.5942  0.2277
 276  0.906134  3.5250  0.1491  3.2996  2.6270  1.4614  0.3769 -1.1148 -3.2896 -5.3473 -6.2844 -6.5766 -1.5627  0.3110
 277  0.906139  3.5229  0.1216  3.3187  2.6197  1.5272  0.4813 -1.0714 -3.2763 -5.4010 -6.3434 -6.6392 -1.5366  0.3872
 278  0.906143  3.5209  0.0950  3.3372  2.6150  1.5876  0.5730 -1.0360 -3.2634 -5.4519 -6.4000 -6.6994 -1.5141  0.4587
 279  0.906147  3.5191  0.0716  3.3534  2.6125  1.6373  0.6447 -1.0105 -3.2526 -5.4960 -6.4494 -6.7522 -1.4972  0.5188