#AGE= 4.500 EEPS=270
#EEP   M/Mo    LogTeff  LogG   LogL/Lo U       B       V       R       I       J       H       Ks      Kp      D51     
  10  0.118271  3.5119  5.1920 -2.6802 16.5136 15.0224 13.4401 12.3571 10.9464  9.5612  9.0182  8.7792 12.3270 14.0958
  11  0.143089  3.5139  5.1283 -2.5258 16.0365 14.5872 13.0245 11.9514 10.5564  9.1801  8.6372  8.3982 11.9272 13.6685
  12  0.168355  3.5172  5.0806 -2.3944 15.6024 14.1918 12.6500 11.5910 10.2196  8.8597  8.3155  8.0780 11.5758 13.2836
  13  0.187901  3.5205  5.0524 -2.3052 15.2903 13.9071 12.3820 11.3364  9.9877  8.6451  8.0988  7.8632 11.3297 13.0088
  14  0.200001  3.5225  5.0363 -2.2539 15.1106 13.7423 12.2270 11.1893  9.8541  8.5219  7.9741  7.7397 11.1876 12.8499
  15  0.207903  3.5238  5.0269 -2.2225 15.0016 13.6418 12.1324 11.0996  9.7725  8.4467  7.8978  7.6642 11.1008 12.7531
  16  0.214286  3.5248  5.0199 -2.1984 14.9177 13.5643 12.0594 11.0303  9.7098  8.3890  7.8393  7.6063 11.0340 12.6786
  17  0.219830  3.5257  5.0138 -2.1776 14.8450 13.4970 11.9960 10.9703  9.6555  8.3392  7.7887  7.5563 10.9761 12.6139
  18  0.225268  3.5266  5.0076 -2.1573 14.7744 13.4316 11.9345 10.9120  9.6028  8.2908  7.7395  7.5076 10.9197 12.5510
  19  0.231025  3.5275  5.0011 -2.1361 14.7001 13.3627 11.8697 10.8507  9.5474  8.2401  7.6879  7.4566 10.8605 12.4848
  20  0.237509  3.5286  4.9937 -2.1123 14.6178 13.2859 11.7974 10.7822  9.4855  8.1834  7.6300  7.3994 10.7944 12.4111
  21  0.245232  3.5299  4.9847 -2.0841 14.5199 13.1944 11.7114 10.7008  9.4120  8.1162  7.5613  7.3316 10.7158 12.3234
  22  0.254394  3.5315  4.9734 -2.0503 14.4030 13.0848 11.6084 10.6033  9.3242  8.0361  7.4792  7.2505 10.6217 12.2184
  23  0.263431  3.5332  4.9620 -2.0173 14.2887 12.9772 11.5073 10.5077  9.2383  7.9576  7.3985  7.1708 10.5294 12.1155
  24  0.272152  3.5348  4.9512 -1.9859 14.1804 12.8750 11.4111 10.4168  9.1568  7.8834  7.3222  7.0954 10.4418 12.0177
  25  0.280818  3.5365  4.9410 -1.9552 14.0738 12.7738 11.3160 10.3270  9.0770  7.8112  7.2476  7.0218 10.3554 11.9212
  26  0.291034  3.5386  4.9294 -1.9197 13.9489 12.6548 11.2041 10.2217  8.9841  7.7279  7.1613  6.9367 10.2544 11.8080
  27  0.310157  3.5432  4.9080 -1.8521 13.7081 12.4237 10.9866 10.0177  8.8068  7.5716  6.9984  6.7761 10.0595 11.5887
  28  0.350762  3.5559  4.8588 -1.6989 13.1596 11.8845 10.4750  9.5374  8.3991  7.2251  6.6334  6.4169  9.6037 11.0798
  29  0.367331  3.5620  4.8381 -1.6338 12.9281 11.6503 10.2498  9.3271  8.2286  7.0805  6.4799  6.2669  9.4065 10.8580
  30  0.379360  3.5668  4.8229 -1.5853 12.7558 11.4731 10.0784  9.1672  8.1020  6.9736  6.3658  6.1563  9.2574 10.6901
  31  0.390463  3.5716  4.8090 -1.5399 12.5954 11.3059  9.9158  9.0155  7.9833  6.8743  6.2597  6.0540  9.1163 10.5319
  32  0.402275  3.5769  4.7948 -1.4915 12.4246 11.1260  9.7402  8.8514  7.8566  6.7692  6.1470  5.9465  8.9638 10.3620
  33  0.414098  3.5826  4.7811 -1.4425 12.2498 10.9404  9.5584  8.6815  7.7284  6.6642  6.0339  5.8399  8.8067 10.1870
  34  0.425393  3.5883  4.7686 -1.3951 12.0792 10.7580  9.3797  8.5147  7.6046  6.5638  5.9255  5.7390  8.6527 10.0159
  35  0.436265  3.5942  4.7572 -1.3492 11.9173 10.5804  9.2087  8.3558  7.4850  6.4658  5.8200  5.6423  8.5046  9.8539
  36  0.446948  3.6002  4.7466 -1.3043 11.7613 10.4054  9.0436  8.2032  7.3678  6.3687  5.7162  5.5484  8.3610  9.6985
  37  0.457196  3.6061  4.7371 -1.2614 11.6063 10.2344  8.8824  8.0545  7.2562  6.2772  5.6193  5.4611  8.2213  9.5454
  38  0.466369  3.6116  4.7292 -1.2227 11.4613 10.0768  8.7345  7.9186  7.1561  6.1960  5.5343  5.3848  8.0938  9.4035
  39  0.475450  3.6173  4.7219 -1.1843 11.3179  9.9191  8.5886  7.7855  7.0568  6.1146  5.4505  5.3100  7.9678  9.2637
  40  0.486180  3.6242  4.7144 -1.1393 11.1431  9.7300  8.4173  7.6307  6.9404  6.0194  5.3550  5.2250  7.8199  9.0968
  41  0.500612  3.6337  4.7053 -1.0795 10.8820  9.4663  8.1855  7.4246  6.7846  5.8948  5.2364  5.1198  7.6210  8.8603
  42  0.517415  3.6454  4.6962 -1.0094 10.5216  9.1470  7.9118  7.1857  6.6006  5.7516  5.1110  5.0079  7.3867  8.5591
  43  0.537180  3.6596  4.6871 -0.9273 10.0356  8.7624  7.5935  6.9162  6.3828  5.5863  4.9801  4.8911  7.1156  8.1794
  44  0.562101  3.6766  4.6749 -0.8272  9.4114  8.3055  7.2210  6.6069  6.1192  5.3871  4.8325  4.7568  6.7973  7.7095
  45  0.585620  3.6919  4.6622 -0.7354  8.8533  7.9081  6.8955  6.3370  5.8831  5.2072  4.7010  4.6345  6.5170  7.2956
  46  0.600121  3.7009  4.6535 -0.6805  8.5429  7.6817  6.7088  6.1806  5.7445  5.0998  4.6209  4.5592  6.3543  7.0630
  47  0.610224  3.7068  4.6468 -0.6426  8.3244  7.5294  6.5836  6.0748  5.6506  5.0269  4.5655  4.5070  6.2443  6.9101
  48  0.618786  3.7118  4.6408 -0.6108  8.1444  7.4040  6.4807  5.9872  5.5723  4.9655  4.5184  4.4623  6.1533  6.7863
  49  0.626549  3.7162  4.6351 -0.5821  7.9853  7.2931  6.3898  5.9093  5.5024  4.9104  4.4756  4.4216  6.0723  6.6786
  50  0.633882  3.7202  4.6294 -0.5553  7.8390  7.1907  6.3060  5.8371  5.4374  4.8587  4.4349  4.3829  5.9973  6.5807
  51  0.640882  3.7240  4.6238 -0.5298  7.7022  7.0950  6.2278  5.7691  5.3761  4.8097  4.3961  4.3458  5.9269  6.4902
  52  0.646223  3.7268  4.6192 -0.5105  7.5997  7.0238  6.1693  5.7179  5.3295  4.7724  4.3667  4.3172  5.8738  6.4232
  53  0.651539  3.7295  4.6145 -0.4913  7.4997  6.9543  6.1121  5.6675  5.2834  4.7355  4.3373  4.2884  5.8216  6.3581
  54  0.656815  3.7321  4.6096 -0.4723  7.4021  6.8861  6.0561  5.6179  5.2381  4.6989  4.3081  4.2597  5.7704  6.2948
  55  0.662058  3.7347  4.6047 -0.4536  7.3076  6.8188  6.0010  5.5692  5.1936  4.6627  4.2785  4.2310  5.7199  6.2329
  56  0.667282  3.7373  4.5996 -0.4349  7.2154  6.7525  5.9467  5.5212  5.1497  4.6266  4.2487  4.2024  5.6702  6.1724
  57  0.672472  3.7397  4.5944 -0.4165  7.1256  6.6873  5.8934  5.4738  5.1064  4.5909  4.2189  4.1738  5.6212  6.1133
  58  0.677631  3.7421  4.5891 -0.3982  7.0379  6.6234  5.8411  5.4272  5.0636  4.5554  4.1892  4.1451  5.5730  6.0555
  59  0.682751  3.7445  4.5836 -0.3801  6.9526  6.5609  5.7897  5.3813  5.0214  4.5202  4.1595  4.1164  5.5255  5.9990
  60  0.687821  3.7467  4.5780 -0.3622  6.8696  6.4997  5.7394  5.3361  4.9797  4.4853  4.1299  4.0878  5.4787  5.9438
  61  0.692828  3.7489  4.5723 -0.3446  6.7894  6.4399  5.6900  5.2918  4.9388  4.4509  4.1005  4.0593  5.4329  5.8900
  62  0.697751  3.7510  4.5665 -0.3273  6.7118  6.3816  5.6419  5.2484  4.8987  4.4169  4.0714  4.0311  5.3880  5.8377
  63  0.702583  3.7531  4.5607 -0.3104  6.6371  6.3250  5.5950  5.2059  4.8594  4.3835  4.0426  4.0032  5.3442  5.7869
  64  0.707317  3.7550  4.5548 -0.2938  6.5650  6.2699  5.5492  5.1644  4.8209  4.3507  4.0141  3.9755  5.3014  5.7375
  65  0.711953  3.7569  4.5489 -0.2775  6.4953  6.2164  5.5047  5.1240  4.7833  4.3184  3.9861  3.9482  5.2597  5.6895
  66  0.716487  3.7587  4.5429 -0.2616  6.4283  6.1646  5.4614  5.0845  4.7466  4.2867  3.9583  3.9212  5.2190  5.6429
  67  0.720923  3.7604  4.5369 -0.2460  6.3637  6.1143  5.4192  5.0459  4.7107  4.2557  3.9310  3.8945  5.1793  5.5977
  68  0.725272  3.7621  4.5309 -0.2308  6.3013  6.0655  5.3781  5.0083  4.6756  4.2251  3.9041  3.8682  5.1405  5.5537
  69  0.729537  3.7636  4.5249 -0.2159  6.2411  6.0179  5.3380  4.9716  4.6413  4.1952  3.8776  3.8422  5.1027  5.5110
  70  0.733726  3.7652  4.5188 -0.2013  6.1831  5.9717  5.2988  4.9356  4.6077  4.1657  3.8514  3.8166  5.0657  5.4694
  71  0.737854  3.7666  4.5128 -0.1870  6.1267  5.9265  5.2605  4.9003  4.5747  4.1367  3.8256  3.7912  5.0295  5.4287
  72  0.741922  3.7680  4.5068 -0.1729  6.0720  5.8825  5.2230  4.8658  4.5422  4.1081  3.8001  3.7662  4.9939  5.3890
  73  0.745937  3.7694  4.5007 -0.1591  6.0188  5.8394  5.1863  4.8318  4.5103  4.0798  3.7749  3.7413  4.9590  5.3501
  74  0.749905  3.7707  4.4947 -0.1454  5.9669  5.7971  5.1502  4.7984  4.4789  4.0520  3.7499  3.7167  4.9247  5.3120
  75  0.753852  3.7720  4.4886 -0.1320  5.9163  5.7557  5.1146  4.7654  4.4479  4.0243  3.7249  3.6921  4.8909  5.2746
  76  0.757767  3.7732  4.4823 -0.1187  5.8672  5.7152  5.0797  4.7329  4.4172  3.9968  3.6999  3.6675  4.8576  5.2378
  77  0.761645  3.7743  4.4760 -0.1056  5.8195  5.6756  5.0454  4.7009  4.3870  3.9696  3.6750  3.6430  4.8248  5.2018
  78  0.765472  3.7754  4.4698 -0.0928  5.7729  5.6368  5.0117  4.6694  4.3572  3.9427  3.6504  3.6188  4.7926  5.1664
  79  0.769248  3.7765  4.4635 -0.0801  5.7276  5.5987  4.9786  4.6384  4.3278  3.9161  3.6260  3.5948  4.7608  5.1317
  80  0.772963  3.7775  4.4573 -0.0676  5.6833  5.5613  4.9461  4.6080  4.2989  3.8899  3.6020  3.5711  4.7297  5.0977
  81  0.776613  3.7785  4.4510 -0.0553  5.6399  5.5244  4.9142  4.5782  4.2707  3.8643  3.5784  3.5479  4.6991  5.0643
  82  0.779888  3.7794  4.4454 -0.0443  5.6009  5.4910  4.8856  4.5515  4.2455  3.8414  3.5573  3.5271  4.6717  5.0343
  83  0.783091  3.7803  4.4397 -0.0335  5.5628  5.4583  4.8577  4.5254  4.2208  3.8188  3.5365  3.5067  4.6449  5.0051
  84  0.786220  3.7811  4.4341 -0.0230  5.5257  5.4263  4.8304  4.4998  4.1966  3.7967  3.5160  3.4865  4.6187  4.9765
  85  0.789273  3.7819  4.4286 -0.0126  5.4893  5.3950  4.8037  4.4748  4.1728  3.7751  3.4960  3.4668  4.5931  4.9486
  86  0.792254  3.7826  4.4232 -0.0024  5.4541  5.3646  4.7777  4.4503  4.1495  3.7537  3.4762  3.4473  4.5680  4.9215
  87  0.795160  3.7834  4.4178  0.0075  5.4195  5.3348  4.7523  4.4264  4.1267  3.7328  3.4569  3.4281  4.5435  4.8949
  88  0.797993  3.7841  4.4126  0.0172  5.3860  5.3059  4.7275  4.4029  4.1042  3.7122  3.4378  3.4091  4.5194  4.8691
  89  0.800751  3.7848  4.4074  0.0268  5.3534  5.2777  4.7033  4.3799  4.0821  3.6919  3.4189  3.3904  4.4959  4.8438
  90  0.803448  3.7855  4.4022  0.0361  5.3223  5.2508  4.6796  4.3572  4.0602  3.6716  3.4001  3.3715  4.4728  4.8193
  91  0.806084  3.7862  4.3972  0.0453  5.2929  5.2256  4.6564  4.3347  4.0381  3.6511  3.3811  3.3523  4.4501  4.7954
  92  0.808668  3.7868  4.3922  0.0543  5.2645  5.2012  4.6336  4.3125  4.0164  3.6308  3.3622  3.3332  4.4277  4.7721
  93  0.811203  3.7875  4.3873  0.0632  5.2369  5.1773  4.6112  4.2907  3.9949  3.6108  3.3437  3.3144  4.4057  4.7491
  94  0.813692  3.7881  4.3824  0.0719  5.2101  5.1541  4.5893  4.2692  3.9738  3.5911  3.3253  3.2958  4.3840  4.7266
  95  0.816142  3.7887  4.3776  0.0804  5.1841  5.1314  4.5676  4.2481  3.9530  3.5717  3.3072  3.2774  4.3627  4.7045
  96  0.818552  3.7893  4.3729  0.0888  5.1587  5.1092  4.5463  4.2273  3.9326  3.5526  3.2894  3.2593  4.3418  4.6828
  97  0.820930  3.7899  4.3682  0.0970  5.1339  5.0874  4.5254  4.2068  3.9125  3.5338  3.2718  3.2415  4.3212  4.6614
  98  0.823276  3.7905  4.3637  0.1051  5.1097  5.0660  4.5048  4.1867  3.8927  3.5153  3.2546  3.2240  4.3009  4.6403
  99  0.825595  3.7910  4.3591  0.1131  5.0860  5.0450  4.4844  4.1669  3.8733  3.4971  3.2376  3.2068  4.2810  4.6196
 100  0.827886  3.7916  4.3546  0.1209  5.0628  5.0242  4.4644  4.1474  3.8542  3.4792  3.2208  3.1899  4.2613  4.5992
 101  0.830151  3.7921  4.3502  0.1286  5.0400  5.0038  4.4447  4.1282  3.8355  3.4617  3.2044  3.1733  4.2420  4.5790
 102  0.832389  3.7926  4.3458  0.1362  5.0171  4.9832  4.4252  4.1094  3.8173  3.4447  3.1884  3.1573  4.2230  4.5591
 103  0.834591  3.7931  4.3414  0.1437  4.9941  4.9622  4.4060  4.0911  3.7997  3.4282  3.1730  3.1420  4.2044  4.5394
 104  0.836752  3.7935  4.3371  0.1510  4.9715  4.9416  4.3872  4.0732  3.7824  3.4121  3.1578  3.1268  4.1862  4.5201
 105  0.838866  3.7940  4.3328  0.1582  4.9494  4.9213  4.3687  4.0555  3.7655  3.3962  3.1429  3.1120  4.1682  4.5010
 106  0.840931  3.7944  4.3285  0.1653  4.9276  4.9013  4.3506  4.0382  3.7489  3.3807  3.1283  3.0974  4.1506  4.4823
 107  0.842940  3.7949  4.3244  0.1723  4.9062  4.8816  4.3327  4.0213  3.7327  3.3655  3.1139  3.0832  4.1334  4.4639
 108  0.844889  3.7953  4.3202  0.1791  4.8852  4.8623  4.3152  4.0046  3.7167  3.3506  3.0998  3.0693  4.1164  4.4459
 109  0.846781  3.7957  4.3161  0.1858  4.8646  4.8432  4.2980  3.9883  3.7011  3.3359  3.0860  3.0556  4.0998  4.4282
 110  0.848620  3.7961  4.3120  0.1923  4.8445  4.8246  4.2812  3.9722  3.6858  3.3215  3.0724  3.0420  4.0834  4.4109
 111  0.850405  3.7965  4.3080  0.1988  4.8248  4.8062  4.2646  3.9565  3.6707  3.3074  3.0590  3.0288  4.0674  4.3938
 112  0.852253  3.7968  4.3037  0.2056  4.8041  4.7869  4.2472  3.9399  3.6549  3.2925  3.0449  3.0148  4.0506  4.3759
 113  0.854062  3.7972  4.2994  0.2123  4.7835  4.7677  4.2299  3.9235  3.6391  3.2777  3.0309  3.0010  4.0338  4.3581
 114  0.855842  3.7976  4.2951  0.2191  4.7630  4.7485  4.2126  3.9071  3.6234  3.2630  3.0169  2.9871  4.0171  4.3403
 115  0.857600  3.7980  4.2908  0.2258  4.7426  4.7293  4.1953  3.8906  3.6077  3.2481  3.0029  2.9732  4.0003  4.3226
 116  0.859340  3.7984  4.2864  0.2326  4.7221  4.7101  4.1780  3.8741  3.5919  3.2332  2.9888  2.9592  3.9835  4.3047
 117  0.861071  3.7987  4.2819  0.2394  4.7015  4.6907  4.1605  3.8575  3.5760  3.2182  2.9744  2.9450  3.9666  4.2868
 118  0.862801  3.7991  4.2773  0.2463  4.6808  4.6712  4.1429  3.8407  3.5599  3.2030  2.9600  2.9307  3.9495  4.2686
 119  0.864539  3.7995  4.2727  0.2533  4.6600  4.6515  4.1250  3.8237  3.5436  3.1876  2.9453  2.9162  3.9321  4.2503
 120  0.866292  3.7998  4.2680  0.2604  4.6393  4.6318  4.1069  3.8063  3.5269  3.1717  2.9302  2.9012  3.9145  4.2318
 121  0.868069  3.8002  4.2631  0.2676  4.6183  4.6118  4.0885  3.7886  3.5099  3.1556  2.9149  2.8859  3.8966  4.2129
 122  0.869877  3.8006  4.2581  0.2749  4.5969  4.5914  4.0697  3.7706  3.4925  3.1391  2.8991  2.8703  3.8783  4.1937
 123  0.871696  3.8010  4.2531  0.2825  4.5746  4.5703  4.0502  3.7520  3.4747  3.1223  2.8831  2.8544  3.8594  4.1738
 124  0.873558  3.8014  4.2479  0.2902  4.5518  4.5486  4.0304  3.7331  3.4565  3.1051  2.8668  2.8382  3.8401  4.1534
 125  0.875476  3.8018  4.2427  0.2981  4.5287  4.5266  4.0102  3.7137  3.4379  3.0875  2.8500  2.8216  3.8205  4.1327
 126  0.877450  3.8022  4.2372  0.3062  4.5052  4.5041  3.9894  3.6939  3.4188  3.0694  2.8328  2.8045  3.8003  4.1115
 127  0.879485  3.8026  4.2315  0.3145  4.4813  4.4812  3.9682  3.6736  3.3992  3.0508  2.8150  2.7868  3.7797  4.0899
 128  0.881581  3.8030  4.2256  0.3230  4.4570  4.4577  3.9465  3.6527  3.3791  3.0316  2.7966  2.7685  3.7585  4.0677
 129  0.883740  3.8034  4.2194  0.3318  4.4321  4.4336  3.9242  3.6312  3.3584  3.0118  2.7776  2.7496  3.7367  4.0449
 130  0.885958  3.8037  4.2129  0.3408  4.4068  4.4090  3.9012  3.6091  3.3369  2.9912  2.7578  2.7299  3.7143  4.0215
 131  0.888234  3.8040  4.2060  0.3500  4.3812  4.3839  3.8777  3.5862  3.3148  2.9698  2.7370  2.7092  3.6912  3.9975
 132  0.890561  3.8043  4.1988  0.3596  4.3551  4.3582  3.8534  3.5627  3.2919  2.9476  2.7155  2.6878  3.6674  3.9729
 133  0.892936  3.8046  4.1912  0.3694  4.3286  4.3319  3.8285  3.5385  3.2682  2.9246  2.6930  2.6654  3.6430  3.9476
 134  0.895350  3.8048  4.1831  0.3795  4.3016  4.3051  3.8029  3.5135  3.2438  2.9007  2.6696  2.6421  3.6178  3.9217
 135  0.897797  3.8050  4.1746  0.3898  4.2744  4.2777  3.7767  3.4878  3.2186  2.8759  2.6452  2.6178  3.5919  3.8952
 136  0.900266  3.8051  4.1656  0.4005  4.2469  4.2499  3.7498  3.4614  3.1926  2.8501  2.6197  2.5924  3.5653  3.8681
 137  0.902762  3.8051  4.1561  0.4114  4.2189  4.2214  3.7222  3.4342  3.1657  2.8234  2.5932  2.5660  3.5380  3.8402
 138  0.905266  3.8051  4.1460  0.4226  4.1907  4.1926  3.6939  3.4063  3.1380  2.7957  2.5656  2.5385  3.5099  3.8119
 139  0.907754  3.8051  4.1356  0.4340  4.1626  4.1635  3.6653  3.3779  3.1098  2.7674  2.5373  2.5102  3.4814  3.7832
 140  0.910201  3.8049  4.1248  0.4454  4.1347  4.1345  3.6366  3.3493  3.0812  2.7385  2.5083  2.4813  3.4528  3.7544
 141  0.912594  3.8048  4.1138  0.4569  4.1073  4.1058  3.6079  3.3206  3.0526  2.7095  2.4790  2.4520  3.4241  3.7257
 142  0.914920  3.8045  4.1026  0.4682  4.0805  4.0776  3.5795  3.2921  3.0239  2.6802  2.4494  2.4224  3.3956  3.6973
 143  0.917177  3.8042  4.0912  0.4795  4.0545  4.0500  3.5514  3.2639  2.9955  2.6511  2.4198  2.3928  3.3674  3.6694
 144  0.919356  3.8039  4.0797  0.4905  4.0295  4.0231  3.5239  3.2360  2.9674  2.6221  2.3901  2.3632  3.3397  3.6421
 145  0.921459  3.8034  4.0682  0.5013  4.0054  3.9970  3.4969  3.2087  2.9396  2.5933  2.3606  2.3337  3.3125  3.6154
 146  0.923486  3.8029  4.0566  0.5119  3.9824  3.9719  3.4706  3.1818  2.9123  2.5648  2.3313  2.3043  3.2859  3.5893
 147  0.925437  3.8024  4.0449  0.5223  3.9606  3.9477  3.4450  3.1555  2.8854  2.5366  2.3020  2.2750  3.2598  3.5641
 148  0.927318  3.8018  4.0332  0.5324  3.9398  3.9244  3.4200  3.1298  2.8589  2.5087  2.2730  2.2459  3.2344  3.5396
 149  0.929130  3.8011  4.0214  0.5423  3.9204  3.9021  3.3958  3.1047  2.8329  2.4810  2.2441  2.2169  3.2095  3.5158
 150  0.930878  3.8003  4.0095  0.5519  3.9023  3.8809  3.3722  3.0800  2.8073  2.4535  2.2151  2.1879  3.1853  3.4928
 151  0.932568  3.7994  3.9976  0.5612  3.8855  3.8608  3.3493  3.0559  2.7820  2.4261  2.1862  2.1588  3.1616  3.4707
 152  0.934203  3.7985  3.9853  0.5704  3.8713  3.8426  3.3270  3.0320  2.7567  2.3984  2.1567  2.1290  3.1383  3.4493
 153  0.935789  3.7974  3.9728  0.5793  3.8589  3.8257  3.3053  3.0085  2.7316  2.3706  2.1268  2.0989  3.1155  3.4287
 154  0.937332  3.7962  3.9600  0.5881  3.8480  3.8096  3.2843  2.9855  2.7068  2.3429  2.0968  2.0685  3.0933  3.4089
 155  0.938837  3.7949  3.9468  0.5966  3.8385  3.7944  3.2642  2.9631  2.6824  2.3151  2.0665  2.0379  3.0717  3.3900
 156  0.940313  3.7934  3.9333  0.6049  3.8297  3.7796  3.2449  2.9414  2.6585  2.2875  2.0362  2.0071  3.0508  3.3720
 157  0.941770  3.7917  3.9191  0.6130  3.8192  3.7636  3.2275  2.9214  2.6359  2.2607  2.0062  1.9767  3.0314  3.3557
 158  0.943204  3.7896  3.9035  0.6208  3.8063  3.7461  3.2131  2.9038  2.6149  2.2345  1.9759  1.9460  3.0142  3.3424
 159  0.944618  3.7869  3.8859  0.6282  3.7994  3.7324  3.2010  2.8874  2.5940  2.2068  1.9429  1.9123  2.9985  3.3319
 160  0.946012  3.7835  3.8661  0.6350  3.8187  3.7353  3.1876  2.8676  2.5687  2.1726  1.9017  1.8701  2.9810  3.3223
 161  0.947454  3.7797  3.8452  0.6413  3.8636  3.7544  3.1721  2.8443  2.5394  2.1330  1.8541  1.8211  2.9616  3.3127
 162  0.948672  3.7768  3.8294  0.6462  3.8913  3.7641  3.1617  2.8283  2.5188  2.1048  1.8199  1.7859  2.9481  3.3063
 163  0.949884  3.7735  3.8138  0.6492  3.9209  3.7756  3.1590  2.8194  2.5047  2.0818  1.7900  1.7550  2.9413  3.3074
 164  0.951091  3.7698  3.7983  0.6503  3.9600  3.7938  3.1623  2.8157  2.4951  2.0621  1.7626  1.7263  2.9399  3.3151
 165  0.952251  3.7655  3.7831  0.6489  4.0159  3.8237  3.1732  2.8183  2.4907  2.0459  1.7370  1.6994  2.9451  3.3312
 166  0.953327  3.7608  3.7688  0.6448  4.0858  3.8638  3.1920  2.8277  2.4925  2.0346  1.7151  1.6761  2.9576  3.3561
 167  0.954313  3.7558  3.7556  0.6388  4.1666  3.9110  3.2167  2.8427  2.4995  2.0277  1.6970  1.6563  2.9756  3.3875
 168  0.955244  3.7508  3.7428  0.6318  4.2575  3.9619  3.2447  2.8609  2.5097  2.0230  1.6806  1.6387  2.9968  3.4225
 169  0.956195  3.7454  3.7285  0.6249  4.3545  4.0164  3.2741  2.8793  2.5195  2.0167  1.6616  1.6179  3.0186  3.4598
 170  0.957250  3.7395  3.7094  0.6211  4.4535  4.0693  3.2988  2.8916  2.5219  2.0014  1.6319  1.5860  3.0344  3.4938
 171  0.958343  3.7339  3.6849  0.6237  4.5356  4.1051  3.3078  2.8885  2.5095  1.9716  1.5883  1.5401  3.0348  3.5119
 172  0.959296  3.7297  3.6600  0.6321  4.5840  4.1173  3.2995  2.8709  2.4846  1.9333  1.5393  1.4892  3.0197  3.5107
 173  0.960105  3.7266  3.6367  0.6433  4.6070  4.1137  3.2810  2.8456  2.4540  1.8928  1.4910  1.4395  2.9962  3.4975
 174  0.960792  3.7243  3.6152  0.6560  4.6138  4.1005  3.2568  2.8163  2.4208  1.8521  1.4444  1.3918  2.9682  3.4772
 175  0.961392  3.7226  3.5952  0.6693  4.6104  4.0816  3.2294  2.7850  2.3864  1.8120  1.3997  1.3463  2.9380  3.4528
 176  0.961941  3.7211  3.5760  0.6828  4.6017  4.0598  3.2006  2.7530  2.3518  1.7725  1.3564  1.3023  2.9067  3.4264
 177  0.962458  3.7198  3.5575  0.6964  4.5892  4.0361  3.1708  2.7204  2.3170  1.7335  1.3142  1.2594  2.8749  3.3988
 178  0.962951  3.7187  3.5396  0.7102  4.5734  4.0106  3.1402  2.6875  2.2821  1.6949  1.2728  1.2174  2.8425  3.3699
 179  0.963423  3.7177  3.5221  0.7240  4.5556  3.9842  3.1091  2.6542  2.2471  1.6565  1.2319  1.1760  2.8098  3.3404
 180  0.963878  3.7168  3.5048  0.7379  4.5364  3.9569  3.0775  2.6207  2.2120  1.6183  1.1914  1.1350  2.7767  3.3102
 181  0.964320  3.7160  3.4876  0.7519  4.5161  3.9290  3.0457  2.5870  2.1768  1.5803  1.1512  1.0944  2.7435  3.2797
 182  0.964790  3.7151  3.4690  0.7673  4.4923  3.8974  3.0101  2.5497  2.1379  1.5384  1.1073  1.0499  2.7066  3.2455
 183  0.965259  3.7143  3.4500  0.7831  4.4670  3.8647  2.9735  2.5113  2.0981  1.4957  1.0625  1.0047  2.6686  3.2101
 184  0.965725  3.7135  3.4308  0.7993  4.4405  3.8308  2.9359  2.4720  2.0573  1.4521  1.0169  0.9586  2.6297  3.1737
 185  0.966190  3.7127  3.4113  0.8159  4.4126  3.7958  2.8973  2.4317  2.0156  1.4077  0.9706  0.9119  2.5898  3.1361
 186  0.966654  3.7119  3.3916  0.8328  4.3836  3.7598  2.8577  2.3907  1.9731  1.3626  0.9236  0.8644  2.5491  3.0977
 187  0.967115  3.7112  3.3714  0.8502  4.3534  3.7226  2.8171  2.3484  1.9295  1.3163  0.8755  0.8158  2.5072  3.0581
 188  0.967570  3.7104  3.3502  0.8685  4.3214  3.6835  2.7743  2.3041  1.8837  1.2678  0.8251  0.7650  2.4632  3.0165
 189  0.968022  3.7096  3.3285  0.8872  4.2888  3.6433  2.7305  2.2585  1.8367  1.2180  0.7733  0.7127  2.4180  2.9738
 190  0.968468  3.7088  3.3059  0.9067  4.2547  3.6015  2.6847  2.2111  1.7878  1.1661  0.7194  0.6583  2.3710  2.9292
 191  0.968911  3.7080  3.2829  0.9267  4.2190  3.5582  2.6377  2.1624  1.7377  1.1131  0.6645  0.6029  2.3227  2.8834
 192  0.969347  3.7071  3.2588  0.9476  4.1828  3.5135  2.5889  2.1118  1.6855  1.0578  0.6070  0.5449  2.2725  2.8358
 193  0.969780  3.7063  3.2342  0.9689  4.1458  3.4677  2.5390  2.0601  1.6322  1.0014  0.5485  0.4858  2.2212  2.7872
 194  0.970204  3.7053  3.2086  0.9910  4.1079  3.4204  2.4873  2.0064  1.5767  0.9426  0.4874  0.4241  2.1679  2.7368
 195  0.970622  3.7044  3.1821  1.0138  4.0689  3.3717  2.4340  1.9511  1.5197  0.8820  0.4244  0.3606  2.1131  2.6850
 196  0.971031  3.7034  3.1548  1.0374  4.0288  3.3216  2.3791  1.8941  1.4608  0.8195  0.3594  0.2950  2.0565  2.6316
 197  0.971433  3.7024  3.1266  1.0617  3.9877  3.2702  2.3226  1.8353  1.4001  0.7550  0.2922  0.2271  1.9982  2.5767
 198  0.971827  3.7013  3.0975  1.0866  3.9454  3.2175  2.2647  1.7751  1.3377  0.6887  0.2232  0.1575  1.9384  2.5204
 199  0.972212  3.7002  3.0676  1.1122  3.9026  3.1638  2.2054  1.7132  1.2737  0.6206  0.1520  0.0857  1.8771  2.4630
 200  0.972586  3.6990  3.0365  1.1387  3.8590  3.1088  2.1445  1.6496  1.2078  0.5502  0.0784  0.0114  1.8141  2.4040
 201  0.972950  3.6977  3.0047  1.1657  3.8129  3.0526  2.0823  1.5846  1.1403  0.4783  0.0029 -0.0646  1.7496  2.3438
 202  0.973306  3.6964  2.9718  1.1934  3.7668  2.9957  2.0191  1.5183  1.0714  0.4047 -0.0748 -0.1427  1.6839  2.2828
 203  0.973650  3.6950  2.9380  1.2217  3.7204  2.9379  1.9545  1.4505  1.0008  0.3290 -0.1547 -0.2230  1.6167  2.2205
 204  0.973983  3.6936  2.9034  1.2507  3.6734  2.8790  1.8888  1.3814  0.9288  0.2518 -0.2364 -0.3051  1.5482  2.1573
 205  0.974304  3.6920  2.8678  1.2803  3.6267  2.8195  1.8219  1.3109  0.8552  0.1727 -0.3201 -0.3894  1.4784  2.0930
 206  0.974614  3.6904  2.8315  1.3105  3.5804  2.7593  1.7540  1.2393  0.7804  0.0921 -0.4055 -0.4753  1.4074  2.0280
 207  0.974910  3.6888  2.7943  1.3412  3.5365  2.6986  1.6850  1.1663  0.7040  0.0096 -0.4927 -0.5635  1.3352  1.9619
 208  0.975194  3.6871  2.7564  1.3725  3.4939  2.6375  1.6150  1.0922  0.6265 -0.0744 -0.5814 -0.6534  1.2619  1.8951
 209  0.975467  3.6854  2.7178  1.4043  3.4523  2.5759  1.5442  1.0172  0.5478 -0.1598 -0.6714 -0.7449  1.1876  1.8277
 210  0.975727  3.6836  2.6784  1.4365  3.4117  2.5140  1.4726  0.9413  0.4681 -0.2465 -0.7629 -0.8379  1.1124  1.7597
 211  0.975975  3.6817  2.6385  1.4692  3.3719  2.4517  1.4004  0.8644  0.3874 -0.3343 -0.8557 -0.9322  1.0364  1.6911
 212  0.976211  3.6798  2.5980  1.5022  3.3328  2.3892  1.3277  0.7870  0.3059 -0.4233 -0.9497 -1.0279  0.9597  1.6224
 213  0.976436  3.6779  2.5569  1.5356  3.2944  2.3266  1.2546  0.7089  0.2237 -0.5131 -1.0449 -1.1247  0.8825  1.5535
 214  0.976650  3.6759  2.5154  1.5693  3.2569  2.2638  1.1811  0.6303  0.1408 -0.6039 -1.1410 -1.2225  0.8047  1.4844
 215  0.976853  3.6738  2.4733  1.6033  3.2216  2.2016  1.1077  0.5516  0.0575 -0.6955 -1.2381 -1.3215  0.7268  1.4157
 216  0.977047  3.6717  2.4306  1.6374  3.1882  2.1399  1.0345  0.4727 -0.0261 -0.7877 -1.3361 -1.4214  0.6488  1.3475
 217  0.977072  3.6714  2.4250  1.6419  3.1838  2.1318  1.0248  0.4623 -0.0372 -0.7999 -1.3491 -1.4347  0.6384  1.3384
 218  0.977096  3.6711  2.4193  1.6465  3.1793  2.1235  1.0151  0.4518 -0.0483 -0.8122 -1.3621 -1.4480  0.6280  1.3294
 219  0.977121  3.6708  2.4136  1.6510  3.1750  2.1154  1.0054  0.4413 -0.0594 -0.8245 -1.3751 -1.4613  0.6177  1.3204
 220  0.977146  3.6705  2.4078  1.6556  3.1707  2.1072  0.9956  0.4308 -0.0706 -0.8368 -1.3883 -1.4747  0.6073  1.3113
 221  0.977170  3.6702  2.4021  1.6602  3.1663  2.0989  0.9858  0.4202 -0.0818 -0.8493 -1.4014 -1.4881  0.5968  1.3022
 222  0.977195  3.6700  2.3963  1.6648  3.1618  2.0906  0.9760  0.4096 -0.0931 -0.8617 -1.4146 -1.5016  0.5863  1.2930
 223  0.977220  3.6697  2.3906  1.6694  3.1575  2.0824  0.9662  0.3990 -0.1043 -0.8741 -1.4278 -1.5151  0.5758  1.2839
 224  0.977244  3.6694  2.3847  1.6741  3.1532  2.0741  0.9563  0.3884 -0.1157 -0.8866 -1.4411 -1.5287  0.5653  1.2748
 225  0.977268  3.6691  2.3789  1.6787  3.1490  2.0659  0.9465  0.3777 -0.1270 -0.8992 -1.4545 -1.5423  0.5548  1.2657
 226  0.977293  3.6688  2.3731  1.6833  3.1447  2.0576  0.9366  0.3671 -0.1383 -0.9117 -1.4678 -1.5559  0.5442  1.2565
 227  0.977516  3.6660  2.3185  1.7268  3.1062  1.9812  0.8450  0.2678 -0.2441 -1.0289 -1.5926 -1.6834  0.4460  1.1719
 228  0.977715  3.6636  2.2724  1.7634  3.0751  1.9174  0.7682  0.1844 -0.3331 -1.1278 -1.6981 -1.7912  0.3634  1.1013
 229  0.977906  3.6620  2.2413  1.7884  3.0525  1.8733  0.7155  0.1273 -0.3939 -1.1950 -1.7696 -1.8642  0.3069  1.0526
 230  0.978094  3.6623  2.2454  1.7856  3.0515  1.8765  0.7204  0.1331 -0.3873 -1.1871 -1.7608 -1.8552  0.3126  1.0566
 231  0.978295  3.6620  2.2316  1.7984  3.0276  1.8481  0.6902  0.1022 -0.4190 -1.2199 -1.7942 -1.8889  0.2817  1.0267
 232  0.978499  3.6582  2.1630  1.8517  2.9950  1.7616  0.5823 -0.0169 -0.5475 -1.3645 -1.9500 -2.0485  0.1640  0.9299
 233  0.978681  3.6546  2.0971  1.9034  2.9616  1.6771  0.4777 -0.1323 -0.6719 -1.5040 -2.1000 -2.2023  0.0498  0.8359
 234  0.978844  3.6511  2.0329  1.9535  2.9318  1.5967  0.3774 -0.2435 -0.7923 -1.6393 -2.2456 -2.3517 -0.0603  0.7466
 235  0.978988  3.6476  1.9709  2.0017  2.9071  1.5214  0.2826 -0.3493 -0.9075 -1.7692 -2.3858 -2.4959 -0.1651  0.6633
 236  0.979117  3.6441  1.9101  2.0486  2.8866  1.4500  0.1918 -0.4513 -1.0193 -1.8958 -2.5226 -2.6367 -0.2662  0.5844
 237  0.979234  3.6406  1.8497  2.0951  2.8694  1.3812  0.1033 -0.5512 -1.1295 -2.0210 -2.6581 -2.7764 -0.3654  0.5082
 238  0.979339  3.6372  1.7908  2.1403  2.8551  1.3158  0.0185 -0.6474 -1.2364 -2.1429 -2.7900 -2.9126 -0.4611  0.4359
 239  0.979435  3.6338  1.7328  2.1845  2.8432  1.2531 -0.0632 -0.7405 -1.3408 -2.2622 -2.9193 -3.0463 -0.5539  0.3668
 240  0.979519  3.6304  1.6769  2.2272  2.8337  1.1940 -0.1406 -0.8290 -1.4408 -2.3771 -3.0435 -3.1753 -0.6423  0.3020
 241  0.979598  3.6270  1.6207  2.2699  2.8258  1.1362 -0.2167 -0.9162 -1.5406 -2.4921 -3.1680 -3.3046 -0.7298  0.2385
 242  0.979669  3.6237  1.5661  2.3112  2.8190  1.0816 -0.2890 -0.9994 -1.6368 -2.6035 -3.2886 -3.4302 -0.8136  0.1783
 243  0.979733  3.6205  1.5130  2.3514  2.8134  1.0298 -0.3577 -1.0787 -1.7300 -2.7118 -3.4061 -3.5525 -0.8940  0.1217
 244  0.979792  3.6172  1.4602  2.3911  2.8100  0.9808 -0.4233 -1.1551 -1.8216 -2.8188 -3.5229 -3.6740 -0.9718  0.0681
 245  0.979847  3.6139  1.4081  2.4301  2.8077  0.9345 -0.4858 -1.2281 -1.9111 -2.9239 -3.6378 -3.7938 -1.0468  0.0173
 246  0.979896  3.6107  1.3571  2.4682  2.8052  0.8905 -0.5451 -1.2977 -1.9982 -3.0266 -3.7501 -3.9108 -1.1188 -0.0316
 247  0.979941  3.6075  1.3075  2.5052  2.8027  0.8493 -0.6008 -1.3633 -2.0823 -3.1263 -3.8591 -4.0245 -1.1873 -0.0779
 248  0.979983  3.6044  1.2586  2.5416  2.7999  0.8101 -0.6537 -1.4259 -2.1648 -3.2245 -3.9665 -4.1367 -1.2534 -0.1220
 249  0.980021  3.6013  1.2102  2.5775  2.7974  0.7735 -0.7035 -1.4852 -2.2458 -3.3216 -4.0728 -4.2477 -1.3170 -0.1636
 250  0.980056  3.5983  1.1636  2.6120  2.7945  0.7401 -0.7493 -1.5400 -2.3234 -3.4151 -4.1750 -4.3546 -1.3766 -0.2021
 251  0.980089  3.5953  1.1175  2.6462  2.7900  0.7083 -0.7929 -1.5926 -2.3997 -3.5075 -4.2762 -4.4605 -1.4345 -0.2394
 252  0.980120  3.5923  1.0720  2.6797  2.7843  0.6787 -0.8337 -1.6424 -2.4742 -3.5983 -4.3756 -4.5646 -1.4901 -0.2749
 253  0.980148  3.5894  1.0278  2.7123  2.7775  0.6516 -0.8714 -1.6886 -2.5461 -3.6864 -4.4722 -4.6658 -1.5427 -0.3082
 254  0.980174  3.5865  0.9842  2.7444  2.7709  0.6273 -0.9056 -1.7312 -2.6163 -3.7731 -4.5672 -4.7655 -1.5925 -0.3388
 255  0.980198  3.5836  0.9417  2.7755  2.7645  0.6060 -0.9356 -1.7695 -2.6840 -3.8577 -4.6596 -4.8624 -1.6390 -0.3666
 256  0.980221  3.5808  0.8995  2.8062  2.7577  0.5872 -0.9621 -1.8044 -2.7504 -3.9414 -4.7509 -4.9584 -1.6831 -0.3922
 257  0.980242  3.5780  0.8585  2.8360  2.7508  0.5710 -0.9850 -1.8354 -2.8142 -4.0226 -4.8394 -5.0514 -1.7241 -0.4153
 258  0.980261  3.5752  0.8181  2.8654  2.7435  0.5572 -1.0045 -1.8632 -2.8766 -4.1027 -4.9267 -5.1432 -1.7628 -0.4364
 259  0.980280  3.5725  0.7787  2.8940  2.7360  0.5469 -1.0195 -1.8869 -2.9363 -4.1807 -5.0117 -5.2326 -1.7982 -0.4546
 260  0.980297  3.5698  0.7400  2.9219  2.7289  0.5405 -1.0292 -1.9058 -2.9936 -4.2572 -5.0953 -5.3205 -1.8303 -0.4693
 261  0.980313  3.5671  0.7019  2.9493  2.7214  0.5375 -1.0342 -1.9203 -3.0492 -4.3324 -5.1775 -5.4069 -1.8593 -0.4813
 262  0.980329  3.5645  0.6649  2.9760  2.7137  0.5380 -1.0341 -1.9299 -3.1024 -4.4058 -5.2576 -5.4910 -1.8849 -0.4902
 263  0.980343  3.5619  0.6281  3.0024  2.7060  0.5424 -1.0286 -1.9352 -3.1537 -4.4785 -5.3371 -5.5745 -1.9076 -0.4958
 264  0.980356  3.5594  0.5920  3.0281  2.6989  0.5513 -1.0168 -1.9357 -3.2019 -4.5496 -5.4148 -5.6562 -1.9267 -0.4974
 265  0.980369  3.5568  0.5567  3.0534  2.6918  0.5641 -0.9994 -1.9320 -3.2474 -4.6194 -5.4911 -5.7363 -1.9427 -0.4955
 266  0.980381  3.5543  0.5220  3.0780  2.6879  0.5816 -0.9773 -1.9250 -3.2899 -4.6879 -5.5658 -5.8149 -1.9560 -0.4911
 267  0.980393  3.5518  0.4877  3.1023  2.6847  0.6054 -0.9467 -1.9117 -3.3292 -4.7556 -5.6396 -5.8926 -1.9648 -0.4812
 268  0.980403  3.5494  0.4545  3.1258  2.6799  0.6341 -0.9080 -1.8922 -3.3647 -4.8214 -5.7111 -5.9679 -1.9693 -0.4662
 269  0.980414  3.5470  0.4215  3.1491  2.6727  0.6683 -0.8594 -1.8658 -3.3967 -4.8869 -5.7822 -6.0427 -1.9694 -0.4452
 270  0.980423  3.5446  0.3893  3.1718  2.6630  0.7085 -0.7994 -1.8315 -3.4239 -4.9510 -5.8517 -6.1157 -1.9642 -0.4174
 271  0.980433  3.5422  0.3578  3.1939  2.6447  0.7618 -0.7126 -1.7776 -3.4437 -5.0144 -5.9201 -6.1875 -1.9476 -0.3760
 272  0.980441  3.5399  0.3267  3.2157  2.6228  0.8257 -0.6056 -1.7103 -3.4568 -5.0779 -5.9880 -6.2587 -1.9223 -0.3231
 273  0.980450  3.5377  0.2965  3.2369  2.6000  0.8958 -0.4870 -1.6368 -3.4640 -5.1402 -6.0542 -6.3281 -1.8919 -0.2625
 274  0.980458  3.5354  0.2668  3.2577  2.5773  0.9713 -0.3590 -1.5589 -3.4661 -5.2020 -6.1195 -6.3964 -1.8574 -0.1949
 275  0.980465  3.5332  0.2377  3.2781  2.5556  1.0506 -0.2246 -1.4791 -3.4632 -5.2628 -6.1834 -6.4633 -1.8199 -0.1212
 276  0.980472  3.5310  0.2089  3.2979  2.5379  1.1360 -0.0818 -1.3977 -3.4532 -5.3222 -6.2463 -6.5294 -1.7782 -0.0377
 277  0.980479  3.5287  0.1806  3.3170  2.5273  1.2200  0.0573 -1.3272 -3.4368 -5.3790 -6.3074 -6.5940 -1.7381  0.0522
 278  0.980486  3.5267  0.1543  3.3354  2.5168  1.2877  0.1698 -1.2750 -3.4252 -5.4319 -6.3644 -6.6543 -1.7090  0.1269
 279  0.981169  3.5251  0.1325  3.3509  2.5085  1.3402  0.2560 -1.2379 -3.4164 -5.4758 -6.4121 -6.7049 -1.6880  0.1863
