#AGE=10.000 EEPS=267
#EEP   M/Mo    LogTeff  LogG   LogL/Lo U       B       V       R       I       J       H       Ks      Kp      D51     
  13  0.105001  3.5108  5.2304 -2.7745 16.8032 15.2863 13.6925 12.6040 11.1844  9.7945  9.2512  9.0123 12.5705 14.3553
  14  0.122602  3.5122  5.1751 -2.6463 16.4090 14.9280 13.3502 12.2691 10.8613  9.4774  8.9345  8.6953 12.2400 14.0030
  15  0.138062  3.5135  5.1324 -2.5470 16.1020 14.6485 13.0835 12.0086 10.6106  9.2322  8.6894  8.4502 11.9832 13.7285
  16  0.150799  3.5148  5.1017 -2.4728 15.8660 14.4338 12.8794 11.8104 10.4222  9.0499  8.5069  8.2680 11.7888 13.5185
  17  0.162938  3.5164  5.0764 -2.4073 15.6486 14.2363 12.6925 11.6307 10.2543  8.8902  8.3465  8.1084 11.6135 13.3263
  18  0.174603  3.5183  5.0553 -2.3487 15.4474 14.0531 12.5200 11.4660 10.1027  8.7482  8.2035  7.9664 11.4538 13.1490
  19  0.185484  3.5202  5.0383 -2.2977 15.2694 13.8907 12.3673 11.3209  9.9704  8.6257  8.0797  7.8437 11.3135 12.9922
  20  0.195294  3.5219  5.0244 -2.2547 15.1185 13.7524 12.2372 11.1976  9.8583  8.5223  7.9750  7.7401 11.1943 12.8590
  21  0.203665  3.5233  5.0133 -2.2198 14.9973 13.6409 12.1322 11.0979  9.7677  8.4386  7.8902  7.6561 11.0979 12.7515
  22  0.210869  3.5245  5.0046 -2.1914 14.8987 13.5498 12.0465 11.0165  9.6938  8.3705  7.8212  7.5878 11.0192 12.6638
  23  0.217603  3.5256  4.9970 -2.1658 14.8100 13.4674 11.9689 10.9430  9.6271  8.3093  7.7588  7.5261 10.9482 12.5846
  24  0.224242  3.5266  4.9897 -2.1411 14.7250 13.3881 11.8942 10.8722  9.5628  8.2503  7.6987  7.4667 10.8797 12.5083
  25  0.231298  3.5278  4.9821 -2.1154 14.6362 13.3051 11.8161 10.7982  9.4959  8.1889  7.6361  7.4049 10.8082 12.4287
  26  0.239146  3.5291  4.9737 -2.0873 14.5388 13.2139 11.7302 10.7169  9.4226  8.1220  7.5676  7.3373 10.7298 12.3412
  27  0.247944  3.5307  4.9642 -2.0559 14.4298 13.1116 11.6340 10.6260  9.3408  8.0476  7.4913  7.2620 10.6421 12.2433
  28  0.257034  3.5323  4.9543 -2.0237 14.3178 13.0062 11.5349 10.5324  9.2569  7.9714  7.4130  7.1848 10.5519 12.1425
  29  0.264534  3.5337  4.9462 -1.9977 14.2271 12.9205 11.4543 10.4563  9.1890  7.9097  7.3495  7.1221 10.4786 12.0606
  30  0.270646  3.5348  4.9395 -1.9765 14.1533 12.8505 11.3885 10.3943  9.1338  7.8598  7.2981  7.0713 10.4190 11.9938
  31  0.275992  3.5359  4.9338 -1.9580 14.0885 12.7890 11.3307 10.3398  9.0855  7.8164  7.2532  7.0270 10.3667 11.9352
  32  0.281076  3.5369  4.9283 -1.9404 14.0265 12.7300 11.2752 10.2876  9.0395  7.7751  7.2104  6.9848 10.3166 11.8790
  33  0.286611  3.5381  4.9222 -1.9211 13.9588 12.6654 11.2145 10.2305  8.9892  7.7302  7.1638  6.9389 10.2618 11.8176
  34  0.293020  3.5395  4.9150 -1.8986 13.8792 12.5893 11.1428 10.1632  8.9302  7.6776  7.1092  6.8850 10.1974 11.7452
  35  0.301474  3.5416  4.9049 -1.8681 13.7715 12.4858 11.0455 10.0717  8.8503  7.6068  7.0354  6.8123 10.1098 11.6470
  36  0.333588  3.5509  4.8646 -1.7465 13.3383 12.0635 10.6460  9.6966  8.5281  7.3293  6.7441  6.5253  9.7527 11.2478
  37  0.359991  3.5602  4.8306 -1.6422 12.9687 11.6927 10.2910  9.3639  8.2523  7.0960  6.4969  6.2830  9.4390 10.8974
  38  0.372449  3.5651  4.8139 -1.5910 12.7882 11.5077 10.1122  9.1969  8.1188  6.9826  6.3761  6.1654  9.2829 10.7219
  39  0.383044  3.5696  4.7995 -1.5465 12.6320 11.3454  9.9545  9.0497  8.0028  6.8848  6.2714  6.0644  9.1457 10.5682
  40  0.393185  3.5741  4.7859 -1.5034 12.4817 11.1873  9.8003  8.9056  7.8903  6.7907  6.1706  5.9677  9.0116 10.4187
  41  0.403491  3.5790  4.7725 -1.4595 12.3284 11.0246  9.6410  8.7566  7.7756  6.6955  6.0683  5.8706  8.8732 10.2651
  42  0.413440  3.5839  4.7600 -1.4166 12.1762 10.8627  9.4820  8.6078  7.6637  6.6037  5.9693  5.7775  8.7356 10.1123
  43  0.422609  3.5887  4.7487 -1.3765 12.0332 10.7091  9.3314  8.4672  7.5591  6.5184  5.8772  5.6918  8.6057  9.9684
  44  0.431463  3.5936  4.7382 -1.3375 11.8969 10.5592  9.1869  8.3327  7.4573  6.4346  5.7870  5.6090  8.4803  9.8314
  45  0.440132  3.5986  4.7283 -1.2991 11.7654 10.4112  9.0468  8.2031  7.3573  6.3514  5.6978  5.5281  8.3582  9.6997
  46  0.448956  3.6038  4.7187 -1.2601 11.6286 10.2582  8.9027  8.0701  7.2559  6.2674  5.6085  5.4474  8.2329  9.5637
  47  0.457849  3.6092  4.7096 -1.2207 11.4832 10.0995  8.7529  7.9321  7.1538  6.1840  5.5209  5.3685  8.1035  9.4205
  48  0.466599  3.6149  4.7013 -1.1815 11.3365  9.9392  8.6033  7.7951  7.0524  6.1012  5.4352  5.2916  7.9745  9.2769
  49  0.475888  3.6212  4.6932 -1.1397 11.1788  9.7665  8.4453  7.6515  6.9445  6.0125  5.3451  5.2111  7.8378  9.1244
  50  0.485551  3.6280  4.6854 -1.0960 10.9999  9.5785  8.2775  7.5010  6.8312  5.9207  5.2554  5.1313  7.6934  8.9574
  51  0.495485  3.6351  4.6778 -1.0511 10.7954  9.3789  8.1031  7.3465  6.7139  5.8274  5.1684  5.0539  7.5437  8.7760
  52  0.501218  3.6392  4.6734 -1.0251 10.6664  9.2626  8.0024  7.2581  6.6460  5.7739  5.1206  5.0111  7.4573  8.6666
  53  0.506797  3.6434  4.6694 -0.9996 10.5326  9.1469  7.9035  7.1720  6.5790  5.7219  5.0758  4.9709  7.3726  8.5561
  54  0.512200  3.6476  4.6658 -0.9748 10.3955  9.0321  7.8068  7.0887  6.5131  5.6712  5.0340  4.9333  7.2898  8.4453
  55  0.517424  3.6516  4.6624 -0.9506 10.2565  8.9198  7.7132  7.0088  6.4489  5.6222  4.9948  4.8982  7.2098  8.3354
  56  0.522459  3.6556  4.6592 -0.9272 10.1159  8.8105  7.6230  6.9327  6.3868  5.5751  4.9579  4.8652  7.1329  8.2264
  57  0.527305  3.6595  4.6562 -0.9047  9.9760  8.7050  7.5364  6.8602  6.3269  5.5299  4.9229  4.8340  7.0593  8.1195
  58  0.532000  3.6633  4.6531 -0.8828  9.8395  8.6037  7.4537  6.7913  6.2691  5.4862  4.8897  4.8042  6.9888  8.0161
  59  0.536568  3.6669  4.6500 -0.8616  9.7075  8.5062  7.3742  6.7252  6.2131  5.4438  4.8582  4.7756  6.9209  7.9163
  60  0.541022  3.6704  4.6470 -0.8410  9.5789  8.4121  7.2977  6.6617  6.1587  5.4027  4.8280  4.7480  6.8555  7.8195
  61  0.545405  3.6737  4.6437 -0.8208  9.4542  8.3218  7.2239  6.6004  6.1057  5.3625  4.7984  4.7208  6.7922  7.7259
  62  0.549758  3.6770  4.6404 -0.8010  9.3322  8.2342  7.1521  6.5407  6.0538  5.3229  4.7694  4.6940  6.7305  7.6345
  63  0.554079  3.6801  4.6368 -0.7814  9.2131  8.1490  7.0821  6.4825  6.0029  5.2839  4.7406  4.6673  6.6702  7.5455
  64  0.558340  3.6832  4.6333 -0.7621  9.0965  8.0661  7.0140  6.4258  5.9532  5.2457  4.7123  4.6409  6.6114  7.4590
  65  0.562573  3.6863  4.6296 -0.7430  8.9829  7.9852  6.9474  6.3703  5.9043  5.2079  4.6840  4.6144  6.5538  7.3748
  66  0.566759  3.6892  4.6259 -0.7242  8.8728  7.9065  6.8824  6.3159  5.8564  5.1707  4.6560  4.5881  6.4974  7.2931
  67  0.570901  3.6921  4.6220 -0.7057  8.7687  7.8301  6.8191  6.2628  5.8092  5.1337  4.6281  4.5618  6.4423  7.2139
  68  0.574998  3.6949  4.6181 -0.6874  8.6686  7.7557  6.7573  6.2108  5.7629  5.0972  4.6004  4.5356  6.3882  7.1370
  69  0.579037  3.6977  4.6142 -0.6694  8.5711  7.6833  6.6971  6.1599  5.7174  5.0613  4.5729  4.5096  6.3354  7.0627
  70  0.583030  3.7003  4.6100 -0.6516  8.4737  7.6126  6.6383  6.1101  5.6729  5.0261  4.5457  4.4838  6.2837  6.9907
  71  0.586960  3.7029  4.6058 -0.6341  8.3765  7.5436  6.5810  6.0613  5.6293  4.9916  4.5190  4.4584  6.2331  6.9210
  72  0.590816  3.7054  4.6015 -0.6169  8.2812  7.4764  6.5254  6.0137  5.5867  4.9579  4.4925  4.4333  6.1838  6.8538
  73  0.594600  3.7079  4.5971 -0.6001  8.1885  7.4112  6.4713  5.9674  5.5451  4.9247  4.4664  4.4084  6.1357  6.7890
  74  0.598295  3.7102  4.5927 -0.5836  8.0995  7.3482  6.4190  5.9224  5.5045  4.8921  4.4405  4.3837  6.0891  6.7269
  75  0.601902  3.7125  4.5883 -0.5675  8.0134  7.2872  6.3683  5.8786  5.4650  4.8602  4.4151  4.3594  6.0437  6.6672
  76  0.605438  3.7147  4.5838 -0.5516  7.9299  7.2280  6.3192  5.8359  5.4263  4.8289  4.3899  4.3353  5.9995  6.6096
  77  0.608893  3.7168  4.5792 -0.5361  7.8491  7.1704  6.2714  5.7944  5.3886  4.7982  4.3651  4.3115  5.9565  6.5541
  78  0.612280  3.7188  4.5746 -0.5209  7.7706  7.1144  6.2250  5.7538  5.3517  4.7680  4.3406  4.2880  5.9145  6.5005
  79  0.615606  3.7208  4.5699 -0.5060  7.6944  7.0599  6.1797  5.7141  5.3155  4.7384  4.3162  4.2647  5.8735  6.4485
  80  0.618860  3.7227  4.5653 -0.4914  7.6202  7.0068  6.1356  5.6754  5.2801  4.7093  4.2924  4.2417  5.8334  6.3982
  81  0.622053  3.7246  4.5605 -0.4770  7.5482  6.9553  6.0927  5.6374  5.2453  4.6806  4.2687  4.2188  5.7942  6.3495
  82  0.625729  3.7267  4.5548 -0.4603  7.4658  6.8967  6.0438  5.5938  5.2051  4.6474  4.2416  4.1921  5.7492  6.2942
  83  0.629348  3.7287  4.5491 -0.4439  7.3854  6.8395  5.9958  5.5509  5.1655  4.6147  4.2146  4.1654  5.7050  6.2404
  84  0.632907  3.7307  4.5432 -0.4278  7.3074  6.7836  5.9489  5.5088  5.1264  4.5822  4.1876  4.1388  5.6617  6.1881
  85  0.636409  3.7326  4.5372 -0.4118  7.2317  6.7288  5.9029  5.4674  5.0880  4.5500  4.1606  4.1122  5.6190  6.1370
  86  0.639852  3.7344  4.5311 -0.3960  7.1585  6.6748  5.8578  5.4267  5.0503  4.5181  4.1334  4.0857  5.5772  6.0871
  87  0.643241  3.7362  4.5249 -0.3804  7.0874  6.6220  5.8134  5.3867  5.0132  4.4865  4.1062  4.0593  5.5360  6.0384
  88  0.646570  3.7379  4.5186 -0.3650  7.0183  6.5702  5.7699  5.3474  4.9767  4.4552  4.0791  4.0329  5.4955  5.9908
  89  0.649840  3.7396  4.5122 -0.3498  6.9512  6.5195  5.7272  5.3087  4.9406  4.4241  4.0520  4.0066  5.4557  5.9442
  90  0.653053  3.7411  4.5057 -0.3348  6.8857  6.4698  5.6853  5.2706  4.9050  4.3934  4.0250  3.9803  5.4164  5.8986
  91  0.656207  3.7427  4.4991 -0.3200  6.8219  6.4212  5.6442  5.2331  4.8699  4.3629  3.9983  3.9542  5.3779  5.8541
  92  0.659295  3.7442  4.4924 -0.3054  6.7601  6.3737  5.6039  5.1962  4.8354  4.3328  3.9716  3.9282  5.3400  5.8105
  93  0.662314  3.7456  4.4858 -0.2910  6.7000  6.3273  5.5643  5.1600  4.8014  4.3030  3.9452  3.9024  5.3028  5.7680
  94  0.665259  3.7469  4.4790 -0.2769  6.6418  6.2820  5.5257  5.1245  4.7681  4.2737  3.9191  3.8767  5.2664  5.7265
  95  0.668135  3.7482  4.4722 -0.2631  6.5853  6.2378  5.4879  5.0896  4.7353  4.2447  3.8932  3.8514  5.2306  5.6860
  96  0.670939  3.7495  4.4654 -0.2494  6.5308  6.1948  5.4509  5.0555  4.7031  4.2161  3.8674  3.8262  5.1956  5.6465
  97  0.673674  3.7507  4.4585 -0.2361  6.4779  6.1529  5.4148  5.0220  4.6714  4.1880  3.8420  3.8012  5.1613  5.6080
  98  0.676343  3.7518  4.4517 -0.2230  6.4267  6.1120  5.3795  4.9892  4.6403  4.1602  3.8168  3.7765  5.1278  5.5705
  99  0.678948  3.7529  4.4448 -0.2101  6.3770  6.0722  5.3449  4.9570  4.6098  4.1328  3.7919  3.7520  5.0949  5.5339
 100  0.681490  3.7539  4.4378 -0.1974  6.3290  6.0335  5.3111  4.9255  4.5798  4.1058  3.7672  3.7277  5.0626  5.4981
 101  0.683976  3.7549  4.4310 -0.1850  6.2821  5.9955  5.2780  4.8945  4.5504  4.0792  3.7428  3.7037  5.0310  5.4631
 102  0.686411  3.7558  4.4241 -0.1728  6.2368  5.9586  5.2456  4.8641  4.5214  4.0529  3.7186  3.6798  5.0000  5.4290
 103  0.688800  3.7567  4.4171 -0.1608  6.1929  5.9224  5.2138  4.8343  4.4929  4.0269  3.6946  3.6562  4.9695  5.3955
 104  0.691148  3.7576  4.4102 -0.1490  6.1502  5.8871  5.1826  4.8049  4.4649  4.0012  3.6708  3.6327  4.9396  5.3628
 105  0.693461  3.7584  4.4032 -0.1374  6.1089  5.8527  5.1520  4.7760  4.4372  3.9758  3.6471  3.6093  4.9101  5.3307
 106  0.695743  3.7592  4.3963 -0.1259  6.0682  5.8187  5.1219  4.7476  4.4100  3.9508  3.6238  3.5863  4.8811  5.2991
 107  0.698000  3.7599  4.3893 -0.1146  6.0291  5.7856  5.0923  4.7196  4.3831  3.9258  3.6005  3.5632  4.8526  5.2682
 108  0.700231  3.7605  4.3822 -0.1035  5.9912  5.7532  5.0632  4.6919  4.3564  3.9010  3.5771  3.5401  4.8245  5.2379
 109  0.702426  3.7612  4.3750 -0.0925  5.9542  5.7214  5.0346  4.6646  4.3301  3.8764  3.5540  3.5171  4.7968  5.2082
 110  0.704574  3.7618  4.3679 -0.0816  5.9180  5.6902  5.0063  4.6377  4.3041  3.8520  3.5309  3.4943  4.7694  5.1789
 111  0.706644  3.7623  4.3607 -0.0709  5.8829  5.6597  4.9786  4.6112  4.2785  3.8279  3.5080  3.4715  4.7425  5.1501
 112  0.707890  3.7627  4.3563 -0.0643  5.8613  5.6409  4.9615  4.5949  4.2627  3.8130  3.4939  3.4576  4.7259  5.1324
 113  0.709135  3.7630  4.3518 -0.0576  5.8393  5.6218  4.9442  4.5783  4.2466  3.7980  3.4797  3.4434  4.7091  5.1144
 114  0.710380  3.7634  4.3472 -0.0509  5.8171  5.6024  4.9266  4.5615  4.2304  3.7827  3.4652  3.4290  4.6921  5.0962
 115  0.711624  3.7637  4.3425 -0.0440  5.7949  5.5830  4.9088  4.5445  4.2139  3.7671  3.4504  3.4143  4.6748  5.0779
 116  0.712867  3.7640  4.3375 -0.0370  5.7728  5.5634  4.8909  4.5273  4.1972  3.7512  3.4352  3.3993  4.6574  5.0594
 117  0.714108  3.7643  4.3325 -0.0300  5.7506  5.5438  4.8728  4.5098  4.1802  3.7351  3.4198  3.3839  4.6397  5.0407
 118  0.715347  3.7647  4.3274 -0.0229  5.7283  5.5239  4.8545  4.4922  4.1630  3.7188  3.4041  3.3684  4.6219  5.0219
 119  0.716585  3.7649  4.3221 -0.0157  5.7061  5.5040  4.8361  4.4744  4.1457  3.7022  3.3882  3.3525  4.6038  5.0029
 120  0.717822  3.7652  4.3167 -0.0084  5.6837  5.4840  4.8175  4.4564  4.1281  3.6854  3.3720  3.3364  4.5856  4.9838
 121  0.719057  3.7655  4.3112 -0.0011  5.6614  5.4638  4.7987  4.4383  4.1104  3.6684  3.3556  3.3201  4.5673  4.9646
 122  0.720289  3.7657  4.3056  0.0063  5.6392  5.4437  4.7798  4.4199  4.0924  3.6511  3.3389  3.3034  4.5488  4.9452
 123  0.721503  3.7661  4.3000  0.0138  5.6158  5.4227  4.7605  4.4013  4.0742  3.6337  3.3222  3.2868  4.5299  4.9253
 124  0.722723  3.7664  4.2944  0.0214  5.5926  5.4018  4.7411  4.3825  4.0559  3.6162  3.3054  3.2701  4.5109  4.9054
 125  0.723945  3.7667  4.2887  0.0290  5.5694  5.3809  4.7217  4.3637  4.0376  3.5986  3.2885  3.2533  4.4919  4.8855
 126  0.725168  3.7669  4.2829  0.0366  5.5464  5.3600  4.7022  4.3448  4.0191  3.5808  3.2713  3.2361  4.4728  4.8655
 127  0.726391  3.7672  4.2770  0.0443  5.5234  5.3390  4.6826  4.3258  4.0005  3.5629  3.2540  3.2189  4.4536  4.8454
 128  0.727612  3.7674  4.2709  0.0520  5.5006  5.3181  4.6629  4.3066  3.9817  3.5447  3.2363  3.2013  4.4343  4.8253
 129  0.728833  3.7676  4.2647  0.0597  5.4781  5.2973  4.6431  4.2874  3.9627  3.5263  3.2184  3.1834  4.4148  4.8052
 130  0.730050  3.7678  4.2584  0.0676  5.4558  5.2764  4.6233  4.2680  3.9436  3.5077  3.2002  3.1652  4.3953  4.7850
 131  0.731264  3.7680  4.2518  0.0754  5.4337  5.2556  4.6034  4.2484  3.9243  3.4888  3.1816  3.1467  4.3756  4.7648
 132  0.732473  3.7681  4.2452  0.0833  5.4117  5.2348  4.5834  4.2288  3.9049  3.4696  3.1629  3.1280  4.3559  4.7445
 133  0.733678  3.7682  4.2384  0.0913  5.3899  5.2140  4.5633  4.2090  3.8852  3.4503  3.1438  3.1089  4.3360  4.7241
 134  0.734878  3.7683  4.2314  0.0993  5.3683  5.1933  4.5432  4.1890  3.8654  3.4307  3.1244  3.0895  4.3159  4.7037
 135  0.736071  3.7684  4.2243  0.1074  5.3469  5.1725  4.5229  4.1690  3.8454  3.4108  3.1047  3.0698  4.2958  4.6833
 136  0.737259  3.7684  4.2170  0.1155  5.3258  5.1518  4.5026  4.1488  3.8253  3.3907  3.0847  3.0498  4.2756  4.6628
 137  0.738439  3.7684  4.2096  0.1237  5.3048  5.1311  4.4821  4.1285  3.8050  3.3704  3.0645  3.0296  4.2552  4.6422
 138  0.739612  3.7684  4.2020  0.1319  5.2841  5.1105  4.4617  4.1080  3.7845  3.3498  3.0439  3.0089  4.2347  4.6216
 139  0.740777  3.7683  4.1942  0.1402  5.2636  5.0900  4.4411  4.0874  3.7638  3.3290  3.0230  2.9880  4.2141  4.6010
 140  0.741934  3.7683  4.1862  0.1485  5.2434  5.0695  4.4205  4.0667  3.7430  3.3079  3.0018  2.9667  4.1935  4.5804
 141  0.743081  3.7681  4.1781  0.1568  5.2235  5.0491  4.3998  4.0459  3.7220  3.2866  2.9802  2.9451  4.1727  4.5597
 142  0.744220  3.7680  4.1698  0.1652  5.2041  5.0289  4.3791  4.0250  3.7008  3.2649  2.9583  2.9231  4.1518  4.5391
 143  0.745350  3.7678  4.1612  0.1737  5.1850  5.0087  4.3584  4.0039  3.6794  3.2430  2.9360  2.9007  4.1309  4.5185
 144  0.746469  3.7676  4.1525  0.1821  5.1663  4.9888  4.3376  3.9828  3.6579  3.2208  2.9134  2.8780  4.1098  4.4979
 145  0.747580  3.7673  4.1435  0.1906  5.1483  4.9690  4.3168  3.9615  3.6362  3.1983  2.8903  2.8548  4.0887  4.4774
 146  0.748679  3.7669  4.1342  0.1991  5.1310  4.9496  4.2961  3.9402  3.6143  3.1754  2.8667  2.8310  4.0676  4.4570
 147  0.749769  3.7665  4.1247  0.2077  5.1142  4.9305  4.2754  3.9188  3.5923  3.1523  2.8427  2.8068  4.0464  4.4367
 148  0.750848  3.7661  4.1150  0.2163  5.0977  4.9114  4.2546  3.8973  3.5701  3.1289  2.8184  2.7824  4.0251  4.4163
 149  0.751915  3.7656  4.1050  0.2249  5.0822  4.8927  4.2340  3.8757  3.5477  3.1051  2.7936  2.7574  4.0038  4.3962
 150  0.752973  3.7650  4.0945  0.2336  5.0679  4.8746  4.2134  3.8541  3.5251  3.0808  2.7680  2.7316  3.9826  4.3763
 151  0.754018  3.7643  4.0838  0.2422  5.0545  4.8569  4.1929  3.8324  3.5023  3.0561  2.7419  2.7052  3.9612  4.3566
 152  0.755054  3.7636  4.0727  0.2509  5.0420  4.8397  4.1726  3.8106  3.4794  3.0311  2.7154  2.6783  3.9399  4.3371
 153  0.756080  3.7627  4.0613  0.2596  5.0307  4.8230  4.1524  3.7889  3.4563  3.0056  2.6881  2.6508  3.9187  4.3179
 154  0.757100  3.7618  4.0495  0.2683  5.0205  4.8069  4.1324  3.7671  3.4331  2.9798  2.6603  2.6226  3.8975  4.2990
 155  0.758110  3.7606  4.0367  0.2769  5.0141  4.7927  4.1130  3.7454  3.4094  2.9528  2.6308  2.5925  3.8765  4.2811
 156  0.759117  3.7593  4.0234  0.2856  5.0093  4.7792  4.0938  3.7237  3.3857  2.9254  2.6005  2.5618  3.8556  4.2636
 157  0.760124  3.7578  4.0091  0.2942  5.0087  4.7676  4.0754  3.7023  3.3617  2.8969  2.5686  2.5292  3.8351  4.2472
 158  0.761130  3.7560  3.9941  0.3028  5.0112  4.7572  4.0574  3.6809  3.3376  2.8677  2.5356  2.4956  3.8148  4.2314
 159  0.762139  3.7538  3.9774  0.3112  5.0229  4.7497  4.0405  3.6600  3.3135  2.8369  2.4999  2.4593  3.7951  4.2176
 160  0.763157  3.7512  3.9592  0.3195  5.0415  4.7452  4.0249  3.6397  3.2893  2.8048  2.4621  2.4208  3.7762  4.2055
 161  0.764175  3.7480  3.9389  0.3275  5.0707  4.7461  4.0116  3.6205  3.2652  2.7708  2.4209  2.3787  3.7588  4.1969
 162  0.765052  3.7448  3.9205  0.3336  5.1032  4.7530  4.0038  3.6061  3.2456  2.7416  2.3841  2.3408  3.7463  4.1938
 163  0.765925  3.7411  3.8993  0.3404  5.1427  4.7631  3.9963  3.5907  3.2241  2.7088  2.3423  2.2975  3.7332  4.1922
 164  0.766793  3.7368  3.8755  0.3478  5.1907  4.7762  3.9893  3.5746  3.2009  2.6727  2.2957  2.2492  3.7197  4.1922
 165  0.767648  3.7324  3.8494  0.3567  5.2406  4.7881  3.9801  3.5557  3.1745  2.6323  2.2442  2.1958  3.7035  4.1906
 166  0.768476  3.7280  3.8209  0.3679  5.2859  4.7946  3.9655  3.5313  3.1425  2.5862  2.1869  2.1365  3.6817  4.1838
 167  0.769256  3.7239  3.7909  0.3822  5.3184  4.7913  3.9429  3.4996  3.1039  2.5346  2.1249  2.0726  3.6524  4.1686
 168  0.769976  3.7206  3.7608  0.3993  5.3341  4.7763  3.9119  3.4610  3.0594  2.4789  2.0604  2.0064  3.6157  4.1438
 169  0.770635  3.7178  3.7311  0.4183  5.3347  4.7517  3.8741  3.4169  3.0104  2.4206  1.9948  1.9395  3.5731  4.1112
 170  0.771244  3.7156  3.7021  0.4387  5.3227  4.7194  3.8313  3.3691  2.9586  2.3612  1.9295  1.8731  3.5265  4.0725
 171  0.771815  3.7137  3.6739  0.4599  5.3017  4.6818  3.7850  3.3187  2.9049  2.3013  1.8648  1.8073  3.4771  4.0296
 172  0.772355  3.7122  3.6463  0.4817  5.2737  4.6401  3.7363  3.2666  2.8500  2.2411  1.8007  1.7424  3.4258  3.9835
 173  0.772873  3.7109  3.6193  0.5038  5.2407  4.5956  3.6859  3.2134  2.7944  2.1810  1.7372  1.6781  3.3732  3.9352
 174  0.773373  3.7098  3.5927  0.5262  5.2043  4.5491  3.6342  3.1593  2.7382  2.1209  1.6741  1.6144  3.3196  3.8853
 175  0.773859  3.7088  3.5663  0.5488  5.1653  4.5012  3.5817  3.1046  2.6817  2.0607  1.6114  1.5511  3.2654  3.8343
 176  0.774333  3.7079  3.5403  0.5715  5.1238  4.4519  3.5283  3.0494  2.6248  2.0007  1.5491  1.4883  3.2106  3.7822
 177  0.774791  3.7071  3.5144  0.5944  5.0812  4.4017  3.4744  2.9938  2.5676  1.9405  1.4868  1.4255  3.1554  3.7294
 178  0.775238  3.7063  3.4885  0.6174  5.0378  4.3507  3.4200  2.9378  2.5102  1.8802  1.4246  1.3628  3.0997  3.6760
 179  0.775670  3.7055  3.4625  0.6405  4.9940  4.2994  3.3652  2.8815  2.4524  1.8196  1.3621  1.2999  3.0437  3.6222
 180  0.776091  3.7047  3.4364  0.6637  4.9498  4.2477  3.3101  2.8249  2.3944  1.7588  1.2995  1.2367  2.9875  3.5681
 181  0.776498  3.7040  3.4103  0.6870  4.9052  4.1958  3.2548  2.7681  2.3362  1.6977  1.2365  1.1733  2.9309  3.5137
 182  0.776733  3.7035  3.3950  0.7007  4.8788  4.1652  3.2223  2.7347  2.3020  1.6619  1.1997  1.1362  2.8977  3.4817
 183  0.776967  3.7031  3.3792  0.7149  4.8513  4.1334  3.1886  2.7001  2.2666  1.6249  1.1616  1.0978  2.8633  3.4486
 184  0.777200  3.7026  3.3625  0.7298  4.8224  4.1001  3.1532  2.6638  2.2293  1.5859  1.1215  1.0574  2.8272  3.4137
 185  0.777431  3.7021  3.3452  0.7452  4.7929  4.0658  3.1166  2.6262  2.1908  1.5455  1.0798  1.0154  2.7897  3.3778
 186  0.777660  3.7016  3.3267  0.7618  4.7611  4.0291  3.0774  2.5859  2.1495  1.5023  1.0352  0.9706  2.7497  3.3393
 187  0.777887  3.7011  3.3076  0.7789  4.7279  3.9909  3.0367  2.5442  2.1067  1.4575  0.9892  0.9242  2.7082  3.2993
 188  0.778112  3.7005  3.2872  0.7970  4.6935  3.9509  2.9940  2.5003  2.0617  1.4103  0.9403  0.8750  2.6645  3.2574
 189  0.778334  3.6998  3.2659  0.8159  4.6574  3.9091  2.9493  2.4542  2.0144  1.3607  0.8891  0.8234  2.6187  3.2136
 190  0.778553  3.6992  3.2438  0.8355  4.6201  3.8659  2.9030  2.4065  1.9655  1.3093  0.8361  0.7700  2.5713  3.1682
 191  0.778770  3.6985  3.2206  0.8560  4.5812  3.8211  2.8549  2.3569  1.9143  1.2556  0.7803  0.7140  2.5219  3.1211
 192  0.778983  3.6977  3.1964  0.8773  4.5406  3.7747  2.8050  2.3053  1.8613  1.1998  0.7224  0.6557  2.4707  3.0722
 193  0.779193  3.6969  3.1713  0.8993  4.4989  3.7268  2.7534  2.2520  1.8064  1.1421  0.6622  0.5953  2.4177  3.0219
 194  0.779400  3.6961  3.1454  0.9221  4.4555  3.6774  2.7002  2.1969  1.7497  1.0825  0.6003  0.5331  2.3630  2.9698
 195  0.779603  3.6952  3.1183  0.9457  4.4112  3.6263  2.6449  2.1397  1.6907  1.0203  0.5355  0.4679  2.3062  2.9159
 196  0.779802  3.6943  3.0903  0.9701  4.3660  3.5739  2.5882  2.0808  1.6299  0.9562  0.4685  0.4006  2.2477  2.8606
 197  0.779998  3.6933  3.0614  0.9952  4.3200  3.5204  2.5301  2.0205  1.5676  0.8903  0.3998  0.3316  2.1877  2.8040
 198  0.780188  3.6923  3.0315  1.0211  4.2731  3.4652  2.4700  1.9581  1.5031  0.8221  0.3284  0.2598  2.1258  2.7456
 199  0.780374  3.6912  3.0005  1.0478  4.2259  3.4089  2.4084  1.8940  1.4367  0.7517  0.2547  0.1857  2.0621  2.6858
 200  0.780555  3.6900  2.9683  1.0753  4.1794  3.3517  2.3455  1.8282  1.3685  0.6790  0.1785  0.1089  1.9968  2.6249
 201  0.780731  3.6887  2.9351  1.1035  4.1343  3.2937  2.2810  1.7607  1.2984  0.6041  0.1001  0.0297  1.9299  2.5627
 202  0.780901  3.6874  2.9009  1.1325  4.0893  3.2346  2.2150  1.6916  1.2265  0.5271  0.0194 -0.0520  1.8613  2.4992
 203  0.781065  3.6860  2.8657  1.1622  4.0446  3.1745  2.1477  1.6209  1.1529  0.4482 -0.0634 -0.1358  1.7912  2.4345
 204  0.781223  3.6845  2.8296  1.1926  4.0001  3.1134  2.0789  1.5486  1.0776  0.3672 -0.1484 -0.2220  1.7195  2.3685
 205  0.781375  3.6830  2.7924  1.2237  3.9561  3.0515  2.0090  1.4749  1.0006  0.2843 -0.2354 -0.3102  1.6465  2.3016
 206  0.781521  3.6814  2.7545  1.2554  3.9124  2.9888  1.9379  1.3998  0.9222  0.1997 -0.3242 -0.4005  1.5721  2.2337
 207  0.781661  3.6797  2.7156  1.2877  3.8688  2.9255  1.8657  1.3236  0.8425  0.1134 -0.4150 -0.4926  1.4965  2.1650
 208  0.781794  3.6780  2.6761  1.3205  3.8256  2.8616  1.7927  1.2462  0.7614  0.0257 -0.5074 -0.5864  1.4199  2.0957
 209  0.781922  3.6763  2.6357  1.3539  3.7831  2.7972  1.7189  1.1679  0.6793 -0.0634 -0.6013 -0.6819  1.3423  2.0258
 210  0.782043  3.6745  2.5947  1.3877  3.7411  2.7325  1.6444  1.0887  0.5961 -0.1538 -0.6967 -0.7788  1.2638  1.9553
 211  0.782159  3.6726  2.5531  1.4220  3.7001  2.6675  1.5694  1.0087  0.5120 -0.2454 -0.7934 -0.8771  1.1846  1.8846
 212  0.782269  3.6707  2.5108  1.4566  3.6596  2.6022  1.4939  0.9282  0.4271 -0.3380 -0.8911 -0.9767  1.1048  1.8135
 213  0.782375  3.6686  2.4678  1.4915  3.6211  2.5374  1.4183  0.8473  0.3416 -0.4316 -0.9900 -1.0775  1.0246  1.7429
 214  0.782477  3.6666  2.4244  1.5266  3.5842  2.4729  1.3429  0.7662  0.2558 -0.5259 -1.0899 -1.1793  0.9443  1.6726
 215  0.782577  3.6644  2.3808  1.5619  3.5487  2.4091  1.2677  0.6853  0.1699 -0.6205 -1.1901 -1.2816  0.8641  1.6028
 216  0.782682  3.6623  2.3374  1.5969  3.5147  2.3465  1.1936  0.6052  0.0848 -0.7142 -1.2898 -1.3833  0.7848  1.5343
 217  0.782692  3.6621  2.3336  1.5999  3.5119  2.3411  1.1872  0.5983  0.0774 -0.7223 -1.2984 -1.3921  0.7780  1.5285
 218  0.782702  3.6620  2.3300  1.6028  3.5090  2.3358  1.1810  0.5916  0.0703 -0.7302 -1.3068 -1.4007  0.7713  1.5227
 219  0.782712  3.6618  2.3263  1.6058  3.5062  2.3306  1.1747  0.5848  0.0630 -0.7382 -1.3153 -1.4094  0.7645  1.5169
 220  0.782722  3.6616  2.3227  1.6087  3.5034  2.3254  1.1686  0.5782  0.0560 -0.7459 -1.3235 -1.4178  0.7580  1.5113
 221  0.782733  3.6614  2.3192  1.6116  3.5006  2.3203  1.1625  0.5716  0.0490 -0.7536 -1.3317 -1.4261  0.7515  1.5057
 222  0.782744  3.6613  2.3157  1.6144  3.4979  2.3152  1.1566  0.5652  0.0422 -0.7612 -1.3397 -1.4343  0.7451  1.5002
 223  0.782755  3.6611  2.3124  1.6171  3.4952  2.3104  1.1508  0.5590  0.0356 -0.7684 -1.3474 -1.4421  0.7390  1.4949
 224  0.782767  3.6610  2.3092  1.6197  3.4923  2.3055  1.1452  0.5529  0.0292 -0.7754 -1.3548 -1.4496  0.7330  1.4896
 225  0.782780  3.6609  2.3063  1.6222  3.4893  2.3008  1.1398  0.5472  0.0232 -0.7819 -1.3616 -1.4566  0.7273  1.4845
 226  0.782793  3.6608  2.3036  1.6244  3.4865  2.2965  1.1349  0.5420  0.0177 -0.7878 -1.3679 -1.4630  0.7221  1.4799
 227  0.782897  3.6608  2.3012  1.6270  3.4794  2.2896  1.1281  0.5353  0.0112 -0.7943 -1.3742 -1.4692  0.7154  1.4728
 228  0.783011  3.6603  2.2852  1.6412  3.4565  2.2598  1.0955  0.5015 -0.0238 -0.8312 -1.4123 -1.5079  0.6817  1.4412
 229  0.783126  3.6568  2.2164  1.6960  3.4120  2.1662  0.9822  0.3778 -0.1562 -0.9784 -1.5697 -1.6689  0.5593  1.3382
 230  0.783228  3.6532  2.1470  1.7509  3.3713  2.0743  0.8701  0.2547 -0.2886 -1.1261 -1.7282 -1.8312  0.4374  1.2371
 231  0.783318  3.6496  2.0793  1.8043  3.3346  1.9868  0.7624  0.1359 -0.4170 -1.2696 -1.8823 -1.9892  0.3196  1.1410
 232  0.783397  3.6460  2.0133  1.8562  3.3023  1.9036  0.6595  0.0216 -0.5410 -1.4087 -2.0319 -2.1429  0.2063  1.0499
 233  0.783469  3.6424  1.9481  1.9070  3.2753  1.8245  0.5603 -0.0892 -0.6622 -1.5453 -2.1791 -2.2944  0.0963  0.9632
 234  0.783532  3.6388  1.8841  1.9566  3.2529  1.7496  0.4651 -0.1962 -0.7800 -1.6787 -2.3231 -2.4427 -0.0100  0.8809
 235  0.783588  3.6353  1.8216  2.0049  3.2337  1.6783  0.3740 -0.2991 -0.8943 -1.8085 -2.4633 -2.5875 -0.1125  0.8028
 236  0.783639  3.6317  1.7595  2.0527  3.2175  1.6095  0.2856 -0.3993 -1.0068 -1.9368 -2.6019 -2.7309 -0.2126  0.7278
 237  0.783685  3.6281  1.6988  2.0992  3.2036  1.5439  0.2008 -0.4957 -1.1160 -2.0619 -2.7370 -2.8710 -0.3092  0.6562
 238  0.783726  3.6246  1.6391  2.1449  3.1914  1.4812  0.1193 -0.5886 -1.2227 -2.1846 -2.8695 -3.0087 -0.4028  0.5877
 239  0.783763  3.6211  1.5804  2.1896  3.1808  1.4214  0.0413 -0.6780 -1.3268 -2.3049 -2.9997 -3.1440 -0.4932  0.5224
 240  0.783796  3.6177  1.5238  2.2327  3.1716  1.3655 -0.0318 -0.7621 -1.4265 -2.4205 -3.1252 -3.2745 -0.5787  0.4615
 241  0.783827  3.6143  1.4673  2.2753  3.1645  1.3125 -0.1017 -0.8432 -1.5248 -2.5352 -3.2502 -3.4045 -0.6618  0.4036
 242  0.783854  3.6108  1.4114  2.3173  3.1582  1.2622 -0.1684 -0.9208 -1.6211 -2.6482 -3.3735 -3.5330 -0.7420  0.3481
 243  0.783879  3.6074  1.3570  2.3581  3.1520  1.2150 -0.2310 -0.9941 -1.7143 -2.7581 -3.4935 -3.6580 -0.8184  0.2953
 244  0.783902  3.6040  1.3033  2.3983  3.1462  1.1706 -0.2901 -1.0635 -1.8055 -2.8664 -3.6117 -3.7813 -0.8918  0.2454
 245  0.783923  3.6007  1.2513  2.4371  3.1408  1.1299 -0.3445 -1.1278 -1.8934 -2.9714 -3.7263 -3.9009 -0.9609  0.1994
 246  0.783942  3.5974  1.1993  2.4759  3.1350  1.0916 -0.3962 -1.1893 -1.9805 -3.0762 -3.8406 -4.0204 -1.0279  0.1554
 247  0.783959  3.5942  1.1493  2.5131  3.1277  1.0563 -0.4437 -1.2464 -2.0637 -3.1767 -3.9504 -4.1353 -1.0909  0.1141
 248  0.783975  3.5910  1.0998  2.5498  3.1189  1.0234 -0.4884 -1.3005 -2.1451 -3.2758 -4.0588 -4.2487 -1.1517  0.0746
 249  0.783990  3.5878  1.0513  2.5857  3.1088  0.9933 -0.5298 -1.3510 -2.2244 -3.3728 -4.1650 -4.3599 -1.2095  0.0373
 250  0.784004  3.5847  1.0036  2.6209  3.0989  0.9664 -0.5666 -1.3969 -2.3015 -3.4680 -4.2691 -4.4690 -1.2639  0.0034
 251  0.784016  3.5816  0.9569  2.6552  3.0898  0.9434 -0.5983 -1.4377 -2.3758 -3.5611 -4.3707 -4.5755 -1.3143 -0.0270
 252  0.784028  3.5785  0.9112  2.6886  3.0804  0.9232 -0.6259 -1.4742 -2.4478 -3.6521 -4.4696 -4.6794 -1.3615 -0.0548
 253  0.784039  3.5755  0.8661  2.7216  3.0710  0.9062 -0.6492 -1.5066 -2.5180 -3.7418 -4.5673 -4.7820 -1.4058 -0.0799
 254  0.784049  3.5725  0.8220  2.7536  3.0613  0.8931 -0.6673 -1.5341 -2.5853 -3.8293 -4.6625 -4.8821 -1.4464 -0.1016
 255  0.784058  3.5695  0.7785  2.7852  3.0517  0.8844 -0.6795 -1.5566 -2.6503 -3.9156 -4.7565 -4.9809 -1.4834 -0.1197
 256  0.784067  3.5666  0.7362  2.8158  3.0421  0.8803 -0.6852 -1.5728 -2.7124 -3.9995 -4.8480 -5.0771 -1.5159 -0.1337
 257  0.784075  3.5637  0.6944  2.8460  3.0323  0.8807 -0.6846 -1.5834 -2.7725 -4.0825 -4.9386 -5.1721 -1.5449 -0.1442
 258  0.784082  3.5608  0.6538  2.8752  3.0229  0.8860 -0.6772 -1.5885 -2.8286 -4.1628 -5.0262 -5.2641 -1.5695 -0.1501
 259  0.784089  3.5580  0.6137  2.9040  3.0137  0.8962 -0.6628 -1.5885 -2.8821 -4.2425 -5.1130 -5.3553 -1.5906 -0.1519
 260  0.784096  3.5552  0.5744  2.9320  3.0070  0.9127 -0.6409 -1.5829 -2.9314 -4.3202 -5.1977 -5.4443 -1.6074 -0.1489
 261  0.784102  3.5524  0.5360  2.9595  3.0019  0.9339 -0.6132 -1.5735 -2.9775 -4.3963 -5.2806 -5.5314 -1.6210 -0.1428
 262  0.784108  3.5497  0.4981  2.9864  2.9965  0.9625 -0.5742 -1.5557 -3.0190 -4.4712 -5.3621 -5.6172 -1.6289 -0.1295
 263  0.784113  3.5470  0.4611  3.0126  2.9882  0.9985 -0.5230 -1.5289 -3.0559 -4.5449 -5.4421 -5.7012 -1.6309 -0.1083
 264  0.784119  3.5443  0.4246  3.0385  2.9767  1.0427 -0.4568 -1.4917 -3.0873 -4.6178 -5.5210 -5.7842 -1.6260 -0.0780
 265  0.784123  3.5417  0.3888  3.0637  2.9542  1.1020 -0.3588 -1.4309 -3.1102 -4.6900 -5.5987 -5.8658 -1.6077 -0.0317
 266  0.784128  3.5391  0.3536  3.0885  2.9284  1.1724 -0.2401 -1.3572 -3.1254 -4.7619 -5.6756 -5.9463 -1.5805  0.0270
 267  0.784132  3.5366  0.3192  3.1127  2.9020  1.2516 -0.1057 -1.2750 -3.1330 -4.8330 -5.7510 -6.0253 -1.5464  0.0963
 268  0.784137  3.5341  0.2857  3.1363  2.8763  1.3364  0.0385 -1.1888 -3.1342 -4.9028 -5.8246 -6.1023 -1.5079  0.1737
 269  0.784140  3.5316  0.2526  3.1595  2.8523  1.4254  0.1894 -1.1016 -3.1296 -4.9719 -5.8973 -6.1784 -1.4664  0.2582
 270  0.784144  3.5291  0.2200  3.1821  2.8370  1.5153  0.3407 -1.0250 -3.1160 -5.0387 -5.9683 -6.2532 -1.4251  0.3532
 271  0.784148  3.5265  0.1877  3.2042  2.8259  1.6049  0.4880 -0.9546 -3.0982 -5.1033 -6.0380 -6.3269 -1.3845  0.4517
 272  0.784151  3.5242  0.1565  3.2259  2.8161  1.6824  0.6134 -0.8999 -3.0833 -5.1651 -6.1050 -6.3980 -1.3525  0.5396
 273  0.784154  3.5218  0.1258  3.2472  2.8094  1.7550  0.7264 -0.8540 -3.0679 -5.2246 -6.1706 -6.4676 -1.3242  0.6245
 274  0.784157  3.5195  0.0959  3.2679  2.8054  1.8205  0.8230 -0.8183 -3.0537 -5.2815 -6.2340 -6.5351 -1.3010  0.7029
 275  0.784160  3.5173  0.0666  3.2882  2.8062  1.8792  0.8972 -0.7937 -3.0424 -5.3358 -6.2953 -6.6004 -1.2838  0.7729
 276  0.784163  3.5151  0.0380  3.3079  2.8116  1.9337  0.9547 -0.7764 -3.0324 -5.3879 -6.3546 -6.6635 -1.2701  0.8374
 277  0.784166  3.5129  0.0103  3.3271  2.8188  1.9842  1.0021 -0.7637 -3.0228 -5.4380 -6.4119 -6.7245 -1.2587  0.8975
 278  0.784168  3.5109 -0.0160  3.3454  3.2220  2.2726  1.2469 -0.6079 -2.9364 -5.4874 -6.5082 -6.8167 -1.1383  1.1781
 279  0.784171  3.5092 -0.0378  3.3605  3.2028  2.2921  1.2601 -0.6123 -2.9350 -5.5266 -6.5502 -6.8620 -1.1393  1.2058