#AGE= 7.000 EEPS=268
#EEP   M/Mo    LogTeff  LogG   LogL/Lo U       B       V       R       I       J       H       Ks      Kp      D51     
  12  0.117883  3.5119  5.1916 -2.6813 16.5166 15.0255 13.4431 12.3601 10.9492  9.5639  9.0209  8.7818 12.3299 14.0988
  13  0.138533  3.5135  5.1356 -2.5487 16.1080 14.6531 13.0875 12.0126 10.6146  9.2363  8.6935  8.4544 11.9873 13.7330
  14  0.156083  3.5154  5.0967 -2.4504 15.7923 14.3657 12.8145 11.7481 10.3643  8.9953  8.4520  8.2135 11.7282 13.4522
  15  0.172037  3.5178  5.0675 -2.3693 15.5169 14.1151 12.5781 11.5219 10.1552  8.7985  8.2540  8.0167 11.5084 13.2092
  16  0.184962  3.5200  5.0473 -2.3087 15.3057 13.9225 12.3969 11.3497  9.9980  8.6526  8.1067  7.8707 11.3418 13.0232
  17  0.195405  3.5219  5.0328 -2.2630 15.1454 13.7757 12.2588 11.2188  9.8791  8.5431  7.9959  7.7610 11.2154 12.8818
  18  0.203664  3.5232  5.0218 -2.2287 15.0262 13.6661 12.1557 11.1208  9.7900  8.4607  7.9124  7.6784 11.1206 12.7761
  19  0.210517  3.5243  5.0136 -2.2018 14.9325 13.5796 12.0742 11.0435  9.7198  8.3961  7.8469  7.6135 11.0459 12.6928
  20  0.216646  3.5253  5.0066 -2.1783 14.8511 13.5044 12.0033 10.9763  9.6588  8.3400  7.7899  7.5571 10.9810 12.6204
  21  0.222526  3.5262  4.9999 -2.1562 14.7741 13.4329 11.9361 10.9126  9.6012  8.2871  7.7361  7.5039 10.9195 12.5518
  22  0.228579  3.5272  4.9930 -2.1337 14.6965 13.3606 11.8680 10.8481  9.5427  8.2334  7.6814  7.4498 10.8571 12.4823
  23  0.235276  3.5283  4.9855 -2.1092 14.6118 13.2814 11.7935 10.7775  9.4788  8.1750  7.6217  7.3909 10.7889 12.4063
  24  0.243076  3.5297  4.9768 -2.0810 14.5141 13.1900 11.7075 10.6961  9.4054  8.1079  7.5530  7.3231 10.7103 12.3187
  25  0.252121  3.5313  4.9663 -2.0483 14.4005 13.0833 11.6073 10.6013  9.3201  8.0301  7.4733  7.2444 10.6188 12.2165
  26  0.260801  3.5328  4.9562 -2.0172 14.2928 12.9819 11.5119 10.5111  9.2392  7.9564  7.3976  7.1696 10.5319 12.1195
  27  0.268231  3.5342  4.9476 -1.9909 14.2015 12.8957 11.4308 10.4346  9.1707  7.8942  7.3335  7.1064 10.4581 12.0371
  28  0.274970  3.5355  4.9399 -1.9673 14.1196 12.8180 11.3578 10.3657  9.1093  7.8387  7.2762  7.0498 10.3918 11.9630
  29  0.281810  3.5369  4.9325 -1.9437 14.0370 12.7395 11.2840 10.2962  9.0478  7.7834  7.2190  6.9934 10.3251 11.8882
  30  0.289810  3.5386  4.9241 -1.9164 13.9405 12.6474 11.1973 10.2147  8.9763  7.7195  7.1527  6.9280 10.2470 11.8006
  31  0.300994  3.5411  4.9119 -1.8775 13.8023 12.5150 11.0727 10.0977  8.8743  7.6292  7.0587  6.8354 10.1352 11.6749
  32  0.342130  3.5533  4.8619 -1.7231 13.2507 11.9760 10.5625  9.6189  8.4648  7.2781  6.6897  6.4720  9.6799 11.1658
  33  0.364095  3.5612  4.8342 -1.6371 12.9451 11.6681 10.2672  9.3424  8.2379  7.0861  6.4861  6.2727  9.4199 10.8745
  34  0.376395  3.5661  4.8182 -1.5869 12.7679 11.4861 10.0911  9.1782  8.1073  6.9754  6.3681  6.1581  9.2665 10.7019
  35  0.387306  3.5707  4.8040 -1.5417 12.6087 11.3204  9.9300  9.0278  7.9893  6.8764  6.2622  6.0559  9.1265 10.5451
  36  0.398400  3.5757  4.7900 -1.4955 12.4465 11.1497  9.7634  8.8721  7.8685  6.7758  6.1544  5.9529  8.9818 10.3837
  37  0.409683  3.5811  4.7763 -1.4482 12.2795 10.9723  9.5897  8.7097  7.7448  6.6739  6.0447  5.8492  8.8313 10.2164
  38  0.420187  3.5864  4.7639 -1.4035 12.1191 10.8012  9.4218  8.5528  7.6280  6.5788  5.9420  5.7531  8.6864 10.0554
  39  0.430367  3.5918  4.7523 -1.3598 11.9636 10.6326  9.2578  8.3999  7.5140  6.4858  5.8418  5.6606  8.5447  9.8992
  40  0.440170  3.5973  4.7418 -1.3176 11.8178 10.4695  9.1028  8.2564  7.4038  6.3945  5.7438  5.5715  8.4099  9.7533
  41  0.450000  3.6030  4.7317 -1.2753 11.6702 10.3042  8.9472  8.1128  7.2939  6.3034  5.6468  5.4840  8.2746  9.6067
  42  0.459453  3.6086  4.7227 -1.2347 11.5204 10.1405  8.7928  7.9706  7.1885  6.2174  5.5563  5.4025  8.1412  9.4592
  43  0.468531  3.6143  4.7147 -1.1953 11.3727  9.9793  8.6424  7.8327  7.0867  6.1346  5.4703  5.3254  8.0114  9.3148
  44  0.478262  3.6207  4.7068 -1.1532 11.2141  9.8053  8.4828  7.6876  6.9778  6.0451  5.3792  5.2441  7.8735  9.1611
  45  0.489110  3.6280  4.6989 -1.1063 11.0228  9.6036  8.3027  7.5260  6.8561  5.9464  5.2824  5.1580  7.7184  8.9822
  46  0.501420  3.6364  4.6905 -1.0532 10.7790  9.3676  8.0967  7.3437  6.7176  5.8364  5.1801  5.0671  7.5416  8.7670
  47  0.514187  3.6457  4.6828 -0.9977 10.4876  9.1139  7.8800  7.1553  6.5715  5.7231  5.0824  4.9797  7.3563  8.5260
  48  0.526842  3.6552  4.6760 -0.9424 10.1659  8.8554  7.6652  6.9724  6.4247  5.6114  4.9933  4.9001  7.1730  8.2725
  49  0.538829  3.6642  4.6697 -0.8903  9.8415  8.6122  7.4663  6.8065  6.2868  5.5074  4.9137  4.8289  7.0038  8.0257
  50  0.549816  3.6721  4.6634 -0.8434  9.5496  8.3982  7.2920  6.6618  6.1631  5.4138  4.8446  4.7658  6.8547  7.8058
  51  0.559556  3.6789  4.6572 -0.8024  9.2965  8.2168  7.1435  6.5385  6.0561  5.3325  4.7852  4.7110  6.7272  7.6166
  52  0.564727  3.6825  4.6539 -0.7809  9.1643  8.1228  7.0665  6.4746  6.0002  5.2899  4.7540  4.6821  6.6609  7.5184
  53  0.569826  3.6859  4.6505 -0.7597  9.0356  8.0317  6.9918  6.4125  5.9459  5.2483  4.7233  4.6535  6.5965  7.4236
  54  0.574873  3.6893  4.6470 -0.7389  8.9115  7.9433  6.9191  6.3520  5.8926  5.2073  4.6929  4.6250  6.5337  7.3317
  55  0.579870  3.6926  4.6434 -0.7183  8.7945  7.8576  6.8484  6.2929  5.8404  5.1667  4.6626  4.5965  6.4723  7.2429
  56  0.584830  3.6958  4.6397 -0.6980  8.6821  7.7744  6.7795  6.2351  5.7890  5.1266  4.6324  4.5681  6.4121  7.1569
  57  0.589743  3.6990  4.6359 -0.6780  8.5718  7.6932  6.7123  6.1785  5.7386  5.0871  4.6026  4.5399  6.3533  7.0737
  58  0.594600  3.7020  4.6319 -0.6582  8.4597  7.6137  6.6466  6.1230  5.6893  5.0486  4.5732  4.5122  6.2957  6.9932
  59  0.599388  3.7050  4.6279 -0.6388  8.3494  7.5364  6.5828  6.0689  5.6411  5.0108  4.5441  4.4847  6.2395  6.9155
  60  0.604111  3.7079  4.6238 -0.6197  8.2415  7.4612  6.5208  6.0160  5.5939  4.9737  4.5154  4.4575  6.1846  6.8407
  61  0.608750  3.7107  4.6196 -0.6010  8.1378  7.3884  6.4607  5.9647  5.5478  4.9372  4.4870  4.4305  6.1313  6.7689
  62  0.613323  3.7134  4.6154 -0.5826  8.0370  7.3177  6.4024  5.9146  5.5028  4.9014  4.4589  4.4037  6.0793  6.6998
  63  0.617823  3.7161  4.6110 -0.5645  7.9392  7.2490  6.3458  5.8658  5.4587  4.8661  4.4311  4.3770  6.0287  6.6333
  64  0.622266  3.7186  4.6066 -0.5467  7.8442  7.1819  6.2906  5.8180  5.4155  4.8314  4.4034  4.3507  5.9791  6.5690
  65  0.626635  3.7211  4.6020 -0.5292  7.7518  7.1167  6.2370  5.7713  5.3733  4.7973  4.3760  4.3245  5.9307  6.5069
  66  0.630940  3.7235  4.5974 -0.5120  7.6619  7.0531  6.1847  5.7256  5.3317  4.7637  4.3489  4.2986  5.8834  6.4468
  67  0.635197  3.7259  4.5927 -0.4950  7.5739  6.9914  6.1336  5.6807  5.2907  4.7305  4.3223  4.2726  5.8369  6.3885
  68  0.639397  3.7281  4.5879 -0.4783  7.4881  6.9312  6.0839  5.6366  5.2503  4.6978  4.2959  4.2467  5.7914  6.3321
  69  0.643553  3.7303  4.5830 -0.4617  7.4047  6.8725  6.0351  5.5933  5.2105  4.6653  4.2696  4.2208  5.7467  6.2771
  70  0.647665  3.7325  4.5779 -0.4453  7.3235  6.8148  5.9873  5.5506  5.1712  4.6331  4.2433  4.1949  5.7026  6.2235
  71  0.651738  3.7346  4.5728 -0.4291  7.2446  6.7578  5.9402  5.5087  5.1327  4.6011  4.2166  4.1690  5.6593  6.1711
  72  0.655780  3.7366  4.5675 -0.4130  7.1676  6.7017  5.8938  5.4672  5.0945  4.5693  4.1899  4.1432  5.6165  6.1196
  73  0.659791  3.7386  4.5621 -0.3970  7.0924  6.6464  5.8480  5.4263  5.0568  4.5377  4.1631  4.1173  5.5742  6.0691
  74  0.663768  3.7405  4.5566 -0.3812  7.0189  6.5920  5.8030  5.3859  5.0195  4.5062  4.1362  4.0914  5.5325  6.0196
  75  0.667699  3.7424  4.5510 -0.3655  6.9470  6.5387  5.7587  5.3461  4.9827  4.4750  4.1095  4.0655  5.4914  5.9711
  76  0.671588  3.7442  4.5453 -0.3500  6.8769  6.4864  5.7152  5.3068  4.9463  4.4441  4.0830  4.0396  5.4509  5.9236
  77  0.675412  3.7460  4.5396 -0.3347  6.8089  6.4353  5.6726  5.2682  4.9105  4.4136  4.0565  4.0139  5.4111  5.8772
  78  0.679176  3.7477  4.5337 -0.3197  6.7428  6.3853  5.6308  5.2303  4.8752  4.3833  4.0302  3.9884  5.3721  5.8319
  79  0.682868  3.7493  4.5278 -0.3049  6.6789  6.3366  5.5899  5.1932  4.8406  4.3535  4.0042  3.9630  5.3338  5.7878
  80  0.686487  3.7509  4.5219 -0.2904  6.6171  6.2891  5.5500  5.1568  4.8066  4.3242  3.9785  3.9379  5.2963  5.7448
  81  0.690021  3.7524  4.5159 -0.2762  6.5575  6.2430  5.5111  5.1212  4.7734  4.2953  3.9530  3.9131  5.2597  5.7030
  82  0.693542  3.7538  4.5098 -0.2620  6.4989  6.1974  5.4725  5.0858  4.7402  4.2663  3.9274  3.8880  5.2233  5.6615
  83  0.696961  3.7553  4.5037 -0.2482  6.4422  6.1530  5.4350  5.0513  4.7079  4.2381  3.9023  3.8636  5.1879  5.6214
  84  0.700282  3.7566  4.4976 -0.2347  6.3880  6.1103  5.3986  5.0178  4.6765  4.2104  3.8776  3.8394  5.1535  5.5825
  85  0.703512  3.7579  4.4916 -0.2216  6.3354  6.0687  5.3631  4.9851  4.6458  4.1833  3.8533  3.8156  5.1199  5.5448
  86  0.706658  3.7591  4.4856 -0.2087  6.2846  6.0282  5.3285  4.9531  4.6157  4.1567  3.8294  3.7921  5.0871  5.5080
  87  0.709730  3.7603  4.4795 -0.1960  6.2354  5.9888  5.2947  4.9218  4.5862  4.1304  3.8057  3.7689  5.0550  5.4721
  88  0.712736  3.7614  4.4734 -0.1836  6.1877  5.9503  5.2616  4.8911  4.5572  4.1045  3.7823  3.7458  5.0235  5.4370
  89  0.715679  3.7625  4.4673 -0.1714  6.1412  5.9126  5.2291  4.8609  4.5286  4.0790  3.7591  3.7230  4.9925  5.4026
  90  0.718570  3.7635  4.4612 -0.1594  6.0960  5.8757  5.1971  4.8311  4.5005  4.0537  3.7361  3.7004  4.9621  5.3689
  91  0.721405  3.7645  4.4551 -0.1475  6.0520  5.8396  5.1657  4.8018  4.4727  4.0286  3.7132  3.6779  4.9321  5.3359
  92  0.724193  3.7655  4.4489 -0.1358  6.0090  5.8041  5.1348  4.7730  4.4454  4.0039  3.6906  3.6556  4.9026  5.3034
  93  0.726937  3.7664  4.4427 -0.1243  5.9672  5.7694  5.1045  4.7445  4.4183  3.9794  3.6681  3.6334  4.8735  5.2715
  94  0.729637  3.7673  4.4366 -0.1129  5.9261  5.7352  5.0745  4.7165  4.3916  3.9551  3.6459  3.6114  4.8448  5.2402
  95  0.732297  3.7682  4.4303 -0.1017  5.8862  5.7016  5.0451  4.6888  4.3653  3.9311  3.6237  3.5895  4.8166  5.2093
  96  0.734923  3.7690  4.4241 -0.0906  5.8472  5.6687  5.0161  4.6615  4.3393  3.9073  3.6016  3.5677  4.7887  5.1791
  97  0.737512  3.7698  4.4179 -0.0796  5.8090  5.6364  4.9875  4.6346  4.3136  3.8837  3.5798  3.5461  4.7613  5.1492
  98  0.740067  3.7705  4.4117 -0.0689  5.7717  5.6047  4.9594  4.6081  4.2882  3.8603  3.5581  3.5246  4.7342  5.1200
  99  0.742592  3.7713  4.4054 -0.0582  5.7355  5.5737  4.9317  4.5819  4.2631  3.8371  3.5364  3.5032  4.7075  5.0912
 100  0.745089  3.7720  4.3991 -0.0477  5.7002  5.5432  4.9045  4.5560  4.2383  3.8142  3.5149  3.4819  4.6812  5.0628
 101  0.747562  3.7726  4.3929 -0.0374  5.6656  5.5133  4.8776  4.5306  4.2138  3.7915  3.4936  3.4608  4.6553  5.0350
 102  0.750013  3.7733  4.3866 -0.0272  5.6318  5.4840  4.8512  4.5055  4.1897  3.7690  3.4725  3.4399  4.6297  5.0076
 103  0.752448  3.7739  4.3804 -0.0172  5.5989  5.4552  4.8252  4.4807  4.1659  3.7467  3.4515  3.4191  4.6046  4.9807
 104  0.754867  3.7744  4.3741 -0.0073  5.5670  5.4271  4.7997  4.4563  4.1424  3.7246  3.4306  3.3983  4.5798  4.9543
 105  0.757271  3.7749  4.3679  0.0025  5.5358  5.3995  4.7746  4.4323  4.1191  3.7028  3.4098  3.3777  4.5554  4.9284
 106  0.759651  3.7754  4.3615  0.0121  5.5057  5.3725  4.7499  4.4086  4.0962  3.6810  3.3891  3.3571  4.5313  4.9030
 107  0.761998  3.7758  4.3552  0.0215  5.4763  5.3462  4.7257  4.3853  4.0735  3.6595  3.3685  3.3367  4.5077  4.8780
 108  0.764298  3.7763  4.3488  0.0308  5.4478  5.3204  4.7019  4.3623  4.0512  3.6382  3.3481  3.3164  4.4845  4.8536
 109  0.766534  3.7767  4.3425  0.0400  5.4198  5.2950  4.6785  4.3398  4.0293  3.6173  3.3280  3.2964  4.4617  4.8296
 110  0.768697  3.7770  4.3363  0.0489  5.3924  5.2702  4.6556  4.3177  4.0078  3.5968  3.3083  3.2768  4.4393  4.8061
 111  0.770776  3.7774  4.3302  0.0577  5.3655  5.2457  4.6332  4.2961  3.9867  3.5767  3.2890  3.2576  4.4173  4.7831
 112  0.772326  3.7777  4.3255  0.0644  5.3453  5.2273  4.6162  4.2797  3.9708  3.5614  3.2743  3.2430  4.4008  4.7657
 113  0.773878  3.7780  4.3207  0.0711  5.3249  5.2087  4.5991  4.2631  3.9546  3.5459  3.2594  3.2282  4.3840  4.7481
 114  0.775432  3.7782  4.3158  0.0779  5.3041  5.1896  4.5817  4.2463  3.9383  3.5303  3.2443  3.2132  4.3670  4.7303
 115  0.776987  3.7785  4.3108  0.0849  5.2828  5.1702  4.5642  4.2294  3.9218  3.5145  3.2291  3.1981  4.3498  4.7123
 116  0.778544  3.7787  4.3057  0.0919  5.2613  5.1506  4.5466  4.2124  3.9052  3.4985  3.2137  3.1827  4.3325  4.6942
 117  0.780102  3.7790  4.3005  0.0989  5.2398  5.1307  4.5287  4.1951  3.8883  3.4823  3.1980  3.1672  4.3150  4.6758
 118  0.781661  3.7792  4.2952  0.1061  5.2180  5.1107  4.5107  4.1776  3.8713  3.4659  3.1821  3.1514  4.2973  4.6574
 119  0.783220  3.7795  4.2898  0.1133  5.1962  5.0906  4.4925  4.1600  3.8540  3.4493  3.1660  3.1353  4.2794  4.6387
 120  0.784780  3.7797  4.2843  0.1206  5.1740  5.0702  4.4741  4.1422  3.8366  3.4325  3.1498  3.1191  4.2614  4.6199
 121  0.786338  3.7799  4.2787  0.1280  5.1518  5.0496  4.4556  4.1242  3.8190  3.4154  3.1332  3.1027  4.2431  4.6009
 122  0.787895  3.7802  4.2730  0.1354  5.1298  5.0291  4.4369  4.1060  3.8011  3.3981  3.1164  3.0859  4.2247  4.5818
 123  0.789425  3.7804  4.2673  0.1431  5.1061  5.0074  4.4178  4.0875  3.7831  3.3808  3.0997  3.0693  4.2059  4.5621
 124  0.790964  3.7807  4.2616  0.1507  5.0825  4.9858  4.3986  4.0690  3.7650  3.3634  3.0829  3.0526  4.1871  4.5424
 125  0.792504  3.7810  4.2559  0.1584  5.0585  4.9639  4.3793  4.0503  3.7468  3.3460  3.0661  3.0358  4.1681  4.5226
 126  0.794045  3.7813  4.2501  0.1662  5.0347  4.9420  4.3599  4.0315  3.7284  3.3283  3.0490  3.0188  4.1491  4.5027
 127  0.795585  3.7815  4.2441  0.1740  5.0109  4.9201  4.3404  4.0126  3.7099  3.3104  3.0317  3.0016  4.1298  4.4827
 128  0.797123  3.7818  4.2381  0.1818  4.9872  4.8981  4.3208  3.9935  3.6912  3.2923  3.0141  2.9841  4.1105  4.4625
 129  0.798657  3.7820  4.2319  0.1897  4.9634  4.8760  4.3010  3.9743  3.6723  3.2740  2.9964  2.9664  4.0910  4.4423
 130  0.800185  3.7822  4.2256  0.1977  4.9398  4.8540  4.2811  3.9549  3.6532  3.2555  2.9783  2.9484  4.0713  4.4220
 131  0.801707  3.7824  4.2192  0.2057  4.9163  4.8319  4.2611  3.9353  3.6339  3.2366  2.9599  2.9300  4.0515  4.4015
 132  0.803223  3.7826  4.2126  0.2138  4.8929  4.8098  4.2409  3.9155  3.6144  3.2175  2.9412  2.9114  4.0315  4.3809
 133  0.804732  3.7827  4.2059  0.2220  4.8695  4.7877  4.2205  3.8956  3.5947  3.1983  2.9223  2.8925  4.0114  4.3603
 134  0.806235  3.7829  4.1990  0.2302  4.8464  4.7656  4.2001  3.8754  3.5748  3.1787  2.9030  2.8732  3.9911  4.3395
 135  0.807729  3.7830  4.1920  0.2385  4.8233  4.7434  4.1795  3.8551  3.5547  3.1588  2.8835  2.8537  3.9706  4.3186
 136  0.809216  3.7831  4.1849  0.2468  4.8003  4.7213  4.1587  3.8347  3.5343  3.1387  2.8637  2.8339  3.9500  4.2976
 137  0.810692  3.7831  4.1776  0.2552  4.7777  4.6992  4.1378  3.8140  3.5138  3.1183  2.8435  2.8136  3.9292  4.2764
 138  0.812159  3.7832  4.1701  0.2637  4.7551  4.6771  4.1168  3.7931  3.4930  3.0976  2.8229  2.7931  3.9082  4.2552
 139  0.813615  3.7832  4.1624  0.2722  4.7329  4.6552  4.0957  3.7721  3.4720  3.0767  2.8021  2.7722  3.8871  4.2339
 140  0.815060  3.7832  4.1546  0.2808  4.7111  4.6334  4.0744  3.7509  3.4507  3.0553  2.7807  2.7508  3.8658  4.2125
 141  0.816495  3.7832  4.1466  0.2894  4.6894  4.6116  4.0530  3.7295  3.4293  3.0338  2.7592  2.7292  3.8444  4.1911
 142  0.817918  3.7831  4.1383  0.2980  4.6684  4.5901  4.0314  3.7078  3.4075  3.0117  2.7370  2.7070  3.8228  4.1695
 143  0.819327  3.7830  4.1299  0.3067  4.6478  4.5688  4.0098  3.6860  3.3855  2.9894  2.7145  2.6844  3.8010  4.1479
 144  0.820724  3.7828  4.1211  0.3155  4.6281  4.5480  3.9880  3.6640  3.3632  2.9665  2.6914  2.6611  3.7791  4.1263
 145  0.822108  3.7825  4.1121  0.3243  4.6093  4.5277  3.9661  3.6416  3.3405  2.9431  2.6675  2.6371  3.7570  4.1047
 146  0.823479  3.7822  4.1027  0.3331  4.5919  4.5081  3.9441  3.6190  3.3174  2.9191  2.6429  2.6124  3.7346  4.0831
 147  0.824837  3.7819  4.0931  0.3420  4.5749  4.4886  3.9220  3.5963  3.2940  2.8948  2.6180  2.5872  3.7122  4.0614
 148  0.826181  3.7814  4.0830  0.3509  4.5599  4.4704  3.8997  3.5731  3.2702  2.8697  2.5919  2.5610  3.6895  4.0399
 149  0.827510  3.7809  4.0727  0.3598  4.5462  4.4528  3.8774  3.5497  3.2459  2.8439  2.5651  2.5339  3.6666  4.0183
 150  0.828827  3.7803  4.0620  0.3688  4.5335  4.4358  3.8549  3.5261  3.2213  2.8178  2.5378  2.5063  3.6436  3.9967
 151  0.830131  3.7795  4.0507  0.3778  4.5239  4.4205  3.8323  3.5020  3.1961  2.7904  2.5089  2.4770  3.6203  3.9754
 152  0.831423  3.7786  4.0389  0.3868  4.5163  4.4064  3.8098  3.4776  3.1704  2.7623  2.4790  2.4467  3.5969  3.9542
 153  0.832704  3.7776  4.0266  0.3958  4.5083  4.3917  3.7878  3.4537  3.1449  2.7341  2.4489  2.4161  3.5738  3.9336
 154  0.833979  3.7765  4.0136  0.4048  4.4998  4.3764  3.7666  3.4304  3.1197  2.7058  2.4183  2.3851  3.5513  3.9138
 155  0.835245  3.7753  4.0004  0.4138  4.4913  4.3610  3.7457  3.4073  3.0947  2.6775  2.3875  2.3539  3.5290  3.8943
 156  0.836515  3.7740  3.9869  0.4228  4.4831  4.3454  3.7251  3.3843  3.0698  2.6491  2.3564  2.3224  3.5068  3.8751
 157  0.837791  3.7725  3.9727  0.4318  4.4762  4.3303  3.7050  3.3616  3.0448  2.6202  2.3246  2.2900  3.4848  3.8565
 158  0.839083  3.7708  3.9576  0.4408  4.4723  4.3167  3.6856  3.3391  3.0196  2.5903  2.2913  2.2562  3.4633  3.8389
 159  0.840409  3.7687  3.9411  0.4496  4.4751  4.3067  3.6667  3.3164  2.9935  2.5586  2.2552  2.2194  3.4418  3.8225
 160  0.841790  3.7660  3.9225  0.4582  4.4867  4.3013  3.6496  3.2942  2.9671  2.5248  2.2157  2.1789  3.4213  3.8087
 161  0.843259  3.7624  3.9006  0.4662  4.5135  4.3041  3.6362  3.2737  2.9407  2.4882  2.1711  2.1330  3.4031  3.7999
 162  0.844300  3.7591  3.8836  0.4708  4.5442  4.3132  3.6308  3.2620  2.9238  2.4621  2.1379  2.0987  3.3934  3.7987
 163  0.845340  3.7552  3.8652  0.4741  4.5896  4.3299  3.6301  3.2537  2.9093  2.4364  2.1035  2.0630  3.3874  3.8033
 164  0.846380  3.7507  3.8454  0.4762  4.6522  4.3539  3.6340  3.2490  2.8978  2.4111  2.0679  2.0262  3.3854  3.8135
 165  0.847415  3.7454  3.8236  0.4775  4.7277  4.3866  3.6426  3.2471  2.8876  2.3852  2.0296  1.9863  3.3866  3.8298
 166  0.848446  3.7397  3.7990  0.4796  4.8101  4.4235  3.6520  3.2443  2.8751  2.3553  1.9858  1.9402  3.3874  3.8483
 167  0.849459  3.7339  3.7711  0.4850  4.8887  4.4538  3.6547  3.2345  2.8556  2.3179  1.9340  1.8860  3.3811  3.8606
 168  0.850396  3.7289  3.7413  0.4952  4.9456  4.4675  3.6444  3.2132  2.8258  2.2722  1.8756  1.8254  3.3627  3.8589
 169  0.851217  3.7250  3.7125  0.5090  4.9763  4.4641  3.6223  3.1824  2.7883  2.2222  1.8158  1.7638  3.3343  3.8437
 170  0.851936  3.7221  3.6852  0.5248  4.9872  4.4486  3.5926  3.1461  2.7469  2.1711  1.7569  1.7035  3.2997  3.8193
 171  0.852582  3.7197  3.6594  0.5417  4.9847  4.4254  3.5583  3.1067  2.7034  2.1199  1.6997  1.6452  3.2615  3.7891
 172  0.853178  3.7179  3.6347  0.5592  4.9730  4.3970  3.5211  3.0654  2.6588  2.0690  1.6440  1.5885  3.2212  3.7552
 173  0.853737  3.7163  3.6110  0.5770  4.9551  4.3652  3.4821  3.0229  2.6135  2.0185  1.5895  1.5332  3.1795  3.7188
 174  0.854269  3.7150  3.5879  0.5951  4.9327  4.3310  3.4417  2.9796  2.5679  1.9683  1.5359  1.4789  3.1369  3.6806
 175  0.854783  3.7139  3.5654  0.6132  4.9075  4.2955  3.4006  2.9360  2.5222  1.9186  1.4832  1.4255  3.0940  3.6414
 176  0.855278  3.7128  3.5433  0.6315  4.8795  4.2584  3.3588  2.8920  2.4762  1.8692  1.4311  1.3728  3.0504  3.6012
 177  0.855756  3.7119  3.5215  0.6498  4.8498  4.2204  3.3164  2.8476  2.4302  1.8199  1.3794  1.3206  3.0065  3.5603
 178  0.856220  3.7111  3.5000  0.6682  4.8182  4.1814  3.2736  2.8030  2.3840  1.7708  1.3282  1.2689  2.9623  3.5187
 179  0.856671  3.7102  3.4785  0.6866  4.7865  4.1422  3.2307  2.7584  2.3379  1.7218  1.2772  1.2174  2.9181  3.4770
 180  0.857110  3.7095  3.4572  0.7050  4.7540  4.1026  3.1875  2.7136  2.2917  1.6727  1.2262  1.1660  2.8736  3.4349
 181  0.857537  3.7087  3.4359  0.7235  4.7209  4.0626  3.1441  2.6686  2.2453  1.6238  1.1754  1.1147  2.8290  3.3925
 182  0.857849  3.7082  3.4201  0.7374  4.6957  4.0325  3.1116  2.6350  2.2107  1.5873  1.1376  1.0766  2.7956  3.3607
 183  0.858162  3.7077  3.4040  0.7515  4.6699  4.0017  3.0783  2.6007  2.1754  1.5500  1.0990  1.0377  2.7615  3.3282
 184  0.858474  3.7071  3.3874  0.7661  4.6437  3.9699  3.0440  2.5652  2.1389  1.5115  1.0591  0.9975  2.7263  3.2947
 185  0.858784  3.7065  3.3702  0.7811  4.6160  3.9368  3.0084  2.5285  2.1012  1.4717  1.0181  0.9560  2.6898  3.2598
 186  0.859091  3.7060  3.3520  0.7973  4.5861  3.9012  2.9702  2.4892  2.0608  1.4293  0.9743  0.9119  2.6508  3.2224
 187  0.859396  3.7054  3.3328  0.8141  4.5552  3.8642  2.9305  2.4482  2.0187  1.3849  0.9284  0.8656  2.6100  3.1835
 188  0.859698  3.7047  3.3128  0.8318  4.5230  3.8256  2.8889  2.4053  1.9746  1.3385  0.8804  0.8173  2.5674  3.1428
 189  0.859997  3.7041  3.2918  0.8503  4.4890  3.7851  2.8453  2.3603  1.9284  1.2898  0.8301  0.7666  2.5227  3.1001
 190  0.860291  3.7033  3.2695  0.8698  4.4536  3.7425  2.7993  2.3129  1.8796  1.2384  0.7769  0.7129  2.4756  3.0551
 191  0.860583  3.7026  3.2467  0.8898  4.4171  3.6989  2.7523  2.2643  1.8296  1.1858  0.7224  0.6580  2.4273  3.0091
 192  0.860870  3.7018  3.2227  0.9108  4.3795  3.6535  2.7031  2.2134  1.7772  1.1304  0.6650  0.6000  2.3767  2.9611
 193  0.861154  3.7010  3.1978  0.9325  4.3407  3.6066  2.6523  2.1608  1.7230  1.0731  0.6056  0.5401  2.3245  2.9116
 194  0.861432  3.7001  3.1718  0.9551  4.3005  3.5581  2.5995  2.1061  1.6666  1.0135  0.5436  0.4777  2.2703  2.8601
 195  0.861707  3.6992  3.1450  0.9783  4.2597  3.5085  2.5454  2.0499  1.6086  0.9521  0.4797  0.4132  2.2145  2.8075
 196  0.861976  3.6982  3.1172  1.0024  4.2159  3.4569  2.4892  1.9917  1.5485  0.8885  0.4134  0.3465  2.1566  2.7528
 197  0.862239  3.6972  3.0885  1.0273  4.1709  3.4039  2.4315  1.9317  1.4865  0.8229  0.3448  0.2776  2.0971  2.6967
 198  0.862497  3.6961  3.0586  1.0529  4.1251  3.3497  2.3722  1.8699  1.4226  0.7552  0.2739  0.2063  2.0358  2.6390
 199  0.862749  3.6950  3.0279  1.0793  4.0782  3.2940  2.3112  1.8064  1.3568  0.6853  0.2007  0.1327  1.9728  2.5798
 200  0.862993  3.6938  2.9960  1.1065  4.0309  3.2372  2.2487  1.7411  1.2891  0.6134  0.1251  0.0567  1.9080  2.5193
 201  0.863231  3.6925  2.9629  1.1345  3.9838  3.1794  2.1848  1.6742  1.2196  0.5391  0.0469 -0.0219  1.8416  2.4576
 202  0.863461  3.6911  2.9289  1.1632  3.9364  3.1206  2.1194  1.6056  1.1483  0.4629 -0.0334 -0.1027  1.7736  2.3945
 203  0.863684  3.6897  2.8939  1.1927  3.8899  3.0608  2.0526  1.5354  1.0751  0.3844 -0.1161 -0.1861  1.7040  2.3303
 204  0.863898  3.6882  2.8578  1.2229  3.8449  3.0002  1.9844  1.4636  1.0002  0.3039 -0.2008 -0.2718  1.6329  2.2647
 205  0.864105  3.6867  2.8209  1.2536  3.8006  2.9389  1.9150  1.3905  0.9239  0.2216 -0.2874 -0.3595  1.5605  2.1983
 206  0.864303  3.6851  2.7831  1.2851  3.7569  2.8768  1.8444  1.3160  0.8460  0.1375 -0.3759 -0.4493  1.4866  2.1308
 207  0.864492  3.6834  2.7445  1.3171  3.7138  2.8140  1.7728  1.2402  0.7668  0.0517 -0.4662 -0.5410  1.4116  2.0625
 208  0.864674  3.6816  2.7050  1.3497  3.6714  2.7507  1.7001  1.1633  0.6862 -0.0356 -0.5581 -0.6344  1.3354  1.9934
 209  0.864847  3.6798  2.6648  1.3828  3.6294  2.6869  1.6268  1.0854  0.6045 -0.1244 -0.6518 -0.7295  1.2583  1.9238
 210  0.865012  3.6780  2.6240  1.4164  3.5878  2.6227  1.5526  1.0066  0.5217 -0.2144 -0.7468 -0.8261  1.1802  1.8536
 211  0.865170  3.6761  2.5825  1.4504  3.5470  2.5582  1.4779  0.9270  0.4380 -0.3056 -0.8431 -0.9241  1.1014  1.7831
 212  0.865319  3.6742  2.5404  1.4848  3.5072  2.4935  1.4027  0.8468  0.3535 -0.3979 -0.9408 -1.0234  1.0220  1.7123
 213  0.865461  3.6722  2.4977  1.5196  3.4685  2.4288  1.3273  0.7660  0.2683 -0.4911 -1.0395 -1.1239  0.9420  1.6415
 214  0.865597  3.6701  2.4543  1.5546  3.4316  2.3644  1.2517  0.6850  0.1825 -0.5853 -1.1392 -1.2256  0.8617  1.5709
 215  0.865727  3.6679  2.4104  1.5899  3.3961  2.3004  1.1763  0.6037  0.0964 -0.6802 -1.2398 -1.3282  0.7813  1.5007
 216  0.865854  3.6657  2.3663  1.6253  3.3621  2.2369  1.1010  0.5225  0.0100 -0.7755 -1.3409 -1.4315  0.7008  1.4310
 217  0.865868  3.6654  2.3612  1.6294  3.3583  2.2296  1.0923  0.5131  0.0000 -0.7865 -1.3527 -1.4435  0.6915  1.4229
 218  0.865883  3.6652  2.3560  1.6334  3.3547  2.2225  1.0838  0.5039 -0.0099 -0.7975 -1.3644 -1.4555  0.6823  1.4151
 219  0.865897  3.6649  2.3510  1.6375  3.3507  2.2152  1.0752  0.4945 -0.0197 -0.8084 -1.3760 -1.4673  0.6731  1.4071
 220  0.865912  3.6647  2.3459  1.6416  3.3471  2.2080  1.0665  0.4852 -0.0297 -0.8194 -1.3877 -1.4793  0.6639  1.3991
 221  0.865926  3.6644  2.3408  1.6456  3.3433  2.2008  1.0580  0.4760 -0.0396 -0.8303 -1.3993 -1.4911  0.6547  1.3913
 222  0.865941  3.6642  2.3357  1.6497  3.3397  2.1937  1.0495  0.4667 -0.0494 -0.8412 -1.4109 -1.5030  0.6456  1.3834
 223  0.865956  3.6639  2.3307  1.6537  3.3360  2.1865  1.0409  0.4575 -0.0592 -0.8521 -1.4225 -1.5148  0.6364  1.3755
 224  0.865971  3.6636  2.3257  1.6577  3.3325  2.1796  1.0326  0.4484 -0.0689 -0.8628 -1.4339 -1.5265  0.6274  1.3678
 225  0.865986  3.6634  2.3207  1.6617  3.3288  2.1725  1.0242  0.4393 -0.0786 -0.8735 -1.4453 -1.5381  0.6184  1.3601
 226  0.866001  3.6631  2.3158  1.6656  3.3253  2.1656  1.0159  0.4304 -0.0882 -0.8841 -1.4566 -1.5496  0.6096  1.3525
 227  0.866136  3.6613  2.2785  1.6956  3.2982  2.1129  0.9530  0.3621 -0.1609 -0.9645 -1.5423 -1.6372  0.5419  1.2946
 228  0.866267  3.6610  2.2682  1.7047  3.2839  2.0940  0.9322  0.3405 -0.1833 -0.9882 -1.5668 -1.6620  0.5204  1.2745
 229  0.866402  3.6614  2.2728  1.7017  3.2820  2.0971  0.9373  0.3466 -0.1762 -0.9796 -1.5570 -1.6519  0.5265  1.2784
 230  0.866547  3.6584  2.2122  1.7503  3.2388  2.0118  0.8353  0.2359 -0.2942 -1.1101 -1.6962 -1.7941  0.4168  1.1848
 231  0.866679  3.6547  2.1435  1.8045  3.2005  1.9220  0.7250  0.1147 -0.4247 -1.2560 -1.8528 -1.9545  0.2968  1.0854
 232  0.866794  3.6512  2.0781  1.8559  3.1665  1.8380  0.6213  0.0002 -0.5484 -1.3945 -2.0016 -2.1072  0.1834  0.9927
 233  0.866898  3.6476  2.0127  1.9071  3.1360  1.7562  0.5195 -0.1128 -0.6710 -1.5323 -2.1499 -2.2595  0.0714  0.9027
 234  0.866990  3.6441  1.9496  1.9562  3.1112  1.6802  0.4239 -0.2199 -0.7880 -1.6643 -2.2924 -2.4060 -0.0347  0.8191
 235  0.867073  3.6405  1.8869  2.0046  3.0904  1.6073  0.3309 -0.3245 -0.9031 -1.7948 -2.4333 -2.5512 -0.1386  0.7387
 236  0.867148  3.6370  1.8255  2.0519  3.0726  1.5376  0.2415 -0.4255 -1.0151 -1.9220 -2.5710 -2.6933 -0.2391  0.6622
 237  0.867214  3.6335  1.7659  2.0977  3.0577  1.4719  0.1566 -0.5219 -1.1230 -2.0450 -2.7040 -2.8308 -0.3352  0.5900
 238  0.867274  3.6300  1.7063  2.1433  3.0454  1.4078  0.0733 -0.6167 -1.2301 -2.1677 -2.8366 -2.9684 -0.4301  0.5199
 239  0.867328  3.6266  1.6488  2.1871  3.0350  1.3476 -0.0053 -0.7065 -1.3326 -2.2857 -2.9642 -3.1009 -0.5203  0.4541
 240  0.867377  3.6232  1.5919  2.2304  3.0259  1.2896 -0.0813 -0.7937 -1.4335 -2.4023 -3.0902 -3.2320 -0.6082  0.3905
 241  0.867422  3.6198  1.5353  2.2734  3.0178  1.2335 -0.1550 -0.8786 -1.5332 -2.5179 -3.2156 -3.3624 -0.6942  0.3293
 242  0.867462  3.6164  1.4805  2.3148  3.0116  1.1816 -0.2238 -0.9582 -1.6287 -2.6291 -3.3368 -3.4885 -0.7754  0.2726
 243  0.867499  3.6131  1.4270  2.3550  3.0072  1.1333 -0.2883 -1.0334 -1.7210 -2.7374 -3.4551 -3.6116 -0.8527  0.2196
 244  0.867533  3.6097  1.3734  2.3951  3.0026  1.0864 -0.3509 -1.1066 -1.8128 -2.8455 -3.5732 -3.7346 -0.9286  0.1675
 245  0.867563  3.6064  1.3215  2.4339  2.9982  1.0428 -0.4092 -1.1752 -1.9012 -2.9501 -3.6875 -3.8539 -1.0005  0.1186
 246  0.867591  3.6032  1.2703  2.4721  2.9938  1.0018 -0.4643 -1.2402 -1.9877 -3.0531 -3.8000 -3.9713 -1.0695  0.0723
 247  0.867617  3.6000  1.2204  2.5092  2.9897  0.9640 -0.5153 -1.3007 -2.0715 -3.1535 -3.9097 -4.0859 -1.1348  0.0294
 248  0.867641  3.5968  1.1713  2.5456  2.9849  0.9288 -0.5631 -1.3580 -2.1532 -3.2522 -4.0175 -4.1987 -1.1974 -0.0113
 249  0.867662  3.5937  1.1235  2.5811  2.9786  0.8961 -0.6077 -1.4118 -2.2323 -3.3480 -4.1223 -4.3083 -1.2570 -0.0500
 250  0.867683  3.5906  1.0761  2.6162  2.9708  0.8654 -0.6497 -1.4630 -2.3100 -3.4428 -4.2261 -4.4170 -1.3146 -0.0871
 251  0.867701  3.5876  1.0297  2.6504  2.9621  0.8375 -0.6884 -1.5104 -2.3854 -3.5353 -4.3273 -4.5231 -1.3692 -0.1217
 252  0.867718  3.5846  0.9841  2.6840  2.9537  0.8128 -0.7227 -1.5535 -2.4587 -3.6262 -4.4267 -4.6273 -1.4205 -0.1533
 253  0.867734  3.5816  0.9397  2.7165  2.9458  0.7914 -0.7524 -1.5919 -2.5292 -3.7146 -4.5233 -4.7286 -1.4682 -0.1816
 254  0.867749  3.5786  0.8957  2.7486  2.9375  0.7726 -0.7784 -1.6266 -2.5983 -3.8021 -4.6185 -4.8286 -1.5132 -0.2078
 255  0.867763  3.5758  0.8531  2.7797  2.9292  0.7568 -0.8003 -1.6570 -2.6644 -3.8867 -4.7106 -4.9255 -1.5548 -0.2311
 256  0.867776  3.5729  0.8107  2.8104  2.9205  0.7445 -0.8176 -1.6835 -2.7290 -3.9706 -4.8021 -5.0216 -1.5937 -0.2517
 257  0.867787  3.5700  0.7696  2.8403  2.9119  0.7361 -0.8295 -1.7050 -2.7905 -4.0522 -4.8910 -5.1150 -1.6288 -0.2688
 258  0.867799  3.5672  0.7291  2.8695  2.9035  0.7323 -0.8355 -1.7210 -2.8498 -4.1324 -4.9785 -5.2070 -1.6601 -0.2821
 259  0.867809  3.5644  0.6892  2.8983  2.8944  0.7318 -0.8362 -1.7322 -2.9074 -4.2113 -5.0647 -5.2975 -1.6883 -0.2927
 260  0.867819  3.5617  0.6503  2.9262  2.8859  0.7363 -0.8303 -1.7378 -2.9617 -4.2885 -5.1489 -5.3860 -1.7125 -0.2989
 261  0.867828  3.5590  0.6121  2.9536  2.8776  0.7450 -0.8183 -1.7389 -3.0129 -4.3639 -5.2313 -5.4724 -1.7331 -0.3012
 262  0.867837  3.5563  0.5746  2.9804  2.8701  0.7595 -0.7985 -1.7340 -3.0607 -4.4381 -5.3123 -5.5576 -1.7495 -0.2986
 263  0.867845  3.5536  0.5377  3.0066  2.8660  0.7784 -0.7746 -1.7266 -3.1057 -4.5110 -5.3917 -5.6411 -1.7636 -0.2940
 264  0.867853  3.5510  0.5015  3.0324  2.8616  0.8031 -0.7417 -1.7126 -3.1469 -4.5826 -5.4697 -5.7232 -1.7730 -0.2839
 265  0.867860  3.5484  0.4658  3.0576  2.8555  0.8353 -0.6973 -1.6900 -3.1840 -4.6535 -5.5467 -5.8041 -1.7769 -0.2662
 266  0.867867  3.5459  0.4310  3.0822  2.8465  0.8733 -0.6421 -1.6597 -3.2164 -4.7227 -5.6217 -5.8830 -1.7755 -0.2419
 267  0.867873  3.5433  0.3968  3.1064  2.8321  0.9210 -0.5677 -1.6157 -3.2428 -4.7911 -5.6958 -5.9609 -1.7657 -0.2071
 268  0.867879  3.5409  0.3632  3.1300  2.8092  0.9829 -0.4646 -1.5511 -3.2610 -4.8593 -5.7689 -6.0376 -1.7438 -0.1573
 269  0.867885  3.5384  0.3304  3.1531  2.7848  1.0535 -0.3453 -1.4771 -3.2722 -4.9267 -5.8408 -6.1129 -1.7149 -0.0974
 270  0.867890  3.5360  0.2979  3.1759  2.7600  1.1320 -0.2122 -1.3958 -3.2770 -4.9939 -5.9120 -6.1874 -1.6800 -0.0278
 271  0.867896  3.5337  0.2666  3.1979  2.7361  1.2133 -0.0739 -1.3135 -3.2765 -5.0593 -5.9808 -6.2595 -1.6424  0.0470
 272  0.867901  3.5313  0.2353  3.2197  2.7143  1.2992  0.0714 -1.2303 -3.2704 -5.1244 -6.0493 -6.3312 -1.6020  0.1295
 273  0.867905  3.5288  0.2042  3.2409  2.7019  1.3901  0.2224 -1.1535 -3.2539 -5.1873 -6.1167 -6.4024 -1.5590  0.2262
 274  0.867910  3.5265  0.1740  3.2617  2.6912  1.4724  0.3579 -1.0895 -3.2379 -5.2478 -6.1819 -6.4714 -1.5222  0.3169
 275  0.867914  3.5242  0.1449  3.2819  2.6825  1.5455  0.4759 -1.0378 -3.2233 -5.3052 -6.2445 -6.5378 -1.4918  0.4000
 276  0.867918  3.5220  0.1163  3.3017  2.6761  1.6133  0.5816 -0.9949 -3.2090 -5.3606 -6.3056 -6.6028 -1.4653  0.4792
 277  0.867922  3.5199  0.0886  3.3209  2.6723  1.6747  0.6727 -0.9608 -3.1955 -5.4132 -6.3643 -6.6653 -1.4432  0.5526
 278  0.867926  3.5179  0.0619  3.3393  2.6723  1.7304  0.7466 -0.9353 -3.1836 -5.4627 -6.4202 -6.7249 -1.4254  0.6195
 279  0.867930  3.5161  0.0387  3.3555  2.6755  1.7743  0.7949 -0.9208 -3.1761 -5.5054 -6.4687 -6.7765 -1.4145  0.6714