#AGE= 5.000 EEPS=270
#EEP   M/Mo    LogTeff  LogG   LogL/Lo U       B       V       R       I       J       H       Ks      Kp      D51     
  10  0.107580  3.5111  5.2242 -2.7569 16.7486 15.2363 13.6446 12.5573 11.1397  9.7509  9.2077  8.9687 12.5246 14.3062
  11  0.130884  3.5128  5.1571 -2.5975 16.2601 14.7913 13.2192 12.1410 10.7379  9.3568  8.8139  8.5748 12.1138 13.8686
  12  0.154380  3.5152  5.1041 -2.4636 15.8359 14.4046 12.8511 11.7835 10.3978  9.0277  8.4844  8.2459 11.7629 13.4902
  13  0.176318  3.5185  5.0671 -2.3554 15.4672 14.0689 12.5343 11.4808 10.1186  8.7656  8.2207  7.9839 11.4691 13.1648
  14  0.191551  3.5211  5.0453 -2.2872 15.2277 13.8501 12.3285 11.2855  9.9411  8.6016  8.0549  7.8197 11.2804 12.9538
  15  0.201669  3.5228  5.0320 -2.2448 15.0796 13.7141 12.2006 11.1641  9.8308  8.4999  7.9519  7.7177 11.1631 12.8227
  16  0.209084  3.5240  5.0233 -2.2157 14.9786 13.6210 12.1128 11.0808  9.7550  8.4301  7.8811  7.6476 11.0825 12.7330
  17  0.215177  3.5250  5.0165 -2.1925 14.8977 13.5462 12.0424 11.0141  9.6946  8.3746  7.8247  7.5919 11.0181 12.6610
  18  0.220741  3.5259  5.0102 -2.1715 14.8249 13.4788 11.9789 10.9539  9.6401  8.3246  7.7739  7.5416 10.9600 12.5962
  19  0.226270  3.5268  5.0039 -2.1509 14.7529 13.4121 11.9162 10.8945  9.5864  8.2753  7.7238  7.4920 10.9026 12.5321
  20  0.232188  3.5277  4.9971 -2.1290 14.6770 13.3415 11.8497 10.8315  9.5295  8.2231  7.6706  7.4394 10.8418 12.4643
  21  0.238972  3.5289  4.9894 -2.1042 14.5910 13.2612 11.7742 10.7600  9.4648  8.1639  7.6102  7.3797 10.7727 12.3872
  22  0.247083  3.5303  4.9799 -2.0746 14.4884 13.1651 11.6840 10.6746  9.3878  8.0935  7.5381  7.3086 10.6902 12.2952
  23  0.256296  3.5319  4.9686 -2.0408 14.3712 13.0551 11.5806 10.5768  9.2998  8.0132  7.4558  7.2273 10.5958 12.1899
  24  0.265079  3.5335  4.9578 -2.0090 14.2614 12.9517 11.4833 10.4848  9.2171  7.9378  7.3782  7.1507 10.5071 12.0909
  25  0.273188  3.5350  4.9479 -1.9800 14.1610 12.8568 11.3941 10.4005  9.1417  7.8693  7.3076  7.0810 10.4259 12.0003
  26  0.281413  3.5366  4.9384 -1.9512 14.0605 12.7614 11.3044 10.3159  9.0666  7.8014  7.2375  7.0118 10.3445 11.9093
  27  0.291309  3.5387  4.9275 -1.9170 13.9402 12.6467 11.1965 10.2144  8.9772  7.7214  7.1546  6.9300 10.2472 11.8001
  28  0.310539  3.5434  4.9061 -1.8492 13.6983 12.4143 10.9778 10.0093  8.7992  7.5646  6.9910  6.7688 10.0513 11.5798
  29  0.351915  3.5564  4.8558 -1.6925 13.1382 11.8631 10.4545  9.5180  8.3825  7.2106  6.6181  6.4019  9.5853 11.0595
  30  0.368026  3.5623  4.8355 -1.6290 12.9123 11.6342 10.2343  9.3124  8.2162  7.0695  6.4682  6.2555  9.3926 10.8426
  31  0.379997  3.5672  4.8203 -1.5805 12.7403 11.4571 10.0629  9.1526  8.0898  6.9628  6.3544  6.1451  9.2436 10.6748
  32  0.391133  3.5719  4.8063 -1.5349 12.5792 11.2891  9.8994  8.9999  7.9704  6.8629  6.2475  6.0423  9.1015 10.5159
  33  0.402859  3.5773  4.7921 -1.4866 12.4091 11.1096  9.7242  8.8362  7.8442  6.7583  6.1353  5.9353  8.9495 10.3464
  34  0.414552  3.5829  4.7785 -1.4379 12.2356 10.9254  9.5436  8.6675  7.7169  6.6541  6.0230  5.8295  8.7934 10.1727
  35  0.425661  3.5886  4.7661 -1.3912 12.0672 10.7451  9.3671  8.5027  7.5947  6.5549  5.9159  5.7299  8.6412 10.0037
  36  0.436358  3.5944  4.7548 -1.3459 11.9077 10.5698  9.1985  8.3460  7.4765  6.4579  5.8116  5.6343  8.4952  9.8440
  37  0.446861  3.6003  4.7443 -1.3015 11.7538 10.3970  9.0355  8.1954  7.3608  6.3620  5.7091  5.5416  8.3534  9.6907
  38  0.457144  3.6062  4.7347 -1.2583 11.5976 10.2249  8.8732  8.0458  7.2485  6.2700  5.6117  5.4538  8.2128  9.5365
  39  0.466248  3.6118  4.7267 -1.2197 11.4528 10.0674  8.7254  7.9100  7.1486  6.1888  5.5268  5.3777  8.0854  9.3947
  40  0.475336  3.6175  4.7194 -1.1810 11.3084  9.9086  8.5786  7.7760  7.0486  6.1069  5.4425  5.3023  7.9585  9.2539
  41  0.486053  3.6245  4.7118 -1.1358 11.1322  9.7183  8.4064  7.6205  6.9316  6.0113  5.3467  5.2171  7.8099  9.0860
  42  0.499917  3.6337  4.7029 -1.0779 10.8791  9.4630  8.1820  7.4209  6.7808  5.8907  5.2320  5.1153  7.6173  8.8569
  43  0.515910  3.6448  4.6939 -1.0107 10.5353  9.1576  7.9199  7.1921  6.6045  5.7532  5.1113  5.0076  7.3929  8.5690
  44  0.533436  3.6575  4.6856 -0.9370 10.1039  8.8126  7.6337  6.9490  6.4090  5.6048  4.9930  4.9021  7.1490  8.2301
  45  0.552543  3.6710  4.6762 -0.8587  9.6155  8.4509  7.3388  6.7037  6.2020  5.4484  4.8756  4.7960  6.8974  7.8607
  46  0.571873  3.6839  4.6658 -0.7815  9.1359  8.1087  7.0591  6.4719  6.0009  5.2960  4.7647  4.6936  6.6575  7.5040
  47  0.586768  3.6935  4.6571 -0.7232  8.7919  7.8614  6.8559  6.3029  5.8522  5.1818  4.6805  4.6149  6.4818  7.2471
  48  0.597642  3.7002  4.6501 -0.6814  8.5571  7.6899  6.7143  6.1842  5.7468  5.0999  4.6192  4.5572  6.3583  7.0710
  49  0.606303  3.7054  4.6442 -0.6483  8.3668  7.5567  6.6047  6.0916  5.6647  5.0361  4.5707  4.5115  6.2621  6.9370
  50  0.613979  3.7099  4.6386 -0.6193  8.2018  7.4418  6.5103  6.0113  5.5931  4.9800  4.5277  4.4707  6.1787  6.8230
  51  0.621026  3.7140  4.6333 -0.5928  8.0540  7.3387  6.4257  5.9389  5.5282  4.9288  4.4880  4.4330  6.1034  6.7222
  52  0.626305  3.7170  4.6291 -0.5730  7.9456  7.2629  6.3635  5.8855  5.4801  4.8907  4.4581  4.4046  6.0479  6.6490
  53  0.631538  3.7199  4.6248 -0.5535  7.8399  7.1888  6.3028  5.8331  5.4329  4.8531  4.4284  4.3764  5.9936  6.5782
  54  0.636720  3.7227  4.6204 -0.5343  7.7369  7.1166  6.2437  5.7818  5.3866  4.8160  4.3990  4.3482  5.9403  6.5097
  55  0.641856  3.7254  4.6159 -0.5153  7.6362  7.0463  6.1861  5.7314  5.3408  4.7794  4.3699  4.3201  5.8881  6.4435
  56  0.646958  3.7281  4.6112 -0.4965  7.5377  6.9779  6.1297  5.6818  5.2956  4.7431  4.3412  4.2919  5.8368  6.3792
  57  0.652019  3.7307  4.6064 -0.4779  7.4417  6.9109  6.0745  5.6331  5.2510  4.7072  4.3125  4.2637  5.7864  6.3168
  58  0.657049  3.7333  4.6014 -0.4595  7.3483  6.8449  6.0203  5.5851  5.2071  4.6715  4.2836  4.2355  5.7368  6.2558
  59  0.662056  3.7357  4.5963 -0.4412  7.2577  6.7799  5.9670  5.5378  5.1638  4.6360  4.2543  4.2073  5.6878  6.1962
  60  0.667034  3.7381  4.5912 -0.4231  7.1692  6.7158  5.9145  5.4912  5.1211  4.6008  4.2250  4.1791  5.6396  6.1378
  61  0.671976  3.7405  4.5858 -0.4052  7.0831  6.6530  5.8630  5.4453  5.0790  4.5658  4.1957  4.1508  5.5921  6.0808
  62  0.676879  3.7428  4.5804 -0.3874  6.9989  6.5914  5.8124  5.4001  5.0375  4.5311  4.1665  4.1226  5.5454  6.0251
  63  0.681726  3.7450  4.5748 -0.3699  6.9172  6.5313  5.7628  5.3557  4.9965  4.4968  4.1374  4.0945  5.4994  5.9707
  64  0.686521  3.7471  4.5691 -0.3526  6.8379  6.4724  5.7142  5.3120  4.9562  4.4629  4.1084  4.0664  5.4543  5.9176
  65  0.691245  3.7492  4.5633 -0.3355  6.7611  6.4149  5.6667  5.2691  4.9166  4.4294  4.0797  4.0386  5.4100  5.8658
  66  0.695880  3.7512  4.5575 -0.3188  6.6873  6.3591  5.6203  5.2273  4.8778  4.3964  4.0512  4.0110  5.3668  5.8156
  67  0.700416  3.7531  4.5516 -0.3025  6.6161  6.3049  5.5753  5.1864  4.8399  4.3640  4.0232  3.9837  5.3247  5.7669
  68  0.704842  3.7549  4.5457 -0.2866  6.5476  6.2524  5.5315  5.1466  4.8029  4.3323  3.9956  3.9569  5.2836  5.7197
  69  0.709161  3.7567  4.5398 -0.2710  6.4816  6.2015  5.4889  5.1078  4.7668  4.3012  3.9684  3.9304  5.2437  5.6739
  70  0.713378  3.7583  4.5338 -0.2558  6.4179  6.1521  5.4475  5.0700  4.7316  4.2708  3.9417  3.9043  5.2047  5.6294
  71  0.717497  3.7599  4.5279 -0.2409  6.3566  6.1042  5.4073  5.0332  4.6972  4.2408  3.9153  3.8785  5.1668  5.5863
  72  0.721528  3.7615  4.5219 -0.2264  6.2974  6.0577  5.3680  4.9972  4.6636  4.2115  3.8893  3.8531  5.1297  5.5444
  73  0.725470  3.7630  4.5160 -0.2121  6.2403  6.0125  5.3298  4.9621  4.6308  4.1827  3.8638  3.8281  5.0936  5.5036
  74  0.729326  3.7644  4.5101 -0.1982  6.1850  5.9685  5.2925  4.9277  4.5986  4.1545  3.8387  3.8035  5.0583  5.4640
  75  0.733120  3.7658  4.5041 -0.1846  6.1317  5.9256  5.2560  4.8941  4.5671  4.1267  3.8138  3.7791  5.0238  5.4253
  76  0.736854  3.7671  4.4981 -0.1711  6.0801  5.8839  5.2203  4.8611  4.5361  4.0992  3.7891  3.7548  4.9899  5.3875
  77  0.740533  3.7683  4.4920 -0.1580  6.0300  5.8431  5.1853  4.8287  4.5055  4.0720  3.7647  3.7307  4.9566  5.3506
  78  0.744159  3.7695  4.4860 -0.1450  5.9810  5.8031  5.1510  4.7969  4.4755  4.0453  3.7406  3.7070  4.9240  5.3144
  79  0.747744  3.7707  4.4800 -0.1322  5.9334  5.7640  5.1172  4.7655  4.4460  4.0188  3.7166  3.6834  4.8918  5.2789
  80  0.751293  3.7718  4.4740 -0.1196  5.8866  5.7255  5.0840  4.7346  4.4167  3.9926  3.6928  3.6600  4.8601  5.2439
  81  0.754812  3.7729  4.4679 -0.1071  5.8411  5.6877  5.0513  4.7041  4.3879  3.9666  3.6691  3.6366  4.8289  5.2095
  82  0.758121  3.7739  4.4621 -0.0955  5.7990  5.6526  5.0207  4.6755  4.3608  3.9421  3.6467  3.6145  4.7996  5.1775
  83  0.761392  3.7748  4.4562 -0.0840  5.7580  5.6181  4.9907  4.6473  4.3341  3.9179  3.6244  3.5926  4.7708  5.1460
  84  0.764615  3.7757  4.4504 -0.0727  5.7179  5.5844  4.9611  4.6196  4.3078  3.8940  3.6024  3.5708  4.7425  5.1151
  85  0.767790  3.7766  4.4446 -0.0615  5.6790  5.5513  4.9322  4.5924  4.2819  3.8704  3.5806  3.5493  4.7146  5.0849
  86  0.770912  3.7774  4.4387 -0.0506  5.6410  5.5189  4.9037  4.5657  4.2564  3.8470  3.5590  3.5280  4.6873  5.0552
  87  0.773974  3.7782  4.4329 -0.0399  5.6039  5.4871  4.8759  4.5394  4.2315  3.8242  3.5378  3.5070  4.6605  5.0262
  88  0.776978  3.7790  4.4272 -0.0293  5.5671  5.4553  4.8486  4.5139  4.2072  3.8020  3.5172  3.4868  4.6343  4.9976
  89  0.779919  3.7798  4.4215 -0.0190  5.5311  5.4242  4.8219  4.4888  4.1835  3.7802  3.4969  3.4669  4.6087  4.9697
  90  0.782800  3.7805  4.4158 -0.0088  5.4960  5.3937  4.7959  4.4643  4.1601  3.7587  3.4769  3.4472  4.5835  4.9425
  91  0.785619  3.7812  4.4102  0.0011  5.4616  5.3639  4.7703  4.4403  4.1372  3.7376  3.4573  3.4278  4.5589  4.9158
  92  0.788379  3.7819  4.4047  0.0109  5.4280  5.3347  4.7454  4.4167  4.1147  3.7169  3.4380  3.4087  4.5348  4.8898
  93  0.791080  3.7825  4.3992  0.0205  5.3952  5.3061  4.7209  4.3936  4.0926  3.6965  3.4189  3.3899  4.5111  4.8643
  94  0.793723  3.7832  4.3938  0.0299  5.3633  5.2782  4.6970  4.3709  4.0709  3.6764  3.4002  3.3712  4.4880  4.8394
  95  0.796314  3.7838  4.3884  0.0391  5.3322  5.2511  4.6736  4.3487  4.0495  3.6565  3.3816  3.3528  4.4652  4.8151
  96  0.798848  3.7844  4.3832  0.0482  5.3017  5.2244  4.6506  4.3268  4.0285  3.6371  3.3634  3.3347  4.4429  4.7912
  97  0.801335  3.7850  4.3780  0.0571  5.2722  5.1986  4.6281  4.3053  4.0078  3.6177  3.3453  3.3167  4.4210  4.7679
  98  0.803775  3.7856  4.3729  0.0658  5.2438  5.1738  4.6060  4.2841  3.9871  3.5985  3.3273  3.2987  4.3994  4.7451
  99  0.806180  3.7861  4.3678  0.0744  5.2172  5.1504  4.5843  4.2630  3.9664  3.5790  3.3090  3.2802  4.3781  4.7228
 100  0.808549  3.7866  4.3628  0.0829  5.1912  5.1276  4.5630  4.2421  3.9460  3.5598  3.2910  3.2620  4.3570  4.7010
 101  0.810884  3.7872  4.3578  0.0912  5.1660  5.1054  4.5420  4.2216  3.9258  3.5409  3.2732  3.2440  4.3364  4.6795
 102  0.813188  3.7877  4.3530  0.0993  5.1413  5.0836  4.5213  4.2014  3.9059  3.5221  3.2556  3.2262  4.3160  4.6583
 103  0.815454  3.7882  4.3481  0.1073  5.1174  5.0623  4.5009  4.1815  3.8863  3.5037  3.2382  3.2087  4.2959  4.6376
 104  0.817682  3.7887  4.3433  0.1152  5.0941  5.0415  4.4808  4.1619  3.8670  3.4855  3.2210  3.1913  4.2762  4.6171
 105  0.819865  3.7891  4.3385  0.1230  5.0715  5.0211  4.4611  4.1426  3.8481  3.4675  3.2041  3.1741  4.2568  4.5971
 106  0.821996  3.7896  4.3338  0.1306  5.0493  5.0011  4.4417  4.1236  3.8294  3.4499  3.1874  3.1573  4.2377  4.5773
 107  0.824067  3.7900  4.3292  0.1381  5.0276  4.9816  4.4226  4.1050  3.8111  3.4326  3.1710  3.1408  4.2189  4.5579
 108  0.826073  3.7904  4.3247  0.1454  5.0065  4.9623  4.4039  4.0867  3.7932  3.4156  3.1550  3.1246  4.2005  4.5388
 109  0.828016  3.7909  4.3202  0.1526  4.9857  4.9435  4.3855  4.0687  3.7756  3.3989  3.1393  3.1087  4.1825  4.5201
 110  0.829897  3.7913  4.3157  0.1597  4.9655  4.9250  4.3674  4.0511  3.7583  3.3826  3.1238  3.0932  4.1647  4.5017
 111  0.831718  3.7917  4.3114  0.1666  4.9456  4.9068  4.3496  4.0337  3.7414  3.3666  3.1086  3.0779  4.1473  4.4836
 112  0.833479  3.7921  4.3071  0.1734  4.9262  4.8889  4.3322  4.0168  3.7248  3.3509  3.0938  3.0630  4.1302  4.4659
 113  0.835249  3.7925  4.3027  0.1803  4.9064  4.8706  4.3145  3.9996  3.7081  3.3351  3.0788  3.0480  4.1129  4.4478
 114  0.837026  3.7929  4.2983  0.1873  4.8853  4.8512  4.2966  3.9825  3.6916  3.3195  3.0641  3.0333  4.0955  4.4294
 115  0.838810  3.7933  4.2937  0.1944  4.8640  4.8315  4.2784  3.9650  3.6748  3.3037  3.0492  3.0184  4.0778  4.4108
 116  0.840604  3.7937  4.2891  0.2016  4.8424  4.8115  4.2600  3.9474  3.6578  3.2878  3.0340  3.0034  4.0599  4.3919
 117  0.842408  3.7941  4.2843  0.2088  4.8207  4.7912  4.2413  3.9296  3.6407  3.2715  3.0186  2.9880  4.0418  4.3728
 118  0.844219  3.7945  4.2795  0.2162  4.7986  4.7706  4.2224  3.9115  3.6233  3.2551  3.0030  2.9725  4.0235  4.3534
 119  0.846042  3.7949  4.2745  0.2236  4.7765  4.7498  4.2034  3.8933  3.6057  3.2384  2.9871  2.9568  4.0049  4.3338
 120  0.847874  3.7952  4.2694  0.2312  4.7540  4.7288  4.1840  3.8748  3.5879  3.2216  2.9710  2.9408  3.9861  4.3140
 121  0.849716  3.7956  4.2642  0.2388  4.7315  4.7075  4.1645  3.8560  3.5698  3.2044  2.9546  2.9245  3.9671  4.2940
 122  0.851553  3.7959  4.2589  0.2465  4.7090  4.6861  4.1449  3.8372  3.5517  3.1871  2.9381  2.9081  3.9480  4.2739
 123  0.853332  3.7963  4.2536  0.2542  4.6858  4.6643  4.1250  3.8182  3.5335  3.1698  2.9216  2.8917  3.9287  4.2535
 124  0.855097  3.7967  4.2483  0.2620  4.6629  4.6426  4.1052  3.7994  3.5153  3.1526  2.9052  2.8754  3.9095  4.2332
 125  0.856851  3.7971  4.2430  0.2697  4.6400  4.6209  4.0855  3.7805  3.4972  3.1354  2.8887  2.8591  3.8903  4.2130
 126  0.858596  3.7975  4.2376  0.2774  4.6171  4.5992  4.0657  3.7616  3.4790  3.1181  2.8722  2.8427  3.8711  4.1927
 127  0.860341  3.7978  4.2321  0.2852  4.5943  4.5775  4.0458  3.7425  3.4606  3.1006  2.8554  2.8261  3.8517  4.1723
 128  0.862089  3.7982  4.2265  0.2931  4.5714  4.5556  4.0258  3.7233  3.4421  3.0829  2.8385  2.8093  3.8322  4.1519
 129  0.863844  3.7985  4.2208  0.3010  4.5484  4.5336  4.0056  3.7039  3.4234  3.0650  2.8212  2.7922  3.8125  4.1312
 130  0.865612  3.7988  4.2149  0.3090  4.5254  4.5114  3.9852  3.6843  3.4044  3.0467  2.8036  2.7747  3.7926  4.1103
 131  0.867396  3.7991  4.2088  0.3171  4.5023  4.4890  3.9645  3.6643  3.3850  3.0281  2.7856  2.7568  3.7724  4.0892
 132  0.869199  3.7994  4.2026  0.3254  4.4790  4.4664  3.9435  3.6440  3.3654  3.0091  2.7673  2.7386  3.7519  4.0678
 133  0.871023  3.7996  4.1961  0.3337  4.4559  4.4438  3.9222  3.6234  3.3452  2.9896  2.7483  2.7197  3.7309  4.0461
 134  0.872870  3.7999  4.1895  0.3423  4.4325  4.4209  3.9005  3.6023  3.3247  2.9697  2.7289  2.7004  3.7097  4.0241
 135  0.874741  3.8001  4.1826  0.3509  4.4090  4.3977  3.8785  3.5809  3.3038  2.9493  2.7090  2.6806  3.6880  4.0018
 136  0.876636  3.8003  4.1755  0.3598  4.3853  4.3742  3.8561  3.5590  3.2824  2.9284  2.6885  2.6601  3.6660  3.9791
 137  0.878551  3.8004  4.1681  0.3687  4.3614  4.3504  3.8334  3.5368  3.2606  2.9069  2.6674  2.6392  3.6436  3.9561
 138  0.880485  3.8005  4.1604  0.3779  4.3375  4.3264  3.8102  3.5141  3.2383  2.8849  2.6457  2.6176  3.6208  3.9327
 139  0.882437  3.8006  4.1524  0.3872  4.3135  4.3022  3.7867  3.4910  3.2155  2.8624  2.6234  2.5953  3.5975  3.9091
 140  0.884400  3.8007  4.1440  0.3966  4.2894  4.2777  3.7629  3.4675  3.1923  2.8392  2.6004  2.5724  3.5739  3.8851
 141  0.886372  3.8007  4.1354  0.4062  4.2652  4.2530  3.7387  3.4436  3.1685  2.8155  2.5768  2.5488  3.5499  3.8608
 142  0.888347  3.8006  4.1264  0.4159  4.2413  4.2283  3.7143  3.4193  3.1443  2.7911  2.5523  2.5244  3.5255  3.8362
 143  0.890323  3.8005  4.1171  0.4258  4.2173  4.2034  3.6895  3.3946  3.1197  2.7663  2.5273  2.4995  3.5008  3.8114
 144  0.892291  3.8003  4.1073  0.4358  4.1935  4.1785  3.6645  3.3695  3.0946  2.7407  2.5016  2.4737  3.4758  3.7864
 145  0.894248  3.8001  4.0972  0.4459  4.1701  4.1536  3.6393  3.3442  3.0691  2.7147  2.4751  2.4473  3.4505  3.7613
 146  0.896189  3.7998  4.0867  0.4561  4.1470  4.1288  3.6139  3.3186  3.0432  2.6880  2.4479  2.4201  3.4249  3.7361
 147  0.898110  3.7994  4.0758  0.4663  4.1243  4.1042  3.5884  3.2927  3.0170  2.6609  2.4201  2.3922  3.3992  3.7108
 148  0.900006  3.7989  4.0646  0.4766  4.1026  4.0803  3.5628  3.2665  2.9903  2.6331  2.3914  2.3635  3.3733  3.6856
 149  0.901875  3.7983  4.0529  0.4869  4.0818  4.0567  3.5371  3.2402  2.9633  2.6047  2.3621  2.3341  3.3472  3.6604
 150  0.903710  3.7977  4.0409  0.4972  4.0618  4.0336  3.5116  3.2137  2.9361  2.5759  2.3320  2.3040  3.3211  3.6354
 151  0.905509  3.7969  4.0285  0.5075  4.0428  4.0111  3.4862  3.1873  2.9087  2.5467  2.3014  2.2733  3.2951  3.6107
 152  0.907270  3.7960  4.0154  0.5177  4.0254  3.9895  3.4612  3.1609  2.8812  2.5169  2.2699  2.2416  3.2693  3.5865
 153  0.908986  3.7949  4.0017  0.5278  4.0097  3.9690  3.4368  3.1348  2.8536  2.4865  2.2374  2.2089  3.2438  3.5631
 154  0.910661  3.7935  3.9871  0.5377  3.9960  3.9497  3.4134  3.1092  2.8259  2.4555  2.2038  2.1750  3.2189  3.5409
 155  0.912292  3.7919  3.9715  0.5475  3.9816  3.9297  3.3918  3.0850  2.7993  2.4247  2.1698  2.1406  3.1953  3.5205
 156  0.913890  3.7900  3.9552  0.5570  3.9627  3.9068  3.3727  3.0633  2.7745  2.3954  2.1368  2.1073  3.1738  3.5022
 157  0.915459  3.7878  3.9380  0.5663  3.9467  3.8857  3.3549  3.0422  2.7500  2.3655  2.1027  2.0727  3.1531  3.4855
 158  0.917016  3.7854  3.9200  0.5753  3.9380  3.8693  3.3374  3.0207  2.7246  2.3339  2.0663  2.0357  3.1324  3.4697
 159  0.918553  3.7823  3.8999  0.5839  3.9616  3.8734  3.3163  2.9935  2.6926  2.2938  2.0200  1.9883  3.1082  3.4530
 160  0.920122  3.7790  3.8789  0.5921  3.9970  3.8847  3.2954  2.9657  2.6595  2.2515  1.9707  1.9377  3.0839  3.4375
 161  0.921787  3.7750  3.8563  0.5996  4.0281  3.8924  3.2807  2.9435  2.6311  2.2124  1.9234  1.8891  3.0647  3.4279
 162  0.922934  3.7722  3.8412  0.6041  4.0479  3.8967  3.2741  2.9317  2.6149  2.1886  1.8938  1.8585  3.0546  3.4244
 163  0.924072  3.7689  3.8259  0.6066  4.0799  3.9094  3.2732  2.9245  2.6024  2.1671  1.8653  1.8290  3.0494  3.4274
 164  0.925199  3.7650  3.8104  0.6073  4.1252  3.9311  3.2780  2.9219  2.5936  2.1478  1.8376  1.8001  3.0492  3.4369
 165  0.926288  3.7606  3.7948  0.6056  4.1863  3.9637  3.2904  2.9255  2.5899  2.1317  1.8116  1.7726  3.0556  3.4551
 166  0.927319  3.7556  3.7793  0.6019  4.2622  4.0054  3.3096  2.9349  2.5913  2.1191  1.7878  1.7471  3.0681  3.4809
 167  0.928307  3.7504  3.7638  0.5969  4.3507  4.0519  3.3326  2.9479  2.5962  2.1085  1.7651  1.7232  3.0841  3.5112
 168  0.929286  3.7449  3.7463  0.5928  4.4434  4.1008  3.3557  2.9598  2.5992  2.0949  1.7385  1.6947  3.0994  3.5426
 169  0.930274  3.7393  3.7261  0.5912  4.5321  4.1456  3.3739  2.9661  2.5962  2.0751  1.7051  1.6592  3.1092  3.5695
 170  0.931281  3.7340  3.7026  0.5937  4.6111  4.1801  3.3826  2.9632  2.5843  2.0466  1.6632  1.6151  3.1095  3.5870
 171  0.932261  3.7294  3.6771  0.6013  4.6669  4.1968  3.3772  2.9478  2.5611  2.0089  1.6141  1.5639  3.0969  3.5894
 172  0.933067  3.7262  3.6529  0.6130  4.6919  4.1936  3.3584  2.9218  2.5295  1.9669  1.5638  1.5121  3.0728  3.5761
 173  0.933731  3.7238  3.6310  0.6259  4.6988  4.1801  3.3337  2.8920  2.4957  1.9255  1.5164  1.4637  3.0443  3.5555
 174  0.934323  3.7220  3.6106  0.6393  4.6962  4.1614  3.3063  2.8606  2.4611  1.8849  1.4711  1.4175  3.0139  3.5312
 175  0.934869  3.7205  3.5912  0.6529  4.6881  4.1398  3.2775  2.8283  2.4262  1.8450  1.4273  1.3729  2.9825  3.5049
 176  0.935382  3.7192  3.5724  0.6667  4.6757  4.1159  3.2474  2.7954  2.3910  1.8054  1.3844  1.3293  2.9503  3.4770
 177  0.935869  3.7181  3.5542  0.6806  4.6601  4.0903  3.2165  2.7621  2.3556  1.7663  1.3423  1.2867  2.9175  3.4479
 178  0.936337  3.7171  3.5364  0.6946  4.6424  4.0636  3.1851  2.7285  2.3202  1.7275  1.3010  1.2448  2.8845  3.4181
 179  0.936787  3.7162  3.5190  0.7087  4.6225  4.0359  3.1531  2.6946  2.2847  1.6889  1.2601  1.2034  2.8510  3.3876
 180  0.937223  3.7153  3.5017  0.7228  4.6019  4.0076  3.1209  2.6605  2.2491  1.6504  1.2194  1.1623  2.8174  3.3567
 181  0.937647  3.7145  3.4845  0.7370  4.5801  3.9787  3.0882  2.6262  2.2133  1.6119  1.1789  1.1213  2.7834  3.3253
 182  0.938084  3.7137  3.4665  0.7520  4.5561  3.9476  3.0535  2.5897  2.1755  1.5713  1.1364  1.0784  2.7474  3.2917
 183  0.938521  3.7130  3.4482  0.7674  4.5309  3.9155  3.0177  2.5524  2.1368  1.5299  1.0931  1.0346  2.7105  3.2571
 184  0.938957  3.7122  3.4297  0.7832  4.5045  3.8822  2.9811  2.5142  2.0972  1.4877  1.0491  0.9902  2.6726  3.2215
 185  0.939392  3.7115  3.4110  0.7992  4.4770  3.8481  2.9436  2.4752  2.0569  1.4449  1.0045  0.9451  2.6340  3.1851
 186  0.939826  3.7108  3.3919  0.8157  4.4484  3.8129  2.9051  2.4353  2.0157  1.4012  0.9590  0.8992  2.5943  3.1476
 187  0.940258  3.7101  3.3723  0.8326  4.4184  3.7764  2.8653  2.3940  1.9731  1.3561  0.9122  0.8520  2.5534  3.1088
 188  0.940685  3.7094  3.3517  0.8505  4.3865  3.7378  2.8234  2.3506  1.9283  1.3088  0.8631  0.8025  2.5103  3.0679
 189  0.941108  3.7086  3.3303  0.8691  4.3538  3.6978  2.7799  2.3054  1.8818  1.2595  0.8120  0.7508  2.4655  3.0255
 190  0.941526  3.7078  3.3079  0.8885  4.3195  3.6560  2.7343  2.2582  1.8331  1.2080  0.7585  0.6969  2.4187  2.9810
 191  0.941939  3.7070  3.2849  0.9086  4.2836  3.6124  2.6871  2.2094  1.7828  1.1548  0.7034  0.6414  2.3702  2.9349
 192  0.942346  3.7062  3.2607  0.9296  4.2467  3.5670  2.6378  2.1584  1.7303  1.0993  0.6459  0.5833  2.3196  2.8868
 193  0.942749  3.7053  3.2359  0.9512  4.2089  3.5205  2.5872  2.1060  1.6763  1.0421  0.5866  0.5234  2.2675  2.8375
 194  0.943144  3.7044  3.2099  0.9736  4.1704  3.4726  2.5348  2.0516  1.6202  0.9827  0.5248  0.4611  2.2136  2.7865
 195  0.943533  3.7034  3.1831  0.9968  4.1304  3.4230  2.4807  1.9955  1.5623  0.9212  0.4609  0.3966  2.1579  2.7338
 196  0.943915  3.7025  3.1554  1.0207  4.0892  3.3720  2.4249  1.9375  1.5024  0.8577  0.3950  0.3300  2.1004  2.6795
 197  0.944288  3.7014  3.1267  1.0454  4.0469  3.3195  2.3673  1.8777  1.4406  0.7921  0.3267  0.2611  2.0411  2.6236
 198  0.944654  3.7003  3.0971  1.0709  4.0035  3.2657  2.3082  1.8162  1.3771  0.7247  0.2563  0.1902  1.9801  2.5662
 199  0.945011  3.6992  3.0666  1.0971  3.9591  3.2107  2.2476  1.7531  1.3118  0.6552  0.1838  0.1170  1.9175  2.5074
 200  0.945358  3.6980  3.0349  1.1241  3.9130  3.1543  2.1854  1.6881  1.2444  0.5835  0.1085  0.0413  1.8530  2.4471
 201  0.945695  3.6967  3.0023  1.1517  3.8655  3.0967  2.1218  1.6217  1.1754  0.5100  0.0313 -0.0364  1.7871  2.3855
 202  0.946024  3.6954  2.9688  1.1801  3.8180  3.0384  2.0571  1.5538  1.1049  0.4347 -0.0481 -0.1162  1.7199  2.3230
 203  0.946341  3.6940  2.9341  1.2091  3.7704  2.9791  1.9910  1.4843  1.0326  0.3572 -0.1300 -0.1985  1.6510  2.2593
 204  0.946647  3.6925  2.8986  1.2389  3.7224  2.9188  1.9235  1.4134  0.9587  0.2779 -0.2137 -0.2827  1.5808  2.1944
 205  0.946943  3.6909  2.8622  1.2692  3.6746  2.8577  1.8550  1.3413  0.8834  0.1970 -0.2993 -0.3689  1.5093  2.1286
 206  0.947227  3.6893  2.8250  1.3001  3.6285  2.7961  1.7853  1.2678  0.8066  0.1142 -0.3868 -0.4572  1.4365  2.0619
 207  0.947498  3.6877  2.7869  1.3317  3.5844  2.7339  1.7145  1.1929  0.7283  0.0296 -0.4761 -0.5476  1.3623  1.9942
 208  0.947758  3.6859  2.7480  1.3638  3.5411  2.6712  1.6428  1.1170  0.6488 -0.0565 -0.5669 -0.6398  1.2872  1.9257
 209  0.948007  3.6842  2.7084  1.3964  3.4989  2.6082  1.5702  1.0401  0.5682 -0.1441 -0.6592 -0.7336  1.2110  1.8566
 210  0.948244  3.6823  2.6681  1.4294  3.4577  2.5448  1.4969  0.9622  0.4865 -0.2330 -0.7530 -0.8290  1.1340  1.7870
 211  0.948470  3.6804  2.6272  1.4629  3.4169  2.4809  1.4229  0.8836  0.4038 -0.3230 -0.8480 -0.9256  1.0561  1.7169
 212  0.948684  3.6785  2.5856  1.4968  3.3770  2.4170  1.3485  0.8042  0.3203 -0.4141 -0.9445 -1.0236  0.9776  1.6467
 213  0.948888  3.6765  2.5436  1.5310  3.3378  2.3528  1.2737  0.7243  0.2361 -0.5061 -1.0419 -1.1228  0.8985  1.5762
 214  0.949081  3.6745  2.5010  1.5656  3.2998  2.2887  1.1986  0.6439  0.1513 -0.5991 -1.1403 -1.2230  0.8189  1.5056
 215  0.949265  3.6723  2.4577  1.6004  3.2645  2.2253  1.1237  0.5634  0.0660 -0.6930 -1.2400 -1.3246  0.7392  1.4357
 216  0.949441  3.6701  2.4140  1.6354  3.2300  2.1619  1.0486  0.4826 -0.0197 -0.7874 -1.3402 -1.4269  0.6592  1.3658
 217  0.949462  3.6699  2.4083  1.6399  3.2256  2.1538  1.0390  0.4722 -0.0307 -0.7996 -1.3531 -1.4400  0.6490  1.3569
 218  0.949484  3.6696  2.4028  1.6444  3.2213  2.1458  1.0295  0.4620 -0.0416 -0.8116 -1.3659 -1.4531  0.6388  1.3480
 219  0.949506  3.6693  2.3972  1.6489  3.2170  2.1378  1.0199  0.4517 -0.0525 -0.8237 -1.3787 -1.4662  0.6286  1.3392
 220  0.949527  3.6690  2.3915  1.6534  3.2129  2.1297  1.0103  0.4413 -0.0636 -0.8360 -1.3918 -1.4795  0.6183  1.3303
 221  0.949549  3.6687  2.3858  1.6579  3.2086  2.1216  1.0007  0.4309 -0.0746 -0.8481 -1.4046 -1.4927  0.6081  1.3213
 222  0.949570  3.6684  2.3801  1.6624  3.2044  2.1135  0.9911  0.4205 -0.0857 -0.8604 -1.4177 -1.5060  0.5978  1.3124
 223  0.949592  3.6681  2.3744  1.6670  3.2003  2.1055  0.9815  0.4101 -0.0968 -0.8726 -1.4307 -1.5193  0.5875  1.3035
 224  0.949613  3.6678  2.3687  1.6715  3.1961  2.0974  0.9718  0.3997 -0.1079 -0.8849 -1.4438 -1.5326  0.5772  1.2946
 225  0.949635  3.6676  2.3630  1.6761  3.1919  2.0893  0.9622  0.3892 -0.1190 -0.8972 -1.4568 -1.5459  0.5668  1.2857
 226  0.949656  3.6673  2.3573  1.6806  3.1877  2.0812  0.9526  0.3788 -0.1300 -0.9094 -1.4698 -1.5593  0.5565  1.2768
 227  0.949858  3.6645  2.3034  1.7235  3.1498  2.0058  0.8622  0.2808 -0.2345 -1.0252 -1.5931 -1.6852  0.4595  1.1934
 228  0.950033  3.6624  2.2626  1.7561  3.1219  1.9492  0.7941  0.2069 -0.3134 -1.1128 -1.6866 -1.7807  0.3863  1.1308
 229  0.950203  3.6615  2.2429  1.7722  3.1052  1.9197  0.7595  0.1697 -0.3528 -1.1560 -1.7323 -1.8273  0.3494  1.0986
 230  0.950374  3.6626  2.2582  1.7613  3.1048  1.9340  0.7796  0.1930 -0.3268 -1.1255 -1.6986 -1.7926  0.3724  1.1155
 231  0.950567  3.6601  2.2094  1.8002  3.0733  1.8672  0.6988  0.1049 -0.4210 -1.2302 -1.8105 -1.9070  0.2852  1.0416
 232  0.950743  3.6564  2.1422  1.8530  3.0370  1.7798  0.5911 -0.0135 -0.5485 -1.3728 -1.9637 -2.0639  0.1680  0.9444
 233  0.950900  3.6529  2.0772  1.9039  3.0047  1.6970  0.4884 -0.1269 -0.6710 -1.5102 -2.1114 -2.2154  0.0557  0.8525
 234  0.951040  3.6494  2.0135  1.9537  2.9759  1.6177  0.3895 -0.2368 -0.7901 -1.6441 -2.2557 -2.3636 -0.0531  0.7649
 235  0.951167  3.6459  1.9508  2.0023  2.9522  1.5425  0.2946 -0.3431 -0.9062 -1.7752 -2.3972 -2.5092 -0.1584  0.6818
 236  0.951278  3.6424  1.8904  2.0489  2.9325  1.4721  0.2047 -0.4441 -1.0171 -1.9010 -2.5331 -2.6491 -0.2586  0.6040
 237  0.951381  3.6389  1.8294  2.0957  2.9161  1.4035  0.1162 -0.5443 -1.1281 -2.0271 -2.6697 -2.7901 -0.3582  0.5281
 238  0.951472  3.6354  1.7708  2.1407  2.9022  1.3388  0.0323 -0.6396 -1.2343 -2.1483 -2.8008 -2.9256 -0.4530  0.4568
 239  0.951554  3.6320  1.7129  2.1849  2.8908  1.2767 -0.0487 -0.7319 -1.3381 -2.2672 -2.9295 -3.0589 -0.5452  0.3886
 240  0.951627  3.6287  1.6571  2.2274  2.8818  1.2183 -0.1253 -0.8195 -1.4377 -2.3818 -3.0535 -3.1876 -0.6329  0.3246
 241  0.951695  3.6253  1.6011  2.2699  2.8738  1.1612 -0.2005 -0.9058 -1.5369 -2.4963 -3.1774 -3.3165 -0.7197  0.2618
 242  0.951757  3.6220  1.5462  2.3116  2.8668  1.1065 -0.2726 -0.9889 -1.6337 -2.6085 -3.2989 -3.4430 -0.8036  0.2019
 243  0.951813  3.6187  1.4931  2.3517  2.8616  1.0556 -0.3403 -1.0671 -1.7265 -2.7165 -3.4164 -3.5652 -0.8831  0.1463
 244  0.951864  3.6154  1.4398  2.3917  2.8586  1.0073 -0.4052 -1.1429 -1.8185 -2.8242 -3.5341 -3.6877 -0.9606  0.0934
 245  0.951911  3.6121  1.3883  2.4302  2.8559  0.9622 -0.4660 -1.2141 -1.9067 -2.9281 -3.6477 -3.8061 -1.0341  0.0435
 246  0.951954  3.6089  1.3370  2.4685  2.8525  0.9183 -0.5249 -1.2832 -1.9941 -3.0313 -3.7605 -3.9237 -1.1059 -0.0055
 247  0.951993  3.6057  1.2874  2.5054  2.8496  0.8779 -0.5794 -1.3476 -2.0780 -3.1309 -3.8694 -4.0374 -1.1736 -0.0509
 248  0.952029  3.6026  1.2382  2.5420  2.8465  0.8394 -0.6314 -1.4092 -2.1608 -3.2298 -3.9775 -4.1503 -1.2393 -0.0944
 249  0.952062  3.5994  1.1900  2.5778  2.8436  0.8040 -0.6797 -1.4669 -2.2414 -3.3267 -4.0835 -4.2611 -1.3016 -0.1349
 250  0.952093  3.5964  1.1435  2.6122  2.8396  0.7713 -0.7245 -1.5206 -2.3185 -3.4199 -4.1855 -4.3678 -1.3605 -0.1729
 251  0.952121  3.5934  1.0974  2.6464  2.8339  0.7403 -0.7670 -1.5721 -2.3945 -3.5121 -4.2864 -4.4735 -1.4176 -0.2097
 252  0.952148  3.5904  1.0516  2.6801  2.8272  0.7116 -0.8067 -1.6208 -2.4690 -3.6033 -4.3863 -4.5781 -1.4726 -0.2447
 253  0.952172  3.5875  1.0076  2.7126  2.8196  0.6856 -0.8430 -1.6654 -2.5405 -3.6912 -4.4826 -4.6790 -1.5242 -0.2770
 254  0.952194  3.5846  0.9643  2.7443  2.8132  0.6632 -0.8746 -1.7055 -2.6097 -3.7773 -4.5768 -4.7779 -1.5722 -0.3059
 255  0.952215  3.5818  0.9215  2.7756  2.8061  0.6429 -0.9030 -1.7423 -2.6775 -3.8624 -4.6697 -4.8754 -1.6179 -0.3329
 256  0.952235  3.5789  0.8791  2.8065  2.7988  0.6251 -0.9278 -1.7756 -2.7439 -3.9465 -4.7613 -4.9717 -1.6610 -0.3577
 257  0.952253  3.5761  0.8382  2.8362  2.7914  0.6103 -0.9487 -1.8047 -2.8072 -4.0275 -4.8497 -5.0645 -1.7008 -0.3798
 258  0.952270  3.5733  0.7978  2.8655  2.7838  0.5988 -0.9653 -1.8300 -2.8687 -4.1075 -4.9369 -5.1562 -1.7378 -0.3992
 259  0.952286  3.5706  0.7585  2.8940  2.7758  0.5902 -0.9776 -1.8513 -2.9277 -4.1854 -5.0218 -5.2455 -1.7719 -0.4160
 260  0.952301  3.5679  0.7194  2.9221  2.7686  0.5867 -0.9836 -1.8670 -2.9846 -4.2624 -5.1060 -5.3340 -1.8020 -0.4284
 261  0.952315  3.5652  0.6815  2.9494  2.7604  0.5857 -0.9853 -1.8784 -3.0396 -4.3375 -5.1880 -5.4202 -1.8293 -0.4389
 262  0.952328  3.5626  0.6445  2.9761  2.7525  0.5888 -0.9816 -1.8852 -3.0918 -4.4109 -5.2681 -5.5043 -1.8531 -0.4457
 263  0.952341  3.5600  0.6074  3.0026  2.7452  0.5969 -0.9709 -1.8867 -3.1418 -4.4840 -5.3480 -5.5883 -1.8733 -0.4481
 264  0.952352  3.5574  0.5716  3.0281  2.7381  0.6089 -0.9546 -1.8839 -3.1882 -4.5546 -5.4252 -5.6693 -1.8902 -0.4471
 265  0.952363  3.5549  0.5364  3.0533  2.7328  0.6250 -0.9338 -1.8780 -3.2322 -4.6244 -5.5013 -5.7493 -1.9046 -0.4436
 266  0.952374  3.5523  0.5014  3.0780  2.7296  0.6471 -0.9054 -1.8666 -3.2730 -4.6933 -5.5765 -5.8285 -1.9150 -0.4355
 267  0.952384  3.5498  0.4670  3.1024  2.7251  0.6759 -0.8670 -1.8477 -3.3102 -4.7615 -5.6506 -5.9065 -1.9204 -0.4209
 268  0.952393  3.5474  0.4338  3.1258  2.7182  0.7088 -0.8205 -1.8229 -3.3432 -4.8273 -5.7221 -5.9817 -1.9217 -0.4014
 269  0.952402  3.5449  0.4008  3.1491  2.7087  0.7488 -0.7614 -1.7894 -3.3718 -4.8929 -5.7932 -6.0565 -1.9173 -0.3742
 270  0.952410  3.5426  0.3687  3.1717  2.6915  0.8002 -0.6785 -1.7384 -3.3934 -4.9576 -5.8630 -6.1298 -1.9027 -0.3349
 271  0.952418  3.5402  0.3371  3.1939  2.6694  0.8630 -0.5734 -1.6725 -3.4079 -5.0220 -5.9319 -6.2021 -1.8786 -0.2833
 272  0.952426  3.5379  0.3061  3.2157  2.6462  0.9336 -0.4541 -1.5985 -3.4162 -5.0859 -5.9999 -6.2733 -1.8484 -0.2226
 273  0.952433  3.5356  0.2759  3.2368  2.6231  1.0097 -0.3252 -1.5199 -3.4188 -5.1486 -6.0661 -6.3426 -1.8138 -0.1546
 274  0.952440  3.5334  0.2460  3.2577  2.6008  1.0899 -0.1892 -1.4390 -3.4166 -5.2108 -6.1317 -6.4113 -1.7761 -0.0804
 275  0.952446  3.5312  0.2168  3.2781  2.5810  1.1715 -0.0513 -1.3606 -3.4097 -5.2717 -6.1958 -6.4785 -1.7375 -0.0013
 276  0.952453  3.5288  0.1874  3.2978  2.5708  1.2618  0.0974 -1.2843 -3.3911 -5.3305 -6.2591 -6.5455 -1.6936  0.0951
 277  0.952459  3.5267  0.1599  3.3170  2.5599  1.3331  0.2158 -1.2293 -3.3787 -5.3859 -6.3188 -6.6086 -1.6628  0.1737
 278  0.952464  3.5246  0.1332  3.3353  2.5524  1.4025  0.3274 -1.1796 -3.3641 -5.4382 -6.3760 -6.6693 -1.6331  0.2523
 279  0.952470  3.5229  0.1101  3.3515  2.5458  1.4552  0.4112 -1.1459 -3.3543 -5.4834 -6.4257 -6.7221 -1.6131  0.3137