#AGE= 1.500 EEPS=274
#EEP   M/Mo    LogTeff  LogG   LogL/Lo U       B       V       R       I       J       H       Ks      Kp      D51     
   5  0.115354  3.5117  5.2016 -2.7016 16.5794 15.0821 13.4970 12.4128 11.0003  9.6141  9.0711  8.8320 12.3820 14.1545
   6  0.143100  3.5139  5.1309 -2.5285 16.0459 14.5953 13.0319 11.9585 10.5632  9.1868  8.6438  8.4049 11.9342 13.6763
   7  0.187756  3.5204  5.0638 -2.3174 15.3301 13.9417 12.4141 11.3678 10.0182  8.6753  8.1290  7.8935 11.3608 13.0426
   8  0.211268  3.5242  5.0382 -2.2254 15.0071 13.6445 12.1343 11.1027  9.7782  8.4549  7.9057  7.6726 11.1050 12.7564
   9  0.221345  3.5258  5.0282 -2.1887 14.8786 13.5257 12.0225 10.9968  9.6826  8.3674  7.8168  7.5846 11.0029 12.6422
  10  0.228581  3.5269  5.0218 -2.1638 14.7911 13.4445 11.9460 10.9245  9.6175  8.3080  7.7564  7.5249 10.9331 12.5641
  11  0.234205  3.5278  5.0172 -2.1449 14.7237 13.3818 11.8871 10.8690  9.5680  8.2632  7.7107  7.4798 10.8798 12.5041
  12  0.240387  3.5289  5.0114 -2.1236 14.6480 13.3114 11.8209 10.8066  9.5122  8.2126  7.6591  7.4289 10.8197 12.4367
  13  0.246674  3.5299  5.0022 -2.0989 14.5627 13.2324 11.7467 10.7361  9.4483  8.1537  7.5992  7.3695 10.7516 12.3608
  14  0.255093  3.5315  4.9939 -2.0700 14.4602 13.1366 11.6567 10.6513  9.3726  8.0852  7.5290  7.3003 10.6699 12.2691
  15  0.265111  3.5333  4.9807 -2.0328 14.3315 13.0157 11.5432 10.5438  9.2761  7.9970  7.4384  7.2108 10.5663 12.1534
  16  0.278800  3.5359  4.9605 -1.9804 14.1513 12.8459 11.3837 10.3927  9.1401  7.8726  7.3105  7.0844 10.4204 11.9910
  17  0.293264  3.5389  4.9395 -1.9253 13.9607 12.6651 11.2137 10.2321  8.9970  7.7428  7.1763  6.9519 10.2658 11.8185
  18  0.315520  3.5445  4.9121 -1.8437 13.6696 12.3857 10.9508  9.9854  8.7828  7.5542  6.9796  6.7579 10.0301 11.5536
  19  0.345473  3.5539  4.8781 -1.7327 13.2681 11.9917 10.5775  9.6354  8.4864  7.3039  6.7160  6.4985  9.6983 11.1823
  20  0.362085  3.5598  4.8577 -1.6684 13.0388 11.7617 10.3571  9.4291  8.3169  7.1606  6.5642  6.3498  9.5042 10.9647
  21  0.373971  3.5643  4.8427 -1.6212 12.8707 11.5904 10.1919  9.2750  8.1936  7.0560  6.4530  6.2415  9.3601 10.8023
  22  0.384615  3.5687  4.8295 -1.5784 12.7187 11.4335 10.0399  9.1332  8.0821  6.9621  6.3528  6.1445  9.2280 10.6537
  23  0.395611  3.5734  4.8164 -1.5342 12.5619 11.2697  9.8805  8.9843  7.9662  6.8657  6.2496  6.0455  9.0896 10.4989
  24  0.407602  3.5789  4.8027 -1.4857 12.3900 11.0883  9.7034  8.8188  7.8393  6.7609  6.1373  5.9386  8.9361 10.3277
  25  0.419477  3.5846  4.7896 -1.4370 12.2147 10.9024  9.5213  8.6487  7.7120  6.6573  6.0256  5.8338  8.7789 10.1526
  26  0.431037  3.5906  4.7777 -1.3894 12.0424 10.7175  9.3410  8.4806  7.5875  6.5564  5.9168  5.7331  8.6235  9.9802
  27  0.442316  3.5967  4.7668 -1.3429 11.8798 10.5371  9.1692  8.3214  7.4662  6.4565  5.8097  5.6355  8.4744  9.8181
  28  0.453350  3.6028  4.7568 -1.2979 11.7213 10.3602  9.0028  8.1678  7.3489  6.3597  5.7065  5.5425  8.3297  9.6610
  29  0.462791  3.6082  4.7490 -1.2593 11.5784 10.2043  8.8559  8.0326  7.2488  6.2783  5.6206  5.4653  8.2029  9.5208
  30  0.471094  3.6132  4.7424 -1.2253 11.4499 10.0647  8.7255  7.9130  7.1606  6.2067  5.5460  5.3986  8.0904  9.3955
  31  0.480023  3.6186  4.7360 -1.1888 11.3139  9.9149  8.5876  7.7874  7.0664  6.1293  5.4667  5.3278  7.9712  9.2632
  32  0.492850  3.6267  4.7281 -1.1373 11.1091  9.6959  8.3908  7.6102  6.9330  6.0209  5.3589  5.2321  7.8016  9.0698
  33  0.515024  3.6410  4.7166 -1.0494 10.6957  9.3025  8.0488  7.3086  6.7036  5.8395  5.1920  5.0838  7.5085  8.7093
  34  0.665600  3.7306  4.6475 -0.5106  7.5319  6.9949  6.1569  5.7142  5.3321  4.7881  4.3929  4.3442  5.8679  6.4015
  35  0.675967  3.7355  4.6409 -0.4776  7.3592  6.8740  6.0588  5.6282  5.2540  4.7257  4.3434  4.2963  5.7787  6.2906
  36  0.685685  3.7400  4.6343 -0.4470  7.2035  6.7631  5.9691  5.5493  5.1823  4.6677  4.2961  4.2512  5.6968  6.1901
  37  0.695871  3.7445  4.6270 -0.4153  7.0465  6.6503  5.8777  5.4685  5.1087  4.6077  4.2468  4.2038  5.6129  6.0886
  38  0.706830  3.7491  4.6187 -0.3817  6.8847  6.5325  5.7821  5.3835  5.0310  4.5438  4.1937  4.1527  5.5248  5.9833
  39  0.717822  3.7536  4.6101 -0.3482  6.7286  6.4171  5.6882  5.2997  4.9542  4.4802  4.1404  4.1014  5.4379  5.8806
  40  0.728958  3.7580  4.6009 -0.3148  6.5769  6.3035  5.5954  5.2165  4.8778  4.4164  4.0863  4.0491  5.3517  5.7797
  41  0.740439  3.7624  4.5912 -0.2809  6.4277  6.1903  5.5025  5.1327  4.8007  4.3513  4.0307  3.9952  5.2650  5.6791
  42  0.752427  3.7666  4.5807 -0.2463  6.2803  6.0764  5.4085  5.0477  4.7222  4.2846  3.9733  3.9393  5.1771  5.5782
  43  0.764872  3.7708  4.5697 -0.2115  6.1361  5.9634  5.3147  4.9624  4.6432  4.2170  3.9147  3.8820  5.0889  5.4779
  44  0.777625  3.7749  4.5581 -0.1765  5.9946  5.8516  5.2215  4.8771  4.5641  4.1487  3.8550  3.8235  5.0010  5.3786
  45  0.790577  3.7788  4.5458 -0.1412  5.8562  5.7402  5.1280  4.7915  4.4845  4.0796  3.7941  3.7638  4.9127  5.2793
  46  0.803582  3.7827  4.5327 -0.1056  5.7215  5.6288  5.0340  4.7053  4.4046  4.0096  3.7318  3.7031  4.8238  5.1797
  47  0.816507  3.7864  4.5188 -0.0699  5.5930  5.5230  4.9421  4.6189  4.3223  3.9363  3.6662  3.6375  4.7354  5.0834
  48  0.829482  3.7900  4.5042 -0.0342  5.4714  5.4246  4.8529  4.5319  4.2364  3.8584  3.5960  3.5654  4.6474  4.9912
  49  0.842831  3.7936  4.4891  0.0023  5.3482  5.3221  4.7609  4.4434  4.1504  3.7805  3.5256  3.4939  4.5576  4.8961
  50  0.856917  3.7974  4.4738  0.0402  5.2166  5.2081  4.6627  4.3522  4.0651  3.7045  3.4570  3.4262  4.4639  4.7934
  51  0.871290  3.8014  4.4587  0.0786  5.0843  5.0919  4.5631  4.2602  3.9796  3.6286  3.3888  3.3591  4.3693  4.6893
  52  0.876998  3.8030  4.4528  0.0937  5.0333  5.0466  4.5240  4.2240  3.9457  3.5985  3.3617  3.3324  4.3319  4.6485
  53  0.882803  3.8046  4.4467  0.1090  4.9822  5.0011  4.4845  4.1873  3.9116  3.5681  3.3343  3.3053  4.2943  4.6073
  54  0.888863  3.8062  4.4404  0.1248  4.9299  4.9541  4.4437  4.1495  3.8762  3.5366  3.3059  3.2772  4.2554  4.5649
  55  0.895375  3.8079  4.4334  0.1416  4.8746  4.9043  4.4006  4.1094  3.8387  3.5030  3.2754  3.2472  4.2142  4.5200
  56  0.902588  3.8097  4.4255  0.1600  4.8150  4.8500  4.3534  4.0654  3.7975  3.4658  3.2416  3.2137  4.1690  4.4709
  57  0.910767  3.8115  4.4162  0.1807  4.7488  4.7891  4.3003  4.0158  3.7509  3.4236  3.2029  3.1754  4.1181  4.4158
  58  0.919902  3.8135  4.4054  0.2038  4.6767  4.7221  4.2414  3.9606  3.6988  3.3761  3.1593  3.1323  4.0615  4.3547
  59  0.929854  3.8156  4.3935  0.2288  4.6001  4.6502  4.1775  3.9006  3.6423  3.3244  3.1115  3.0849  4.0001  4.2888
  60  0.940396  3.8178  4.3808  0.2549  4.5211  4.5753  4.1108  3.8379  3.5831  3.2701  3.0613  3.0352  3.9358  4.2198
  61  0.951266  3.8199  4.3681  0.2813  4.4421  4.5000  4.0434  3.7745  3.5233  3.2152  3.0106  2.9848  3.8710  4.1504
  62  0.964131  3.8223  4.3527  0.3120  4.3516  4.4133  3.9651  3.7003  3.4530  3.1502  2.9502  2.9246  3.7953  4.0699
  63  0.978275  3.8248  4.3357  0.3452  4.2553  4.3192  3.8803  3.6204  3.3776  3.0803  2.8852  2.8601  3.7136  3.9826
  64  0.991559  3.8271  4.3209  0.3751  4.1683  4.2315  3.8030  3.5490  3.3117  3.0199  2.8298  2.8057  3.6400  3.9025
  65  1.001820  3.8289  4.3104  0.3974  4.1028  4.1637  3.7447  3.4964  3.2644  2.9774  2.7914  2.7686  3.5853  3.8416
  66  1.010080  3.8305  4.3028  0.4147  4.0518  4.1107  3.6993  3.4557  3.2282  2.9451  2.7626  2.7407  3.5429  3.7942
  67  1.016839  3.8318  4.2968  0.4289  4.0101  4.0673  3.6623  3.4225  3.1985  2.9187  2.7391  2.7180  3.5082  3.7554
  68  1.023371  3.8330  4.2911  0.4423  3.9712  4.0276  3.6277  3.3910  3.1700  2.8931  2.7161  2.6955  3.4756  3.7195
  69  1.029296  3.8342  4.2859  0.4546  3.9357  3.9921  3.5962  3.3618  3.1429  2.8686  2.6940  2.6735  3.4455  3.6868
  70  1.035485  3.8353  4.2803  0.4672  3.8998  3.9563  3.5641  3.3316  3.1147  2.8428  2.6704  2.6501  3.4146  3.6537
  71  1.042269  3.8365  4.2743  0.4808  3.8613  3.9181  3.5295  3.2991  3.0842  2.8149  2.6449  2.6245  3.3813  3.6181
  72  1.049056  3.8376  4.2677  0.4947  3.8225  3.8794  3.4941  3.2656  3.0525  2.7856  2.6178  2.5974  3.3471  3.5817
  73  1.057446  3.8387  4.2592  0.5112  3.7776  3.8344  3.4524  3.2258  3.0145  2.7499  2.5844  2.5639  3.3065  3.5391
  74  1.064112  3.8395  4.2513  0.5251  3.7401  3.7964  3.4171  3.1920  2.9822  2.7194  2.5556  2.5352  3.2721  3.5030
  75  1.072223  3.8403  4.2418  0.5411  3.6979  3.7535  3.3767  3.1531  2.9448  2.6837  2.5215  2.5010  3.2327  3.4619
  76  1.080018  3.8409  4.2319  0.5566  3.6574  3.7121  3.3373  3.1149  2.9078  2.6480  2.4872  2.4666  3.1940  3.4219
  77  1.088436  3.8415  4.2211  0.5732  3.6145  3.6682  3.2953  3.0741  2.8682  2.6096  2.4501  2.4295  3.1528  3.3794
  78  1.097851  3.8422  4.2091  0.5915  3.5673  3.6198  3.2491  3.0291  2.8245  2.5672  2.4091  2.3885  3.1073  3.3326
  79  1.108586  3.8429  4.1955  0.6121  3.5143  3.5655  3.1971  2.9784  2.7752  2.5194  2.3629  2.3421  3.0562  3.2799
  80  1.120307  3.8435  4.1803  0.6344  3.4573  3.5069  3.1406  2.9233  2.7215  2.4669  2.3119  2.2910  3.0006  3.2229
  81  1.132946  3.8441  4.1636  0.6582  3.3968  3.4445  3.0803  2.8642  2.6636  2.4102  2.2565  2.2356  2.9410  3.1620
  82  1.139679  3.8444  4.1547  0.6709  3.3648  3.4116  3.0484  2.8329  2.6329  2.3801  2.2271  2.2061  2.9094  3.1298
  83  1.146582  3.8447  4.1458  0.6837  3.3322  3.3780  3.0159  2.8011  2.6019  2.3497  2.1975  2.1765  2.8774  3.0971
  84  1.153660  3.8449  4.1361  0.6967  3.2997  3.3445  2.9831  2.7687  2.5699  2.3181  2.1663  2.1452  2.8449  3.0640
  85  1.160987  3.8450  4.1261  0.7103  3.2657  3.3094  2.9488  2.7348  2.5365  2.2851  2.1338  2.1127  2.8108  3.0295
  86  1.168598  3.8452  4.1154  0.7244  3.2305  3.2730  2.9131  2.6996  2.5018  2.2506  2.0999  2.0787  2.7754  2.9937
  87  1.176351  3.8454  4.1046  0.7387  3.1948  3.2361  2.8769  2.6638  2.4664  2.2156  2.0653  2.0440  2.7395  2.9573
  88  1.184119  3.8455  4.0937  0.7530  3.1595  3.1996  2.8410  2.6283  2.4312  2.1806  2.0307  2.0094  2.7038  2.9212
  89  1.191778  3.8456  4.0831  0.7668  3.1251  3.1640  2.8060  2.5937  2.3970  2.1466  1.9971  1.9757  2.6691  2.8861
  90  1.199163  3.8457  4.0731  0.7799  3.0925  3.1304  2.7729  2.5609  2.3646  2.1144  1.9652  1.9438  2.6361  2.8528
  91  1.206366  3.8459  4.0641  0.7924  3.0613  3.0982  2.7414  2.5299  2.3341  2.0842  1.9356  1.9141  2.6050  2.8212
  92  1.213516  3.8462  4.0559  0.8044  3.0308  3.0667  2.7110  2.5001  2.3050  2.0558  1.9079  1.8864  2.5750  2.7905
  93  1.220907  3.8467  4.0486  0.8163  2.9998  3.0348  2.6807  2.4708  2.2767  2.0286  1.8818  1.8602  2.5453  2.7597
  94  1.227769  3.8470  4.0410  0.8276  2.9710  3.0052  2.6521  2.4429  2.2495  2.0020  1.8559  1.8343  2.5171  2.7308
  95  1.234189  3.8472  4.0329  0.8385  2.9440  2.9773  2.6248  2.4159  2.2228  1.9756  1.8298  1.8082  2.4900  2.7033
  96  1.240318  3.8471  4.0244  0.8491  2.9181  2.9504  2.5980  2.3892  2.1962  1.9489  1.8033  1.7815  2.4633  2.6766
  97  1.246027  3.8469  4.0150  0.8594  2.8937  2.9250  2.5721  2.3630  2.1697  1.9218  1.7758  1.7539  2.4372  2.6509
  98  1.251344  3.8464  4.0050  0.8694  2.8705  2.9008  2.5469  2.3370  2.1431  1.8942  1.7475  1.7256  2.4115  2.6259
  99  1.256159  3.8458  3.9946  0.8791  2.8488  2.8781  2.5228  2.3120  2.1171  1.8670  1.7192  1.6972  2.3868  2.6023
 100  1.260542  3.8452  3.9843  0.8883  2.8284  2.8566  2.4997  2.2879  2.0921  1.8405  1.6917  1.6696  2.3632  2.5797
 101  1.264508  3.8446  3.9744  0.8972  2.8088  2.8361  2.4776  2.2649  2.0681  1.8151  1.6653  1.6431  2.3405  2.5581
 102  1.268122  3.8440  3.9649  0.9057  2.7896  2.8160  2.4563  2.2427  2.0451  1.7910  1.6403  1.6180  2.3186  2.5371
 103  1.271480  3.8437  3.9562  0.9141  2.7705  2.7960  2.4353  2.2212  2.0230  1.7681  1.6169  1.5945  2.2973  2.5164
 104  1.274549  3.8435  3.9485  0.9222  2.7513  2.7760  2.4150  2.2007  2.0022  1.7469  1.5954  1.5730  2.2769  2.4962
 105  1.277265  3.8434  3.9415  0.9298  2.7329  2.7568  2.3958  2.1815  1.9830  1.7276  1.5761  1.5536  2.2577  2.4770
 106  1.279644  3.8437  3.9361  0.9370  2.7144  2.7377  2.3774  2.1636  1.9657  1.7107  1.5598  1.5373  2.2396  2.4585
 107  1.281673  3.8441  3.9318  0.9436  2.6966  2.7194  2.3605  2.1474  1.9504  1.6963  1.5462  1.5238  2.2232  2.4411
 108  1.283440  3.8448  3.9289  0.9499  2.6788  2.7011  2.3442  2.1325  1.9368  1.6842  1.5355  1.5130  2.2077  2.4243
 109  1.285009  3.8455  3.9266  0.9559  2.6617  2.6835  2.3289  2.1186  1.9244  1.6734  1.5262  1.5038  2.1933  2.4084
 110  1.286312  3.8465  3.9253  0.9613  2.6452  2.6667  2.3148  2.1062  1.9136  1.6647  1.5193  1.4970  2.1802  2.3934
 111  1.287387  3.8476  3.9250  0.9664  2.6292  2.6503  2.3015  2.0949  1.9044  1.6578  1.5146  1.4923  2.1682  2.3792
 112  1.288102  3.8484  3.9250  0.9700  2.6178  2.6387  2.2922  2.0870  1.8980  1.6531  1.5115  1.4893  2.1597  2.3692
 113  1.288799  3.8494  3.9254  0.9737  2.6057  2.6263  2.2824  2.0790  1.8918  1.6489  1.5091  1.4870  2.1511  2.3586
 114  1.289472  3.8505  3.9261  0.9775  2.5931  2.6134  2.2724  2.0709  1.8856  1.6450  1.5073  1.4852  2.1422  2.3477
 115  1.290115  3.8517  3.9273  0.9815  2.5794  2.5994  2.2618  2.0625  1.8795  1.6415  1.5061  1.4841  2.1330  2.3360
 116  1.290732  3.8531  3.9288  0.9856  2.5654  2.5849  2.2509  2.0540  1.8735  1.6383  1.5054  1.4835  2.1236  2.3240
 117  1.291323  3.8546  3.9307  0.9899  2.5505  2.5695  2.2395  2.0453  1.8676  1.6355  1.5055  1.4837  2.1138  2.3113
 118  1.291887  3.8563  3.9333  0.9945  2.5346  2.5530  2.2276  2.0364  1.8618  1.6333  1.5064  1.4847  2.1037  2.2979
 119  1.292388  3.8581  3.9361  0.9991  2.5181  2.5359  2.2152  2.0273  1.8561  1.6314  1.5079  1.4863  2.0934  2.2840
 120  1.292839  3.8602  3.9395  1.0041  2.5006  2.5175  2.2021  2.0179  1.8504  1.6299  1.5103  1.4888  2.0825  2.2692
 121  1.293256  3.8624  3.9433  1.0091  2.4827  2.4987  2.1889  2.0085  1.8452  1.6291  1.5135  1.4921  2.0716  2.2541
 122  1.293633  3.8647  3.9475  1.0143  2.4644  2.4793  2.1753  1.9991  1.8400  1.6286  1.5171  1.4959  2.0605  2.2386
 123  1.293972  3.8670  3.9517  1.0195  2.4461  2.4599  2.1618  1.9896  1.8349  1.6282  1.5209  1.4999  2.0494  2.2231
 124  1.294236  3.8693  3.9556  1.0249  2.4276  2.4402  2.1478  1.9797  1.8293  1.6272  1.5241  1.5032  2.0379  2.2072
 125  1.294470  3.8717  3.9597  1.0304  2.4091  2.4206  2.1338  1.9698  1.8237  1.6262  1.5272  1.5064  2.0264  2.1913
 126  1.294692  3.8741  3.9640  1.0358  2.3907  2.4011  2.1200  1.9602  1.8185  1.6256  1.5307  1.5101  2.0151  2.1755
 127  1.294876  3.8764  3.9679  1.0412  2.3726  2.3818  2.1061  1.9503  1.8129  1.6245  1.5336  1.5131  2.0036  2.1597
 128  1.295031  3.8786  3.9715  1.0468  2.3546  2.3626  2.0922  1.9403  1.8070  1.6228  1.5357  1.5153  1.9919  2.1439
 129  1.295172  3.8809  3.9749  1.0523  2.3368  2.3436  2.0783  1.9303  1.8012  1.6211  1.5378  1.5175  1.9804  2.1282
 130  1.295293  3.8830  3.9778  1.0578  2.3192  2.3247  2.0644  1.9202  1.7951  1.6191  1.5393  1.5192  1.9687  2.1125
 131  1.295407  3.8850  3.9803  1.0634  2.3018  2.3060  2.0505  1.9099  1.7888  1.6165  1.5400  1.5201  1.9569  2.0969
 132  1.295518  3.8867  3.9819  1.0688  2.2853  2.2883  2.0370  1.8996  1.7818  1.6128  1.5392  1.5194  1.9453  2.0819
 133  1.295616  3.8886  3.9837  1.0745  2.2682  2.2701  2.0231  1.8890  1.7748  1.6092  1.5387  1.5190  1.9333  2.0664
 134  1.295729  3.8904  3.9853  1.0801  2.2511  2.2519  2.0092  1.8784  1.7676  1.6053  1.5377  1.5182  1.9213  2.0509
 135  1.295893  3.8921  3.9865  1.0857  2.2344  2.2341  1.9954  1.8676  1.7601  1.6009  1.5360  1.5166  1.9092  2.0356
 136  1.296149  3.8904  3.9830  1.0827  2.2448  2.2452  2.0027  1.8719  1.7613  1.5990  1.5315  1.5119  1.9148  2.0443
 137  1.296339  3.8865  3.9707  1.0791  2.2605  2.2624  2.0108  1.8730  1.7550  1.5854  1.5115  1.4916  1.9189  2.0558
 138  1.296520  3.8835  3.9539  1.0841  2.2538  2.2561  1.9977  1.8549  1.7313  1.5561  1.4774  1.4573  1.9028  2.0453
 139  1.296674  3.8818  3.9416  1.0897  2.2431  2.2453  1.9833  1.8375  1.7110  1.5325  1.4512  1.4309  1.8867  2.0322
 140  1.296882  3.8800  3.9288  1.0953  2.2329  2.2350  1.9690  1.8202  1.6904  1.5085  1.4243  1.4039  1.8706  2.0194
 141  1.297210  3.8778  3.9150  1.1006  2.2241  2.2263  1.9554  1.8030  1.6694  1.4834  1.3957  1.3751  1.8549  2.0075
 142  1.297722  3.8757  3.9019  1.1055  2.2164  2.2185  1.9430  1.7872  1.6499  1.4599  1.3689  1.3481  1.8405  1.9968
 143  1.298380  3.8741  3.8920  1.1093  2.2106  2.2125  1.9335  1.7750  1.6350  1.4419  1.3483  1.3274  1.8294  1.9885
 144  1.299088  3.8729  3.8844  1.1122  2.2059  2.2077  1.9260  1.7655  1.6234  1.4280  1.3324  1.3114  1.8207  1.9820
 145  1.299806  3.8719  3.8780  1.1148  2.2017  2.2035  1.9195  1.7574  1.6135  1.4161  1.3188  1.2978  1.8132  1.9762
 146  1.300525  3.8710  3.8721  1.1174  2.1975  2.1992  1.9131  1.7495  1.6040  1.4049  1.3061  1.2849  1.8059  1.9706
 147  1.301240  3.8701  3.8663  1.1199  2.1932  2.1947  1.9068  1.7417  1.5948  1.3940  1.2937  1.2725  1.7987  1.9649
 148  1.301950  3.8693  3.8606  1.1225  2.1888  2.1902  1.9003  1.7338  1.5855  1.3830  1.2813  1.2600  1.7914  1.9591
 149  1.302656  3.8684  3.8548  1.1251  2.1843  2.1856  1.8937  1.7259  1.5760  1.3718  1.2687  1.2473  1.7840  1.9532
 150  1.303362  3.8676  3.8488  1.1278  2.1798  2.1811  1.8871  1.7177  1.5663  1.3603  1.2557  1.2343  1.7765  1.9473
 151  1.304072  3.8666  3.8428  1.1305  2.1754  2.1766  1.8805  1.7096  1.5565  1.3487  1.2426  1.2211  1.7690  1.9415
 152  1.304786  3.8657  3.8367  1.1330  2.1714  2.1725  1.8742  1.7017  1.5469  1.3372  1.2295  1.2079  1.7617  1.9359
 153  1.305502  3.8648  3.8306  1.1356  2.1675  2.1686  1.8679  1.6938  1.5373  1.3257  1.2163  1.1946  1.7544  1.9304
 154  1.306221  3.8638  3.8245  1.1381  2.1637  2.1648  1.8617  1.6860  1.5278  1.3142  1.2031  1.1814  1.7473  1.9250
 155  1.306941  3.8628  3.8184  1.1406  2.1601  2.1611  1.8557  1.6782  1.5182  1.3027  1.1899  1.1680  1.7402  1.9198
 156  1.307662  3.8618  3.8121  1.1430  2.1566  2.1576  1.8497  1.6705  1.5087  1.2911  1.1766  1.1546  1.7332  1.9146
 157  1.308383  3.8608  3.8058  1.1455  2.1533  2.1542  1.8437  1.6628  1.4992  1.2795  1.1631  1.1410  1.7262  1.9095
 158  1.309104  3.8598  3.7994  1.1479  2.1501  2.1509  1.8378  1.6551  1.4895  1.2677  1.1494  1.1273  1.7192  1.9045
 159  1.309823  3.8587  3.7929  1.1503  2.1470  2.1478  1.8320  1.6473  1.4799  1.2557  1.1355  1.1133  1.7122  1.8996
 160  1.310541  3.8576  3.7862  1.1528  2.1442  2.1449  1.8262  1.6396  1.4701  1.2436  1.1214  1.0991  1.7052  1.8948
 161  1.311258  3.8564  3.7793  1.1552  2.1416  2.1422  1.8205  1.6319  1.4603  1.2314  1.1070  1.0846  1.6983  1.8900
 162  1.313381  3.8525  3.7577  1.1622  2.1354  2.1355  1.8041  1.6089  1.4305  1.1937  1.0625  1.0398  1.6779  1.8767
 163  1.315466  3.8482  3.7343  1.1689  2.1324  2.1317  1.7890  1.5863  1.4002  1.1543  1.0152  0.9920  1.6582  1.8652
 164  1.317510  3.8433  3.7091  1.1751  2.1335  2.1317  1.7755  1.5643  1.3694  1.1131  0.9649  0.9412  1.6395  1.8558
 165  1.319509  3.8378  3.6822  1.1807  2.1398  2.1362  1.7643  1.5433  1.3386  1.0702  0.9117  0.8874  1.6222  1.8492
 166  1.321456  3.8317  3.6537  1.1856  2.1525  2.1456  1.7557  1.5241  1.3088  1.0268  0.8565  0.8317  1.6070  1.8459
 167  1.323356  3.8252  3.6246  1.1894  2.1722  2.1601  1.7506  1.5078  1.2813  0.9848  0.8016  0.7764  1.5949  1.8462
 168  1.325209  3.8186  3.5962  1.1917  2.2003  2.1814  1.7499  1.4952  1.2571  0.9451  0.7488  0.7225  1.5868  1.8514
 169  1.326987  3.8117  3.5692  1.1920  2.2388  2.2102  1.7549  1.4879  1.2380  0.9100  0.7000  0.6725  1.5841  1.8623
 170  1.328649  3.8048  3.5441  1.1897  2.2896  2.2484  1.7671  1.4875  1.2256  0.8809  0.6568  0.6280  1.5882  1.8811
 171  1.330142  3.7979  3.5224  1.1846  2.3533  2.2933  1.7868  1.4952  1.2221  0.8607  0.6231  0.5927  1.6003  1.9072
 172  1.331428  3.7916  3.5053  1.1766  2.4293  2.3408  1.8120  1.5109  1.2284  0.8507  0.6022  0.5693  1.6193  1.9373
 173  1.332507  3.7858  3.4928  1.1665  2.5054  2.3977  1.8448  1.5329  1.2406  0.8482  0.5875  0.5536  1.6451  1.9761
 174  1.333410  3.7807  3.4844  1.1548  2.5827  2.4558  1.8811  1.5595  1.2585  0.8530  0.5811  0.5463  1.6750  2.0181
 175  1.334178  3.7762  3.4792  1.1422  2.6608  2.5140  1.9195  1.5891  1.2806  0.8633  0.5815  0.5455  1.7077  2.0616
 176  1.334846  3.7721  3.4764  1.1289  2.7393  2.5720  1.9591  1.6208  1.3055  0.8772  0.5867  0.5495  1.7421  2.1060
 177  1.335443  3.7684  3.4755  1.1152  2.8160  2.6293  1.9996  1.6539  1.3325  0.8942  0.5954  0.5573  1.7777  2.1509
 178  1.335990  3.7650  3.4760  1.1013  2.8913  2.6860  2.0407  1.6881  1.3609  0.9133  0.6066  0.5677  1.8141  2.1962
 179  1.336505  3.7618  3.4773  1.0872  2.9660  2.7423  2.0821  1.7230  1.3904  0.9339  0.6196  0.5799  1.8511  2.2417
 180  1.337001  3.7587  3.4792  1.0730  3.0407  2.7984  2.1237  1.7583  1.4204  0.9553  0.6338  0.5932  1.8884  2.2874
 181  1.337492  3.7557  3.4814  1.0589  3.1159  2.8545  2.1655  1.7939  1.4509  0.9772  0.6484  0.6070  1.9259  2.3333
 182  1.338291  3.7510  3.4845  1.0374  3.2332  2.9409  2.2296  1.8482  1.4974  1.0104  0.6703  0.6275  1.9833  2.4040
 183  1.339189  3.7461  3.4849  1.0178  3.3516  3.0247  2.2900  1.8984  1.5394  1.0381  0.6861  0.6419  2.0366  2.4715
 184  1.340250  3.7409  3.4788  1.0031  3.4670  3.1002  2.3400  1.9372  1.5693  1.0522  0.6873  0.6412  2.0787  2.5295
 185  1.341535  3.7352  3.4617  0.9982  3.5668  3.1552  2.3676  1.9528  1.5754  1.0411  0.6622  0.6139  2.0977  2.5659
 186  1.342842  3.7306  3.4344  1.0073  3.6187  3.1687  2.3584  1.9335  1.5481  0.9992  0.6087  0.5584  2.0812  2.5640
 187  1.343958  3.7273  3.4054  1.0237  3.6308  3.1535  2.3274  1.8954  1.5045  0.9451  0.5464  0.4947  2.0450  2.5382
 188  1.344946  3.7249  3.3770  1.0425  3.6252  3.1265  2.2883  1.8509  1.4558  0.8883  0.4833  0.4304  2.0020  2.5031
 189  1.345860  3.7228  3.3493  1.0622  3.6103  3.0935  2.2455  1.8038  1.4050  0.8308  0.4208  0.3669  1.9559  2.4635
 190  1.346730  3.7210  3.3223  1.0824  3.5900  3.0571  2.2008  1.7553  1.3535  0.7734  0.3591  0.3042  1.9084  2.4214
 191  1.347570  3.7194  3.2958  1.1028  3.5664  3.0189  2.1551  1.7063  1.3017  0.7163  0.2982  0.2424  1.8602  2.3781
 192  1.348392  3.7180  3.2699  1.1232  3.5408  2.9795  2.1089  1.6571  1.2501  0.6597  0.2381  0.1816  1.8118  2.3342
 193  1.349200  3.7166  3.2443  1.1436  3.5137  2.9395  2.0626  1.6080  1.1986  0.6036  0.1788  0.1215  1.7633  2.2899
 194  1.349998  3.7153  3.2192  1.1638  3.4859  2.8994  2.0164  1.5592  1.1474  0.5480  0.1202  0.0621  1.7151  2.2456
 195  1.350797  3.7141  3.1944  1.1839  3.4577  2.8594  1.9705  1.5106  1.0967  0.4930  0.0622  0.0034  1.6672  2.2016
 196  1.351603  3.7129  3.1700  1.2039  3.4289  2.8194  1.9248  1.4624  1.0463  0.4386  0.0049 -0.0547  1.6196  2.1577
 197  1.352416  3.7118  3.1458  1.2237  3.4003  2.7797  1.8794  1.4145  0.9964  0.3846 -0.0520 -0.1122  1.5723  2.1141
 198  1.353234  3.7107  3.1220  1.2434  3.3715  2.7401  1.8344  1.3671  0.9469  0.3312 -0.1081 -0.1690  1.5254  2.0708
 199  1.354056  3.7096  3.0984  1.2629  3.3430  2.7010  1.7897  1.3200  0.8979  0.2783 -0.1638 -0.2253  1.4789  2.0279
 200  1.354882  3.7085  3.0751  1.2822  3.3144  2.6621  1.7455  1.2735  0.8494  0.2261 -0.2188 -0.2809  1.4330  1.9854
 201  1.355710  3.7075  3.0520  1.3013  3.2864  2.6236  1.7018  1.2274  0.8014  0.1743 -0.2733 -0.3360  1.3874  1.9433
 202  1.356538  3.7064  3.0292  1.3203  3.2592  2.5857  1.6585  1.1819  0.7539  0.1230 -0.3272 -0.3906  1.3424  1.9018
 203  1.357365  3.7054  3.0066  1.3390  3.2320  2.5480  1.6157  1.1368  0.7069  0.0723 -0.3806 -0.4445  1.2978  1.8606
 204  1.358188  3.7044  2.9841  1.3576  3.2057  2.5111  1.5734  1.0921  0.6603  0.0219 -0.4337 -0.4983  1.2537  1.8200
 205  1.359006  3.7033  2.9617  1.3761  3.1800  2.4746  1.5315  1.0478  0.6140 -0.0283 -0.4866 -0.5519  1.2099  1.7799
 206  1.359814  3.7022  2.9392  1.3946  3.1545  2.4384  1.4898  1.0037  0.5679 -0.0783 -0.5395 -0.6054  1.1663  1.7400
 207  1.360610  3.7012  2.9166  1.4131  3.1292  2.4023  1.4481  0.9595  0.5216 -0.1285 -0.5927 -0.6592  1.1227  1.7001
 208  1.361392  3.7001  2.8939  1.4317  3.1040  2.3661  1.4063  0.9152  0.4751 -0.1790 -0.6462 -0.7133  1.0789  1.6602
 209  1.362159  3.6989  2.8709  1.4504  3.0784  2.3297  1.3642  0.8705  0.4283 -0.2300 -0.7002 -0.7680  1.0347  1.6201
 210  1.362909  3.6978  2.8475  1.4694  3.0513  2.2928  1.3217  0.8253  0.3809 -0.2815 -0.7552 -0.8233  0.9901  1.5795
 211  1.363641  3.6966  2.8238  1.4887  3.0234  2.2554  1.2787  0.7795  0.3328 -0.3336 -0.8109 -0.8793  0.9448  1.5384
 212  1.364354  3.6954  2.7997  1.5083  2.9955  2.2175  1.2350  0.7331  0.2841 -0.3867 -0.8675 -0.9363  0.8990  1.4968
 213  1.365050  3.6942  2.7752  1.5283  2.9670  2.1791  1.1908  0.6860  0.2345 -0.4405 -0.9251 -0.9942  0.8524  1.4546
 214  1.365727  3.6930  2.7502  1.5485  2.9383  2.1401  1.1458  0.6381  0.1842 -0.4953 -0.9836 -1.0531  0.8050  1.4118
 215  1.366386  3.6918  2.7249  1.5691  2.9095  2.1005  1.1001  0.5895  0.1330 -0.5509 -1.0431 -1.1129  0.7569  1.3683
 216  1.367027  3.6905  2.6991  1.5901  2.8807  2.0604  1.0538  0.5402  0.0811 -0.6074 -1.1034 -1.1737  0.7082  1.3243
 217  1.367152  3.6903  2.6940  1.5942  2.8750  2.0524  1.0446  0.5303  0.0708 -0.6186 -1.1154 -1.1858  0.6984  1.3155
 218  1.367276  3.6900  2.6889  1.5984  2.8695  2.0445  1.0353  0.5205  0.0605 -0.6299 -1.1274 -1.1979  0.6887  1.3067
 219  1.367399  3.6898  2.6837  1.6026  2.8642  2.0365  1.0261  0.5106  0.0501 -0.6412 -1.1394 -1.2101  0.6790  1.2979
 220  1.367522  3.6895  2.6786  1.6068  2.8589  2.0285  1.0168  0.5008  0.0397 -0.6526 -1.1514 -1.2223  0.6692  1.2891
 221  1.367644  3.6893  2.6734  1.6110  2.8536  2.0205  1.0075  0.4909  0.0293 -0.6639 -1.1635 -1.2345  0.6594  1.2802
 222  1.367765  3.6890  2.6682  1.6152  2.8484  2.0125  0.9982  0.4810  0.0188 -0.6753 -1.1756 -1.2468  0.6496  1.2714
 223  1.367886  3.6888  2.6630  1.6194  2.8430  2.0045  0.9888  0.4710  0.0084 -0.6867 -1.1877 -1.2591  0.6398  1.2625
 224  1.368006  3.6885  2.6578  1.6236  2.8378  1.9965  0.9795  0.4610 -0.0021 -0.6981 -1.1998 -1.2714  0.6299  1.2536
 225  1.368126  3.6883  2.6526  1.6279  2.8326  1.9885  0.9701  0.4511 -0.0126 -0.7096 -1.2120 -1.2837  0.6201  1.2448
 226  1.368245  3.6880  2.6474  1.6321  2.8274  1.9804  0.9608  0.4411 -0.0231 -0.7211 -1.2241 -1.2960  0.6102  1.2358
 227  1.369376  3.6855  2.5960  1.6738  2.7778  1.9019  0.8688  0.3431 -0.1263 -0.8339 -1.3437 -1.4175  0.5133  1.1486
 228  1.370442  3.6830  2.5440  1.7160  2.7296  1.8227  0.7759  0.2439 -0.2306 -0.9481 -1.4645 -1.5405  0.4153  1.0606
 229  1.371386  3.6805  2.4950  1.7556  2.6870  1.7495  0.6894  0.1514 -0.3282 -1.0552 -1.5779 -1.6561  0.3238  0.9791
 230  1.372274  3.6780  2.4466  1.7944  2.6484  1.6791  0.6056  0.0613 -0.4236 -1.1604 -1.6897 -1.7701  0.2347  0.9005
 231  1.373085  3.6757  2.4005  1.8312  2.6136  1.6130  0.5265 -0.0239 -0.5140 -1.2603 -1.7959 -1.8785  0.1505  0.8266
 232  1.373851  3.6734  2.3556  1.8671  2.5800  1.5486  0.4494 -0.1069 -0.6021 -1.3576 -1.8994 -1.9840  0.0684  0.7547
 233  1.374580  3.6711  2.3125  1.9013  2.5506  1.4885  0.3770 -0.1854 -0.6856 -1.4503 -1.9981 -2.0848 -0.0092  0.6874
 234  1.375250  3.6689  2.2719  1.9333  2.5255  1.4334  0.3099 -0.2583 -0.7635 -1.5372 -2.0908 -2.1797 -0.0813  0.6255
 235  1.375890  3.6666  2.2314  1.9649  2.5037  1.3805  0.2446 -0.3298 -0.8403 -1.6233 -2.1831 -2.2741 -0.1520  0.5658
 236  1.376487  3.6646  2.1968  1.9917  2.4873  1.3367  0.1898 -0.3901 -0.9052 -1.6963 -2.2617 -2.3546 -0.2116  0.5161
 237  1.377068  3.6632  2.1703  2.0129  2.4698  1.2998  0.1453 -0.4384 -0.9568 -1.7536 -2.3228 -2.4171 -0.2594  0.4750
 238  1.377644  3.6624  2.1524  2.0276  2.4549  1.2731  0.1138 -0.4723 -0.9926 -1.7929 -2.3644 -2.4595 -0.2929  0.4456
 239  1.378213  3.6615  2.1341  2.0424  2.4427  1.2475  0.0830 -0.5058 -1.0284 -1.8326 -2.4067 -2.5027 -0.3261  0.4172
 240  1.378788  3.6607  2.1205  2.0532  2.4354  1.2295  0.0607 -0.5302 -1.0547 -1.8619 -2.4382 -2.5350 -0.3503  0.3970
 241  1.379368  3.6586  2.0824  2.0828  2.4187  1.1819  0.0010 -0.5963 -1.1260 -1.9423 -2.5248 -2.6238 -0.4156  0.3433
 242  1.379912  3.6549  2.0173  2.1335  2.3905  1.1008 -0.1008 -0.7090 -1.2479 -2.0796 -2.6726 -2.7755 -0.5271  0.2521
 243  1.380415  3.6517  1.9616  2.1766  2.3703  1.0337 -0.1860 -0.8040 -1.3512 -2.1963 -2.7987 -2.9051 -0.6210  0.1768
 244  1.380868  3.6487  1.9102  2.2160  2.3556  0.9744 -0.2623 -0.8899 -1.4453 -2.3032 -2.9144 -3.0242 -0.7061  0.1103
 245  1.381279  3.6457  1.8604  2.2541  2.3436  0.9183 -0.3351 -0.9722 -1.5358 -2.4063 -3.0262 -3.1394 -0.7876  0.0475
 246  1.381660  3.6428  1.8110  2.2918  2.3331  0.8635 -0.4065 -1.0532 -1.6252 -2.5083 -3.1369 -3.2536 -0.8678 -0.0138
 247  1.382011  3.6398  1.7624  2.3288  2.3246  0.8110 -0.4756 -1.1320 -1.7128 -2.6085 -3.2455 -3.3658 -0.9461 -0.0725
 248  1.382329  3.6370  1.7156  2.3644  2.3177  0.7614 -0.5412 -1.2071 -1.7967 -2.7047 -3.3500 -3.4738 -1.0207 -0.1278
 249  1.382628  3.6341  1.6689  2.3998  2.3120  0.7128 -0.6057 -1.2810 -1.8800 -2.8004 -3.4538 -3.5814 -1.0944 -0.1817
 250  1.382898  3.6314  1.6242  2.4336  2.3078  0.6672 -0.6665 -1.3509 -1.9592 -2.8918 -3.5529 -3.6843 -1.1642 -0.2323
 251  1.383156  3.6286  1.5781  2.4684  2.3044  0.6212 -0.7281 -1.4220 -2.0404 -2.9858 -3.6547 -3.7903 -1.2354 -0.2833
 252  1.383389  3.6259  1.5343  2.5014  2.3020  0.5784 -0.7856 -1.4885 -2.1172 -3.0749 -3.7513 -3.8910 -1.3022 -0.3307
 253  1.383608  3.6231  1.4905  2.5343  2.3004  0.5368 -0.8419 -1.5538 -2.1936 -3.1639 -3.8480 -3.9917 -1.3681 -0.3768
 254  1.383810  3.6204  1.4480  2.5662  2.3008  0.4981 -0.8946 -1.6156 -2.2669 -3.2499 -3.9418 -4.0896 -1.4307 -0.4192
 255  1.383998  3.6178  1.4061  2.5974  2.3018  0.4612 -0.9453 -1.6751 -2.3387 -3.3343 -4.0342 -4.1858 -1.4913 -0.4598
 256  1.384172  3.6151  1.3652  2.6278  2.3026  0.4259 -0.9937 -1.7320 -2.4084 -3.4164 -4.1242 -4.2797 -1.5496 -0.4987
 257  1.384338  3.6125  1.3244  2.6582  2.3037  0.3918 -1.0406 -1.7875 -2.4777 -3.4985 -4.2142 -4.3735 -1.6070 -0.5367
 258  1.384490  3.6099  1.2850  2.6875  2.3041  0.3593 -1.0852 -1.8402 -2.5444 -3.5775 -4.3008 -4.4639 -1.6616 -0.5731
 259  1.384633  3.6074  1.2460  2.7164  2.3044  0.3283 -1.1278 -1.8908 -2.6100 -3.6556 -4.3863 -4.5533 -1.7146 -0.6080
 260  1.384767  3.6049  1.2076  2.7448  2.3046  0.2987 -1.1685 -1.9393 -2.6743 -3.7324 -4.4705 -4.6412 -1.7659 -0.6414
 261  1.384892  3.6025  1.1704  2.7723  2.3046  0.2712 -1.2066 -1.9849 -2.7363 -3.8068 -4.5520 -4.7265 -1.8146 -0.6728
 262  1.385011  3.6000  1.1334  2.7996  2.3043  0.2449 -1.2431 -2.0288 -2.7977 -3.8809 -4.6332 -4.8114 -1.8620 -0.7030
 263  1.385121  3.5977  1.0974  2.8261  2.3030  0.2202 -1.2775 -2.0704 -2.8569 -3.9526 -4.7118 -4.8938 -1.9074 -0.7318
 264  1.385226  3.5953  1.0619  2.8523  2.3008  0.1967 -1.3104 -2.1103 -2.9153 -4.0235 -4.7896 -4.9752 -1.9514 -0.7596
 265  1.385324  3.5930  1.0271  2.8779  2.2978  0.1746 -1.3414 -2.1482 -2.9719 -4.0927 -4.8654 -5.0547 -1.9937 -0.7863
 266  1.385417  3.5908  0.9929  2.9030  2.2944  0.1541 -1.3703 -2.1841 -3.0274 -4.1607 -4.9401 -5.1330 -2.0342 -0.8115
 267  1.385505  3.5885  0.9592  2.9277  2.2918  0.1358 -1.3968 -2.2172 -3.0815 -4.2276 -5.0136 -5.2101 -2.0727 -0.8345
 268  1.385587  3.5862  0.9260  2.9519  2.2885  0.1189 -1.4213 -2.2482 -3.1343 -4.2933 -5.0855 -5.2857 -2.1095 -0.8562
 269  1.385665  3.5840  0.8938  2.9754  2.2849  0.1035 -1.4435 -2.2768 -3.1854 -4.3572 -5.1555 -5.3592 -2.1443 -0.8765
 270  1.385740  3.5818  0.8616  2.9987  2.2809  0.0895 -1.4636 -2.3034 -3.2357 -4.4208 -5.2249 -5.4321 -2.1777 -0.8956
 271  1.385810  3.5797  0.8302  3.0216  2.2764  0.0768 -1.4818 -2.3279 -3.2848 -4.4831 -5.2928 -5.5035 -2.2096 -0.9135
 272  1.385877  3.5776  0.7995  3.0438  2.2719  0.0657 -1.4981 -2.3503 -3.3323 -4.5438 -5.3590 -5.5732 -2.2396 -0.9300
 273  1.385941  3.5754  0.7689  3.0660  2.2673  0.0563 -1.5121 -2.3707 -3.3791 -4.6042 -5.4249 -5.6426 -2.2683 -0.9451
 274  1.386001  3.5734  0.7390  3.0876  2.2624  0.0486 -1.5236 -2.3888 -3.4244 -4.6633 -5.4894 -5.7105 -2.2952 -0.9586
 275  1.386059  3.5713  0.7098  3.1087  2.2578  0.0433 -1.5322 -2.4041 -3.4679 -4.7210 -5.5524 -5.7767 -2.3200 -0.9701
 276  1.385404  3.5692  0.6791  3.1305  2.2534  0.0405 -1.5375 -2.4170 -3.5123 -4.7810 -5.6181 -5.8459 -2.3437 -0.9797
 277  1.385457  3.5672  0.6510  3.1508  2.2484  0.0392 -1.5404 -2.4270 -3.5532 -4.8365 -5.6789 -5.9097 -2.3647 -0.9877
 278  1.385507  3.5653  0.6239  3.1702  2.2432  0.0397 -1.5406 -2.4341 -3.5921 -4.8900 -5.7374 -5.9712 -2.3834 -0.9941