#AGE= 4.000 EEPS=271
#EEP   M/Mo    LogTeff  LogG   LogL/Lo U       B       V       R       I       J       H       Ks      Kp      D51     
   9  0.107401  3.5111  5.2251 -2.7586 16.7539 15.2411 13.6492 12.5617 11.1440  9.7552  9.2119  8.9730 12.5290 14.3109
  10  0.131439  3.5129  5.1565 -2.5949 16.2524 14.7841 13.2122 12.1342 10.7314  9.3504  8.8076  8.5685 12.1071 13.8615
  11  0.158231  3.5157  5.0989 -2.4457 15.7763 14.3500 12.7992 11.7338 10.3517  8.9841  8.4406  8.2024 11.7145 13.4371
  12  0.183516  3.5197  5.0600 -2.3261 15.3637 13.9739 12.4448 11.3960 10.0421  8.6954  8.1497  7.9137 11.3874 13.0732
  13  0.198558  3.5223  5.0405 -2.2622 15.1388 13.7678 12.2509 11.2123  9.8755  8.5421  7.9944  7.7600 11.2100 12.8747
  14  0.207422  3.5237  5.0297 -2.2268 15.0158 13.6546 12.1443 11.1111  9.7834  8.4571  7.9083  7.6747 11.1121 12.7655
  15  0.213674  3.5247  5.0229 -2.2031 14.9333 13.5783 12.0725 11.0430  9.7218  8.4005  7.8509  7.6179 11.0464 12.6922
  16  0.219405  3.5256  5.0169 -2.1820 14.8597 13.5102 12.0083 10.9822  9.6668  8.3500  7.7996  7.5672 10.9877 12.6266
  17  0.224736  3.5265  5.0110 -2.1622 14.7904 13.4460 11.9479 10.9250  9.6151  8.3027  7.7515  7.5196 10.9325 12.5649
  18  0.230399  3.5274  5.0047 -2.1413 14.7175 13.3784 11.8844 10.8648  9.5608  8.2529  7.7009  7.4695 10.8744 12.5000
  19  0.236769  3.5284  4.9974 -2.1180 14.6362 13.3029 11.8133 10.7976  9.5001  8.1974  7.6443  7.4136 10.8095 12.4275
  20  0.244269  3.5297  4.9887 -2.0906 14.5412 13.2140 11.7298 10.7185  9.4287  8.1321  7.5775  7.3476 10.7331 12.3423
  21  0.253323  3.5313  4.9775 -2.0572 14.4252 13.1054 11.6277 10.6219  9.3416  8.0526  7.4960  7.2672 10.6399 12.2383
  22  0.262593  3.5330  4.9656 -2.0230 14.3073 12.9945 11.5235 10.5232  9.2528  7.9714  7.4127  7.1848 10.5446 12.1321
  23  0.271719  3.5347  4.9541 -1.9898 14.1928 12.8865 11.4220 10.4272  9.1668  7.8930  7.3320  7.1051 10.4521 12.0289
  24  0.281197  3.5365  4.9426 -1.9562 14.0759 12.7757 11.3177 10.3289  9.0791  7.8136  7.2501  7.0243 10.3574 11.9231
  25  0.292175  3.5388  4.9300 -1.9177 13.9407 12.6469 11.1966 10.2148  8.9786  7.7235  7.1567  6.9322 10.2480 11.8005
  26  0.313189  3.5440  4.9060 -1.8428 13.6735 12.3900 10.9549  9.9882  8.7820  7.5504  6.9761  6.7542 10.0316 11.5570
  27  0.351259  3.5560  4.8599 -1.6989 13.1585 11.8832 10.4737  9.5364  8.3989  7.2255  6.6338  6.4174  9.6031 11.0788
  28  0.367529  3.5620  4.8396 -1.6351 12.9313 11.6534 10.2528  9.3301  8.2317  7.0837  6.4832  6.2702  9.4096 10.8611
  29  0.379539  3.5668  4.8245 -1.5868 12.7595 11.4767 10.0819  9.1707  8.1056  6.9772  6.3697  6.1601  9.2610 10.6937
  30  0.390615  3.5715  4.8107 -1.5416 12.5998 11.3104  9.9202  9.0198  7.9876  6.8785  6.2641  6.0583  9.1206 10.5363
  31  0.402501  3.5769  4.7965 -1.4930 12.4283 11.1297  9.7439  8.8551  7.8604  6.7731  6.1510  5.9505  8.9676 10.3657
  32  0.414410  3.5826  4.7828 -1.4438 12.2527 10.9434  9.5613  8.6844  7.7316  6.6676  6.0375  5.8434  8.8097 10.1900
  33  0.425807  3.5884  4.7703 -1.3961 12.0808 10.7596  9.3814  8.5165  7.6071  6.5666  5.9285  5.7420  8.6547 10.0177
  34  0.436837  3.5944  4.7589 -1.3498 11.9172 10.5801  9.2087  8.3560  7.4862  6.4676  5.8219  5.6444  8.5051  9.8540
  35  0.447663  3.6004  4.7483 -1.3045 11.7597 10.4035  9.0420  8.2020  7.3680  6.3698  5.7173  5.5498  8.3602  9.6972
  36  0.457929  3.6063  4.7390 -1.2617 11.6046 10.2326  8.8810  8.0536  7.2567  6.2787  5.6208  5.4629  8.2208  9.5441
  37  0.466917  3.6117  4.7313 -1.2239 11.4628 10.0785  8.7363  7.9207  7.1589  6.1992  5.5378  5.3884  8.0960  9.4054
  38  0.476019  3.6174  4.7241 -1.1857 11.3201  9.9215  8.5912  7.7882  7.0600  6.1182  5.4544  5.3139  7.9706  9.2662
  39  0.486990  3.6244  4.7166 -1.1400 11.1423  9.7294  8.4173  7.6311  6.9419  6.0217  5.3576  5.2278  7.8206  9.0967
  40  0.502303  3.6345  4.7072 -1.0770 10.8656  9.4514  8.1732  7.4142  6.7779  5.8907  5.2332  5.1175  7.6111  8.8470
  41  0.520027  3.6468  4.6980 -1.0036 10.4829  9.1154  7.8861  7.1643  6.5847  5.7407  5.1032  5.0014  7.3655  8.5291
  42  0.543764  3.6636  4.6875 -0.9064  9.8975  8.6609  7.5116  6.8488  6.3273  5.5458  4.9506  4.8652  7.0466  8.0762
  43  0.582663  3.6893  4.6681 -0.7542  8.9546  7.9833  6.9584  6.3903  5.9309  5.2454  4.7309  4.6629  6.5722  7.3737
  44  0.604004  3.7023  4.6560 -0.6746  8.4999  7.6534  6.6868  6.1630  5.7298  5.0900  4.6153  4.5544  6.3358  7.0346
  45  0.615591  3.7090  4.6486 -0.6320  8.2540  7.4826  6.5466  6.0444  5.6244  5.0082  4.5531  4.4957  6.2125  6.8640
  46  0.624913  3.7143  4.6423 -0.5980  8.0627  7.3494  6.4375  5.9513  5.5411  4.9428  4.5028  4.4479  6.1157  6.7336
  47  0.633323  3.7189  4.6363 -0.5675  7.8951  7.2325  6.3418  5.8691  5.4673  4.8844  4.4572  4.4046  6.0303  6.6211
  48  0.641271  3.7232  4.6302 -0.5391  7.7408  7.1247  6.2538  5.7930  5.3986  4.8298  4.4141  4.3635  5.9513  6.5189
  49  0.648900  3.7272  4.6241 -0.5119  7.5962  7.0244  6.1716  5.7211  5.3333  4.7777  4.3731  4.3237  5.8768  6.4245
  50  0.656312  3.7309  4.6178 -0.4858  7.4596  6.9294  6.0936  5.6523  5.2706  4.7275  4.3332  4.2845  5.8056  6.3359
  51  0.663539  3.7345  4.6115 -0.4604  7.3302  6.8380  6.0188  5.5863  5.2103  4.6787  4.2938  4.2463  5.7373  6.2517
  52  0.668983  3.7371  4.6065 -0.4414  7.2354  6.7701  5.9633  5.5372  5.1655  4.6420  4.2637  4.2173  5.6865  6.1897
  53  0.674410  3.7397  4.6014 -0.4225  7.1430  6.7032  5.9087  5.4888  5.1213  4.6055  4.2334  4.1882  5.6363  6.1291
  54  0.679812  3.7422  4.5962 -0.4038  7.0525  6.6375  5.8550  5.4411  5.0775  4.5694  4.2032  4.1592  5.5868  6.0697
  55  0.685177  3.7446  4.5908 -0.3853  6.9643  6.5731  5.8023  5.3940  5.0343  4.5335  4.1731  4.1301  5.5381  6.0116
  56  0.690515  3.7470  4.5853 -0.3669  6.8785  6.5099  5.7504  5.3476  4.9916  4.4979  4.1429  4.1009  5.4901  5.9547
  57  0.695796  3.7493  4.5796 -0.3488  6.7953  6.4481  5.6996  5.3019  4.9495  4.4626  4.1130  4.0719  5.4429  5.8992
  58  0.701013  3.7515  4.5739 -0.3309  6.7148  6.3877  5.6498  5.2571  4.9081  4.4277  4.0831  4.0430  5.3966  5.8450
  59  0.706143  3.7536  4.5680 -0.3134  6.6371  6.3289  5.6012  5.2132  4.8675  4.3932  4.0535  4.0143  5.3512  5.7923
  60  0.711184  3.7557  4.5621 -0.2961  6.5618  6.2716  5.5537  5.1702  4.8277  4.3593  4.0242  3.9859  5.3068  5.7410
  61  0.716133  3.7576  4.5561 -0.2792  6.4891  6.2159  5.5074  5.1281  4.7887  4.3260  3.9952  3.9577  5.2634  5.6911
  62  0.720986  3.7596  4.5501 -0.2626  6.4188  6.1617  5.4622  5.0871  4.7506  4.2932  3.9667  3.9299  5.2211  5.6425
  63  0.725749  3.7614  4.5441 -0.2464  6.3512  6.1091  5.4183  5.0470  4.7134  4.2611  3.9385  3.9024  5.1797  5.5954
  64  0.730432  3.7631  4.5380 -0.2306  6.2859  6.0580  5.3754  5.0078  4.6769  4.2294  3.9107  3.8752  5.1394  5.5495
  65  0.735041  3.7648  4.5320 -0.2150  6.2229  6.0083  5.3336  4.9695  4.6411  4.1983  3.8833  3.8483  5.0999  5.5049
  66  0.739580  3.7664  4.5259 -0.1998  6.1620  5.9599  5.2927  4.9320  4.6061  4.1677  3.8562  3.8218  5.0613  5.4614
  67  0.744056  3.7680  4.5197 -0.1848  6.1032  5.9127  5.2527  4.8952  4.5717  4.1375  3.8294  3.7955  5.0235  5.4190
  68  0.748490  3.7695  4.5136 -0.1700  6.0459  5.8665  5.2135  4.8591  4.5378  4.1076  3.8028  3.7694  4.9863  5.3775
  69  0.752881  3.7709  4.5074 -0.1555  5.9902  5.8214  5.1750  4.8236  4.5045  4.0782  3.7765  3.7435  4.9498  5.3368
  70  0.757240  3.7723  4.5012 -0.1413  5.9359  5.7772  5.1373  4.7886  4.4716  4.0491  3.7503  3.7177  4.9139  5.2970
  71  0.761568  3.7737  4.4949 -0.1272  5.8830  5.7338  5.1002  4.7542  4.4393  4.0202  3.7242  3.6921  4.8786  5.2578
  72  0.765846  3.7750  4.4886 -0.1133  5.8316  5.6915  5.0638  4.7204  4.4074  3.9917  3.6984  3.6667  4.8439  5.2195
  73  0.770068  3.7762  4.4824 -0.0997  5.7816  5.6500  5.0280  4.6871  4.3760  3.9636  3.6728  3.6415  4.8098  5.1819
  74  0.774221  3.7774  4.4761 -0.0863  5.7329  5.6094  4.9930  4.6544  4.3452  3.9358  3.6475  3.6166  4.7763  5.1451
  75  0.778316  3.7785  4.4698 -0.0731  5.6854  5.5694  4.9585  4.6223  4.3149  3.9086  3.6226  3.5921  4.7434  5.1090
  76  0.782329  3.7796  4.4634 -0.0602  5.6390  5.5298  4.9248  4.5909  4.2853  3.8819  3.5982  3.5682  4.7111  5.0735
  77  0.786255  3.7807  4.4572 -0.0475  5.5935  5.4911  4.8918  4.5602  4.2564  3.8557  3.5742  3.5446  4.6795  5.0389
  78  0.790094  3.7817  4.4509 -0.0350  5.5493  5.4533  4.8596  4.5301  4.2279  3.8299  3.5504  3.5212  4.6486  5.0051
  79  0.793835  3.7827  4.4447 -0.0228  5.5062  5.4164  4.8281  4.5006  4.2000  3.8045  3.5271  3.4982  4.6184  4.9721
  80  0.797476  3.7837  4.4387 -0.0108  5.4641  5.3804  4.7975  4.4718  4.1726  3.7796  3.5042  3.4756  4.5889  4.9401
  81  0.801009  3.7847  4.4328  0.0009  5.4233  5.3456  4.7676  4.4436  4.1457  3.7551  3.4817  3.4532  4.5600  4.9089
  82  0.804022  3.7855  4.4276  0.0109  5.3892  5.3164  4.7422  4.4194  4.1224  3.7337  3.4620  3.4336  4.5353  4.8824
  83  0.806960  3.7863  4.4225  0.0207  5.3573  5.2894  4.7174  4.3954  4.0988  3.7120  3.4420  3.4132  4.5110  4.8569
  84  0.809830  3.7870  4.4175  0.0303  5.3263  5.2632  4.6932  4.3718  4.0756  3.6906  3.4222  3.3931  4.4872  4.8320
  85  0.812634  3.7878  4.4126  0.0397  5.2963  5.2377  4.6694  4.3486  4.0528  3.6694  3.4027  3.3733  4.4638  4.8076
  86  0.815380  3.7885  4.4077  0.0490  5.2673  5.2129  4.6461  4.3258  4.0304  3.6486  3.3835  3.3537  4.4408  4.7837
  87  0.818071  3.7892  4.4029  0.0580  5.2390  5.1886  4.6231  4.3034  4.0084  3.6282  3.3646  3.3345  4.4182  4.7602
  88  0.820709  3.7899  4.3982  0.0669  5.2115  5.1649  4.6006  4.2814  3.9867  3.6081  3.3460  3.3156  4.3961  4.7371
  89  0.823298  3.7906  4.3936  0.0757  5.1847  5.1417  4.5784  4.2598  3.9655  3.5884  3.3278  3.2971  4.3743  4.7145
  90  0.825842  3.7912  4.3889  0.0842  5.1585  5.1189  4.5566  4.2386  3.9447  3.5691  3.3098  3.2789  4.3529  4.6922
  91  0.828345  3.7919  4.3845  0.0926  5.1328  5.0964  4.5352  4.2177  3.9243  3.5501  3.2923  3.2611  4.3319  4.6702
  92  0.830811  3.7925  4.3800  0.1009  5.1073  5.0739  4.5140  4.1973  3.9045  3.5318  3.2752  3.2439  4.3112  4.6485
  93  0.833243  3.7931  4.3757  0.1090  5.0814  5.0508  4.4931  4.1774  3.8855  3.5142  3.2590  3.2277  4.2910  4.6270
  94  0.835644  3.7938  4.3713  0.1170  5.0558  5.0279  4.4726  4.1580  3.8669  3.4971  3.2430  3.2119  4.2711  4.6057
  95  0.838019  3.7943  4.3670  0.1249  5.0308  5.0054  4.4523  4.1388  3.8486  3.4802  3.2274  3.1963  4.2516  4.5848
  96  0.840369  3.7949  4.3628  0.1326  5.0060  4.9830  4.4324  4.1200  3.8307  3.4637  3.2120  3.1811  4.2324  4.5642
  97  0.842693  3.7955  4.3586  0.1402  4.9818  4.9611  4.4129  4.1015  3.8132  3.4475  3.1969  3.1661  4.2136  4.5440
  98  0.845000  3.7960  4.3545  0.1477  4.9580  4.9394  4.3936  4.0833  3.7959  3.4315  3.1820  3.1514  4.1950  4.5240
  99  0.847280  3.7965  4.3504  0.1551  4.9346  4.9181  4.3746  4.0654  3.7789  3.4158  3.1673  3.1368  4.1767  4.5044
 100  0.849538  3.7970  4.3463  0.1623  4.9117  4.8971  4.3560  4.0478  3.7622  3.4003  3.1528  3.1225  4.1587  4.4852
 101  0.851742  3.7975  4.3423  0.1694  4.8895  4.8766  4.3378  4.0307  3.7459  3.3852  3.1387  3.1085  4.1412  4.4664
 102  0.853829  3.7980  4.3385  0.1761  4.8681  4.8570  4.3205  4.0144  3.7305  3.3709  3.1253  3.0953  4.1245  4.4484
 103  0.855797  3.7984  4.3349  0.1826  4.8477  4.8383  4.3039  3.9988  3.7157  3.3572  3.1125  3.0826  4.1086  4.4313
 104  0.857652  3.7989  4.3313  0.1887  4.8283  4.8203  4.2880  3.9838  3.7014  3.3440  3.1001  3.0704  4.0933  4.4149
 105  0.859407  3.7993  4.3279  0.1947  4.8097  4.8031  4.2727  3.9694  3.6877  3.3313  3.0882  3.0586  4.0785  4.3991
 106  0.861075  3.7996  4.3244  0.2005  4.7921  4.7867  4.2579  3.9553  3.6743  3.3188  3.0764  3.0470  4.0642  4.3838
 107  0.862669  3.8000  4.3211  0.2061  4.7750  4.7708  4.2435  3.9416  3.6613  3.3065  3.0649  3.0356  4.0503  4.3690
 108  0.864203  3.8003  4.3176  0.2115  4.7586  4.7554  4.2294  3.9282  3.6484  3.2945  3.0535  3.0243  4.0367  4.3546
 109  0.865693  3.8006  4.3143  0.2169  4.7425  4.7403  4.2156  3.9151  3.6358  3.2826  3.0423  3.0131  4.0233  4.3404
 110  0.867154  3.8009  4.3109  0.2222  4.7268  4.7254  4.2020  3.9020  3.6233  3.2708  3.0311  3.0020  4.0100  4.3265
 111  0.868603  3.8012  4.3075  0.2275  4.7113  4.7107  4.1885  3.8891  3.6109  3.2591  3.0199  2.9909  3.9969  4.3127
 112  0.870376  3.8015  4.3033  0.2338  4.6929  4.6933  4.1724  3.8737  3.5961  3.2450  3.0065  2.9776  3.9813  4.2962
 113  0.872240  3.8019  4.2991  0.2403  4.6739  4.6752  4.1558  3.8578  3.5808  3.2306  2.9927  2.9639  3.9651  4.2791
 114  0.874200  3.8022  4.2948  0.2470  4.6541  4.6564  4.1385  3.8413  3.5649  3.2156  2.9785  2.9497  3.9483  4.2615
 115  0.876197  3.8026  4.2904  0.2540  4.6337  4.6370  4.1207  3.8243  3.5486  3.2001  2.9638  2.9352  3.9310  4.2432
 116  0.878234  3.8030  4.2859  0.2612  4.6125  4.6169  4.1023  3.8067  3.5318  3.1843  2.9489  2.9204  3.9132  4.2244
 117  0.880355  3.8035  4.2812  0.2686  4.5904  4.5960  4.0832  3.7885  3.5143  3.1680  2.9334  2.9050  3.8947  4.2048
 118  0.882578  3.8039  4.2764  0.2764  4.5673  4.5741  4.0633  3.7695  3.4962  3.1509  2.9172  2.8889  3.8753  4.1843
 119  0.884911  3.8044  4.2713  0.2845  4.5433  4.5513  4.0424  3.7497  3.4772  3.1330  2.9003  2.8722  3.8551  4.1630
 120  0.887365  3.8049  4.2659  0.2930  4.5183  4.5275  4.0206  3.7288  3.4572  3.1142  2.8825  2.8545  3.8340  4.1406
 121  0.889942  3.8054  4.2602  0.3020  4.4923  4.5025  3.9977  3.7069  3.4362  3.0943  2.8636  2.8357  3.8117  4.1172
 122  0.892644  3.8059  4.2540  0.3114  4.4650  4.4763  3.9736  3.6839  3.4140  3.0733  2.8436  2.8158  3.7883  4.0925
 123  0.895441  3.8064  4.2474  0.3214  4.4361  4.4485  3.9481  3.6594  3.3905  3.0510  2.8223  2.7947  3.7634  4.0664
 124  0.898356  3.8069  4.2402  0.3320  4.4056  4.4191  3.9211  3.6335  3.3656  3.0273  2.7997  2.7722  3.7371  4.0388
 125  0.901416  3.8074  4.2324  0.3433  4.3737  4.3881  3.8925  3.6060  3.3390  3.0019  2.7752  2.7479  3.7092  4.0096
 126  0.904692  3.8078  4.2236  0.3555  4.3398  4.3548  3.8616  3.5762  3.3101  2.9740  2.7483  2.7211  3.6789  3.9781
 127  0.908104  3.8082  4.2139  0.3684  4.3043  4.3197  3.8287  3.5443  3.2791  2.9440  2.7192  2.6921  3.6467  3.9446
 128  0.911571  3.8086  4.2034  0.3820  4.2678  4.2835  3.7944  3.5109  3.2465  2.9123  2.6883  2.6614  3.6130  3.9098
 129  0.915024  3.8088  4.1923  0.3958  4.2311  4.2466  3.7594  3.4768  3.2131  2.8795  2.6562  2.6294  3.5785  3.8744
 130  0.918413  3.8091  4.1809  0.4097  4.1946  4.2099  3.7242  3.4423  3.1793  2.8462  2.6234  2.5968  3.5438  3.8388
 131  0.921701  3.8092  4.1692  0.4235  4.1590  4.1737  3.6893  3.4081  3.1456  2.8129  2.5905  2.5640  3.5093  3.8036
 132  0.924861  3.8093  4.1576  0.4370  4.1245  4.1385  3.6552  3.3745  3.1125  2.7801  2.5580  2.5315  3.4756  3.7692
 133  0.927882  3.8093  4.1461  0.4501  4.0915  4.1047  3.6222  3.3420  3.0803  2.7480  2.5261  2.4997  3.4428  3.7360
 134  0.930752  3.8093  4.1348  0.4627  4.0600  4.0723  3.5905  3.3106  3.0492  2.7169  2.4951  2.4688  3.4113  3.7041
 135  0.933473  3.8093  4.1238  0.4747  4.0302  4.0414  3.5601  3.2805  3.0193  2.6869  2.4652  2.4389  3.3811  3.6736
 136  0.936047  3.8092  4.1131  0.4862  4.0020  4.0121  3.5311  3.2517  2.9907  2.6580  2.4362  2.4100  3.3523  3.6446
 137  0.938478  3.8091  4.1027  0.4972  3.9755  3.9844  3.5035  3.2241  2.9632  2.6302  2.4083  2.3822  3.3247  3.6170
 138  0.940778  3.8089  4.0926  0.5077  3.9505  3.9582  3.4772  3.1978  2.9369  2.6035  2.3814  2.3553  3.2984  3.5907
 139  0.942956  3.8087  4.0828  0.5177  3.9268  3.9332  3.4520  3.1726  2.9116  2.5778  2.3553  2.3292  3.2732  3.5656
 140  0.945024  3.8084  4.0731  0.5273  3.9046  3.9095  3.4280  3.1484  2.8872  2.5528  2.3300  2.3039  3.2491  3.5417
 141  0.946994  3.8081  4.0636  0.5366  3.8834  3.8869  3.4049  3.1251  2.8637  2.5286  2.3053  2.2792  3.2258  3.5187
 142  0.948875  3.8078  4.0542  0.5455  3.8634  3.8653  3.3826  3.1025  2.8408  2.5049  2.2811  2.2550  3.2033  3.4966
 143  0.950682  3.8074  4.0449  0.5542  3.8443  3.8446  3.3610  3.0805  2.8185  2.4817  2.2572  2.2312  3.1815  3.4753
 144  0.952423  3.8070  4.0355  0.5626  3.8260  3.8246  3.3400  3.0590  2.7965  2.4588  2.2336  2.2075  3.1602  3.4545
 145  0.954110  3.8065  4.0261  0.5710  3.8085  3.8052  3.3193  3.0378  2.7748  2.4360  2.2099  2.1838  3.1392  3.4342
 146  0.955749  3.8060  4.0166  0.5792  3.7916  3.7863  3.2991  3.0169  2.7533  2.4132  2.1862  2.1601  3.1185  3.4143
 147  0.957342  3.8054  4.0069  0.5872  3.7755  3.7680  3.2792  2.9963  2.7319  2.3905  2.1624  2.1362  3.0981  3.3949
 148  0.958897  3.8048  3.9971  0.5952  3.7600  3.7503  3.2596  2.9758  2.7106  2.3677  2.1385  2.1122  3.0780  3.3758
 149  0.960416  3.8041  3.9871  0.6031  3.7456  3.7335  3.2404  2.9555  2.6892  2.3446  2.1141  2.0877  3.0581  3.3571
 150  0.961906  3.8033  3.9769  0.6109  3.7320  3.7173  3.2214  2.9353  2.6679  2.3214  2.0894  2.0628  3.0384  3.3389
 151  0.963367  3.8025  3.9665  0.6186  3.7192  3.7016  3.2028  2.9152  2.6466  2.2980  2.0644  2.0376  3.0188  3.3209
 152  0.964805  3.8016  3.9558  0.6262  3.7072  3.6865  3.1844  2.8953  2.6253  2.2744  2.0391  2.0121  2.9995  3.3034
 153  0.966223  3.8006  3.9448  0.6338  3.6961  3.6719  3.1663  2.8756  2.6040  2.2506  2.0134  1.9861  2.9803  3.2862
 154  0.967626  3.7995  3.9336  0.6413  3.6860  3.6580  3.1485  2.8559  2.5826  2.2266  1.9872  1.9597  2.9613  3.2693
 155  0.969018  3.7983  3.9220  0.6487  3.6783  3.6454  3.1306  2.8360  2.5609  2.2019  1.9603  1.9324  2.9422  3.2527
 156  0.970402  3.7969  3.9098  0.6561  3.6723  3.6336  3.1131  2.8163  2.5392  2.1768  1.9326  1.9044  2.9233  3.2365
 157  0.971787  3.7953  3.8970  0.6633  3.6681  3.6228  3.0962  2.7968  2.5173  2.1510  1.9040  1.8753  2.9048  3.2211
 158  0.973168  3.7934  3.8828  0.6704  3.6666  3.6133  3.0805  2.7779  2.4955  2.1244  1.8737  1.8444  2.8870  3.2070
 159  0.974557  3.7911  3.8672  0.6772  3.6625  3.6021  3.0679  2.7615  2.4754  2.0983  1.8432  1.8133  2.8714  3.1960
 160  0.975959  3.7881  3.8498  0.6836  3.6581  3.5910  3.0588  2.7477  2.4568  2.0725  1.8117  1.7811  2.8584  3.1886
 161  0.977391  3.7847  3.8308  0.6894  3.6696  3.5902  3.0504  2.7332  2.4364  2.0433  1.7754  1.7439  2.8455  3.1832
 162  0.978642  3.7807  3.8108  0.6941  3.7162  3.6120  3.0394  2.7142  2.4112  2.0076  1.7314  1.6985  2.8304  3.1781
 163  0.979896  3.7766  3.7922  0.6968  3.7663  3.6368  3.0349  2.7017  2.3922  1.9776  1.6928  1.6586  2.8214  3.1793
 164  0.981153  3.7724  3.7750  0.6977  3.8113  3.6589  3.0392  2.6980  2.3818  1.9558  1.6622  1.6267  2.8204  3.1885
 165  0.982374  3.7681  3.7601  0.6959  3.8659  3.6888  3.0508  2.7014  2.3782  1.9405  1.6377  1.6008  2.8265  3.2052
 166  0.983498  3.7636  3.7471  0.6913  3.9335  3.7287  3.0704  2.7121  2.3815  1.9313  1.6184  1.5802  2.8400  3.2305
 167  0.984505  3.7589  3.7355  0.6844  4.0113  3.7763  3.0964  2.7287  2.3904  1.9271  1.6035  1.5638  2.8597  3.2627
 168  0.985434  3.7541  3.7252  0.6763  4.0964  3.8276  3.1262  2.7492  2.4034  1.9265  1.5921  1.5509  2.8831  3.2990
 169  0.986341  3.7493  3.7149  0.6678  4.1880  3.8811  3.1577  2.7713  2.4178  1.9267  1.5810  1.5386  2.9080  3.3373
 170  0.987295  3.7442  3.7024  0.6603  4.2825  3.9361  3.1886  2.7916  2.4298  1.9234  1.5656  1.5214  2.9315  3.3759
 171  0.988351  3.7388  3.6859  0.6557  4.3762  3.9872  3.2139  2.8054  2.4346  1.9119  1.5409  1.4946  2.9486  3.4096
 172  0.989554  3.7334  3.6638  0.6566  4.4608  4.0266  3.2270  2.8067  2.4267  1.8872  1.5026  1.4541  2.9533  3.4317
 173  0.990711  3.7290  3.6384  0.6647  4.5132  4.0411  3.2201  2.7900  2.4024  1.8488  1.4531  1.4026  2.9392  3.4322
 174  0.991627  3.7260  3.6150  0.6767  4.5327  4.0349  3.1995  2.7628  2.3702  1.8070  1.4037  1.3519  2.9138  3.4166
 175  0.992373  3.7239  3.5937  0.6899  4.5354  4.0191  3.1735  2.7322  2.3359  1.7658  1.3571  1.3042  2.8844  3.3943
 176  0.993043  3.7222  3.5740  0.7032  4.5305  3.9994  3.1458  2.7008  2.3016  1.7259  1.3129  1.2592  2.8539  3.3693
 177  0.993670  3.7208  3.5551  0.7166  4.5209  3.9773  3.1169  2.6688  2.2671  1.6867  1.2701  1.2157  2.8227  3.3428
 178  0.994262  3.7196  3.5369  0.7303  4.5074  3.9531  3.0869  2.6362  2.2323  1.6480  1.2282  1.1732  2.7907  3.3149
 179  0.994830  3.7185  3.5191  0.7440  4.4914  3.9275  3.0563  2.6032  2.1975  1.6095  1.1869  1.1314  2.7583  3.2859
 180  0.995373  3.7175  3.5016  0.7579  4.4732  3.9008  3.0250  2.5699  2.1624  1.5711  1.1462  1.0901  2.7255  3.2562
 181  0.995899  3.7166  3.4843  0.7718  4.4539  3.8734  2.9933  2.5363  2.1272  1.5329  1.1057  1.0491  2.6924  3.2260
 182  0.996454  3.7157  3.4656  0.7871  4.4314  3.8426  2.9584  2.4994  2.0887  1.4913  1.0618  1.0047  2.6559  3.1924
 183  0.997008  3.7149  3.4467  0.8029  4.4068  3.8103  2.9220  2.4612  2.0490  1.4486  1.0169  0.9594  2.6182  3.1573
 184  0.997561  3.7140  3.4272  0.8192  4.3808  3.7765  2.8842  2.4217  2.0079  1.4045  0.9708  0.9127  2.5790  3.1208
 185  0.998112  3.7132  3.4073  0.8360  4.3531  3.7412  2.8452  2.3809  1.9656  1.3593  0.9236  0.8650  2.5386  3.0829
 186  0.998662  3.7124  3.3869  0.8533  4.3241  3.7047  2.8049  2.3389  1.9221  1.3130  0.8753  0.8163  2.4970  3.0438
 187  0.999210  3.7116  3.3662  0.8711  4.2939  3.6671  2.7635  2.2958  1.8775  1.2656  0.8259  0.7664  2.4543  3.0036
 188  0.999755  3.7107  3.3448  0.8894  4.2625  3.6281  2.7206  2.2512  1.8315  1.2167  0.7749  0.7149  2.4101  2.9619
 189  1.000298  3.7099  3.3229  0.9083  4.2300  3.5878  2.6765  2.2054  1.7842  1.1665  0.7227  0.6622  2.3647  2.9191
 190  1.000840  3.7091  3.3004  0.9277  4.1965  3.5464  2.6312  2.1583  1.7355  1.1148  0.6690  0.6080  2.3180  2.8749
 191  1.001381  3.7083  3.2776  0.9475  4.1614  3.5037  2.5847  2.1101  1.6859  1.0624  0.6146  0.5531  2.2702  2.8295
 192  1.001918  3.7074  3.2539  0.9679  4.1265  3.4601  2.5369  2.0605  1.6346  1.0079  0.5579  0.4959  2.2210  2.7831
 193  1.002454  3.7065  3.2298  0.9888  4.0904  3.4154  2.4881  2.0099  1.5824  0.9526  0.5005  0.4379  2.1708  2.7355
 194  1.002982  3.7056  3.2047  1.0105  4.0534  3.3691  2.4374  1.9573  1.5281  0.8949  0.4406  0.3775  2.1186  2.6862
 195  1.003508  3.7047  3.1790  1.0327  4.0157  3.3218  2.3857  1.9035  1.4726  0.8360  0.3793  0.3156  2.0653  2.6359
 196  1.004025  3.7037  3.1524  1.0556  3.9768  3.2731  2.3322  1.8480  1.4152  0.7751  0.3159  0.2516  2.0101  2.5839
 197  1.004535  3.7027  3.1249  1.0793  3.9370  3.2231  2.2772  1.7908  1.3561  0.7122  0.2504  0.1855  1.9534  2.5305
 198  1.005038  3.7017  3.0967  1.1035  3.8963  3.1720  2.2210  1.7322  1.2955  0.6478  0.1833  0.1178  1.8954  2.4759
 199  1.005532  3.7005  3.0675  1.1284  3.8551  3.1200  2.1634  1.6722  1.2333  0.5815  0.1140  0.0479  1.8358  2.4201
 200  1.006015  3.6994  3.0375  1.1540  3.8128  3.0667  2.1043  1.6105  1.1694  0.5133  0.0428 -0.0241  1.7747  2.3629
 201  1.006489  3.6982  3.0066  1.1802  3.7688  3.0123  2.0440  1.5474  1.1039  0.4435 -0.0305 -0.0979  1.7122  2.3046
 202  1.006951  3.6969  2.9748  1.2071  3.7243  2.9571  1.9827  1.4831  1.0370  0.3720 -0.1060 -0.1738  1.6484  2.2454
 203  1.007402  3.6955  2.9421  1.2345  3.6792  2.9010  1.9201  1.4173  0.9686  0.2987 -0.1833 -0.2515  1.5833  2.1850
 204  1.007841  3.6941  2.9086  1.2626  3.6336  2.8440  1.8564  1.3504  0.8989  0.2240 -0.2624 -0.3310  1.5170  2.1237
 205  1.008264  3.6926  2.8742  1.2913  3.5883  2.7863  1.7915  1.2821  0.8276  0.1473 -0.3436 -0.4127  1.4493  2.0614
 206  1.008676  3.6911  2.8390  1.3205  3.5432  2.7279  1.7257  1.2126  0.7550  0.0691 -0.4265 -0.4961  1.3805  1.9983
 207  1.009071  3.6895  2.8030  1.3503  3.4994  2.6689  1.6588  1.1419  0.6810 -0.0108 -0.5110 -0.5814  1.3104  1.9342
 208  1.009452  3.6879  2.7662  1.3807  3.4578  2.6096  1.5909  1.0701  0.6058 -0.0923 -0.5971 -0.6686  1.2393  1.8695
 209  1.009818  3.6862  2.7288  1.4115  3.4170  2.5498  1.5222  0.9972  0.5295 -0.1750 -0.6845 -0.7573  1.1673  1.8040
 210  1.010169  3.6844  2.6907  1.4427  3.3771  2.4896  1.4527  0.9235  0.4521 -0.2592 -0.7733 -0.8475  1.0943  1.7379
 211  1.010503  3.6826  2.6520  1.4744  3.3382  2.4290  1.3825  0.8488  0.3737 -0.3445 -0.8634 -0.9392  1.0204  1.6712
 212  1.010824  3.6808  2.6127  1.5065  3.2999  2.3681  1.3117  0.7735  0.2945 -0.4309 -0.9546 -1.0320  0.9459  1.6042
 213  1.011130  3.6789  2.5728  1.5390  3.2624  2.3072  1.2406  0.6976  0.2146 -0.5183 -1.0472 -1.1261  0.8707  1.5371
 214  1.011421  3.6770  2.5325  1.5717  3.2256  2.2461  1.1691  0.6212  0.1340 -0.6065 -1.1406 -1.2212  0.7951  1.4698
 215  1.011699  3.6750  2.4916  1.6048  3.1900  2.1851  1.0974  0.5443  0.0528 -0.6955 -1.2350 -1.3173  0.7191  1.4025
 216  1.011963  3.6729  2.4501  1.6381  3.1567  2.1246  1.0257  0.4672 -0.0289 -0.7856 -1.3306 -1.4148  0.6427  1.3355
 217  1.011997  3.6727  2.4446  1.6425  3.1525  2.1167  1.0163  0.4571 -0.0396 -0.7974 -1.3431 -1.4276  0.6328  1.3268
 218  1.012031  3.6724  2.4391  1.6469  3.1482  2.1087  1.0068  0.4469 -0.0504 -0.8093 -1.3558 -1.4406  0.6226  1.3180
 219  1.012065  3.6721  2.4336  1.6513  3.1440  2.1008  0.9974  0.4367 -0.0613 -0.8213 -1.3685 -1.4536  0.6126  1.3092
 220  1.012098  3.6718  2.4280  1.6558  3.1396  2.0927  0.9878  0.4264 -0.0721 -0.8333 -1.3813 -1.4665  0.6024  1.3003
 221  1.012132  3.6715  2.4224  1.6603  3.1353  2.0847  0.9783  0.4161 -0.0831 -0.8454 -1.3941 -1.4797  0.5922  1.2914
 222  1.012165  3.6713  2.4168  1.6647  3.1309  2.0765  0.9686  0.4057 -0.0941 -0.8575 -1.4069 -1.4927  0.5819  1.2824
 223  1.012199  3.6710  2.4112  1.6692  3.1265  2.0684  0.9590  0.3954 -0.1051 -0.8696 -1.4198 -1.5059  0.5717  1.2735
 224  1.012232  3.6707  2.4055  1.6738  3.1222  2.0603  0.9493  0.3849 -0.1162 -0.8819 -1.4329 -1.5192  0.5613  1.2645
 225  1.012265  3.6704  2.3999  1.6783  3.1180  2.0522  0.9397  0.3745 -0.1272 -0.8941 -1.4459 -1.5325  0.5511  1.2556
 226  1.012298  3.6701  2.3942  1.6829  3.1136  2.0440  0.9300  0.3640 -0.1384 -0.9064 -1.4589 -1.5458  0.5407  1.2465
 227  1.012622  3.6671  2.3365  1.7287  3.0725  1.9630  0.8329  0.2590 -0.2502 -1.0303 -1.5908 -1.6805  0.4367  1.1567
 228  1.012902  3.6645  2.2858  1.7690  3.0383  1.8928  0.7485  0.1672 -0.3481 -1.1391 -1.7067 -1.7990  0.3459  1.0789
 229  1.013168  3.6623  2.2432  1.8029  3.0104  1.8343  0.6778  0.0904 -0.4303 -1.2304 -1.8042 -1.8987  0.2698  1.0141
 230  1.013416  3.6614  2.2235  1.8192  2.9926  1.8041  0.6426  0.0527 -0.4701 -1.2738 -1.8501 -1.9454  0.2324  0.9812
 231  1.013671  3.6621  2.2364  1.8093  2.9987  1.8203  0.6628  0.0749 -0.4461 -1.2469 -1.8211 -1.9157  0.2544  0.9993
 232  1.013946  3.6598  2.1870  1.8494  2.9602  1.7484  0.5776 -0.0170 -0.5437 -1.3542 -1.9351 -2.0320  0.1634  0.9205
 233  1.014199  3.6561  2.1209  1.9010  2.9285  1.6648  0.4735 -0.1320 -0.6679 -1.4938 -2.0854 -2.1862  0.0496  0.8271
 234  1.014432  3.6525  2.0561  1.9516  2.8979  1.5832  0.3719 -0.2445 -0.7895 -1.6304 -2.2325 -2.3370 -0.0617  0.7364
 235  1.014635  3.6491  1.9943  1.9997  2.8717  1.5071  0.2765 -0.3506 -0.9048 -1.7603 -2.3725 -2.4809 -0.1669  0.6521
 236  1.014817  3.6457  1.9341  2.0462  2.8505  1.4359  0.1861 -0.4520 -1.0157 -1.8858 -2.5081 -2.6204 -0.2673  0.5733
 237  1.014983  3.6422  1.8740  2.0925  2.8325  1.3667  0.0974 -0.5520 -1.1258 -2.0107 -2.6432 -2.7596 -0.3665  0.4967
 238  1.015132  3.6388  1.8157  2.1372  2.8176  1.3014  0.0129 -0.6477 -1.2317 -2.1313 -2.7738 -2.8944 -0.4616  0.4244
 239  1.015267  3.6354  1.7577  2.1816  2.8050  1.2381 -0.0695 -0.7415 -1.3364 -2.2509 -2.9032 -3.0282 -0.5549  0.3546
 240  1.015390  3.6320  1.7012  2.2247  2.7948  1.1780 -0.1482 -0.8314 -1.4377 -2.3670 -3.0290 -3.1586 -0.6447  0.2884
 241  1.015500  3.6287  1.6459  2.2667  2.7866  1.1205 -0.2238 -0.9179 -1.5361 -2.4803 -3.1516 -3.2859 -0.7314  0.2252
 242  1.015601  3.6254  1.5915  2.3080  2.7796  1.0654 -0.2966 -1.0016 -1.6324 -2.5916 -3.2720 -3.4112 -0.8155  0.1646
 243  1.015693  3.6221  1.5381  2.3485  2.7737  1.0127 -0.3665 -1.0822 -1.7264 -2.7006 -3.3902 -3.5342 -0.8969  0.1067
 244  1.015776  3.6189  1.4862  2.3876  2.7693  0.9633 -0.4324 -1.1585 -1.8169 -2.8060 -3.5049 -3.6536 -0.9744  0.0527
 245  1.015853  3.6157  1.4343  2.4265  2.7670  0.9165 -0.4955 -1.2322 -1.9064 -2.9109 -3.6196 -3.7730 -1.0498  0.0015
 246  1.015924  3.6124  1.3834  2.4646  2.7651  0.8721 -0.5554 -1.3025 -1.9935 -3.0135 -3.7318 -3.8900 -1.1222 -0.0475
 247  1.015988  3.6093  1.3341  2.5014  2.7625  0.8301 -0.6120 -1.3690 -2.0774 -3.1127 -3.8403 -4.0031 -1.1913 -0.0944
 248  1.016048  3.6062  1.2851  2.5378  2.7602  0.7903 -0.6659 -1.4327 -2.1602 -3.2110 -3.9479 -4.1154 -1.2582 -0.1392
 249  1.016102  3.6031  1.2372  2.5734  2.7577  0.7528 -0.7167 -1.4930 -2.2408 -3.3073 -4.0532 -4.2254 -1.3222 -0.1816
 250  1.016153  3.6000  1.1902  2.6082  2.7552  0.7181 -0.7641 -1.5495 -2.3193 -3.4015 -4.1562 -4.3331 -1.3832 -0.2212
 251  1.016199  3.5971  1.1443  2.6422  2.7518  0.6858 -0.8084 -1.6027 -2.3953 -3.4935 -4.2568 -4.4384 -1.4414 -0.2586
 252  1.016243  3.5941  1.0992  2.6756  2.7471  0.6555 -0.8501 -1.6532 -2.4696 -3.5837 -4.3556 -4.5418 -1.4973 -0.2944
 253  1.016282  3.5912  1.0553  2.7080  2.7413  0.6277 -0.8887 -1.7004 -2.5413 -3.6713 -4.4516 -4.6423 -1.5504 -0.3282
 254  1.016320  3.5884  1.0118  2.7400  2.7343  0.6017 -0.9250 -1.7451 -2.6119 -3.7579 -4.5466 -4.7419 -1.6016 -0.3604
 255  1.016354  3.5855  0.9693  2.7712  2.7281  0.5790 -0.9570 -1.7854 -2.6801 -3.8425 -4.6391 -4.8390 -1.6494 -0.3894
 256  1.016386  3.5827  0.9279  2.8014  2.7219  0.5591 -0.9851 -1.8216 -2.7457 -3.9247 -4.7290 -4.9333 -1.6939 -0.4157
 257  1.016417  3.5799  0.8866  2.8316  2.7151  0.5413 -1.0101 -1.8549 -2.8105 -4.0067 -4.8183 -5.0272 -1.7365 -0.4402
 258  1.016445  3.5772  0.8463  2.8609  2.7082  0.5259 -1.0320 -1.8847 -2.8732 -4.0866 -4.9054 -5.1187 -1.7764 -0.4626
 259  1.016471  3.5745  0.8069  2.8894  2.7011  0.5136 -1.0496 -1.9106 -2.9335 -4.1645 -4.9904 -5.2081 -1.8132 -0.4823
 260  1.016496  3.5718  0.7685  2.9172  2.6939  0.5044 -1.0630 -1.9326 -2.9914 -4.2405 -5.0733 -5.2953 -1.8471 -0.4992
 261  1.016519  3.5692  0.7305  2.9447  2.6866  0.4987 -1.0717 -1.9506 -3.0475 -4.3156 -5.1553 -5.3815 -1.8782 -0.5133
 262  1.016541  3.5666  0.6934  2.9714  2.6792  0.4966 -1.0755 -1.9636 -3.1015 -4.3889 -5.2354 -5.4657 -1.9058 -0.5243
 263  1.016561  3.5640  0.6570  2.9976  2.6716  0.4977 -1.0745 -1.9723 -3.1537 -4.4611 -5.3143 -5.5485 -1.9306 -0.5326
 264  1.016580  3.5615  0.6212  3.0232  2.6641  0.5026 -1.0682 -1.9768 -3.2032 -4.5317 -5.3914 -5.6295 -1.9522 -0.5375
 265  1.016599  3.5590  0.5859  3.0485  2.6570  0.5117 -1.0560 -1.9768 -3.2503 -4.6016 -5.4677 -5.7097 -1.9707 -0.5387
 266  1.016616  3.5565  0.5514  3.0732  2.6500  0.5247 -1.0382 -1.9727 -3.2944 -4.6698 -5.5422 -5.7880 -1.9860 -0.5365
 267  1.016632  3.5540  0.5171  3.0974  2.6475  0.5442 -1.0140 -1.9638 -3.3356 -4.7373 -5.6159 -5.8656 -1.9976 -0.5303
 268  1.016647  3.5516  0.4836  3.1212  2.6438  0.5675 -0.9837 -1.9507 -3.3740 -4.8035 -5.6881 -5.9415 -2.0063 -0.5206
 269  1.016662  3.5492  0.4511  3.1441  2.6390  0.5962 -0.9449 -1.9310 -3.4084 -4.8678 -5.7580 -6.0151 -2.0102 -0.5053
 270  1.016676  3.5468  0.4190  3.1668  2.6317  0.6297 -0.8971 -1.9049 -3.4394 -4.9317 -5.8273 -6.0880 -2.0102 -0.4847
 271  1.016689  3.5445  0.3872  3.1892  2.6219  0.6699 -0.8371 -1.8705 -3.4660 -4.9948 -5.8958 -6.1600 -2.0047 -0.4568
 272  1.016702  3.5422  0.3563  3.2109  2.6036  0.7229 -0.7503 -1.8164 -3.4850 -5.0572 -5.9630 -6.2305 -1.9877 -0.4153
 273  1.016713  3.5399  0.3262  3.2320  2.5823  0.7849 -0.6465 -1.7512 -3.4976 -5.1187 -6.0288 -6.2995 -1.9632 -0.3640
 274  1.016725  3.5377  0.2964  3.2529  2.5598  0.8538 -0.5300 -1.6790 -3.5049 -5.1802 -6.0940 -6.3679 -1.9334 -0.3045
 275  1.016736  3.5355  0.2673  3.2733  2.5376  0.9280 -0.4042 -1.6023 -3.5069 -5.2407 -6.1580 -6.4348 -1.8994 -0.2380
 276  1.016746  3.5334  0.2390  3.2931  2.5164  1.0044 -0.2746 -1.5254 -3.5046 -5.2998 -6.2202 -6.4999 -1.8634 -0.1673
 277  1.016756  3.5311  0.2107  3.3123  2.4996  1.0923 -0.1287 -1.4407 -3.4929 -5.3578 -6.2816 -6.5645 -1.8194 -0.0816
 278  1.016765  3.5291  0.1841  3.3308  2.4871  1.1642 -0.0075 -1.3806 -3.4821 -5.4121 -6.3397 -6.6257 -1.7869 -0.0051
 279  1.016765  3.5272  0.1605  3.3471  2.4785  1.2293  0.0999 -1.3292 -3.4695 -5.4594 -6.3907 -6.6798 -1.7576  0.0662
