#NUMBER OF AGES=1 MAGS=10
#----------------------------------------------------       
#MIX-LEN  Y      Z          Zeff        [Fe/H] [a/Fe]
# 1.9380  0.2826 2.3222E-02 5.2928E-03  0.00   0.00
#----------------------------------------------------       
#**PHOTOMETRIC SYSTEM**: Bessell UBV(RI)c + 2MASS JHKs + Kepler (Vega)
#AGE= 2.000 EEPS=274
#EEP   M/Mo    LogTeff  LogG   LogL/Lo U       B       V       R       I       J       H       Ks      Kp      D51     
   6  0.108960  3.5112  5.2209 -2.7475 16.7201 15.2103 13.6196 12.5328 11.1161  9.7279  9.1846  8.9457 12.5005 14.2806
   7  0.134237  3.5131  5.1508 -2.5792 16.2043 14.7399 13.1700 12.0929 10.6917  9.3117  8.7689  8.5297 12.0664 13.8182
   8  0.171824  3.5177  5.0820 -2.3849 15.5682 14.1595 12.6193 11.5622 10.1942  8.8372  8.2927  8.0556 11.5483 13.2526
   9  0.202575  3.5228  5.0451 -2.2558 15.1136 13.7432 12.2274 11.1908  9.8577  8.5275  7.9794  7.7454 11.1899 12.8514
  10  0.214806  3.5247  5.0324 -2.2100 14.9541 13.5959 12.0886 11.0592  9.7385  8.4180  7.8683  7.6355 11.0629 12.7095
  11  0.221781  3.5259  5.0261 -2.1853 14.8672 13.5154 12.0129 10.9876  9.6740  8.3591  7.8085  7.5764 10.9938 12.6322
  12  0.227158  3.5267  5.0209 -2.1663 14.8002 13.4533 11.9544 10.9324  9.6244  8.3139  7.7625  7.5309 10.9406 12.5726
  13  0.231653  3.5274  5.0145 -2.1485 14.7389 13.3967 11.9012 10.8817  9.5782  8.2711  7.7190  7.4878 10.8915 12.5181
  14  0.236814  3.5283  5.0106 -2.1316 14.6787 13.3406 11.8484 10.8320  9.5339  8.2311  7.6782  7.4476 10.8438 12.4643
  15  0.243032  3.5294  5.0046 -2.1102 14.6025 13.2697 11.7818 10.7692  9.4777  8.1802  7.6263  7.3962 10.7833 12.3965
  16  0.254207  3.5313  4.9918 -2.0700 14.4616 13.1382 11.6582 10.6524  9.3729  8.0848  7.5287  7.2999 10.6708 12.2705
  17  0.264979  3.5333  4.9765 -2.0288 14.3202 13.0054 11.5335 10.5342  9.2662  7.9869  7.4282  7.2006 10.5566 12.1433
  18  0.276178  3.5354  4.9600 -1.9860 14.1734 12.8671 11.4035 10.4110  9.1553  7.8853  7.3237  7.0973 10.4376 12.0110
  19  0.288988  3.5380  4.9422 -1.9381 14.0075 12.7099 11.2557 10.2714  9.0307  7.7723  7.2070  6.9820 10.3031 11.8609
  20  0.308524  3.5426  4.9183 -1.8671 13.7558 12.4691 11.0293 10.0587  8.8450  7.6076  7.0356  6.8130 10.0996 11.6323
  21  0.340412  3.5522  4.8811 -1.7491 13.3303 12.0538 10.6365  9.6902  8.5309  7.3397  6.7541  6.5358  9.7496 11.2404
  22  0.359959  3.5589  4.8573 -1.6740 13.0622 11.7856 10.3801  9.4500  8.3320  7.1718  6.5764  6.3615  9.5231 10.9870
  23  0.372802  3.5638  4.8413 -1.6232 12.8811 11.6013 10.2025  9.2843  8.1992  7.0594  6.4569  6.2451  9.3682 10.8124
  24  0.383816  3.5683  4.8277 -1.5789 12.7238 11.4391 10.0453  9.1378  8.0840  6.9623  6.3533  6.1447  9.2317 10.6587
  25  0.394904  3.5731  4.8144 -1.5342 12.5652 11.2735  9.8842  8.9873  7.9668  6.8647  6.2489  6.0445  9.0918 10.5021
  26  0.407015  3.5786  4.8005 -1.4851 12.3914 11.0900  9.7051  8.8200  7.8384  6.7587  6.1351  5.9363  8.9365 10.3291
  27  0.418942  3.5844  4.7873 -1.4362 12.2151 10.9030  9.5218  8.6488  7.7103  6.6544  6.0227  5.8307  8.7784 10.1528
  28  0.430498  3.5904  4.7753 -1.3884 12.0424 10.7177  9.3410  8.4802  7.5854  6.5532  5.9136  5.7297  8.6226  9.9800
  29  0.441772  3.5965  4.7643 -1.3418 11.8791 10.5367  9.1685  8.3203  7.4637  6.4532  5.8062  5.6318  8.4729  9.8171
  30  0.452842  3.6026  4.7542 -1.2964 11.7197 10.3585  9.0008  8.1656  7.3454  6.3554  5.7020  5.5379  8.3271  9.6590
  31  0.462432  3.6082  4.7461 -1.2570 11.5741 10.1996  8.8511  8.0277  7.2433  6.2723  5.6144  5.4591  8.1978  9.5160
  32  0.470871  3.6132  4.7393 -1.2222 11.4428 10.0569  8.7177  7.9054  7.1531  6.1991  5.5381  5.3908  8.0828  9.3880
  33  0.479908  3.6188  4.7328 -1.1851 11.3042  9.9043  8.5773  7.7775  7.0572  6.1204  5.4574  5.3188  7.9614  9.2531
  34  0.492724  3.6268  4.7248 -1.1334 11.0981  9.6841  8.3795  7.5995  6.9233  6.0115  5.3493  5.2229  7.7910  9.0587
  35  0.513655  3.6405  4.7137 -1.0499 10.7059  9.3103  8.0545  7.3127  6.7052  5.8391  5.1904  5.0817  7.5124  8.7163
  36  0.644619  3.7212  4.6536 -0.5683  7.8569  7.2160  6.3351  5.8680  5.4702  4.8947  4.4735  4.4220  6.0279  6.6082
  37  0.658031  3.7279  4.6453 -0.5241  7.6162  7.0499  6.1998  5.7506  5.3641  4.8111  4.4085  4.3592  5.9060  6.4518
  38  0.668689  3.7330  4.6382 -0.4895  7.4327  6.9228  6.0962  5.6596  5.2814  4.7454  4.3568  4.3087  5.8117  6.3340
  39  0.678258  3.7375  4.6315 -0.4586  7.2744  6.8106  6.0052  5.5797  5.2088  4.6867  4.3094  4.2633  5.7287  6.2317
  40  0.687654  3.7418  4.6245 -0.4286  7.1244  6.7030  5.9180  5.5027  5.1387  4.6296  4.2625  4.2183  5.6489  6.1345
  41  0.697444  3.7461  4.6169 -0.3977  6.9736  6.5940  5.8294  5.4242  5.0669  4.5708  4.2137  4.1714  5.5674  6.0366
  42  0.707667  3.7504  4.6085 -0.3657  6.8224  6.4830  5.7391  5.3436  4.9931  4.5097  4.1627  4.1222  5.4839  5.9374
  43  0.717936  3.7546  4.5997 -0.3338  6.6758  6.3738  5.6499  5.2637  4.9198  4.4487  4.1111  4.0725  5.4012  5.8402
  44  0.728389  3.7587  4.5904 -0.3017  6.5323  6.2656  5.5612  5.1839  4.8463  4.3869  4.0584  4.0215  5.3186  5.7439
  45  0.739084  3.7628  4.5804 -0.2693  6.3917  6.1583  5.4727  5.1039  4.7725  4.3243  4.0046  3.9691  5.2359  5.6484
  46  0.750061  3.7667  4.5699 -0.2367  6.2545  6.0517  5.3843  5.0237  4.6983  4.2608  3.9497  3.9156  5.1530  5.5537
  47  0.761350  3.7705  4.5590 -0.2040  6.1205  5.9462  5.2965  4.9436  4.6241  4.1969  3.8941  3.8612  5.0704  5.4599
  48  0.772839  3.7742  4.5476 -0.1714  5.9898  5.8424  5.2097  4.8642  4.5501  4.1328  3.8378  3.8060  4.9884  5.3675
  49  0.784451  3.7778  4.5357 -0.1387  5.8625  5.7399  5.1234  4.7848  4.4761  4.0683  3.7806  3.7499  4.9067  5.2760
  50  0.796103  3.7812  4.5232 -0.1059  5.7383  5.6372  5.0367  4.7054  4.4024  4.0036  3.7230  3.6937  4.8248  5.1842
  51  0.807688  3.7846  4.5099 -0.0730  5.6181  5.5369  4.9508  4.6257  4.3277  3.9373  3.6634  3.6350  4.7429  5.0938
  52  0.813213  3.7861  4.5033 -0.0573  5.5629  5.4914  4.9106  4.5874  4.2907  3.9040  3.6333  3.6047  4.7039  5.0519
  53  0.818632  3.7876  4.4967 -0.0418  5.5101  5.4485  4.8719  4.5497  4.2535  3.8702  3.6028  3.5735  4.6657  5.0118
  54  0.823974  3.7891  4.4901 -0.0265  5.4588  5.4066  4.8338  4.5125  4.2168  3.8367  3.5725  3.5424  4.6281  4.9725
  55  0.829260  3.7905  4.4836 -0.0114  5.4086  5.3654  4.7961  4.4757  4.1805  3.8036  3.5425  3.5116  4.5910  4.9337
  56  0.834511  3.7920  4.4771  0.0035  5.3593  5.3245  4.7586  4.4392  4.1447  3.7710  3.5128  3.4813  4.5541  4.8951
  57  0.839735  3.7934  4.4706  0.0184  5.3094  5.2820  4.7208  4.4033  4.1102  3.7398  3.4845  3.4529  4.5175  4.8559
  58  0.844935  3.7948  4.4642  0.0330  5.2594  5.2386  4.6829  4.3679  4.0768  3.7097  3.4572  3.4257  4.4812  4.8164
  59  0.850118  3.7962  4.4580  0.0475  5.2096  5.1952  4.6453  4.3329  4.0440  3.6803  3.4305  3.3994  4.4453  4.7772
  60  0.855118  3.7976  4.4521  0.0615  5.1615  5.1529  4.6091  4.2993  4.0127  3.6523  3.4051  3.3745  4.4107  4.7393
  61  0.859823  3.7989  4.4465  0.0747  5.1162  5.1129  4.5748  4.2677  3.9833  3.6262  3.3815  3.3513  4.3782  4.7035
  62  0.864284  3.8001  4.4413  0.0872  5.0737  5.0753  4.5424  4.2377  3.9554  3.6012  3.3590  3.3291  4.3474  4.6697
  63  0.868587  3.8014  4.4363  0.0992  5.0331  5.0394  4.5112  4.2087  3.9283  3.5770  3.3372  3.3076  4.3176  4.6372
  64  0.872791  3.8025  4.4315  0.1110  4.9939  5.0044  4.4808  4.1805  3.9019  3.5535  3.3159  3.2865  4.2886  4.6055
  65  0.876995  3.8037  4.4266  0.1226  4.9551  4.9697  4.4506  4.1524  3.8756  3.5300  3.2947  3.2656  4.2598  4.5741
  66  0.881286  3.8049  4.4216  0.1345  4.9161  4.9347  4.4201  4.1240  3.8491  3.5063  3.2732  3.2444  4.2306  4.5423
  67  0.885765  3.8061  4.4164  0.1467  4.8763  4.8987  4.3887  4.0947  3.8217  3.4817  3.2509  3.2223  4.2006  4.5096
  68  0.890567  3.8073  4.4108  0.1596  4.8341  4.8605  4.3555  4.0639  3.7928  3.4557  3.2273  3.1990  4.1689  4.4752
  69  0.895835  3.8086  4.4046  0.1735  4.7890  4.8193  4.3197  4.0305  3.7615  3.4274  3.2015  3.1735  4.1346  4.4380
  70  0.901749  3.8100  4.3975  0.1890  4.7396  4.7739  4.2800  3.9934  3.7265  3.3956  3.1724  3.1447  4.0965  4.3968
  71  0.908498  3.8115  4.3889  0.2067  4.6844  4.7227  4.2350  3.9511  3.6866  3.3592  3.1387  3.1113  4.0532  4.3501
  72  0.916134  3.8131  4.3789  0.2266  4.6232  4.6652  4.1841  3.9032  3.6413  3.3175  3.1000  3.0730  4.0042  4.2976
  73  0.924788  3.8147  4.3672  0.2491  4.5555  4.6011  4.1267  3.8490  3.5899  3.2699  3.0557  3.0291  3.9487  4.2384
  74  0.934501  3.8165  4.3538  0.2741  4.4816  4.5304  4.0629  3.7886  3.5326  3.2166  3.0059  2.9796  3.8871  4.1728
  75  0.945280  3.8183  4.3389  0.3012  4.4026  4.4542  3.9937  3.7230  3.4701  3.1583  2.9511  2.9252  3.8201  4.1018
  76  0.958404  3.8202  4.3208  0.3329  4.3121  4.3660  3.9129  3.6459  3.3965  3.0890  2.8856  2.8600  3.7417  4.0190
  77  0.975394  3.8222  4.2962  0.3732  4.2003  4.2559  3.8106  3.5475  3.3017  2.9987  2.7994  2.7741  3.6418  3.9146
  78  0.992952  3.8241  4.2722  0.4126  4.0922  4.1481  3.7105  3.4515  3.2095  2.9108  2.7155  2.6906  3.5444  3.8125
  79  1.004488  3.8256  4.2582  0.4373  4.0231  4.0790  3.6473  3.3915  3.1524  2.8570  2.6647  2.6402  3.4832  3.7478
  80  1.013923  3.8268  4.2481  0.4566  3.9685  4.0236  3.5977  3.3452  3.1092  2.8170  2.6275  2.6034  3.4357  3.6966
  81  1.021292  3.8279  4.2402  0.4718  3.9253  3.9793  3.5584  3.3089  3.0757  2.7860  2.5989  2.5754  3.3982  3.6559
  82  1.025527  3.8284  4.2356  0.4804  3.9011  3.9543  3.5361  3.2882  3.0565  2.7682  2.5823  2.5591  3.3769  3.6329
  83  1.029414  3.8290  4.2312  0.4886  3.8780  3.9305  3.5149  3.2685  3.0384  2.7514  2.5667  2.5438  3.3567  3.6110
  84  1.033376  3.8294  4.2267  0.4966  3.8556  3.9074  3.4941  3.2491  3.0202  2.7344  2.5508  2.5281  3.3368  3.5896
  85  1.037443  3.8299  4.2221  0.5048  3.8332  3.8843  3.4731  3.2294  3.0018  2.7171  2.5345  2.5121  3.3166  3.5681
  86  1.041541  3.8303  4.2171  0.5130  3.8108  3.8611  3.4519  3.2093  2.9828  2.6991  2.5175  2.4952  3.2961  3.5463
  87  1.045749  3.8306  4.2117  0.5215  3.7882  3.8378  3.4302  3.1886  2.9630  2.6800  2.4992  2.4770  3.2750  3.5242
  88  1.050084  3.8309  4.2057  0.5303  3.7654  3.8143  3.4079  3.1670  2.9421  2.6597  2.4795  2.4574  3.2532  3.5016
  89  1.054387  3.8310  4.1993  0.5391  3.7431  3.7914  3.3857  3.1453  2.9208  2.6388  2.4590  2.4369  3.2313  3.4792
  90  1.058513  3.8311  4.1928  0.5475  3.7219  3.7695  3.3644  3.1243  2.9001  2.6182  2.4387  2.4166  3.2102  3.4578
  91  1.062508  3.8311  4.1863  0.5557  3.7017  3.7486  3.3437  3.1037  2.8797  2.5978  2.4183  2.3963  3.1896  3.4370
  92  1.066410  3.8310  4.1797  0.5638  3.6820  3.7283  3.3235  3.0835  2.8594  2.5774  2.3980  2.3759  3.1693  3.4168
  93  1.070244  3.8310  4.1729  0.5717  3.6629  3.7085  3.3035  3.0634  2.8392  2.5570  2.3775  2.3553  3.1493  3.3969
  94  1.074055  3.8308  4.1660  0.5797  3.6440  3.6889  3.2836  3.0434  2.8190  2.5365  2.3568  2.3346  3.1293  3.3771
  95  1.077837  3.8307  4.1591  0.5876  3.6251  3.6694  3.2638  3.0233  2.7988  2.5159  2.3360  2.3137  3.1093  3.3573
  96  1.081634  3.8305  4.1519  0.5956  3.6063  3.6499  3.2438  3.0031  2.7783  2.4950  2.3149  2.2925  3.0892  3.3375
  97  1.085443  3.8304  4.1448  0.6036  3.5871  3.6300  3.2236  2.9827  2.7577  2.4740  2.2937  2.2712  3.0689  3.3174
  98  1.089272  3.8302  4.1377  0.6118  3.5676  3.6098  3.2032  2.9620  2.7369  2.4529  2.2725  2.2499  3.0483  3.2970
  99  1.093101  3.8302  4.1306  0.6201  3.5477  3.5892  3.1824  2.9412  2.7160  2.4318  2.2513  2.2286  3.0275  3.2763
 100  1.096885  3.8301  4.1236  0.6284  3.5275  3.5682  3.1615  2.9204  2.6952  2.4108  2.2303  2.2077  3.0067  3.2554
 101  1.100592  3.8301  4.1168  0.6367  3.5068  3.5469  3.1405  2.8995  2.6746  2.3903  2.2099  2.1873  2.9858  3.2344
 102  1.103931  3.8303  4.1108  0.6446  3.4866  3.5260  3.1204  2.8798  2.6553  2.3713  2.1914  2.1688  2.9659  3.2140
 103  1.106915  3.8305  4.1054  0.6522  3.4669  3.5058  3.1012  2.8613  2.6374  2.3540  2.1747  2.1521  2.9472  3.1946
 104  1.109557  3.8308  4.1006  0.6592  3.4481  3.4864  3.0832  2.8440  2.6208  2.3382  2.1595  2.1370  2.9296  3.1762
 105  1.111889  3.8314  4.0971  0.6660  3.4285  3.4666  3.0656  2.8278  2.6058  2.3245  2.1471  2.1247  2.9128  3.1580
 106  1.113901  3.8318  4.0931  0.6721  3.4121  3.4498  3.0501  2.8130  2.5918  2.3113  2.1346  2.1123  2.8978  3.1421
 107  1.115617  3.8324  4.0905  0.6780  3.3948  3.4323  3.0349  2.7992  2.5793  2.3003  2.1250  2.1027  2.8835  3.1263
 108  1.117052  3.8329  4.0879  0.6832  3.3795  3.4169  3.0213  2.7866  2.5678  2.2899  2.1158  2.0935  2.8705  3.1122
 109  1.118261  3.8336  4.0862  0.6883  3.3641  3.4016  3.0083  2.7749  2.5573  2.2810  2.1083  2.0861  2.8583  3.0985
 110  1.119260  3.8343  4.0846  0.6929  3.3499  3.3874  2.9963  2.7642  2.5477  2.2729  2.1015  2.0794  2.8471  3.0859
 111  1.120122  3.8351  4.0835  0.6974  3.3359  3.3736  2.9847  2.7539  2.5388  2.2656  2.0957  2.0737  2.8364  3.0737
 112  1.121432  3.8364  4.0820  0.7048  3.3121  3.3502  2.9655  2.7371  2.5243  2.2541  2.0868  2.0649  2.8186  3.0532
 113  1.122471  3.8379  4.0809  0.7120  3.2885  3.3270  2.9466  2.7207  2.5104  2.2434  2.0789  2.0570  2.8013  3.0331
 114  1.123311  3.8394  4.0804  0.7191  3.2652  3.3040  2.9282  2.7050  2.4973  2.2336  2.0722  2.0504  2.7845  3.0133
 115  1.123975  3.8410  4.0801  0.7260  3.2424  3.2813  2.9101  2.6897  2.4848  2.2246  2.0662  2.0445  2.7682  2.9940
 116  1.124511  3.8426  4.0799  0.7327  3.2202  3.2591  2.8925  2.6749  2.4728  2.2160  2.0607  2.0391  2.7523  2.9751
 117  1.124957  3.8442  4.0797  0.7394  3.1985  3.2373  2.8752  2.6604  2.4612  2.2077  2.0554  2.0339  2.7367  2.9565
 118  1.125311  3.8457  4.0796  0.7459  3.1774  3.2159  2.8583  2.6461  2.4497  2.1995  2.0503  2.0288  2.7214  2.9382
 119  1.125599  3.8472  4.0794  0.7523  3.1566  3.1949  2.8416  2.6321  2.4385  2.1915  2.0452  2.0238  2.7064  2.9202
 120  1.125850  3.8487  4.0791  0.7586  3.1363  3.1742  2.8250  2.6182  2.4273  2.1835  2.0400  2.0188  2.6915  2.9024
 121  1.126050  3.8502  4.0787  0.7649  3.1163  3.1538  2.8086  2.6044  2.4161  2.1753  2.0347  2.0135  2.6767  2.8848
 122  1.126187  3.8516  4.0779  0.7713  3.0967  3.1337  2.7922  2.5904  2.4046  2.1667  2.0286  2.0075  2.6618  2.8672
 123  1.126360  3.8527  4.0761  0.7777  3.0775  3.1139  2.7755  2.5759  2.3921  2.1566  2.0207  1.9996  2.6464  2.8496
 124  1.126822  3.8533  4.0722  0.7843  3.0594  3.0952  2.7586  2.5601  2.3775  2.1434  2.0087  1.9877  2.6302  2.8321
 125  1.127778  3.8536  4.0670  0.7908  3.0429  3.0780  2.7421  2.5441  2.3621  2.1285  1.9944  1.9733  2.6140  2.8154
 126  1.128946  3.8526  4.0572  0.7973  3.0299  3.0642  2.7260  2.5265  2.3429  2.1072  1.9715  1.9503  2.5970  2.8001
 127  1.130574  3.8517  4.0477  0.8039  3.0164  3.0500  2.7097  2.5087  2.3236  2.0861  1.9488  1.9275  2.5797  2.7844
 128  1.132655  3.8511  4.0397  0.8101  3.0030  3.0358  2.6940  2.4921  2.3060  2.0671  1.9288  1.9074  2.5635  2.7693
 129  1.134801  3.8506  4.0325  0.8162  2.9895  3.0217  2.6788  2.4760  2.2892  2.0493  1.9101  1.8887  2.5478  2.7544
 130  1.136963  3.8502  4.0256  0.8222  2.9761  3.0077  2.6637  2.4603  2.2729  2.0320  1.8922  1.8706  2.5323  2.7397
 131  1.139099  3.8500  4.0196  0.8283  2.9620  2.9930  2.6486  2.4449  2.2572  2.0159  1.8758  1.8542  2.5170  2.7247
 132  1.141232  3.8497  4.0134  0.8341  2.9484  2.9788  2.6338  2.4297  2.2416  1.9997  1.8592  1.8375  2.5020  2.7101
 133  1.143314  3.8494  4.0072  0.8400  2.9351  2.9648  2.6192  2.4147  2.2261  1.9836  1.8425  1.8208  2.4871  2.6957
 134  1.145345  3.8491  4.0008  0.8458  2.9217  2.9509  2.6045  2.3995  2.2105  1.9672  1.8257  1.8039  2.4721  2.6813
 135  1.147362  3.8488  3.9944  0.8517  2.9085  2.9371  2.5899  2.3844  2.1948  1.9508  1.8088  1.7869  2.4572  2.6669
 136  1.149367  3.8484  3.9879  0.8575  2.8954  2.9233  2.5753  2.3693  2.1792  1.9344  1.7917  1.7699  2.4423  2.6526
 137  1.151359  3.8480  3.9814  0.8633  2.8824  2.9097  2.5608  2.3542  2.1635  1.9179  1.7747  1.7527  2.4274  2.6384
 138  1.153332  3.8476  3.9748  0.8691  2.8694  2.8961  2.5463  2.3391  2.1478  1.9014  1.7575  1.7355  2.4125  2.6242
 139  1.155279  3.8472  3.9681  0.8748  2.8566  2.8827  2.5319  2.3240  2.1321  1.8849  1.7403  1.7182  2.3977  2.6101
 140  1.157194  3.8468  3.9614  0.8806  2.8440  2.8694  2.5176  2.3091  2.1165  1.8683  1.7231  1.7009  2.3830  2.5961
 141  1.159072  3.8464  3.9547  0.8862  2.8316  2.8564  2.5035  2.2942  2.1010  1.8519  1.7058  1.6836  2.3685  2.5823
 142  1.160911  3.8459  3.9479  0.8918  2.8195  2.8436  2.4895  2.2795  2.0856  1.8354  1.6886  1.6663  2.3541  2.5687
 143  1.162708  3.8454  3.9411  0.8973  2.8076  2.8311  2.4758  2.2651  2.0703  1.8191  1.6714  1.6491  2.3399  2.5554
 144  1.164463  3.8449  3.9343  0.9027  2.7962  2.8190  2.4624  2.2508  2.0551  1.8028  1.6542  1.6318  2.3259  2.5424
 145  1.166173  3.8443  3.9274  0.9080  2.7850  2.8073  2.4492  2.2367  2.0401  1.7866  1.6370  1.6146  2.3122  2.5296
 146  1.167841  3.8437  3.9204  0.9133  2.7743  2.7959  2.4363  2.2228  2.0253  1.7705  1.6199  1.5973  2.2987  2.5172
 147  1.169468  3.8431  3.9135  0.9184  2.7640  2.7849  2.4237  2.2092  2.0106  1.7545  1.6028  1.5802  2.2855  2.5050
 148  1.171053  3.8425  3.9064  0.9234  2.7540  2.7744  2.4113  2.1958  1.9961  1.7385  1.5857  1.5630  2.2725  2.4932
 149  1.172599  3.8418  3.8994  0.9282  2.7445  2.7642  2.3993  2.1826  1.9818  1.7227  1.5687  1.5459  2.2597  2.4817
 150  1.174107  3.8411  3.8923  0.9330  2.7354  2.7544  2.3875  2.1696  1.9676  1.7070  1.5517  1.5288  2.2472  2.4705
 151  1.175578  3.8403  3.8851  0.9377  2.7267  2.7450  2.3761  2.1569  1.9536  1.6913  1.5346  1.5117  2.2350  2.4596
 152  1.177015  3.8395  3.8779  0.9423  2.7184  2.7360  2.3649  2.1444  1.9398  1.6757  1.5176  1.4945  2.2230  2.4491
 153  1.178419  3.8387  3.8707  0.9468  2.7105  2.7273  2.3539  2.1321  1.9261  1.6602  1.5006  1.4774  2.2112  2.4388
 154  1.179794  3.8378  3.8634  0.9512  2.7030  2.7191  2.3433  2.1199  1.9125  1.6448  1.4836  1.4603  2.1996  2.4289
 155  1.181141  3.8370  3.8560  0.9555  2.6959  2.7112  2.3328  2.1080  1.8992  1.6294  1.4666  1.4432  2.1883  2.4192
 156  1.182462  3.8361  3.8487  0.9597  2.6892  2.7036  2.3227  2.0963  1.8859  1.6141  1.4497  1.4261  2.1772  2.4098
 157  1.183760  3.8351  3.8412  0.9638  2.6829  2.6964  2.3128  2.0848  1.8728  1.5989  1.4327  1.4090  2.1663  2.4007
 158  1.185037  3.8341  3.8338  0.9679  2.6769  2.6896  2.3031  2.0734  1.8599  1.5838  1.4157  1.3920  2.1556  2.3919
 159  1.186293  3.8331  3.8263  0.9718  2.6713  2.6830  2.2936  2.0623  1.8471  1.5688  1.3988  1.3750  2.1450  2.3833
 160  1.187533  3.8321  3.8188  0.9757  2.6661  2.6766  2.2843  2.0513  1.8344  1.5539  1.3820  1.3581  2.1347  2.3749
 161  1.188757  3.8311  3.8112  0.9796  2.6611  2.6706  2.2753  2.0406  1.8220  1.5391  1.3652  1.3413  2.1246  2.3667
 162  1.191190  3.8290  3.7963  0.9870  2.6518  2.6588  2.2577  2.0196  1.7976  1.5101  1.3322  1.3082  2.1049  2.3507
 163  1.193668  3.8266  3.7802  0.9945  2.6445  2.6485  2.2404  1.9983  1.7724  1.4796  1.2970  1.2729  2.0851  2.3353
 164  1.196191  3.8239  3.7627  1.0019  2.6394  2.6400  2.2234  1.9767  1.7463  1.4472  1.2593  1.2349  2.0652  2.3207
 165  1.198756  3.8207  3.7435  1.0092  2.6378  2.6342  2.2072  1.9549  1.7191  1.4125  1.2185  1.1935  2.0455  2.3073
 166  1.201376  3.8169  3.7223  1.0162  2.6413  2.6322  2.1925  1.9336  1.6914  1.3760  1.1744  1.1488  2.0267  2.2960
 167  1.204102  3.8123  3.6988  1.0224  2.6529  2.6363  2.1806  1.9136  1.6636  1.3375  1.1269  1.1005  2.0097  2.2881
 168  1.206907  3.8067  3.6730  1.0270  2.6782  2.6504  2.1738  1.8968  1.6374  1.2980  1.0763  1.0488  1.9966  2.2864
 169  1.209691  3.8001  3.6461  1.0283  2.7214  2.6779  2.1771  1.8881  1.6177  1.2621  1.0270  0.9982  1.9922  2.2960
 170  1.212226  3.7928  3.6213  1.0249  2.7930  2.7183  2.1916  1.8914  1.6102  1.2362  0.9883  0.9569  1.9995  2.3165
 171  1.214311  3.7857  3.6021  1.0166  2.8679  2.7708  2.2233  1.9103  1.6170  1.2251  0.9627  0.9296  2.0223  2.3547
 172  1.215954  3.7795  3.5892  1.0049  2.9659  2.8405  2.2593  1.9341  1.6304  1.2221  0.9460  0.9115  2.0508  2.3983
 173  1.217278  3.7740  3.5813  0.9914  3.0612  2.9082  2.3009  1.9651  1.6524  1.2295  0.9417  0.9056  2.0856  2.4465
 174  1.218395  3.7691  3.5769  0.9767  3.1533  2.9745  2.3456  2.0003  1.6795  1.2436  0.9451  0.9077  2.1239  2.4969
 175  1.219389  3.7647  3.5748  0.9614  3.2446  3.0408  2.3917  2.0375  1.7094  1.2613  0.9528  0.9142  2.1641  2.5486
 176  1.220319  3.7605  3.5740  0.9458  3.3357  3.1070  2.4387  2.0761  1.7411  1.2814  0.9633  0.9235  2.2054  2.6010
 177  1.221235  3.7565  3.5739  0.9301  3.4279  3.1735  2.4863  2.1155  1.7737  1.3027  0.9750  0.9341  2.2473  2.6540
 178  1.222194  3.7524  3.5737  0.9144  3.5228  3.2404  2.5342  2.1551  1.8066  1.3240  0.9866  0.9446  2.2895  2.7076
 179  1.223275  3.7481  3.5724  0.8989  3.6227  3.3090  2.5825  2.1946  1.8389  1.3438  0.9961  0.9528  2.3317  2.7620
 180  1.224710  3.7431  3.5673  0.8842  3.7343  3.3826  2.6317  2.2330  1.8690  1.3587  0.9987  0.9537  2.3733  2.8189
 181  1.226957  3.7366  3.5487  0.8778  3.8499  3.4470  2.6648  2.2524  1.8775  1.3475  0.9717  0.9241  2.3967  2.8621
 182  1.228536  3.7329  3.5308  0.8816  3.8988  3.4657  2.6658  2.2454  1.8643  1.3229  0.9379  0.8888  2.3919  2.8689
 183  1.230076  3.7300  3.5100  0.8912  3.9224  3.4647  2.6505  2.2238  1.8376  1.2869  0.8945  0.8442  2.3720  2.8584
 184  1.231541  3.7276  3.4879  0.9043  3.9285  3.4508  2.6251  2.1932  1.8030  1.2447  0.8463  0.7948  2.3428  2.8368
 185  1.232944  3.7256  3.4654  0.9193  3.9241  3.4292  2.5938  2.1576  1.7639  1.1991  0.7956  0.7432  2.3084  2.8088
 186  1.234300  3.7239  3.4427  0.9356  3.9126  3.4026  2.5589  2.1189  1.7221  1.1516  0.7437  0.6905  2.2706  2.7766
 187  1.235617  3.7223  3.4198  0.9527  3.8960  3.3724  2.5212  2.0779  1.6785  1.1028  0.6910  0.6371  2.2305  2.7414
 188  1.236898  3.7209  3.3969  0.9704  3.8757  3.3394  2.4816  2.0352  1.6334  1.0530  0.6378  0.5830  2.1886  2.7039
 189  1.238147  3.7196  3.3738  0.9887  3.8524  3.3043  2.4403  1.9912  1.5870  1.0022  0.5838  0.5283  2.1452  2.6646
 190  1.239364  3.7183  3.3505  1.0074  3.8269  3.2674  2.3976  1.9459  1.5396  0.9506  0.5292  0.4731  2.1006  2.6238
 191  1.240550  3.7172  3.3270  1.0265  3.7997  3.2291  2.3538  1.8996  1.4912  0.8982  0.4739  0.4171  2.0549  2.5818
 192  1.241706  3.7160  3.3033  1.0460  3.7712  3.1897  2.3090  1.8524  1.4420  0.8450  0.4180  0.3605  2.0083  2.5386
 193  1.242829  3.7149  3.2793  1.0660  3.7413  3.1492  2.2632  1.8043  1.3918  0.7909  0.3612  0.3030  1.9607  2.4945
 194  1.243920  3.7137  3.2549  1.0862  3.7105  3.1079  2.2165  1.7552  1.3407  0.7360  0.3035  0.2447  1.9121  2.4495
 195  1.244978  3.7126  3.2301  1.1069  3.6787  3.0655  2.1688  1.7052  1.2887  0.6801  0.2449  0.1854  1.8627  2.4035
 196  1.246001  3.7115  3.2050  1.1279  3.6462  3.0224  2.1203  1.6542  1.2358  0.6232  0.1853  0.1252  1.8123  2.3567
 197  1.246990  3.7104  3.1794  1.1494  3.6131  2.9785  2.0709  1.6024  1.1819  0.5654  0.1246  0.0638  1.7610  2.3090
 198  1.247943  3.7093  3.1534  1.1712  3.5794  2.9338  2.0206  1.5497  1.1270  0.5065  0.0628  0.0014  1.7089  2.2605
 199  1.248859  3.7081  3.1269  1.1934  3.5449  2.8881  1.9694  1.4959  1.0712  0.4467  0.0001 -0.0620  1.6557  2.2110
 200  1.249740  3.7070  3.1000  1.2161  3.5103  2.8419  1.9173  1.4414  1.0145  0.3857 -0.0638 -0.1266  1.6017  2.1608
 201  1.250584  3.7058  3.0726  1.2391  3.4752  2.7947  1.8644  1.3858  0.9568  0.3238 -0.1287 -0.1922  1.5468  2.1097
 202  1.251397  3.7046  3.0446  1.2625  3.4399  2.7471  1.8107  1.3295  0.8982  0.2608 -0.1947 -0.2590  1.4910  2.0580
 203  1.252178  3.7034  3.0163  1.2863  3.4039  2.6987  1.7561  1.2722  0.8387  0.1968 -0.2619 -0.3269  1.4344  2.0055
 204  1.252927  3.7021  2.9872  1.3104  3.3679  2.6500  1.7010  1.2142  0.7782  0.1317 -0.3304 -0.3962  1.3769  1.9524
 205  1.253647  3.7008  2.9577  1.3350  3.3320  2.6010  1.6452  1.1554  0.7168  0.0655 -0.4001 -0.4667  1.3188  1.8989
 206  1.254337  3.6994  2.9276  1.3599  3.2953  2.5512  1.5886  1.0957  0.6546 -0.0016 -0.4710 -0.5383  1.2598  1.8445
 207  1.254998  3.6981  2.8970  1.3852  3.2573  2.5009  1.5315  1.0354  0.5915 -0.0697 -0.5431 -0.6109  1.2001  1.7897
 208  1.255629  3.6966  2.8658  1.4109  3.2181  2.4499  1.4736  0.9742  0.5275 -0.1388 -0.6164 -0.6847  1.1395  1.7342
 209  1.256235  3.6952  2.8342  1.4369  3.1786  2.3984  1.4151  0.9123  0.4628 -0.2087 -0.6908 -0.7595  1.0783  1.6782
 210  1.256811  3.6937  2.8020  1.4633  3.1393  2.3466  1.3560  0.8497  0.3971 -0.2798 -0.7665 -0.8356  1.0163  1.6217
 211  1.257361  3.6922  2.7693  1.4901  3.0999  2.2943  1.2962  0.7863  0.3306 -0.3518 -0.8432 -0.9128  0.9536  1.5646
 212  1.257886  3.6906  2.7361  1.5172  3.0612  2.2417  1.2359  0.7222  0.2634 -0.4248 -0.9210 -0.9911  0.8902  1.5071
 213  1.258385  3.6890  2.7025  1.5446  3.0250  2.1890  1.1750  0.6575  0.1954 -0.4987 -0.9995 -1.0705  0.8262  1.4491
 214  1.258861  3.6874  2.6685  1.5722  2.9904  2.1364  1.1138  0.5924  0.1269 -0.5734 -1.0786 -1.1509  0.7618  1.3910
 215  1.259314  3.6857  2.6342  1.6001  2.9567  2.0836  1.0523  0.5268  0.0580 -0.6487 -1.1584 -1.2319  0.6969  1.3326
 216  1.259745  3.6840  2.5995  1.6282  2.9242  2.0309  0.9905  0.4609 -0.0114 -0.7246 -1.2387 -1.3137  0.6318  1.2740
 217  1.259815  3.6837  2.5937  1.6328  2.9190  2.0222  0.9802  0.4499 -0.0230 -0.7373 -1.2522 -1.3274  0.6209  1.2644
 218  1.259884  3.6834  2.5879  1.6376  2.9136  2.0134  0.9698  0.4389 -0.0347 -0.7501 -1.2657 -1.3411  0.6100  1.2546
 219  1.259953  3.6832  2.5820  1.6423  2.9084  2.0046  0.9595  0.4278 -0.0463 -0.7629 -1.2793 -1.3550  0.5990  1.2448
 220  1.260021  3.6829  2.5761  1.6470  2.9031  1.9957  0.9491  0.4166 -0.0581 -0.7757 -1.2929 -1.3688  0.5880  1.2349
 221  1.260089  3.6826  2.5702  1.6518  2.8980  1.9869  0.9386  0.4055 -0.0699 -0.7887 -1.3066 -1.3828  0.5770  1.2251
 222  1.260157  3.6823  2.5643  1.6566  2.8928  1.9780  0.9281  0.3943 -0.0817 -0.8017 -1.3203 -1.3968  0.5659  1.2152
 223  1.260225  3.6820  2.5583  1.6614  2.8874  1.9690  0.9176  0.3830 -0.0936 -0.8147 -1.3341 -1.4109  0.5547  1.2052
 224  1.260292  3.6817  2.5523  1.6663  2.8821  1.9600  0.9070  0.3716 -0.1055 -0.8278 -1.3479 -1.4250  0.5435  1.1952
 225  1.260359  3.6814  2.5463  1.6711  2.8769  1.9510  0.8963  0.3603 -0.1175 -0.8409 -1.3619 -1.4392  0.5323  1.1852
 226  1.260425  3.6811  2.5402  1.6760  2.8716  1.9420  0.8857  0.3489 -0.1295 -0.8541 -1.3759 -1.4534  0.5210  1.1751
 227  1.261009  3.6783  2.4842  1.7210  2.8250  1.8598  0.7882  0.2442 -0.2402 -0.9759 -1.5053 -1.5852  0.4176  1.0836
 228  1.261532  3.6754  2.4290  1.7649  2.7832  1.7810  0.6939  0.1426 -0.3480 -1.0950 -1.6320 -1.7145  0.3171  0.9956
 229  1.262018  3.6725  2.3733  1.8091  2.7439  1.7028  0.5999  0.0410 -0.4561 -1.2149 -1.7596 -1.8448  0.2166  0.9082
 230  1.262461  3.6696  2.3180  1.8528  2.7069  1.6263  0.5075 -0.0592 -0.5628 -1.3335 -1.8860 -1.9739  0.1176  0.8228
 231  1.262863  3.6667  2.2654  1.8941  2.6743  1.5552  0.4210 -0.1534 -0.6635 -1.4457 -2.0059 -2.0965  0.0244  0.7431
 232  1.263223  3.6643  2.2205  1.9294  2.6483  1.4954  0.3479 -0.2333 -0.7492 -1.5414 -2.1083 -2.2013 -0.0546  0.6762
 233  1.263565  3.6628  2.1921  1.9518  2.6315  1.4575  0.3015 -0.2839 -0.8034 -1.6019 -2.1731 -2.2676 -0.1047  0.6337
 234  1.263898  3.6633  2.1991  1.9473  2.6277  1.4617  0.3089 -0.2748 -0.7929 -1.5889 -2.1583 -2.2522 -0.0958  0.6394
 235  1.264266  3.6614  2.1606  1.9780  2.6028  1.4087  0.2448 -0.3445 -0.8674 -1.6717 -2.2467 -2.3426 -0.1648  0.5805
 236  1.264606  3.6579  2.0985  2.0263  2.5748  1.3309  0.1473 -0.4523 -0.9837 -1.8026 -2.3878 -2.4872 -0.2713  0.4930
 237  1.264913  3.6544  2.0371  2.0739  2.5489  1.2552  0.0520 -0.5580 -1.0982 -1.9317 -2.5269 -2.6301 -0.3759  0.4079
 238  1.265185  3.6511  1.9783  2.1194  2.5268  1.1843 -0.0378 -0.6582 -1.2071 -2.0548 -2.6598 -2.7666 -0.4750  0.3286
 239  1.265430  3.6477  1.9206  2.1638  2.5088  1.1169 -0.1240 -0.7550 -1.3130 -2.1748 -2.7897 -2.9003 -0.5708  0.2534
 240  1.265652  3.6444  1.8639  2.2072  2.4935  1.0524 -0.2072 -0.8489 -1.4163 -2.2923 -2.9170 -3.0314 -0.6640  0.1815
 241  1.265853  3.6411  1.8082  2.2497  2.4814  0.9908 -0.2874 -0.9400 -1.5171 -2.4073 -3.0416 -3.1600 -0.7543  0.1129
 242  1.266036  3.6378  1.7536  2.2913  2.4712  0.9317 -0.3649 -1.0284 -1.6155 -2.5198 -3.1636 -3.2861 -0.8421  0.0472
 243  1.266198  3.6346  1.7011  2.3313  2.4629  0.8761 -0.4382 -1.1122 -1.7095 -2.6276 -3.2805 -3.4071 -0.9256 -0.0145
 244  1.266349  3.6314  1.6484  2.3712  2.4566  0.8218 -0.5103 -1.1948 -1.8031 -2.7353 -3.3973 -3.5283 -1.0081 -0.0745
 245  1.266487  3.6283  1.5968  2.4102  2.4514  0.7696 -0.5797 -1.2747 -1.8943 -2.8407 -3.5114 -3.6470 -1.0881 -0.1322
 246  1.266613  3.6252  1.5465  2.4482  2.4474  0.7199 -0.6460 -1.3513 -1.9827 -2.9432 -3.6225 -3.7627 -1.1652 -0.1871
 247  1.266727  3.6221  1.4974  2.4852  2.4449  0.6731 -0.7090 -1.4243 -2.0683 -3.0429 -3.7307 -3.8755 -1.2389 -0.2387
 248  1.266833  3.6191  1.4486  2.5217  2.4442  0.6286 -0.7694 -1.4949 -2.1525 -3.1416 -3.8385 -3.9877 -1.3107 -0.2874
 249  1.266931  3.6160  1.4007  2.5574  2.4442  0.5865 -0.8269 -1.5624 -2.2345 -3.2380 -3.9440 -4.0977 -1.3796 -0.3338
 250  1.267020  3.6130  1.3539  2.5923  2.4446  0.5466 -0.8815 -1.6267 -2.3142 -3.3321 -4.0471 -4.2052 -1.4458 -0.3779
 251  1.267103  3.6101  1.3081  2.6264  2.4441  0.5082 -0.9337 -1.6883 -2.3920 -3.4241 -4.1479 -4.3104 -1.5097 -0.4208
 252  1.267180  3.6071  1.2626  2.6601  2.4437  0.4717 -0.9837 -1.7475 -2.4686 -3.5152 -4.2477 -4.4146 -1.5718 -0.4619
 253  1.267251  3.6043  1.2186  2.6927  2.4431  0.4377 -1.0304 -1.8030 -2.5424 -3.6034 -4.3443 -4.5155 -1.6305 -0.5004
 254  1.267316  3.6015  1.1753  2.7247  2.4423  0.4058 -1.0743 -1.8556 -2.6144 -3.6899 -4.4390 -4.6145 -1.6869 -0.5368
 255  1.267378  3.5987  1.1327  2.7562  2.4408  0.3757 -1.1159 -1.9056 -2.6850 -3.7752 -4.5324 -4.7123 -1.7412 -0.5714
 256  1.267434  3.5960  1.0913  2.7867  2.4381  0.3476 -1.1548 -1.9527 -2.7532 -3.8578 -4.6229 -4.8071 -1.7929 -0.6044
 257  1.267488  3.5933  1.0504  2.8169  2.4343  0.3212 -1.1917 -1.9977 -2.8201 -3.9393 -4.7123 -4.9007 -1.8429 -0.6361
 258  1.267537  3.5906  1.0106  2.8462  2.4295  0.2967 -1.2259 -2.0398 -2.8849 -4.0187 -4.7993 -4.9919 -1.8906 -0.6661
 259  1.267584  3.5880  0.9712  2.8750  2.4253  0.2749 -1.2572 -2.0788 -2.9482 -4.0968 -4.8850 -5.0818 -1.9357 -0.6934
 260  1.267627  3.5854  0.9326  2.9032  2.4210  0.2554 -1.2852 -2.1143 -3.0096 -4.1733 -4.9688 -5.1698 -1.9782 -0.7186
 261  1.267668  3.5828  0.8948  2.9307  2.4161  0.2378 -1.3104 -2.1470 -3.0693 -4.2482 -5.0507 -5.2558 -2.0185 -0.7421
 262  1.267706  3.5803  0.8579  2.9576  2.4108  0.2224 -1.3324 -2.1765 -3.1270 -4.3214 -5.1304 -5.3397 -2.0563 -0.7635
 263  1.267742  3.5778  0.8214  2.9841  2.4052  0.2086 -1.3523 -2.2037 -3.1837 -4.3937 -5.2093 -5.4226 -2.0925 -0.7836
 264  1.267776  3.5753  0.7859  3.0098  2.3995  0.1972 -1.3688 -2.2276 -3.2382 -4.4639 -5.2859 -5.5032 -2.1260 -0.8015
 265  1.267808  3.5729  0.7509  3.0351  2.3936  0.1885 -1.3820 -2.2484 -3.2910 -4.5330 -5.3613 -5.5825 -2.1573 -0.8172
 266  1.267838  3.5705  0.7164  3.0600  2.3875  0.1823 -1.3916 -2.2661 -3.3424 -4.6012 -5.4358 -5.6608 -2.1864 -0.8307
 267  1.267866  3.5681  0.6826  3.0844  2.3819  0.1797 -1.3965 -2.2796 -3.3916 -4.6679 -5.5088 -5.7377 -2.2124 -0.8411
 268  1.267893  3.5658  0.6494  3.1082  2.3754  0.1791 -1.3982 -2.2896 -3.4397 -4.7335 -5.5805 -5.8130 -2.2361 -0.8498
 269  1.267919  3.5635  0.6167  3.1317  2.3689  0.1814 -1.3958 -2.2962 -3.4860 -4.7980 -5.6510 -5.8871 -2.2574 -0.8561
 270  1.267943  3.5612  0.5848  3.1545  2.3628  0.1871 -1.3887 -2.2990 -3.5297 -4.8610 -5.7198 -5.9594 -2.2759 -0.8593
 271  1.267966  3.5589  0.5533  3.1769  2.3573  0.1967 -1.3763 -2.2977 -3.5711 -4.9230 -5.7877 -6.0307 -2.2913 -0.8590
 272  1.267988  3.5568  0.5227  3.1987  2.3514  0.2085 -1.3604 -2.2938 -3.6103 -4.9834 -5.8538 -6.1001 -2.3048 -0.8567
 273  1.268008  3.5545  0.4923  3.2202  2.3487  0.2254 -1.3394 -2.2862 -3.6472 -5.0433 -5.9192 -6.1690 -2.3153 -0.8514
 274  1.268028  3.5524  0.4626  3.2413  2.3461  0.2464 -1.3130 -2.2744 -3.6816 -5.1021 -5.9832 -6.2364 -2.3229 -0.8425
 275  1.268047  3.5502  0.4337  3.2617  2.3424  0.2705 -1.2811 -2.2585 -3.7132 -5.1594 -6.0455 -6.3020 -2.3276 -0.8304
 276  1.268065  3.5482  0.4054  3.2817  2.3371  0.2981 -1.2428 -2.2380 -3.7417 -5.2154 -6.1064 -6.3661 -2.3290 -0.8144
 277  1.268082  3.5461  0.3779  3.3011  2.3301  0.3294 -1.1974 -2.2124 -3.7669 -5.2699 -6.1657 -6.4284 -2.3269 -0.7940
 278  1.268653  3.5442  0.3522  3.3194  2.3208  0.3624 -1.1472 -2.1835 -3.7883 -5.3217 -6.2217 -6.4872 -2.3222 -0.7708
 279  1.268670  3.5426  0.3298  3.3352  2.3068  0.4015 -1.0827 -2.1432 -3.8020 -5.3672 -6.2706 -6.5386 -2.3094 -0.7403