#NUMBER OF AGES=1 MAGS=10
#----------------------------------------------------       
#MIX-LEN  Y      Z          Zeff        [Fe/H] [a/Fe]
# 1.9380  0.2826 2.3222E-02 5.2928E-03  0.00   0.00
#----------------------------------------------------       
#**PHOTOMETRIC SYSTEM**: Bessell UBV(RI)c + 2MASS JHKs + Kepler (Vega)
#AGE= 3.000 EEPS=272
#EEP   M/Mo    LogTeff  LogG   LogL/Lo U       B       V       R       I       J       H       Ks      Kp      D51     
   8  0.113641  3.5116  5.2063 -2.7132 16.6148 15.1144 13.5280 12.4432 11.0296  9.6430  9.0998  8.8608 12.4120 14.1863
   9  0.139564  3.5136  5.1378 -2.5474 16.1050 14.6494 13.0836 12.0088 10.6112  9.2334  8.6905  8.4515 11.9837 13.7294
  10  0.172768  3.5178  5.0782 -2.3780 15.5447 14.1385 12.5996 11.5433 10.1766  8.8204  8.2758  8.0387 11.5299 13.2322
  11  0.197156  3.5220  5.0469 -2.2727 15.1741 13.7995 12.2806 11.2409  9.9023  8.5677  8.0203  7.7857 11.2380 12.9054
  12  0.208534  3.5238  5.0338 -2.2280 15.0181 13.6559 12.1453 11.1125  9.7858  8.4604  7.9116  7.6781 11.1140 12.7670
  13  0.215410  3.5249  5.0257 -2.2015 14.9264 13.5712 12.0656 11.0369  9.7171  8.3971  7.8473  7.6145 11.0408 12.6855
  14  0.220528  3.5257  5.0209 -2.1832 14.8622 13.5117 12.0096 10.9839  9.6693  8.3534  7.8029  7.5706 10.9897 12.6284
  15  0.224974  3.5264  5.0164 -2.1672 14.8058 13.4595 11.9604 10.9374  9.6274  8.3151  7.7639  7.5321 10.9449 12.5782
  16  0.231065  3.5274  5.0105 -2.1457 14.7304 13.3895 11.8946 10.8751  9.5714  8.2640  7.7119  7.4807 10.8848 12.5110
  17  0.237580  3.5285  5.0033 -2.1221 14.6476 13.3126 11.8223 10.8067  9.5098  8.2078  7.6547  7.4241 10.8189 12.4372
  18  0.245468  3.5299  4.9942 -2.0934 14.5475 13.2192 11.7345 10.7237  9.4351  8.1396  7.5850  7.3552 10.7388 12.3477
  19  0.254817  3.5315  4.9822 -2.0586 14.4267 13.1062 11.6283 10.6232  9.3444  8.0566  7.5000  7.2713 10.6417 12.2394
  20  0.264478  3.5333  4.9691 -2.0223 14.3020 12.9890 11.5183 10.5189  9.2504  7.9705  7.4116  7.1840 10.5410 12.1272
  21  0.274691  3.5352  4.9556 -1.9847 14.1723 12.8667 11.4032 10.4101  9.1527  7.8814  7.3199  7.0934 10.4360 12.0102
  22  0.285999  3.5374  4.9413 -1.9439 14.0306 12.7322 11.2768 10.2908  9.0466  7.7854  7.2207  6.9955 10.3212 11.8819
  23  0.300992  3.5408  4.9236 -1.8906 13.8421 12.5522 11.1076 10.1317  8.9071  7.6611  7.0916  6.8681 10.1688 11.7109
  24  0.332751  3.5497  4.8860 -1.7736 13.4225 12.1450 10.7232  9.7710  8.5973  7.3939  6.8115  6.5921  9.8255 11.3260
  25  0.357920  3.5582  4.8553 -1.6772 13.0782 11.8022 10.3960  9.4642  8.3413  7.1779  6.5832  6.3679  9.5357 11.0023
  26  0.371857  3.5635  4.8380 -1.6222 12.8820 11.6027 10.2038  9.2848  8.1973  7.0560  6.4535  6.2415  9.3679 10.8133
  27  0.383213  3.5682  4.8239 -1.5764 12.7195 11.4350 10.0413  9.1334  8.0782  6.9556  6.3463  6.1377  9.2269 10.6544
  28  0.394385  3.5730  4.8103 -1.5311 12.5590 11.2673  9.8782  8.9811  7.9594  6.8566  6.2405  6.0360  9.0852 10.4959
  29  0.406558  3.5785  4.7962 -1.4815 12.3836 11.0820  9.6972  8.8120  7.8297  6.7495  6.1255  5.9267  8.9283 10.3211
  30  0.418456  3.5844  4.7829 -1.4324 12.2071 10.8946  9.5135  8.6404  7.7012  6.6448  6.0127  5.8207  8.7698 10.1445
  31  0.429910  3.5903  4.7707 -1.3847 12.0351 10.7100  9.3333  8.4723  7.5767  6.5439  5.9038  5.7199  8.6144  9.9722
  32  0.441075  3.5964  4.7596 -1.3383 11.8725 10.5297  9.1613  8.3129  7.4553  6.4440  5.7965  5.6221  8.4652  9.8098
  33  0.452087  3.6025  4.7493 -1.2927 11.7129 10.3510  8.9932  8.1578  7.3366  6.3458  5.6918  5.5277  8.3190  9.6514
  34  0.461791  3.6081  4.7409 -1.2525 11.5642 10.1888  8.8403  8.0169  7.2323  6.2609  5.6023  5.4472  8.1869  9.5054
  35  0.470432  3.6134  4.7338 -1.2165 11.4285 10.0411  8.7023  7.8904  7.1390  6.1851  5.5234  5.3765  8.0680  9.3729
  36  0.479720  3.6192  4.7269 -1.1779 11.2843  9.8824  8.5563  7.7575  7.0394  6.1033  5.4396  5.3018  7.9418  9.2327
  37  0.492331  3.6272  4.7189 -1.1264 11.0777  9.6624  8.3591  7.5801  6.9059  5.9949  5.3324  5.2066  7.7719  9.0383
  38  0.510843  3.6394  4.7086 -1.0514 10.7271  9.3271  8.0672  7.3224  6.7101  5.8400  5.1893  5.0794  7.5217  8.7314
  39  0.534141  3.6556  4.6981 -0.9566 10.1943  8.8862  7.6978  7.0059  6.4593  5.6482  5.0318  4.9389  7.2064  8.3048
  40  0.620135  3.7097  4.6570 -0.6343  8.2467  7.4820  6.5490  6.0488  5.6302  5.0165  4.5635  4.5064  6.2165  6.8642
  41  0.631883  3.7162  4.6495 -0.5926  8.0126  7.3194  6.4160  5.9351  5.5285  4.9367  4.5021  4.4481  6.0983  6.7056
  42  0.641924  3.7216  4.6427 -0.5575  7.8194  7.1847  6.3061  5.8406  5.4435  4.8695  4.4495  4.3982  6.0001  6.5771
  43  0.651776  3.7267  4.6357 -0.5236  7.6368  7.0581  6.2027  5.7507  5.3621  4.8049  4.3989  4.3494  5.9068  6.4578
  44  0.660945  3.7312  4.6290 -0.4925  7.4721  6.9441  6.1095  5.6688  5.2876  4.7457  4.3523  4.3037  5.8220  6.3515
  45  0.669503  3.7354  4.6223 -0.4637  7.3238  6.8396  6.0244  5.5938  5.2194  4.6906  4.3080  4.2609  5.7443  6.2556
  46  0.677849  3.7393  4.6156 -0.4358  7.1840  6.7395  5.9430  5.5220  5.1540  4.6373  4.2643  4.2190  5.6698  6.1646
  47  0.686245  3.7431  4.6084 -0.4080  7.0478  6.6411  5.8629  5.4510  5.0890  4.5839  4.2201  4.1765  5.5962  6.0758
  48  0.694761  3.7469  4.6008 -0.3800  6.9139  6.5434  5.7832  5.3800  5.0239  4.5301  4.1750  4.1330  5.5226  5.9881
  49  0.703461  3.7506  4.5925 -0.3515  6.7822  6.4458  5.7032  5.3084  4.9581  4.4752  4.1286  4.0882  5.4485  5.9007
  50  0.712243  3.7542  4.5838 -0.3229  6.6530  6.3489  5.6236  5.2367  4.8921  4.4197  4.0813  4.0425  5.3744  5.8141
  51  0.721148  3.7578  4.5745 -0.2940  6.5259  6.2524  5.5440  5.1649  4.8257  4.3635  4.0330  3.9956  5.3001  5.7280
  52  0.726832  3.7600  4.5684 -0.2757  6.4468  6.1919  5.4939  5.1195  4.7837  4.3276  4.0020  3.9654  5.2532  5.6739
  53  0.732439  3.7621  4.5623 -0.2577  6.3706  6.1331  5.4451  5.0751  4.7426  4.2924  3.9714  3.9356  5.2074  5.6214
  54  0.737962  3.7642  4.5561 -0.2401  6.2971  6.0760  5.3975  5.0318  4.7024  4.2579  3.9413  3.9062  5.1627  5.5704
  55  0.743413  3.7661  4.5500 -0.2229  6.2264  6.0204  5.3511  4.9895  4.6631  4.2239  3.9117  3.8773  5.1191  5.5208
  56  0.748798  3.7680  4.5438 -0.2061  6.1583  5.9665  5.3058  4.9481  4.6246  4.1905  3.8823  3.8485  5.0765  5.4727
  57  0.754125  3.7698  4.5376 -0.1896  6.0925  5.9141  5.2617  4.9077  4.5869  4.1577  3.8534  3.8202  5.0348  5.4257
  58  0.759415  3.7715  4.5313 -0.1734  6.0286  5.8629  5.2186  4.8681  4.5499  4.1254  3.8248  3.7921  4.9940  5.3800
  59  0.764666  3.7732  4.5251 -0.1574  5.9663  5.8129  5.1763  4.8292  4.5136  4.0935  3.7965  3.7643  4.9540  5.3352
  60  0.769871  3.7748  4.5188 -0.1418  5.9059  5.7640  5.1349  4.7909  4.4778  4.0620  3.7683  3.7367  4.9147  5.2913
  61  0.775012  3.7764  4.5125 -0.1263  5.8474  5.7162  5.0942  4.7533  4.4425  4.0308  3.7404  3.7092  4.8760  5.2484
  62  0.780084  3.7779  4.5061 -0.1111  5.7906  5.6694  5.0543  4.7164  4.4078  4.0000  3.7126  3.6820  4.8380  5.2063
  63  0.785073  3.7793  4.4997 -0.0962  5.7353  5.6231  5.0149  4.6800  4.3739  3.9699  3.6854  3.6554  4.8006  5.1647
  64  0.789965  3.7807  4.4933 -0.0815  5.6814  5.5778  4.9764  4.6444  4.3407  3.9403  3.6586  3.6291  4.7640  5.1241
  65  0.794746  3.7821  4.4869 -0.0671  5.6289  5.5336  4.9388  4.6096  4.3080  3.9111  3.6322  3.6032  4.7282  5.0845
  66  0.799411  3.7834  4.4806 -0.0529  5.5777  5.4905  4.9021  4.5754  4.2758  3.8822  3.6061  3.5775  4.6931  5.0459
  67  0.803940  3.7847  4.4744 -0.0391  5.5284  5.4489  4.8665  4.5420  4.2441  3.8537  3.5802  3.5518  4.6589  5.0086
  68  0.808352  3.7859  4.4681 -0.0256  5.4816  5.4099  4.8321  4.5092  4.2124  3.8250  3.5540  3.5255  4.6254  4.9729
  69  0.812658  3.7871  4.4619 -0.0123  5.4374  5.3733  4.7989  4.4768  4.1806  3.7959  3.5275  3.4984  4.5927  4.9385
  70  0.816855  3.7882  4.4558  0.0006  5.3948  5.3379  4.7663  4.4451  4.1494  3.7672  3.5013  3.4716  4.5607  4.9051
  71  0.820974  3.7893  4.4497  0.0134  5.3537  5.3035  4.7344  4.4139  4.1186  3.7389  3.4753  3.4451  4.5292  4.8722
  72  0.825002  3.7904  4.4437  0.0258  5.3137  5.2699  4.7030  4.3833  4.0884  3.7111  3.4499  3.4192  4.4983  4.8400
  73  0.828956  3.7915  4.4378  0.0381  5.2746  5.2369  4.6721  4.3532  4.0589  3.6840  3.4251  3.3939  4.4679  4.8083
  74  0.832836  3.7926  4.4320  0.0501  5.2362  5.2040  4.6417  4.3238  4.0302  3.6577  3.4010  3.3694  4.4381  4.7770
  75  0.836652  3.7936  4.4264  0.0619  5.1972  5.1699  4.6114  4.2952  4.0030  3.6329  3.3783  3.3468  4.4089  4.7456
  76  0.840407  3.7946  4.4207  0.0734  5.1588  5.1361  4.5816  4.2671  3.9764  3.6087  3.3561  3.3248  4.3803  4.7146
  77  0.844093  3.7956  4.4153  0.0847  5.1211  5.1027  4.5523  4.2398  3.9506  3.5853  3.3346  3.3035  4.3522  4.6842
  78  0.847721  3.7965  4.4099  0.0958  5.0842  5.0698  4.5236  4.2130  3.9254  3.5624  3.3136  3.2828  4.3247  4.6544
  79  0.851288  3.7975  4.4047  0.1067  5.0479  5.0374  4.4955  4.1868  3.9008  3.5402  3.2932  3.2627  4.2979  4.6251
  80  0.854655  3.7984  4.3998  0.1170  5.0136  5.0067  4.4689  4.1620  3.8776  3.5192  3.2740  3.2438  4.2725  4.5974
  81  0.857810  3.7993  4.3951  0.1267  4.9813  4.9776  4.4438  4.1387  3.8558  3.4995  3.2559  3.2261  4.2485  4.5712
  82  0.860172  3.7999  4.3917  0.1340  4.9573  4.9561  4.4249  4.1211  3.8392  3.4845  3.2422  3.2125  4.2304  4.5516
  83  0.862424  3.8006  4.3883  0.1410  4.9346  4.9356  4.4068  4.1041  3.8233  3.4700  3.2289  3.1994  4.2130  4.5328
  84  0.864582  3.8012  4.3850  0.1477  4.9126  4.9158  4.3893  4.0877  3.8079  3.4560  3.2162  3.1867  4.1963  4.5147
  85  0.866668  3.8017  4.3818  0.1543  4.8915  4.8966  4.3724  4.0719  3.7930  3.4425  3.2038  3.1745  4.1801  4.4972
  86  0.868687  3.8023  4.3787  0.1607  4.8710  4.8780  4.3559  4.0565  3.7784  3.4293  3.1917  3.1625  4.1643  4.4801
  87  0.870668  3.8028  4.3756  0.1669  4.8509  4.8597  4.3398  4.0414  3.7642  3.4164  3.1798  3.1508  4.1488  4.4634
  88  0.872621  3.8034  4.3726  0.1731  4.8313  4.8418  4.3239  4.0265  3.7502  3.4036  3.1680  3.1391  4.1336  4.4469
  89  0.874571  3.8039  4.3695  0.1792  4.8119  4.8241  4.3082  4.0117  3.7362  3.3909  3.1564  3.1275  4.1184  4.4306
  90  0.876541  3.8044  4.3664  0.1853  4.7926  4.8063  4.2924  3.9969  3.7223  3.3782  3.1446  3.1159  4.1033  4.4143
  91  0.878562  3.8049  4.3633  0.1915  4.7731  4.7884  4.2765  3.9819  3.7082  3.3653  3.1328  3.1042  4.0880  4.3979
  92  0.880666  3.8055  4.3602  0.1978  4.7533  4.7702  4.2603  3.9667  3.6938  3.3522  3.1207  3.0922  4.0724  4.3811
  93  0.882883  3.8060  4.3569  0.2043  4.7330  4.7514  4.2436  3.9510  3.6790  3.3386  3.1081  3.0797  4.0564  4.3639
  94  0.885273  3.8065  4.3534  0.2111  4.7118  4.7317  4.2261  3.9346  3.6634  3.3243  3.0949  3.0667  4.0396  4.3458
  95  0.887903  3.8071  4.3497  0.2183  4.6892  4.7108  4.2076  3.9171  3.6469  3.3091  3.0808  3.0527  4.0217  4.3266
  96  0.890847  3.8077  4.3456  0.2262  4.6649  4.6881  4.1874  3.8981  3.6288  3.2924  3.0653  3.0373  4.0023  4.3059
  97  0.894230  3.8083  4.3409  0.2350  4.6382  4.6630  4.1650  3.8768  3.6086  3.2736  3.0476  3.0198  3.9806  4.2827
  98  0.898227  3.8089  4.3350  0.2452  4.6080  4.6343  4.1390  3.8521  3.5849  3.2513  3.0265  2.9989  3.9554  4.2561
  99  0.904190  3.8096  4.3261  0.2600  4.5654  4.5934  4.1015  3.8162  3.5503  3.2184  2.9951  2.9677  3.9188  4.2177
 100  0.916620  3.8108  4.3054  0.2912  4.4788  4.5086  4.0224  3.7397  3.4761  3.1469  2.9260  2.8988  3.8414  4.1371
 101  0.934437  3.8118  4.2707  0.3385  4.3525  4.3826  3.9026  3.6228  3.3617  3.0350  2.8166  2.7898  3.7234  4.0157
 102  0.951255  3.8127  4.2397  0.3809  4.2403  4.2700  3.7954  3.5182  3.2593  2.9347  2.7184  2.6920  3.6178  3.9072
 103  0.958517  3.8131  4.2257  0.3995  4.1918  4.2211  3.7484  3.4722  3.2142  2.8904  2.6748  2.6486  3.5715  3.8597
 104  0.963330  3.8134  4.2158  0.4129  4.1560  4.1852  3.7144  3.4390  3.1819  2.8588  2.6440  2.6179  3.5380  3.8252
 105  0.966756  3.8137  4.2079  0.4234  4.1282  4.1573  3.6878  3.4132  3.1567  2.8343  2.6201  2.5940  3.5119  3.7983
 106  0.969415  3.8140  4.2016  0.4323  4.1036  4.1329  3.6651  3.3913  3.1355  2.8140  2.6005  2.5746  3.4897  3.7752
 107  0.971456  3.8144  4.1963  0.4400  4.0820  4.1117  3.6455  3.3726  3.1175  2.7968  2.5842  2.5583  3.4707  3.7552
 108  0.972944  3.8148  4.1921  0.4466  4.0626  4.0928  3.6285  3.3565  3.1023  2.7826  2.5709  2.5451  3.4542  3.7377
 109  0.974118  3.8153  4.1885  0.4527  4.0446  4.0755  3.6130  3.3419  3.0886  2.7700  2.5592  2.5336  3.4393  3.7217
 110  0.975072  3.8158  4.1852  0.4582  4.0279  4.0593  3.5987  3.3285  3.0760  2.7585  2.5486  2.5230  3.4256  3.7069
 111  0.975836  3.8162  4.1822  0.4635  4.0119  4.0440  3.5852  3.3160  3.0643  2.7479  2.5390  2.5136  3.4127  3.6930
 112  0.976817  3.8171  4.1779  0.4714  3.9871  4.0204  3.5646  3.2969  3.0467  2.7322  2.5249  2.4996  3.3931  3.6716
 113  0.977650  3.8179  4.1738  0.4792  3.9628  3.9971  3.5444  3.2783  3.0295  2.7169  2.5112  2.4861  3.3739  3.6506
 114  0.978405  3.8187  4.1696  0.4870  3.9387  3.9740  3.5243  3.2598  3.0124  2.7017  2.4977  2.4727  3.3548  3.6297
 115  0.979555  3.8195  4.1651  0.4951  3.9141  3.9502  3.5035  3.2404  2.9945  2.6855  2.4831  2.4582  3.3349  3.6081
 116  0.980910  3.8201  4.1602  0.5032  3.8905  3.9272  3.4828  3.2210  2.9762  2.6687  2.4675  2.4427  3.3150  3.5868
 117  0.982117  3.8207  4.1552  0.5110  3.8679  3.9050  3.4628  3.2021  2.9583  2.6520  2.4520  2.4274  3.2956  3.5662
 118  0.983188  3.8212  4.1500  0.5187  3.8459  3.8833  3.4432  3.1835  2.9406  2.6356  2.4367  2.4121  3.2766  3.5461
 119  0.984152  3.8216  4.1446  0.5263  3.8247  3.8622  3.4237  3.1649  2.9230  2.6189  2.4209  2.3964  3.2578  3.5262
 120  0.985243  3.8220  4.1387  0.5341  3.8032  3.8406  3.4037  3.1457  2.9045  2.6014  2.4042  2.3797  3.2383  3.5057
 121  0.987184  3.8220  4.1319  0.5420  3.7834  3.8200  3.3838  3.1261  2.8852  2.5822  2.3853  2.3609  3.2186  3.4856
 122  0.989235  3.8220  4.1253  0.5495  3.7649  3.8008  3.3649  3.1075  2.8668  2.5638  2.3669  2.3426  3.1998  3.4667
 123  0.991327  3.8220  4.1189  0.5568  3.7469  3.7820  3.3464  3.0892  2.8487  2.5457  2.3489  2.3246  3.1815  3.4481
 124  0.993451  3.8220  4.1125  0.5640  3.7293  3.7636  3.3283  3.0713  2.8309  2.5278  2.3310  2.3068  3.1635  3.4300
 125  0.995599  3.8220  4.1061  0.5711  3.7119  3.7454  3.3103  3.0534  2.8132  2.5101  2.3133  2.2891  3.1456  3.4119
 126  0.997771  3.8219  4.0999  0.5782  3.6946  3.7273  3.2924  3.0357  2.7956  2.4924  2.2957  2.2715  3.1278  3.3940
 127  0.999965  3.8219  4.0936  0.5852  3.6773  3.7093  3.2746  3.0180  2.7781  2.4748  2.2781  2.2539  3.1101  3.3761
 128  1.002177  3.8218  4.0873  0.5923  3.6601  3.6913  3.2568  3.0004  2.7606  2.4572  2.2605  2.2364  3.0924  3.3583
 129  1.004403  3.8218  4.0812  0.5993  3.6429  3.6733  3.2391  2.9829  2.7432  2.4397  2.2431  2.2190  3.0748  3.3406
 130  1.006638  3.8218  4.0750  0.6063  3.6257  3.6553  3.2214  2.9653  2.7258  2.4224  2.2258  2.2017  3.0572  3.3228
 131  1.008879  3.8218  4.0689  0.6133  3.6084  3.6373  3.2038  2.9478  2.7085  2.4050  2.2085  2.1845  3.0397  3.3051
 132  1.011123  3.8218  4.0629  0.6203  3.5911  3.6193  3.1860  2.9303  2.6912  2.3877  2.1913  2.1673  3.0221  3.2873
 133  1.013365  3.8218  4.0568  0.6273  3.5736  3.6012  3.1682  2.9127  2.6738  2.3703  2.1740  2.1500  3.0044  3.2694
 134  1.015602  3.8218  4.0507  0.6344  3.5561  3.5829  3.1504  2.8951  2.6563  2.3529  2.1567  2.1328  2.9867  3.2514
 135  1.017830  3.8218  4.0446  0.6415  3.5385  3.5647  3.1324  2.8774  2.6388  2.3354  2.1393  2.1154  2.9689  3.2334
 136  1.020045  3.8218  4.0384  0.6486  3.5209  3.5463  3.1144  2.8596  2.6212  2.3178  2.1218  2.0979  2.9510  3.2153
 137  1.022244  3.8218  4.0321  0.6558  3.5032  3.5279  3.0963  2.8416  2.6035  2.3000  2.1042  2.0803  2.9330  3.1972
 138  1.024421  3.8217  4.0258  0.6630  3.4855  3.5094  3.0781  2.8236  2.5856  2.2822  2.0864  2.0625  2.9150  3.1789
 139  1.026574  3.8217  4.0193  0.6702  3.4678  3.4910  3.0599  2.8055  2.5676  2.2641  2.0683  2.0445  2.8968  3.1606
 140  1.028701  3.8216  4.0127  0.6775  3.4502  3.4725  3.0416  2.7873  2.5496  2.2459  2.0502  2.0264  2.8786  3.1423
 141  1.030797  3.8215  4.0060  0.6847  3.4327  3.4541  3.0232  2.7691  2.5313  2.2275  2.0316  2.0079  2.8603  3.1239
 142  1.032858  3.8214  3.9990  0.6920  3.4153  3.4358  3.0049  2.7507  2.5129  2.2088  2.0128  1.9890  2.8419  3.1056
 143  1.034885  3.8213  3.9919  0.6993  3.3982  3.4178  2.9866  2.7322  2.4943  2.1898  1.9935  1.9697  2.8235  3.0874
 144  1.036874  3.8210  3.9845  0.7066  3.3814  3.4001  2.9683  2.7136  2.4755  2.1704  1.9739  1.9500  2.8051  3.0693
 145  1.038822  3.8208  3.9769  0.7139  3.3649  3.3826  2.9500  2.6950  2.4565  2.1508  1.9538  1.9299  2.7866  3.0512
 146  1.040729  3.8204  3.9692  0.7212  3.3487  3.3653  2.9319  2.6764  2.4375  2.1310  1.9335  1.9095  2.7681  3.0333
 147  1.042594  3.8200  3.9610  0.7285  3.3330  3.3483  2.9138  2.6578  2.4183  2.1109  1.9126  1.8885  2.7497  3.0156
 148  1.044415  3.8196  3.9527  0.7358  3.3177  3.3317  2.8959  2.6391  2.3990  2.0905  1.8914  1.8673  2.7313  2.9980
 149  1.046191  3.8190  3.9441  0.7430  3.3029  3.3156  2.8781  2.6205  2.3795  2.0698  1.8697  1.8455  2.7130  2.9806
 150  1.047920  3.8184  3.9351  0.7501  3.2888  3.2999  2.8605  2.6019  2.3600  2.0487  1.8476  1.8232  2.6948  2.9636
 151  1.049605  3.8177  3.9258  0.7572  3.2754  3.2847  2.8431  2.5833  2.3404  2.0274  1.8249  1.8004  2.6767  2.9468
 152  1.051244  3.8169  3.9162  0.7643  3.2626  3.2701  2.8260  2.5649  2.3206  2.0058  1.8018  1.7772  2.6587  2.9303
 153  1.052849  3.8160  3.9063  0.7713  3.2506  3.2560  2.8090  2.5464  2.3008  1.9839  1.7782  1.7534  2.6408  2.9140
 154  1.054421  3.8149  3.8960  0.7782  3.2395  3.2426  2.7923  2.5280  2.2808  1.9615  1.7539  1.7289  2.6231  2.8982
 155  1.055965  3.8138  3.8852  0.7851  3.2293  3.2299  2.7758  2.5097  2.2606  1.9387  1.7289  1.7037  2.6054  2.8827
 156  1.057484  3.8126  3.8740  0.7919  3.2202  3.2180  2.7596  2.4914  2.2403  1.9154  1.7033  1.6779  2.5879  2.8676
 157  1.058980  3.8112  3.8623  0.7986  3.2126  3.2071  2.7438  2.4731  2.2198  1.8916  1.6767  1.6510  2.5705  2.8530
 158  1.060458  3.8096  3.8500  0.8052  3.2066  3.1973  2.7283  2.4549  2.1990  1.8670  1.6491  1.6231  2.5533  2.8389
 159  1.061923  3.8078  3.8370  0.8117  3.2026  3.1889  2.7133  2.4368  2.1781  1.8419  1.6204  1.5941  2.5364  2.8256
 160  1.063383  3.8058  3.8231  0.8181  3.2010  3.1821  2.6991  2.4190  2.1570  1.8159  1.5904  1.5638  2.5199  2.8132
 161  1.064851  3.8035  3.8083  0.8242  3.2022  3.1774  2.6859  2.4018  2.1360  1.7892  1.5591  1.5320  2.5042  2.8023
 162  1.066262  3.8011  3.7934  0.8300  3.2052  3.1737  2.6735  2.3851  2.1155  1.7628  1.5280  1.5003  2.4891  2.7921
 163  1.067672  3.7980  3.7772  0.8348  3.2180  3.1758  2.6641  2.3707  2.0963  1.7362  1.4957  1.4671  2.4765  2.7855
 164  1.069080  3.7944  3.7597  0.8384  3.2411  3.1832  2.6579  2.3587  2.0789  1.7097  1.4627  1.4329  2.4666  2.7825
 165  1.070470  3.7901  3.7410  0.8401  3.2659  3.1935  2.6603  2.3539  2.0672  1.6870  1.4317  1.4006  2.4637  2.7881
 166  1.071801  3.7850  3.7223  0.8392  3.3028  3.2152  2.6719  2.3564  2.0611  1.6681  1.4024  1.3702  2.4687  2.8041
 167  1.073009  3.7797  3.7059  0.8350  3.3825  3.2660  2.6858  2.3598  2.0558  1.6490  1.3720  1.3382  2.4766  2.8252
 168  1.074035  3.7745  3.6928  0.8277  3.4635  3.3186  2.7102  2.3741  2.0617  1.6409  1.3528  1.3175  2.4948  2.8562
 169  1.074889  3.7696  3.6829  0.8183  3.5423  3.3708  2.7417  2.3962  2.0758  1.6418  1.3432  1.3064  2.5199  2.8934
 170  1.075623  3.7651  3.6755  0.8077  3.6235  3.4256  2.7760  2.4215  2.0937  1.6472  1.3385  1.3004  2.5482  2.9333
 171  1.076285  3.7608  3.6698  0.7965  3.7056  3.4814  2.8121  2.4490  2.1140  1.6557  1.3372  1.2978  2.5784  2.9750
 172  1.076915  3.7566  3.6650  0.7848  3.7901  3.5384  2.8497  2.4781  2.1363  1.6661  1.3379  1.2972  2.6102  3.0182
 173  1.077580  3.7523  3.6602  0.7728  3.8804  3.5972  2.8888  2.5087  2.1599  1.6773  1.3391  1.2973  2.6435  3.0633
 174  1.078365  3.7476  3.6531  0.7615  3.9763  3.6575  2.9273  2.5378  2.1815  1.6852  1.3359  1.2927  2.6754  3.1085
 175  1.079304  3.7426  3.6400  0.7548  4.0681  3.7107  2.9563  2.5562  2.1916  1.6801  1.3186  1.2736  2.6970  3.1453
 176  1.080255  3.7379  3.6229  0.7533  4.1446  3.7497  2.9726  2.5624  2.1898  1.6638  1.2907  1.2439  2.7060  3.1689
 177  1.081361  3.7330  3.6019  0.7556  4.2157  3.7810  2.9806  2.5599  2.1792  1.6383  1.2532  1.2043  2.7065  3.1847
 178  1.082495  3.7291  3.5773  0.7648  4.2569  3.7888  2.9693  2.5400  2.1526  1.5992  1.2042  1.1536  2.6890  3.1800
 179  1.083367  3.7266  3.5551  0.7775  4.2662  3.7768  2.9453  2.5107  2.1189  1.5576  1.1562  1.1045  2.6611  3.1601
 180  1.084068  3.7249  3.5351  0.7907  4.2621  3.7577  2.9178  2.4794  2.0846  1.5176  1.1118  1.0593  2.6308  3.1355
 181  1.084724  3.7234  3.5163  0.8040  4.2535  3.7364  2.8895  2.4479  2.0506  1.4787  1.0693  1.0160  2.6001  3.1095
 182  1.085392  3.7221  3.4969  0.8182  4.2409  3.7119  2.8585  2.4139  2.0142  1.4379  1.0249  0.9710  2.5669  3.0807
 183  1.086057  3.7208  3.4771  0.8332  4.2250  3.6847  2.8253  2.3780  1.9760  1.3955  0.9793  0.9247  2.5316  3.0495
 184  1.086719  3.7196  3.4570  0.8488  4.2058  3.6551  2.7901  2.3402  1.9363  1.3517  0.9326  0.8774  2.4945  3.0161
 185  1.087377  3.7185  3.4366  0.8651  4.1840  3.6234  2.7532  2.3010  1.8951  1.3068  0.8850  0.8292  2.4558  2.9809
 186  1.088032  3.7174  3.4158  0.8820  4.1601  3.5898  2.7147  2.2603  1.8525  1.2607  0.8362  0.7798  2.4157  2.9440
 187  1.088685  3.7164  3.3946  0.8993  4.1342  3.5546  2.6748  2.2183  1.8087  1.2134  0.7865  0.7296  2.3742  2.9057
 188  1.089334  3.7154  3.3731  0.9172  4.1066  3.5180  2.6336  2.1750  1.7636  1.1650  0.7357  0.6782  2.3314  2.8659
 189  1.089981  3.7145  3.3511  0.9355  4.0776  3.4801  2.5911  2.1305  1.7174  1.1154  0.6838  0.6257  2.2874  2.8249
 190  1.090623  3.7135  3.3286  0.9544  4.0474  3.4408  2.5473  2.0847  1.6699  1.0645  0.6305  0.5718  2.2420  2.7825
 191  1.091261  3.7125  3.3056  0.9738  4.0157  3.4003  2.5023  2.0376  1.6211  1.0124  0.5760  0.5168  2.1954  2.7389
 192  1.091896  3.7116  3.2822  0.9937  3.9829  3.3586  2.4561  1.9894  1.5712  0.9591  0.5205  0.4607  2.1477  2.6940
 193  1.092525  3.7107  3.2582  1.0142  3.9488  3.3155  2.4085  1.9398  1.5198  0.9044  0.4634  0.4031  2.0985  2.6478
 194  1.093148  3.7097  3.2336  1.0352  3.9138  3.2712  2.3596  1.8888  1.4671  0.8483  0.4049  0.3440  2.0480  2.6004
 195  1.093765  3.7087  3.2085  1.0567  3.8776  3.2257  2.3094  1.8366  1.4131  0.7908  0.3450  0.2835  1.9963  2.5516
 196  1.094375  3.7077  3.1826  1.0788  3.8406  3.1790  2.2579  1.7830  1.3576  0.7318  0.2835  0.2214  1.9431  2.5017
 197  1.094977  3.7067  3.1561  1.1015  3.8033  3.1313  2.2052  1.7281  1.3009  0.6713  0.2205  0.1578  1.8888  2.4505
 198  1.095571  3.7056  3.1288  1.1247  3.7659  3.0828  2.1515  1.6720  1.2428  0.6093  0.1558  0.0924  1.8332  2.3984
 199  1.096155  3.7045  3.1007  1.1485  3.7280  3.0334  2.0964  1.6145  1.1831  0.5455  0.0891  0.0250  1.7762  2.3452
 200  1.096730  3.7034  3.0720  1.1728  3.6890  2.9829  2.0402  1.5558  1.1222  0.4805  0.0211 -0.0437  1.7180  2.2908
 201  1.097292  3.7022  3.0425  1.1978  3.6493  2.9313  1.9826  1.4955  1.0597  0.4136 -0.0489 -0.1144  1.6583  2.2351
 202  1.097841  3.7010  3.0123  1.2234  3.6085  2.8785  1.9238  1.4340  0.9958  0.3452 -0.1205 -0.1867  1.5973  2.1782
 203  1.098374  3.6996  2.9810  1.2497  3.5676  2.8249  1.8636  1.3708  0.9301  0.2748 -0.1944 -0.2614  1.5348  2.1202
 204  1.098894  3.6983  2.9489  1.2765  3.5255  2.7707  1.8026  1.3067  0.8633  0.2031 -0.2701 -0.3377  1.4713  2.0615
 205  1.099401  3.6968  2.9161  1.3038  3.4824  2.7156  1.7407  1.2414  0.7953  0.1299 -0.3475 -0.4156  1.4067  2.0020
 206  1.099890  3.6954  2.8825  1.3317  3.4385  2.6597  1.6776  1.1750  0.7259  0.0552 -0.4267 -0.4952  1.3409  1.9414
 207  1.100364  3.6938  2.8482  1.3600  3.3948  2.6032  1.6138  1.1075  0.6553 -0.0209 -0.5075 -0.5764  1.2741  1.8802
 208  1.100820  3.6922  2.8132  1.3889  3.3511  2.5461  1.5490  1.0390  0.5836 -0.0983 -0.5898 -0.6592  1.2063  1.8182
 209  1.101259  3.6906  2.7775  1.4182  3.3078  2.4886  1.4834  0.9695  0.5109 -0.1770 -0.6735 -0.7435  1.1376  1.7555
 210  1.101679  3.6889  2.7412  1.4480  3.2671  2.4307  1.4170  0.8991  0.4370 -0.2571 -0.7584 -0.8294  1.0679  1.6922
 211  1.102082  3.6872  2.7043  1.4781  3.2282  2.3728  1.3500  0.8279  0.3623 -0.3385 -0.8445 -0.9167  0.9974  1.6284
 212  1.102466  3.6855  2.6668  1.5087  3.1900  2.3143  1.2822  0.7559  0.2866 -0.4209 -0.9317 -1.0053  0.9262  1.5640
 213  1.102833  3.6837  2.6288  1.5396  3.1529  2.2557  1.2140  0.6832  0.2102 -0.5043 -1.0199 -1.0949  0.8543  1.4993
 214  1.103182  3.6818  2.5904  1.5708  3.1171  2.1971  1.1453  0.6100  0.1331 -0.5886 -1.1090 -1.1857  0.7818  1.4343
 215  1.103516  3.6799  2.5515  1.6024  3.0816  2.1382  1.0763  0.5363  0.0554 -0.6736 -1.1991 -1.2774  0.7089  1.3693
 216  1.103833  3.6780  2.5121  1.6341  3.0471  2.0795  1.0071  0.4622 -0.0228 -0.7594 -1.2901 -1.3701  0.6357  1.3042
 217  1.103878  3.6777  2.5063  1.6388  3.0422  2.0710  0.9970  0.4513 -0.0342 -0.7720 -1.3034 -1.3837  0.6250  1.2947
 218  1.103923  3.6774  2.5005  1.6435  3.0373  2.0623  0.9868  0.4404 -0.0458 -0.7847 -1.3169 -1.3974  0.6141  1.2851
 219  1.103968  3.6771  2.4947  1.6482  3.0325  2.0538  0.9767  0.4295 -0.0573 -0.7974 -1.3304 -1.4111  0.6034  1.2757
 220  1.104012  3.6768  2.4887  1.6529  3.0279  2.0452  0.9665  0.4186 -0.0690 -0.8102 -1.3441 -1.4251  0.5925  1.2661
 221  1.104056  3.6765  2.4828  1.6576  3.0230  2.0366  0.9563  0.4076 -0.0806 -0.8230 -1.3576 -1.4389  0.5817  1.2566
 222  1.104100  3.6762  2.4769  1.6624  3.0183  2.0279  0.9460  0.3965 -0.0923 -0.8360 -1.3714 -1.4529  0.5707  1.2469
 223  1.104145  3.6759  2.4709  1.6672  3.0137  2.0194  0.9358  0.3855 -0.1040 -0.8489 -1.3851 -1.4669  0.5598  1.2374
 224  1.104188  3.6756  2.4649  1.6720  3.0090  2.0106  0.9254  0.3743 -0.1158 -0.8619 -1.3990 -1.4811  0.5488  1.2277
 225  1.104232  3.6753  2.4588  1.6768  3.0044  2.0020  0.9151  0.3632 -0.1276 -0.8750 -1.4128 -1.4952  0.5378  1.2181
 226  1.104275  3.6750  2.4527  1.6817  2.9996  1.9932  0.9046  0.3519 -0.1395 -0.8881 -1.4268 -1.5094  0.5267  1.2083
 227  1.104670  3.6720  2.3951  1.7276  2.9569  1.9112  0.8066  0.2461 -0.2519 -1.0124 -1.5590 -1.6444  0.4220  1.1171
 228  1.105024  3.6691  2.3395  1.7717  2.9178  1.8333  0.7130  0.1449 -0.3597 -1.1319 -1.6862 -1.7743  0.3218  1.0304
 229  1.105355  3.6662  2.2849  1.8149  2.8820  1.7583  0.6224  0.0465 -0.4648 -1.2487 -1.8108 -1.9016  0.2245  0.9469
 230  1.105653  3.6637  2.2368  1.8529  2.8519  1.6931  0.5433 -0.0398 -0.5571 -1.3515 -1.9206 -2.0140  0.1391  0.8743
 231  1.105936  3.6619  2.2020  1.8804  2.8304  1.6460  0.4860 -0.1022 -0.6239 -1.4259 -2.0002 -2.0953  0.0774  0.8219
 232  1.106203  3.6619  2.1990  1.8837  2.8218  1.6375  0.4776 -0.1106 -0.6321 -1.4341 -2.0082 -2.1033  0.0690  0.8132
 233  1.106492  3.6610  2.1817  1.8977  2.8089  1.6127  0.4480 -0.1426 -0.6661 -1.4716 -2.0481 -2.1440  0.0373  0.7858
 234  1.106775  3.6576  2.1182  1.9476  2.7759  1.5305  0.3464 -0.2543 -0.7864 -1.6064 -2.1929 -2.2924 -0.0733  0.6940
 235  1.107029  3.6541  2.0557  1.9962  2.7476  1.4523  0.2486 -0.3626 -0.9035 -1.7380 -2.3347 -2.4379 -0.1803  0.6066
 236  1.107259  3.6507  1.9946  2.0437  2.7225  1.3775  0.1545 -0.4673 -1.0173 -1.8663 -2.4730 -2.5800 -0.2840  0.5233
 237  1.107466  3.6472  1.9346  2.0900  2.7024  1.3068  0.0644 -0.5684 -1.1277 -1.9913 -2.6082 -2.7191 -0.3841  0.4447
 238  1.107650  3.6438  1.8765  2.1346  2.6854  1.2400 -0.0213 -0.6650 -1.2339 -2.1119 -2.7387 -2.8535 -0.4799  0.3704
 239  1.107820  3.6404  1.8184  2.1791  2.6715  1.1753 -0.1054 -0.7603 -1.3393 -2.2320 -2.8689 -2.9878 -0.5745  0.2985
 240  1.107971  3.6371  1.7623  2.2219  2.6600  1.1141 -0.1853 -0.8513 -1.4406 -2.3477 -2.9943 -3.1174 -0.6649  0.2307
 241  1.108109  3.6338  1.7072  2.2639  2.6504  1.0554 -0.2623 -0.9392 -1.5394 -2.4609 -3.1169 -3.2443 -0.7526  0.1658
 242  1.108235  3.6305  1.6528  2.3052  2.6431  0.9990 -0.3368 -1.0246 -1.6361 -2.5722 -3.2375 -3.3695 -0.8379  0.1037
 243  1.108349  3.6273  1.5994  2.3456  2.6371  0.9449 -0.4086 -1.1071 -1.7305 -2.6814 -3.3556 -3.4924 -0.9207  0.0440
 244  1.108452  3.6241  1.5479  2.3846  2.6320  0.8938 -0.4765 -1.1854 -1.8212 -2.7864 -3.4694 -3.6109 -0.9996 -0.0123
 245  1.108548  3.6209  1.4965  2.4234  2.6285  0.8446 -0.5424 -1.2618 -1.9110 -2.8910 -3.5831 -3.7293 -1.0768 -0.0663
 246  1.108636  3.6177  1.4456  2.4615  2.6270  0.7983 -0.6050 -1.3349 -1.9988 -2.9938 -3.6953 -3.8462 -1.1513 -0.1170
 247  1.108716  3.6146  1.3965  2.4981  2.6262  0.7552 -0.6636 -1.4036 -2.0829 -3.0927 -3.8036 -3.9590 -1.2217 -0.1644
 248  1.108790  3.6115  1.3475  2.5346  2.6254  0.7135 -0.7203 -1.4704 -2.1662 -3.1912 -3.9114 -4.0714 -1.2907 -0.2108
 249  1.108859  3.6084  1.2997  2.5702  2.6241  0.6738 -0.7741 -1.5339 -2.2473 -3.2872 -4.0165 -4.1811 -1.3569 -0.2552
 250  1.108921  3.6054  1.2533  2.6046  2.6228  0.6369 -0.8244 -1.5935 -2.3254 -3.3802 -4.1183 -4.2874 -1.4196 -0.2967
 251  1.108979  3.6025  1.2075  2.6387  2.6212  0.6020 -0.8721 -1.6503 -2.4022 -3.4722 -4.2190 -4.3926 -1.4803 -0.3364
 252  1.109033  3.5995  1.1625  2.6720  2.6194  0.5695 -0.9169 -1.7039 -2.4771 -3.5624 -4.3177 -4.4958 -1.5382 -0.3737
 253  1.109083  3.5967  1.1185  2.7045  2.6166  0.5391 -0.9588 -1.7545 -2.5498 -3.6504 -4.4141 -4.5967 -1.5936 -0.4091
 254  1.109129  3.5938  1.0749  2.7366  2.6126  0.5105 -0.9985 -1.8028 -2.6212 -3.7373 -4.5093 -4.6965 -1.6472 -0.4432
 255  1.109172  3.5910  1.0329  2.7676  2.6073  0.4841 -1.0351 -1.8477 -2.6897 -3.8210 -4.6011 -4.7927 -1.6978 -0.4752
 256  1.109212  3.5883  0.9911  2.7982  2.6018  0.4602 -1.0691 -1.8897 -2.7571 -3.9040 -4.6921 -4.8881 -1.7463 -0.5051
 257  1.109250  3.5855  0.9504  2.8281  2.5966  0.4388 -1.0994 -1.9280 -2.8223 -3.9850 -4.7808 -4.9811 -1.7918 -0.5324
 258  1.109285  3.5828  0.9104  2.8572  2.5913  0.4202 -1.1261 -1.9626 -2.8854 -4.0642 -4.8674 -5.0721 -1.8343 -0.5572
 259  1.109318  3.5801  0.8710  2.8858  2.5853  0.4036 -1.1497 -1.9941 -2.9470 -4.1422 -4.9524 -5.1615 -1.8747 -0.5803
 260  1.109348  3.5775  0.8326  2.9138  2.5790  0.3889 -1.1706 -2.0227 -3.0068 -4.2184 -5.0355 -5.2489 -1.9129 -0.6016
 261  1.109377  3.5749  0.7949  2.9411  2.5727  0.3771 -1.1877 -2.0477 -3.0644 -4.2928 -5.1167 -5.3343 -1.9482 -0.6204
 262  1.109404  3.5723  0.7578  2.9679  2.5662  0.3681 -1.2011 -2.0693 -3.1205 -4.3663 -5.1969 -5.4186 -1.9811 -0.6368
 263  1.109430  3.5698  0.7211  2.9944  2.5597  0.3625 -1.2100 -2.0869 -3.1746 -4.4386 -5.2759 -5.5017 -2.0112 -0.6504
 264  1.109454  3.5673  0.6857  3.0199  2.5529  0.3598 -1.2146 -2.1004 -3.2264 -4.5087 -5.3525 -5.5822 -2.0382 -0.6614
 265  1.109477  3.5648  0.6506  3.0451  2.5460  0.3605 -1.2145 -2.1094 -3.2767 -4.5780 -5.4282 -5.6618 -2.0624 -0.6696
 266  1.109498  3.5624  0.6161  3.0699  2.5389  0.3641 -1.2102 -2.1151 -3.3251 -4.6462 -5.5028 -5.7401 -2.0841 -0.6753
 267  1.109518  3.5600  0.5823  3.0940  2.5323  0.3718 -1.2002 -2.1163 -3.3707 -4.7130 -5.5758 -5.8168 -2.1025 -0.6773
 268  1.109537  3.5576  0.5489  3.1178  2.5263  0.3837 -1.1843 -2.1130 -3.4137 -4.7787 -5.6477 -5.8924 -2.1176 -0.6755
 269  1.109556  3.5552  0.5164  3.1409  2.5219  0.3995 -1.1640 -2.1065 -3.4540 -4.8429 -5.7179 -5.9662 -2.1302 -0.6712
 270  1.109573  3.5529  0.4843  3.1637  2.5192  0.4200 -1.1383 -2.0960 -3.4918 -4.9063 -5.7870 -6.0389 -2.1398 -0.6637
 271  1.109589  3.5506  0.4529  3.1858  2.5156  0.4455 -1.1049 -2.0797 -3.5263 -4.9684 -5.8545 -6.1100 -2.1453 -0.6511
 272  1.109605  3.5483  0.4218  3.2077  2.5103  0.4757 -1.0632 -2.0574 -3.5577 -5.0298 -5.9214 -6.1804 -2.1470 -0.6337
 273  1.109620  3.5460  0.3916  3.2290  2.5027  0.5099 -1.0136 -2.0296 -3.5855 -5.0898 -5.9865 -6.2489 -2.1449 -0.6115
 274  1.109634  3.5438  0.3620  3.2498  2.4920  0.5508 -0.9512 -1.9929 -3.6085 -5.1488 -6.0504 -6.3160 -2.1369 -0.5819
 275  1.109647  3.5417  0.3331  3.2701  2.4731  0.6051 -0.8612 -1.9360 -3.6240 -5.2074 -6.1134 -6.3821 -2.1173 -0.5385
 276  1.109660  3.5395  0.3047  3.2901  2.4526  0.6663 -0.7584 -1.8715 -3.6344 -5.2658 -6.1756 -6.4474 -2.0923 -0.4873
 277  1.109672  3.5375  0.2772  3.3093  2.4318  0.7318 -0.6476 -1.8029 -3.6399 -5.3225 -6.2357 -6.5104 -2.0634 -0.4305
 278  1.109684  3.5355  0.2509  3.3277  2.4118  0.8003 -0.5314 -1.7320 -3.6408 -5.3773 -6.2936 -6.5709 -2.0315 -0.3689
 279  1.109695  3.5338  0.2282  3.3436  2.3943  0.8603 -0.4292 -1.6713 -3.6398 -5.4248 -6.3435 -6.6232 -2.0036 -0.3136