# File generated by CMD 3.1 (http://stev.oapd.inaf.it/cmd) on Tue Nov  6 19:11:59 CET 2018
# isochrones PARSEC release v1.2S + COLIBRI release PR16, as in Marigo et al. 2017
# Basic reference: Marigo et al. (2017), ApJ, 835, 77
# Photometric system: <i>UBVRIJHK</i> (cf. Maiz-Apellaniz 2006 + Bessell 1990)
# O-rich circumstellar dust ignored
# C-rich circumstellar dust ignored
# Kind of output: isochrone tables
# Zini  Age      Mini            Mass   logL   logTe   logg label  McoreTP C_O  period0 period1 pmode  Mloss  tau1m   X   Y   Xc  Xn  Xo  Cexcess  Z 	 mbolmag  Umag    Bmag    Vmag    Rmag    Imag    Jmag    Hmag    Kmag
0.00152 5.00e+08 0.0900000036    0.090 -3.131  3.4563  5.301    0  0.000  0.545     0.00     0.00 -1    -7e-17      0.00 7.471e-01 2.513e-01 2.884e-04 7.781e-05 7.057e-04 -1.000 1.604e-03 12.598 21.552 17.811 15.565 13.908 12.091 10.637 10.129 10.017
0.00152 5.00e+08 0.0935345441    0.094 -3.077  3.4642  5.294    0  0.000  0.545     0.00     0.00 -1 -7.83e-17      0.00 7.471e-01 2.513e-01 2.884e-04 7.781e-05 7.057e-04 -1.000 1.604e-03 12.462 21.026 17.451 15.237 13.666 11.934 10.527 10.003 9.879
0.00152 5.00e+08 0.0994070768    0.099 -2.972  3.4793  5.277    0  0.000  0.545     0.00     0.00 -1 -9.86e-17      0.00 7.471e-01 2.513e-01 2.884e-04 7.781e-05 7.057e-04 -1.000 1.604e-03 12.201 19.925 16.762 14.630 13.217 11.650 10.316 9.762 9.605
0.00152 5.00e+08 0.1000000015    0.100 -2.961  3.4810  5.275    0  0.000  0.545     0.00     0.00 -1 -1.01e-16      0.00 7.471e-01 2.513e-01 2.884e-04 7.781e-05 7.057e-04 -1.000 1.604e-03 12.171 19.805 16.687 14.565 13.167 11.619 10.292 9.735 9.575
0.00152 5.00e+08 0.1119247675    0.112 -2.811  3.4989  5.245    0  0.000  0.545     0.00     0.00 -1  -1.4e-16      0.00 7.470e-01 2.514e-01 2.884e-04 7.781e-05 7.057e-04 -1.000 1.604e-03 11.797 18.511 15.852 13.836 12.580 11.222 9.974 9.393 9.204
0.00152 5.00e+08 0.1199999899    0.120 -2.717  3.5107  5.229    0  0.000  0.545     0.00     0.00 -1  -1.7e-16      0.00 7.470e-01 2.514e-01 2.884e-04 7.781e-05 7.057e-04 -1.000 1.604e-03 11.563 17.746 15.346 13.405 12.218 10.975 9.775 9.186 8.984
0.00152 5.00e+08 0.1400000006    0.140 -2.532  3.5283  5.181    0  0.000  0.545     0.00     0.00 -1 -2.55e-16      0.00 7.470e-01 2.514e-01 2.884e-04 7.781e-05 7.057e-04 -1.000 1.604e-03 11.100 16.564 14.505 12.684 11.580 10.491 9.362 8.766 8.551
0.00152 5.00e+08 0.1479019523    0.148 -2.482  3.5328  5.173    0  0.000  0.545     0.00     0.00 -1 -2.81e-16      0.00 7.469e-01 2.515e-01 2.884e-04 7.781e-05 7.057e-04 -1.000 1.604e-03 10.975 16.285 14.294 12.504 11.415 10.360 9.247 8.653 8.436
0.00152 5.00e+08 0.1599999964    0.160 -2.401  3.5394  5.153    0  0.000  0.545     0.00     0.00 -1 -3.32e-16      0.00 7.469e-01 2.515e-01 2.884e-04 7.781e-05 7.057e-04 -1.000 1.604e-03 10.773 15.856 13.964 12.220 11.155 10.150 9.063 8.469 8.249
0.00152 5.00e+08 0.1937436014    0.194 -2.224  3.5520  5.110    0  0.000  0.545     0.00     0.00 -1 -4.75e-16      0.00 7.468e-01 2.516e-01 2.884e-04 7.781e-05 7.057e-04 -1.000 1.604e-03 10.331 15.025 13.295 11.638 10.614 9.694 8.653 8.063 7.840
0.00152 5.00e+08 0.2000000179    0.200 -2.195  3.5541  5.102    0  0.000  0.545     0.00     0.00 -1 -5.05e-16      0.00 7.468e-01 2.516e-01 2.884e-04 7.781e-05 7.057e-04 -1.000 1.604e-03 10.258 14.890 13.184 11.542 10.524 9.619 8.585 7.995 7.772
0.00152 5.00e+08 0.2500000000    0.250 -2.005  3.5660  5.057    0  0.000  0.545     0.00     0.00 -1 -7.37e-16      0.00 7.467e-01 2.517e-01 2.884e-04 7.781e-05 7.057e-04 -1.000 1.604e-03 9.783 14.097 12.517 10.953 9.972 9.133 8.142 7.555 7.332
0.00152 5.00e+08 0.3074614704    0.307 -1.831  3.5761  5.013    0  0.000  0.545     0.00     0.00 -1 -1.04e-15      0.00 7.468e-01 2.516e-01 2.884e-04 7.781e-05 7.057e-04 -1.000 1.604e-03 9.346 13.371 11.935 10.435 9.480 8.684 7.719 7.137 6.920
0.00152 5.00e+08 0.3152746856    0.315 -1.805  3.5773  5.003    0  0.000  0.545     0.00     0.00 -1 -1.11e-15      0.00 7.470e-01 2.514e-01 2.884e-04 7.781e-05 7.057e-04 -1.000 1.604e-03 9.282 13.271 11.855 10.363 9.410 8.618 7.656 7.073 6.858
0.00152 5.00e+08 0.3238728344    0.324 -1.779  3.5786  4.994    0  0.000  0.545     0.00     0.00 -1 -1.17e-15      0.00 7.470e-01 2.514e-01 2.884e-04 7.781e-05 7.057e-04 -1.000 1.604e-03 9.217 13.167 11.774 10.289 9.339 8.551 7.592 7.010 6.797
0.00152 5.00e+08 0.3499999940    0.350 -1.712  3.5831  4.978    0  0.000  0.545     0.00     0.00 -1 -1.34e-15      0.00 7.471e-01 2.513e-01 2.884e-04 7.781e-05 7.057e-04 -1.000 1.604e-03 9.049 12.873 11.553 10.092 9.151 8.376 7.424 6.846 6.638
0.00152 5.00e+08 0.4000000060    0.400 -1.559  3.5940  4.927    0  0.000  0.545     0.00     0.00 -1 -1.89e-15      0.00 7.471e-01 2.513e-01 2.884e-04 7.781e-05 7.057e-04 -1.000 1.604e-03 8.668 11.955 10.914 9.572 8.694 7.973 7.069 6.485 6.301
0.00152 5.00e+08 0.4500000179    0.450 -1.389  3.6085  4.866    0  0.000  0.545     0.00     0.00 -1 -2.83e-15      0.00 7.471e-01 2.513e-01 2.884e-04 7.781e-05 7.057e-04 -1.000 1.604e-03 8.243 11.153 10.269 9.026 8.213 7.544 6.685 6.084 5.922
0.00152 5.00e+08 0.4689849913    0.469 -1.317  3.6168  4.845    0  0.000  0.545     0.00     0.00 -1 -3.34e-15      0.00 7.471e-01 2.513e-01 2.884e-04 7.781e-05 7.057e-04 -1.000 1.604e-03 8.062 10.844 9.998 8.795 8.012 7.367 6.528 5.919 5.766
0.00152 5.00e+08 0.5000000000    0.500 -1.206  3.6305  4.817    0  0.000  0.545     0.00     0.00 -1 -4.31e-15      0.00 7.471e-01 2.513e-01 2.884e-04 7.781e-05 7.057e-04 -1.000 1.604e-03 7.785 10.352 9.572 8.434 7.702 7.096 6.289 5.672 5.536
0.00152 5.00e+08 0.5500000715    0.550 -1.020  3.6595  4.788    0  0.000  0.545     0.00     0.00 -1 -6.52e-15      0.00 7.486e-01 2.498e-01 2.868e-04 7.739e-05 7.019e-04 -1.000 1.600e-03 7.321 9.400 8.790 7.787 7.162 6.634 5.903 5.314 5.211
0.00152 5.00e+08 0.6000000238    0.600 -0.848  3.6863  4.761    0  0.000  0.545     0.00     0.00 -1 -9.59e-15      0.00 7.489e-01 2.495e-01 2.865e-04 7.731e-05 7.012e-04 -1.000 1.604e-03 6.889 8.506 8.103 7.208 6.672 6.202 5.555 5.030 4.946
0.00152 5.00e+08 0.6499999762    0.650 -0.685  3.7111  4.732    0  0.000  0.545     0.00     0.00 -1 -1.38e-14      0.00 7.494e-01 2.490e-01 2.861e-04 7.718e-05 7.001e-04 -1.000 1.604e-03 6.483 7.703 7.501 6.705 6.233 5.807 5.240 4.778 4.709
0.00152 5.00e+08 0.6999999881    0.700 -0.533  3.7357  4.711    1  0.000  0.545     0.00     0.00 -1 -1.94e-14      0.00 7.499e-01 2.486e-01 2.856e-04 7.706e-05 6.990e-04 -1.000 1.580e-03 6.101 6.975 6.953 6.260 5.841 5.455 4.959 4.555 4.499
0.00152 5.00e+08 0.7500000000    0.750 -0.389  3.7586  4.689    1  0.000  0.538     0.00     0.00 -1 -2.67e-14      0.00 7.505e-01 2.479e-01 2.812e-04 7.680e-05 6.976e-04 -1.000 1.604e-03 5.744 6.363 6.466 5.870 5.495 5.144 4.706 4.346 4.304
0.00152 5.00e+08 0.7633573413    0.764 -0.354  3.7634  4.680    1  0.000  0.538     0.00     0.00 -1 -2.91e-14      0.00 7.508e-01 2.476e-01 2.810e-04 7.673e-05 6.970e-04 -1.000 1.592e-03 5.654 6.226 6.351 5.775 5.409 5.065 4.639 4.289 4.249
0.00152 5.00e+08 0.8000000119    0.800 -0.258  3.7763  4.657    1  0.000  0.537     0.00     0.00 -1 -3.64e-14      0.00 7.517e-01 2.468e-01 2.802e-04 7.651e-05 6.951e-04 -1.000 1.550e-03 5.416 5.879 6.051 5.527 5.183 4.859 4.464 4.136 4.103
0.00152 5.00e+08 0.8500000238    0.850 -0.133  3.7914  4.618    1  0.000  0.537     0.00     0.00 -1 -4.92e-14      0.00 7.537e-01 2.447e-01 2.783e-04 7.602e-05 6.906e-04 -1.000 1.536e-03 5.103 5.469 5.675 5.206 4.888 4.587 4.226 3.925 3.900
0.00152 5.00e+08 0.8999999762    0.900 -0.014  3.8050  4.578    1  0.000  0.537     0.00     0.00 -1 -6.58e-14      0.00 7.551e-01 2.434e-01 2.768e-04 7.562e-05 6.871e-04 -1.000 1.548e-03 4.805 5.109 5.327 4.901 4.607 4.326 3.996 3.721 3.701
0.00152 5.00e+08 0.9059060216    0.906 -0.000  3.8065  4.573    1  0.000  0.537     0.00     0.00 -1  -6.8e-14      0.00 7.551e-01 2.434e-01 2.769e-04 7.564e-05 6.872e-04 -1.000 1.550e-03 4.771 5.069 5.287 4.866 4.575 4.297 3.970 3.698 3.679
0.00152 5.00e+08 0.9499999881    0.950  0.098  3.8178  4.541    1  0.000  0.537     0.00     0.00 -1 -8.66e-14      0.00 7.549e-01 2.435e-01 2.775e-04 7.581e-05 6.889e-04 -1.000 1.590e-03 4.525 4.787 5.002 4.613 4.342 4.082 3.781 3.531 3.516
0.00152 5.00e+08 0.9763480425    0.976  0.154  3.8247  4.524    1  0.000  0.537     0.00     0.00 -1 -9.92e-14      0.00 7.550e-01 2.434e-01 2.774e-04 7.580e-05 6.888e-04 -1.000 1.604e-03 4.384 4.629 4.838 4.469 4.209 3.960 3.675 3.438 3.425
0.00152 5.00e+08 1.0000000000    1.000  0.204  3.8306  4.509    1  0.000  0.537     0.00     0.00 -1 -1.12e-13      0.00 7.550e-01 2.434e-01 2.774e-04 7.580e-05 6.887e-04 -1.000 1.601e-03 4.261 4.494 4.695 4.341 4.093 3.853 3.582 3.357 3.345
0.00152 5.00e+08 1.0499999523    1.050  0.304  3.8438  4.482    1  0.000  0.537     0.00     0.00 -1 -1.31e-13      0.00 7.550e-01 2.435e-01 2.775e-04 7.582e-05 6.890e-04 -1.000 1.544e-03 4.010 4.222 4.402 4.081 3.857 3.639 3.399 3.201 3.191
0.00152 5.00e+08 1.1000000238    1.100  0.399  3.8580  4.464    1  0.000  0.537     0.00     0.00 -1 -1.51e-13      0.00 7.551e-01 2.432e-01 2.772e-04 7.575e-05 6.884e-04 -1.000 1.604e-03 3.773 3.971 4.122 3.834 3.636 3.444 3.235 3.067 3.058
0.00152 5.00e+08 1.1091692448    1.109  0.415  3.8609  4.463    1  0.000  0.537     0.00     0.00 -1 -1.53e-13      0.00 7.552e-01 2.432e-01 2.772e-04 7.574e-05 6.883e-04 -1.000 1.595e-03 3.732 3.926 4.071 3.790 3.597 3.411 3.209 3.046 3.038
0.00152 5.00e+08 1.1499999762    1.150  0.488  3.8740  4.458    1  0.000  0.537     0.00     0.00 -1 -1.67e-13      0.00 7.555e-01 2.430e-01 2.771e-04 7.571e-05 6.880e-04 -1.000 1.537e-03 3.549 3.736 3.851 3.599 3.431 3.268 3.095 2.959 2.952
0.00152 5.00e+08 1.2000000477    1.200  0.573  3.8917  4.463    1  0.000  0.537     0.00     0.00 -1  -1.8e-13      0.00 7.557e-01 2.427e-01 2.769e-04 7.565e-05 6.874e-04 -1.000 1.559e-03 3.337 3.518 3.593 3.378 3.244 3.115 2.979 2.877 2.870
0.00152 5.00e+08 1.2314413786    1.231  0.625  3.9030  4.468    1  0.000  0.537     0.00     0.00 -1 -1.86e-13      0.00 7.559e-01 2.426e-01 2.767e-04 7.561e-05 6.871e-04 -1.000 1.545e-03 3.209 3.387 3.439 3.247 3.135 3.026 2.914 2.832 2.826
0.00152 5.00e+08 1.2500000000    1.250  0.654  3.9095  4.471    1  0.000  0.537     0.00     0.00 -1  -1.9e-13      0.00 7.560e-01 2.425e-01 2.766e-04 7.559e-05 6.869e-04 -1.000 1.544e-03 3.134 3.312 3.351 3.173 3.073 2.977 2.878 2.806 2.800
0.00152 5.00e+08 1.2999999523    1.300  0.732  3.9266  4.478    1  0.000  0.537     0.00     0.00 -1 -1.96e-13      0.00 7.562e-01 2.422e-01 2.764e-04 7.553e-05 6.864e-04 -1.000 1.601e-03 2.939 3.119 3.130 2.991 2.922 2.855 2.786 2.739 2.734
0.00152 5.00e+08 1.3500000238    1.350  0.808  3.9429  4.484    1  0.000  0.537     0.00     0.00 -1 -1.99e-13      0.00 7.565e-01 2.420e-01 2.761e-04 7.546e-05 6.858e-04 -1.000 1.545e-03 2.750 2.937 2.933 2.832 2.788 2.745 2.702 2.674 2.669
0.00152 5.00e+08 1.3560719490    1.356  0.817  3.9448  4.484    1  0.000  0.537     0.00     0.00 -1 -1.99e-13      0.00 7.565e-01 2.419e-01 2.761e-04 7.545e-05 6.857e-04 -1.000 1.542e-03 2.727 2.915 2.910 2.813 2.773 2.732 2.692 2.666 2.661
0.00152 5.00e+08 1.3999999762    1.400  0.882  3.9584  4.488    1  0.000  0.537     0.00     0.00 -1 -1.98e-13      0.00 7.568e-01 2.417e-01 2.759e-04 7.540e-05 6.853e-04 -1.000 1.514e-03 2.565 2.760 2.759 2.689 2.666 2.641 2.621 2.606 2.604
0.00152 5.00e+08 1.4500000477    1.450  0.953  3.9729  4.490    1  0.000  0.537     0.00     0.00 -1  -1.9e-13      0.00 7.570e-01 2.415e-01 2.757e-04 7.535e-05 6.848e-04 -1.000 1.511e-03 2.388 2.588 2.606 2.560 2.551 2.543 2.541 2.538 2.537
0.00152 5.00e+08 1.4504481554    1.451  0.953  3.9730  4.490    1  0.000  0.537     0.00     0.00 -1  -1.9e-13      0.00 7.570e-01 2.415e-01 2.757e-04 7.535e-05 6.848e-04 -1.000 1.511e-03 2.386 2.586 2.605 2.559 2.550 2.542 2.540 2.537 2.537
0.00152 5.00e+08 1.5000000000    1.500  1.021  3.9861  4.490    1  0.000  0.537     0.00     0.00 -1 -1.75e-13      0.00 7.571e-01 2.413e-01 2.756e-04 7.531e-05 6.845e-04 -1.000 1.544e-03 2.218 2.424 2.467 2.442 2.443 2.446 2.462 2.466 2.468
0.00152 5.00e+08 1.5279467106    1.528  1.058  3.9930  4.488    1  0.000  0.537     0.00     0.00 -1 -1.61e-13      0.00 7.573e-01 2.412e-01 2.755e-04 7.528e-05 6.842e-04 -1.000 1.544e-03 2.126 2.335 2.394 2.379 2.385 2.393 2.417 2.425 2.429
0.00152 5.00e+08 1.5499999523    1.550  1.087  3.9983  4.487    1  0.000  0.537     0.00     0.00 -1 -1.51e-13      0.00 7.574e-01 2.411e-01 2.754e-04 7.526e-05 6.840e-04 -1.000 1.542e-03 2.053 2.265 2.338 2.331 2.340 2.351 2.381 2.391 2.397
0.00152 5.00e+08 1.5829939842    1.583  1.129  4.0058  4.484    1  0.000  0.537     0.00     0.00 -1 -1.26e-13      0.00 7.575e-01 2.410e-01 2.753e-04 7.524e-05 6.839e-04 -1.000 1.542e-03 1.948 2.164 2.257 2.260 2.273 2.289 2.328 2.341 2.348
0.00152 5.00e+08 1.6000000238    1.600  1.151  4.0095  4.482    1  0.000  0.537     0.00     0.00 -1 -1.15e-13      0.00 7.575e-01 2.410e-01 2.753e-04 7.523e-05 6.838e-04 -1.000 1.552e-03 1.893 2.112 2.216 2.224 2.238 2.257 2.299 2.314 2.322
0.00152 5.00e+08 1.6318728924    1.632  1.191  4.0162  4.477    1  0.000  0.537     0.00     0.00 -1 -1.34e-24      0.00 7.576e-01 2.408e-01 2.752e-04 7.522e-05 6.836e-04 -1.000 1.574e-03 1.793 2.016 2.139 2.156 2.174 2.196 2.246 2.263 2.273
0.00152 5.00e+08 1.6499999762    1.650  1.214  4.0199  4.473    1  0.000  0.537     0.00     0.00 -1    -1e-30      0.00 7.576e-01 2.408e-01 2.752e-04 7.521e-05 6.836e-04 -1.000 1.574e-03 1.736 1.961 2.096 2.117 2.137 2.160 2.215 2.233 2.244
0.00152 5.00e+08 1.6690769196    1.669  1.237  4.0237  4.470    1  0.000  0.537     0.00     0.00 -1    -1e-30      0.00 7.577e-01 2.408e-01 2.752e-04 7.520e-05 6.835e-04 -1.000 1.584e-03 1.677 1.906 2.052 2.078 2.099 2.124 2.183 2.202 2.214
0.00152 5.00e+08 1.7000000477    1.700  1.275  4.0296  4.463    1  0.000  0.537     0.00     0.00 -1    -1e-30      0.00 7.577e-01 2.407e-01 2.751e-04 7.518e-05 6.834e-04 -1.000 1.580e-03 1.581 1.817 1.981 2.013 2.036 2.065 2.129 2.150 2.164
0.00152 5.00e+08 1.7030419111    1.703  1.279  4.0302  4.463    1  0.000  0.537     0.00     0.00 -1    -1e-30      0.00 7.577e-01 2.407e-01 2.751e-04 7.518e-05 6.833e-04 -1.000 1.578e-03 1.572 1.808 1.974 2.007 2.030 2.059 2.124 2.145 2.159
0.00152 5.00e+08 1.7500000000    1.749  1.336  4.0386  4.451    1  0.000  0.537     0.00     0.00 -1    -1e-30      0.00 7.579e-01 2.406e-01 2.750e-04 7.516e-05 6.831e-04 -1.000 1.547e-03 1.429 1.676 1.867 1.909 1.935 1.967 2.041 2.065 2.080
0.00152 5.00e+08 1.7773933411    1.777  1.369  4.0431  4.443    1  0.000  0.537     0.00     0.00 -1    -1e-30      0.00 7.579e-01 2.405e-01 2.750e-04 7.515e-05 6.830e-04 -1.000 1.534e-03 1.348 1.600 1.805 1.851 1.878 1.913 1.991 2.016 2.033
0.00152 5.00e+08 1.7999999523    1.799  1.396  4.0467  4.436    1  0.000  0.537     0.00     0.00 -1    -1e-30      0.00 7.579e-01 2.405e-01 2.750e-04 7.515e-05 6.830e-04 -1.000 1.545e-03 1.280 1.537 1.753 1.803 1.831 1.867 1.949 1.975 1.993
0.00152 5.00e+08 1.8314023018    1.831  1.433  4.0515  4.425    1  0.000  0.537     0.00     0.00 -1    -1e-30      0.00 7.580e-01 2.405e-01 2.749e-04 7.514e-05 6.830e-04 -1.000 1.539e-03 1.188 1.452 1.682 1.737 1.766 1.804 1.890 1.917 1.937
0.00152 5.00e+08 1.8499999046    1.849  1.455  4.0541  4.418    1  0.000  0.537     0.00     0.00 -1    -1e-30      0.00 7.580e-01 2.405e-01 2.749e-04 7.515e-05 6.830e-04 -1.000 1.524e-03 1.132 1.401 1.639 1.695 1.725 1.764 1.853 1.881 1.901
0.00152 5.00e+08 1.8873579502    1.887  1.499  4.0589  4.402    1  0.000  0.537     0.00     0.00 -1    -1e-30      0.00 7.580e-01 2.405e-01 2.749e-04 7.514e-05 6.830e-04 -1.000 1.522e-03 1.022 1.298 1.551 1.612 1.643 1.684 1.777 1.807 1.828
0.00152 5.00e+08 1.8999999762    1.900  1.514  4.0604  4.396    1  0.000  0.537     0.00     0.00 -1    -1e-30      0.00 7.580e-01 2.405e-01 2.749e-04 7.514e-05 6.830e-04 -1.000 1.522e-03 0.984 1.262 1.519 1.582 1.614 1.655 1.750 1.780 1.802
0.00152 5.00e+08 1.9373204708    1.937  1.558  4.0646  4.377    1  0.000  0.537     0.00     0.00 -1    -1e-30      0.00 7.580e-01 2.405e-01 2.749e-04 7.514e-05 6.830e-04 -1.000 1.570e-03 0.874 1.159 1.429 1.495 1.528 1.571 1.670 1.700 1.723
0.00152 5.00e+08 1.9500000477    1.950  1.573  4.0658  4.370    1  0.000  0.537     0.00     0.00 -1    -1e-30      0.00 7.580e-01 2.405e-01 2.749e-04 7.514e-05 6.830e-04 -1.000 1.569e-03 0.837 1.124 1.397 1.464 1.497 1.541 1.641 1.672 1.695
0.00152 5.00e+08 1.9827840328    1.983  1.612  4.0688  4.351    1  0.000  0.537     0.00     0.00 -1    -1e-30      0.00 7.580e-01 2.405e-01 2.749e-04 7.514e-05 6.830e-04 -1.000 1.537e-03 0.740 1.032 1.315 1.384 1.418 1.463 1.566 1.598 1.621
0.00152 5.00e+08 2.0000000000    2.001  1.632  4.0701  4.339    1  0.000  0.537     0.00     0.00 -1    -1e-30      0.00 7.580e-01 2.405e-01 2.750e-04 7.514e-05 6.830e-04 -1.000 1.544e-03 0.689 0.983 1.270 1.341 1.375 1.421 1.524 1.557 1.581
0.00152 5.00e+08 2.0271472931    2.028  1.664  4.0720  4.321    1  0.000  0.537     0.00     0.00 -1    -1e-30      0.00 7.580e-01 2.405e-01 2.750e-04 7.515e-05 6.830e-04 -1.000 1.531e-03 0.609 0.905 1.199 1.272 1.306 1.352 1.458 1.491 1.515
0.00152 5.00e+08 2.0499999523    2.050  1.691  4.0731  4.303    1  0.000  0.537     0.00     0.00 -1    -1e-30      0.00 7.579e-01 2.405e-01 2.750e-04 7.516e-05 6.831e-04 -1.000 1.534e-03 0.542 0.838 1.135 1.210 1.245 1.291 1.398 1.430 1.455
0.00152 5.00e+08 2.0829906464    2.083  1.731  4.0741  4.274    1  0.000  0.537     0.00     0.00 -1    -1e-30      0.00 7.579e-01 2.405e-01 2.750e-04 7.517e-05 6.832e-04 -1.000 1.556e-03 0.443 0.740 1.042 1.117 1.152 1.199 1.307 1.340 1.365
0.00152 5.00e+08 2.0999999046    2.100  1.751  4.0744  4.258    1  0.000  0.537     0.00     0.00 -1    -1e-30      0.00 7.579e-01 2.406e-01 2.751e-04 7.518e-05 6.833e-04 -1.000 1.537e-03 0.392 0.688 0.991 1.067 1.103 1.149 1.257 1.290 1.315
0.00152 5.00e+08 2.1127865314    2.112  1.767  4.0745  4.246    1  0.000  0.537     0.00     0.00 -1    -1e-30      0.00 7.579e-01 2.406e-01 2.751e-04 7.519e-05 6.833e-04 -1.000 1.525e-03 0.354 0.649 0.953 1.030 1.065 1.112 1.220 1.253 1.278
0.00152 5.00e+08 2.1481766701    2.147  1.809  4.0740  4.209    1  0.000  0.537     0.00     0.00 -1    -1e-30      0.00 7.578e-01 2.406e-01 2.752e-04 7.520e-05 6.835e-04 -1.000 1.581e-03 0.247 0.539 0.843 0.921 0.955 1.002 1.109 1.142 1.167
0.00152 5.00e+08 2.1500000954    2.149  1.812  4.0739  4.206    1  0.000  0.537     0.00     0.00 -1    -1e-30      0.00 7.578e-01 2.406e-01 2.752e-04 7.520e-05 6.835e-04 -1.000 1.581e-03 0.241 0.533 0.837 0.914 0.949 0.996 1.103 1.136 1.161
0.00152 5.00e+08 2.1853301525    2.184  1.856  4.0718  4.161    1  0.000  0.537     0.00     0.00 -1    -1e-30      0.00 7.577e-01 2.407e-01 2.752e-04 7.522e-05 6.837e-04 -1.000 1.581e-03 0.131 0.415 0.715 0.793 0.827 0.872 0.978 1.010 1.035
0.00152 5.00e+08 2.2000000477    2.199  1.874  4.0705  4.140    1  0.000  0.537     0.00     0.00 -1    -1e-30      0.00 7.576e-01 2.408e-01 2.753e-04 7.523e-05 6.838e-04 -1.000 1.589e-03 0.085 0.365 0.662 0.740 0.773 0.818 0.922 0.954 0.978
0.00152 5.00e+08 2.2288479805    2.228  1.911  4.0670  4.095    1  0.000  0.537     0.00     0.00 -1    -1e-30      0.00 7.576e-01 2.409e-01 2.753e-04 7.525e-05 6.839e-04 -1.000 1.542e-03 -0.006 0.263 0.553 0.630 0.662 0.706 0.806 0.837 0.861
0.00152 5.00e+08 2.2500000000    2.249  1.938  4.0633  4.057    1  0.000  0.537     0.00     0.00 -1    -1e-30      0.00 7.575e-01 2.410e-01 2.754e-04 7.527e-05 6.841e-04 -1.000 1.568e-03 -0.074 0.185 0.465 0.541 0.573 0.614 0.712 0.741 0.765
0.00152 5.00e+08 2.2640733719    2.263  1.956  4.0605  4.031    1  0.000  0.537     0.00     0.00 -1    -1e-30      0.00 7.574e-01 2.410e-01 2.754e-04 7.528e-05 6.842e-04 -1.000 1.584e-03 -0.120 0.132 0.406 0.481 0.512 0.552 0.647 0.676 0.699
0.00152 5.00e+08 2.2903223038    2.289  1.991  4.0537  3.974    1  0.000  0.537     0.00     0.00 -1    -1e-30      0.00 7.574e-01 2.411e-01 2.755e-04 7.530e-05 6.844e-04 -1.000 1.573e-03 -0.207 0.029 0.285 0.358 0.386 0.424 0.512 0.539 0.560
0.00152 5.00e+08 2.2999999523    2.299  2.004  4.0508  3.951    1  0.000  0.537     0.00     0.00 -1    -1e-30      0.00 7.573e-01 2.411e-01 2.756e-04 7.531e-05 6.845e-04 -1.000 1.581e-03 -0.239 -0.011 0.239 0.310 0.338 0.374 0.459 0.485 0.506
0.00152 5.00e+08 2.3206546307    2.320  2.032  4.0445  3.901    1  0.000  0.537     0.00     0.00 -1    -1e-30      0.00 7.556e-01 2.428e-01 2.765e-04 7.557e-05 6.868e-04 -1.000 1.539e-03 -0.310 -0.096 0.138 0.206 0.232 0.265 0.344 0.368 0.387
0.00152 5.00e+08 2.3415005207    2.341  2.063  4.0380  3.848    1  0.000  0.537     0.00     0.00 -1    -1e-30      0.00 7.539e-01 2.446e-01 2.775e-04 7.584e-05 6.891e-04 -1.000 1.561e-03 -0.388 -0.188 0.029 0.094 0.118 0.148 0.221 0.243 0.260
0.00152 5.00e+08 2.3499999046    2.349  2.077  4.0362  3.829    1  0.000  0.537     0.00     0.00 -1    -1e-30      0.00 7.531e-01 2.453e-01 2.779e-04 7.595e-05 6.901e-04 -1.000 1.599e-03 -0.422 -0.227 -0.014 0.050 0.073 0.103 0.174 0.195 0.212
0.00152 5.00e+08 2.3511056900    2.351  2.079  4.0360  3.826    1  0.000  0.537     0.00     0.00 -1    -1e-30      0.00 7.530e-01 2.454e-01 2.781e-04 7.599e-05 6.905e-04 -1.000 1.604e-03 -0.427 -0.232 -0.020 0.045 0.068 0.097 0.168 0.189 0.206
0.00152 5.00e+08 2.3599417210    2.359  2.100  4.0437  3.837    1  0.000  0.537     0.00     0.00 -1    -1e-30      0.00 7.520e-01 2.465e-01 2.793e-04 7.629e-05 6.932e-04 -1.000 1.560e-03 -0.481 -0.274 -0.038 0.031 0.057 0.089 0.168 0.191 0.211
0.00152 5.00e+08 2.3634655476    2.363  2.115  4.0540  3.864    1  0.000  0.537     0.00     0.00 -1    -1e-30      0.00 7.515e-01 2.469e-01 2.797e-04 7.642e-05 6.944e-04 -1.000 1.560e-03 -0.519 -0.292 -0.027 0.048 0.076 0.113 0.202 0.228 0.250
0.00152 5.00e+08 2.3647980690    2.364  2.129  4.0645  3.893    1  0.000  0.537     0.00     0.00 -1    -1e-30      0.00 7.514e-01 2.471e-01 2.799e-04 7.647e-05 6.948e-04 -1.000 1.562e-03 -0.552 -0.303 -0.010 0.071 0.102 0.144 0.242 0.272 0.296
0.00152 5.00e+08 2.3654518127    2.365  2.144  4.0749  3.919    1  0.000  0.537     0.00     0.00 -1    -1e-30      0.00 7.513e-01 2.471e-01 2.800e-04 7.649e-05 6.950e-04 -1.000 1.563e-03 -0.590 -0.317 0.004 0.091 0.124 0.170 0.278 0.310 0.336
0.00152 5.00e+08 2.3658084869    2.365  2.161  4.0845  3.941    1  0.000  0.537     0.00     0.00 -1    -1e-30      0.00 7.512e-01 2.472e-01 2.801e-04 7.650e-05 6.951e-04 -1.000 1.563e-03 -0.632 -0.336 0.011 0.103 0.138 0.188 0.305 0.339 0.368
0.00152 5.00e+08 2.3660686016    2.366  2.176  4.0931  3.960    1  0.000  0.537     0.00     0.00 -1    -1e-30      0.00 7.512e-01 2.472e-01 2.801e-04 7.651e-05 6.952e-04 -1.000 1.563e-03 -0.671 -0.354 0.015 0.111 0.149 0.201 0.326 0.363 0.393
0.00152 5.00e+08 2.3661406040    2.366  2.164  4.0893  3.957    2  0.000  0.537     0.00     0.00 -1    -1e-30      0.00 7.512e-01 2.472e-01 2.801e-04 7.651e-05 6.952e-04 -1.000 1.563e-03 -0.639 -0.332 0.027 0.121 0.158 0.209 0.331 0.367 0.396
0.00152 5.00e+08 2.3662397861    2.366  2.143  4.0807  3.944    2  0.000  0.537     0.00     0.00 -1    -1e-30      0.00 7.512e-01 2.472e-01 2.801e-04 7.652e-05 6.952e-04 -1.000 1.563e-03 -0.587 -0.300 0.036 0.125 0.160 0.208 0.322 0.355 0.383
0.00152 5.00e+08 2.3663527966    2.366  2.137  4.0692  3.903    2  0.000  0.537     0.00     0.00 -1    -1e-30      0.00 7.512e-01 2.473e-01 2.801e-04 7.652e-05 6.953e-04 -1.000 1.564e-03 -0.574 -0.314 -0.008 0.076 0.108 0.151 0.254 0.285 0.310
0.00152 5.00e+08 2.3664965630    2.366  2.154  4.0575  3.840    2  0.000  0.537     0.00     0.00 -1    -1e-30      0.00 7.512e-01 2.473e-01 2.801e-04 7.653e-05 6.953e-04 -1.000 1.564e-03 -0.615 -0.383 -0.107 -0.029 0.000 0.038 0.131 0.158 0.181
0.00152 5.00e+08 2.3666799068    2.366  2.174  4.0455  3.772    2  0.000  0.537     0.00     0.00 -1    -1e-30      0.00 7.511e-01 2.473e-01 2.802e-04 7.653e-05 6.954e-04 -1.000 1.564e-03 -0.666 -0.461 -0.216 -0.144 -0.118 -0.085 -0.004 0.019 0.039
0.00152 5.00e+08 2.3668942451    2.366  2.189  4.0334  3.709    2  0.000  0.537     0.00     0.00 -1    -1e-30      0.00 7.511e-01 2.473e-01 2.802e-04 7.654e-05 6.954e-04 -1.000 1.564e-03 -0.701 -0.521 -0.309 -0.243 -0.221 -0.193 -0.125 -0.105 -0.088
0.00152 5.00e+08 2.3671369553    2.367  2.198  4.0213  3.651    2  0.000  0.537     0.00     0.00 -1    -1e-30      0.00 7.511e-01 2.474e-01 2.802e-04 7.655e-05 6.955e-04 -1.000 1.564e-03 -0.725 -0.565 -0.388 -0.329 -0.311 -0.289 -0.233 -0.217 -0.202
0.00152 5.00e+08 2.3674039841    2.367  2.205  4.0090  3.595    2  0.000  0.537     0.00     0.00 -1    -1e-30      0.00 7.511e-01 2.474e-01 2.803e-04 7.656e-05 6.956e-04 -1.000 1.565e-03 -0.742 -0.597 -0.457 -0.406 -0.393 -0.376 -0.334 -0.322 -0.311
0.00152 5.00e+08 2.3676869869    2.367  2.209  3.9967  3.542    2  0.000  0.537     0.00     0.00 -1    -1e-30      0.00 7.510e-01 2.474e-01 2.803e-04 7.657e-05 6.957e-04 -1.000 1.565e-03 -0.753 -0.621 -0.519 -0.477 -0.467 -0.457 -0.430 -0.422 -0.414
0.00152 5.00e+08 2.3679761887    2.367  2.212  3.9843  3.489    2  0.000  0.537     0.00     0.00 -1    -1e-30      0.00 7.510e-01 2.475e-01 2.803e-04 7.658e-05 6.958e-04 -1.000 1.566e-03 -0.761 -0.635 -0.573 -0.541 -0.537 -0.533 -0.521 -0.519 -0.513
0.00152 5.00e+08 2.3682620525    2.368  2.214  3.9718  3.438    2  0.000  0.537     0.00     0.00 -1    -1e-30      0.00 7.509e-01 2.475e-01 2.804e-04 7.659e-05 6.959e-04 -1.000 1.566e-03 -0.765 -0.642 -0.616 -0.598 -0.600 -0.605 -0.609 -0.613 -0.610
0.00152 5.00e+08 2.3685374260    2.368  2.215  3.9593  3.387    2  0.000  0.537     0.00     0.00 -1    -1e-30      0.00 7.509e-01 2.475e-01 2.804e-04 7.660e-05 6.960e-04 -1.000 1.566e-03 -0.766 -0.641 -0.652 -0.648 -0.658 -0.672 -0.694 -0.704 -0.705
0.00152 5.00e+08 2.3687975407    2.368  2.214  3.9468  3.337    2  0.000  0.537     0.00     0.00 -1    -1e-30      0.00 7.509e-01 2.476e-01 2.805e-04 7.661e-05 6.961e-04 -1.000 1.566e-03 -0.766 -0.636 -0.678 -0.692 -0.711 -0.736 -0.776 -0.793 -0.798
0.00152 5.00e+08 2.3690402508    2.369  2.213  3.9343  3.288    2  0.000  0.537     0.00     0.00 -1    -1e-30      0.00 7.509e-01 2.476e-01 2.805e-04 7.662e-05 6.961e-04 -1.000 1.567e-03 -0.764 -0.626 -0.694 -0.726 -0.757 -0.795 -0.854 -0.882 -0.889
0.00152 5.00e+08 2.3692638874    2.369  2.212  3.9218  3.240    2  0.000  0.537     0.00     0.00 -1    -1e-30      0.00 7.508e-01 2.476e-01 2.805e-04 7.663e-05 6.962e-04 -1.000 1.567e-03 -0.760 -0.610 -0.697 -0.751 -0.797 -0.850 -0.930 -0.969 -0.979
0.00152 5.00e+08 2.3694694042    2.369  2.210  3.9093  3.192    2  0.000  0.537     0.00     0.00 -1    -1e-30      0.00 7.508e-01 2.476e-01 2.805e-04 7.663e-05 6.963e-04 -1.000 1.567e-03 -0.754 -0.588 -0.687 -0.767 -0.830 -0.900 -1.001 -1.056 -1.067
0.00152 5.00e+08 2.3696568012    2.369  2.207  3.8969  3.145    2  0.000  0.537     0.00     0.00 -1    -1e-30      0.00 7.508e-01 2.477e-01 2.806e-04 7.664e-05 6.963e-04 -1.000 1.568e-03 -0.747 -0.563 -0.663 -0.773 -0.856 -0.946 -1.070 -1.141 -1.154
0.00152 5.00e+08 2.3698277473    2.369  2.204  3.8845  3.099    2  0.000  0.537     0.00     0.00 -1    -1e-30      0.00 7.508e-01 2.477e-01 2.806e-04 7.665e-05 6.964e-04 -1.000 1.568e-03 -0.739 -0.534 -0.625 -0.770 -0.877 -0.988 -1.136 -1.225 -1.240
0.00152 5.00e+08 2.3699834347    2.369  2.200  3.8722  3.054    2  0.000  0.537     0.00     0.00 -1    -1e-30      0.00 7.507e-01 2.477e-01 2.806e-04 7.665e-05 6.964e-04 -1.000 1.568e-03 -0.730 -0.503 -0.580 -0.761 -0.892 -1.025 -1.198 -1.307 -1.324
0.00152 5.00e+08 2.3701252937    2.370  2.196  3.8600  3.009    2  0.000  0.537     0.00     0.00 -1    -1e-30      0.00 7.507e-01 2.477e-01 2.806e-04 7.666e-05 6.965e-04 -1.000 1.568e-03 -0.719 -0.469 -0.529 -0.746 -0.901 -1.056 -1.256 -1.388 -1.405
0.00152 5.00e+08 2.3702552319    2.370  2.191  3.8479  2.965    2  0.000  0.537     0.00     0.00 -1    -1e-30      0.00 7.507e-01 2.477e-01 2.807e-04 7.666e-05 6.965e-04 -1.000 1.568e-03 -0.708 -0.433 -0.475 -0.725 -0.905 -1.084 -1.310 -1.466 -1.485
0.00152 5.00e+08 2.3703737259    2.370  2.186  3.8359  2.922    2  0.000  0.537     0.00     0.00 -1    -1e-30      0.00 7.507e-01 2.477e-01 2.807e-04 7.667e-05 6.966e-04 -1.000 1.568e-03 -0.695 -0.394 -0.417 -0.701 -0.906 -1.108 -1.361 -1.541 -1.563
0.00152 5.00e+08 2.3704826832    2.370  2.181  3.8241  2.880    2  0.000  0.537     0.00     0.00 -1    -1e-30      0.00 7.507e-01 2.478e-01 2.807e-04 7.667e-05 6.966e-04 -1.000 1.569e-03 -0.682 -0.350 -0.357 -0.674 -0.903 -1.128 -1.408 -1.614 -1.637
0.00152 5.00e+08 2.3705825806    2.370  2.175  3.8129  2.842    2  0.000  0.537     0.00     0.00 -1    -1e-30      0.00 7.507e-01 2.478e-01 2.807e-04 7.667e-05 6.966e-04 -1.000 1.569e-03 -0.667 -0.301 -0.295 -0.646 -0.897 -1.143 -1.450 -1.681 -1.706
0.00152 5.00e+08 2.3706750870    2.370  2.169  3.8029  2.807    2  0.000  0.537     0.00     0.00 -1    -1e-30      0.00 7.507e-01 2.478e-01 2.807e-04 7.668e-05 6.966e-04 -1.000 1.569e-03 -0.652 -0.250 -0.235 -0.617 -0.888 -1.153 -1.484 -1.738 -1.765
0.00152 5.00e+08 2.3707609177    2.370  2.162  3.7938  2.778    2  0.000  0.537     0.00     0.00 -1    -1e-30      0.00 7.506e-01 2.478e-01 2.807e-04 7.668e-05 6.967e-04 -1.000 1.569e-03 -0.636 -0.199 -0.177 -0.588 -0.878 -1.159 -1.512 -1.788 -1.816
0.00152 5.00e+08 2.3708415031    2.370  2.155  3.7857  2.752    2  0.000  0.537     0.00     0.00 -1    -1e-30      0.00 7.506e-01 2.478e-01 2.807e-04 7.668e-05 6.967e-04 -1.000 1.569e-03 -0.619 -0.142 -0.120 -0.558 -0.865 -1.160 -1.534 -1.827 -1.857
0.00152 5.00e+08 2.3709197044    2.370  2.148  3.7784  2.731    2  0.000  0.537     0.00     0.00 -1    -1e-30      0.00 7.506e-01 2.478e-01 2.807e-04 7.669e-05 6.967e-04 -1.000 1.569e-03 -0.600 -0.086 -0.064 -0.528 -0.849 -1.157 -1.550 -1.860 -1.892
0.00152 5.00e+08 2.3710072041    2.371  2.138  3.7714  2.712    2  0.000  0.537     0.00     0.00 -1    -1e-30      0.00 7.506e-01 2.478e-01 2.808e-04 7.669e-05 6.968e-04 -1.000 1.569e-03 -0.576 -0.017 -0.000 -0.492 -0.827 -1.148 -1.558 -1.885 -1.919
0.00152 5.00e+08 2.3711202145    2.371  2.124  3.7641  2.697    2  0.000  0.537     0.00     0.00 -1    -1e-30      0.00 7.505e-01 2.479e-01 2.808e-04 7.671e-05 6.969e-04 -1.000 1.571e-03 -0.540 0.067 0.078 -0.443 -0.793 -1.127 -1.556 -1.901 -1.937
0.00152 5.00e+08 2.3712832928    2.371  2.099  3.7557  2.688    2  0.000  0.537     0.00     0.00 -1    -1e-30      0.00 7.496e-01 2.488e-01 2.818e-04 7.698e-05 6.994e-04 -1.000 1.601e-03 -0.478 0.193 0.191 -0.366 -0.732 -1.081 -1.533 -1.897 -1.937
0.00152 5.00e+08 2.3714394569    2.371  2.075  3.7487  2.685    2  0.000  0.537     0.00     0.00 -1    -1e-30      0.00 7.487e-01 2.497e-01 2.828e-04 7.724e-05 7.017e-04 -1.000 1.579e-03 -0.418 0.313 0.297 -0.291 -0.672 -1.033 -1.504 -1.885 -1.927
0.00152 5.00e+08 2.3716118336    2.371  2.054  3.7416  2.677    2  0.000  0.538     0.00     0.00 -1    -1e-30      0.00 7.481e-01 2.503e-01 2.835e-04 7.742e-05 7.032e-04 -1.000 1.592e-03 -0.365 0.431 0.397 -0.224 -0.619 -0.993 -1.482 -1.881 -1.926
0.00152 5.00e+08 2.3716783524    2.371  2.048  3.7389  2.672    2  0.000  0.538     0.00     0.00 -1    -1e-30      0.00 7.480e-01 2.504e-01 2.837e-04 7.747e-05 7.036e-04 -1.000 1.604e-03 -0.350 0.471 0.430 -0.204 -0.605 -0.983 -1.480 -1.885 -1.930
0.00152 5.00e+08 2.3717310429    2.371  2.051  3.7370  2.662    3  0.000  0.538     0.00     0.00 -1    -1e-30      0.00 7.479e-01 2.505e-01 2.838e-04 7.749e-05 7.039e-04 -1.000 1.604e-03 -0.358 0.483 0.435 -0.208 -0.612 -0.994 -1.496 -1.906 -1.952
0.00152 5.00e+08 2.3719418049    2.371  2.077  3.7301  2.608    3  0.000  0.537     0.00     0.00 -1    -1e-30      0.00 7.475e-01 2.509e-01 2.838e-04 7.764e-05 7.045e-04 -1.000 1.604e-03 -0.422 0.504 0.422 -0.255 -0.674 -1.067 -1.589 -2.017 -2.066
0.00152 5.00e+08 2.3721363544    2.372  2.113  3.7250  2.552    3  0.000  0.532     0.00     0.00 -1    -1e-30      0.00 7.471e-01 2.512e-01 2.814e-04 7.914e-05 7.048e-04 -1.000 1.604e-03 -0.512 0.476 0.369 -0.333 -0.763 -1.164 -1.701 -2.141 -2.192
0.00152 5.00e+08 2.3723659515    2.372  2.153  3.7210  2.496    3  0.000  0.503     0.00     0.00 -1    -1e-30      0.00 7.466e-01 2.518e-01 2.661e-04 9.245e-05 7.050e-04 -1.000 1.604e-03 -0.613 0.431 0.300 -0.423 -0.861 -1.270 -1.818 -2.269 -2.321
0.00152 5.00e+08 2.3726413250    2.372  2.193  3.7174  2.441    3  0.000  0.450     0.00     0.00 -1    -1e-30      0.00 7.459e-01 2.525e-01 2.379e-04 1.246e-04 7.051e-04 -1.000 1.604e-03 -0.714 0.383 0.227 -0.515 -0.960 -1.375 -1.934 -2.394 -2.447
0.00152 5.00e+08 2.3729164600    2.372  2.230  3.7145  2.394    3  0.000  0.406     0.00     0.00 -1    -1e-30      0.00 7.452e-01 2.532e-01 2.148e-04 1.530e-04 7.052e-04 -1.000 1.604e-03 -0.804 0.337 0.160 -0.597 -1.048 -1.468 -2.036 -2.504 -2.558
0.00152 5.00e+08 2.3729622364    2.372  2.235  3.7141  2.386    3  0.000  0.400     0.00     0.00 -1    -1e-30      0.00 7.451e-01 2.533e-01 2.115e-04 1.571e-04 7.052e-04 -1.000 1.604e-03 -0.819 0.329 0.149 -0.610 -1.062 -1.483 -2.053 -2.522 -2.576
0.00152 5.00e+08 2.3730587959    2.373  2.248  3.7131  2.370    3  0.000  0.390     0.00     0.00 -1    -1e-30      0.00 7.448e-01 2.536e-01 2.064e-04 1.634e-04 7.052e-04 -1.000 1.604e-03 -0.849 0.312 0.126 -0.639 -1.093 -1.515 -2.087 -2.559 -2.613
0.00152 5.00e+08 2.3732039928    2.373  2.266  3.7118  2.346    3  0.000  0.377     0.00     0.00 -1    -1e-30      0.00 7.444e-01 2.540e-01 1.992e-04 1.723e-04 7.052e-04 -1.000 1.604e-03 -0.896 0.287 0.091 -0.681 -1.138 -1.563 -2.139 -2.614 -2.669
0.00152 5.00e+08 2.3733482361    2.373  2.285  3.7105  2.323    3  0.000  0.366     0.00     0.00 -1    -1e-30      0.00 7.439e-01 2.545e-01 1.936e-04 1.793e-04 7.051e-04 -1.000 1.604e-03 -0.941 0.261 0.056 -0.723 -1.183 -1.610 -2.190 -2.668 -2.724
0.00152 5.00e+08 2.3736846447    2.373  2.327  3.7075  2.268    3  0.000  0.348     0.00     0.00 -1    -1e-30      0.00 7.430e-01 2.554e-01 1.840e-04 1.912e-04 7.050e-04 -1.000 1.620e-03 -1.048 0.205 -0.025 -0.820 -1.286 -1.720 -2.308 -2.795 -2.851
0.00152 5.00e+08 2.3740687370    2.374  2.376  3.7042  2.206    3  0.000  0.335     0.00     0.00 -1    -1e-30      0.00 7.418e-01 2.566e-01 1.765e-04 2.019e-04 7.035e-04 -1.000 1.622e-03 -1.169 0.140 -0.116 -0.930 -1.405 -1.844 -2.443 -2.939 -2.996
0.00152 5.00e+08 2.3744044304    2.374  2.418  3.7014  2.153    3  0.000  0.331     0.00     0.00 -1    -1e-30      0.00 7.398e-01 2.586e-01 1.717e-04 2.181e-04 6.917e-04 -1.000 1.642e-03 -1.275 0.082 -0.197 -1.027 -1.507 -1.952 -2.560 -3.062 -3.121
0.00152 5.00e+08 2.3747401237    2.374  2.460  3.6987  2.101    3  0.000  0.329     0.00     0.00 -1    -1e-30      0.00 7.369e-01 2.615e-01 1.679e-04 2.332e-04 6.797e-04 -1.000 1.604e-03 -1.379 0.025 -0.276 -1.122 -1.609 -2.059 -2.675 -3.185 -3.245
0.00152 5.00e+08 2.3750755787    2.375  2.501  3.6961  2.049    3  0.000  0.329     0.00     0.00 -1    -1e-30      0.00 7.334e-01 2.650e-01 1.649e-04 2.473e-04 6.679e-04 -1.000 1.604e-03 -1.483 -0.033 -0.356 -1.217 -1.710 -2.165 -2.789 -3.306 -3.367
0.00152 5.00e+08 2.3754105568    2.375  2.542  3.6933  1.997    3  0.000  0.329     0.00     0.00 -1    -1e-30      0.00 7.298e-01 2.686e-01 1.627e-04 2.578e-04 6.591e-04 -1.000 1.604e-03 -1.585 -0.084 -0.432 -1.308 -1.808 -2.268 -2.901 -3.427 -3.488
0.00152 5.00e+08 2.3757932186    2.375  2.585  3.6905  1.943    3  0.000  0.329     0.00     0.00 -1    -1e-30      0.00 7.262e-01 2.722e-01 1.607e-04 2.670e-04 6.514e-04 -1.000 1.604e-03 -1.693 -0.135 -0.511 -1.404 -1.911 -2.376 -3.019 -3.552 -3.615
0.00152 5.00e+08 2.3759541512    2.375  2.599  3.6896  1.925    3  0.000  0.329     0.00     0.00 -1    -1e-30      0.00 7.249e-01 2.735e-01 1.601e-04 2.699e-04 6.490e-04 -1.000 1.604e-03 -1.728 -0.151 -0.537 -1.436 -1.945 -2.412 -3.058 -3.594 -3.656
0.00152 5.00e+08 2.3761785030    2.376  2.583  3.6908  1.946    3  0.000  0.329     0.00     0.00 -1    -1e-30      0.00 7.249e-01 2.735e-01 1.601e-04 2.700e-04 6.489e-04 -1.000 1.604e-03 -1.687 -0.134 -0.508 -1.399 -1.905 -2.370 -3.012 -3.545 -3.607
0.00152 5.00e+08 2.3767807484    2.376  2.548  3.6933  1.991    4  0.000  0.329     0.00     0.00 -1    -1e-30      0.00 7.249e-01 2.735e-01 1.601e-04 2.700e-04 6.489e-04 -1.000 1.604e-03 -1.600 -0.097 -0.446 -1.323 -1.822 -2.283 -2.916 -3.442 -3.503
0.00152 5.00e+08 2.3782973289    2.378  2.509  3.6962  2.042    4  0.000  0.329     0.00     0.00 -1    -1e-30      0.00 7.249e-01 2.735e-01 1.601e-04 2.699e-04 6.489e-04 -1.000 1.604e-03 -1.503 -0.054 -0.377 -1.237 -1.730 -2.185 -2.809 -3.326 -3.386
0.00152 5.00e+08 2.3803997040    2.380  2.471  3.6990  2.091    4  0.000  0.329     0.00     0.00 -1    -1e-30      0.00 7.249e-01 2.735e-01 1.601e-04 2.699e-04 6.490e-04 -1.000 1.604e-03 -1.409 -0.008 -0.308 -1.152 -1.639 -2.088 -2.703 -3.213 -3.272
0.00152 5.00e+08 2.3824563026    2.382  2.434  3.7018  2.140    4  0.000  0.329     0.00     0.00 -1    -1e-30      0.00 7.249e-01 2.734e-01 1.601e-04 2.699e-04 6.490e-04 -1.000 1.604e-03 -1.314 0.038 -0.239 -1.067 -1.547 -1.991 -2.598 -3.099 -3.158
0.00152 5.00e+08 2.3843448162    2.384  2.398  3.7044  2.187    4  0.000  0.329     0.00     0.00 -1    -1e-30      0.00 7.250e-01 2.734e-01 1.601e-04 2.698e-04 6.490e-04 -1.000 1.604e-03 -1.224 0.083 -0.173 -0.986 -1.460 -1.899 -2.497 -2.991 -3.049
0.00152 5.00e+08 2.3859066963    2.385  2.368  3.7066  2.226    4  0.000  0.329     0.00     0.00 -1    -1e-30      0.00 7.250e-01 2.734e-01 1.601e-04 2.698e-04 6.491e-04 -1.000 1.604e-03 -1.149 0.121 -0.118 -0.919 -1.387 -1.822 -2.414 -2.902 -2.959
0.00152 5.00e+08 2.3878114223    2.387  2.333  3.7093  2.273    4  0.000  0.329     0.00     0.00 -1    -1e-30      0.00 7.250e-01 2.734e-01 1.601e-04 2.697e-04 6.491e-04 -1.000 1.604e-03 -1.061 0.163 -0.054 -0.839 -1.302 -1.732 -2.315 -2.796 -2.853
0.00152 5.00e+08 2.3896899223    2.389  2.300  3.7119  2.316    4  0.000  0.329     0.00     0.00 -1    -1e-30      0.00 7.250e-01 2.734e-01 1.601e-04 2.697e-04 6.492e-04 -1.000 1.604e-03 -0.980 0.204 0.006 -0.766 -1.223 -1.648 -2.223 -2.698 -2.753
0.00152 5.00e+08 2.3922836781    2.392  2.262  3.7152  2.368    4  0.000  0.329     0.00     0.00 -1    -1e-30      0.00 7.251e-01 2.733e-01 1.601e-04 2.696e-04 6.492e-04 -1.000 1.604e-03 -0.884 0.250 0.074 -0.679 -1.129 -1.548 -2.114 -2.579 -2.634
0.00152 5.00e+08 2.3949115276    2.394  2.231  3.7184  2.411    4  0.000  0.329     0.00     0.00 -1    -1e-30      0.00 7.251e-01 2.733e-01 1.601e-04 2.696e-04 6.493e-04 -1.000 1.604e-03 -0.809 0.277 0.124 -0.613 -1.056 -1.469 -2.025 -2.483 -2.536
0.00152 5.00e+08 2.4000000954    2.400  2.199  3.7243  2.468    4  0.000  0.329     0.00     0.00 -1    -1e-30      0.00 7.252e-01 2.732e-01 1.601e-04 2.695e-04 6.494e-04 -1.000 1.604e-03 -0.728 0.273 0.157 -0.549 -0.979 -1.382 -1.921 -2.362 -2.413
0.00152 5.00e+08 2.4013690948    2.401  2.193  3.7259  2.480    4  0.000  0.329     0.00     0.00 -1    -1e-30      0.00 7.252e-01 2.732e-01 1.601e-04 2.695e-04 6.494e-04 -1.000 1.604e-03 -0.713 0.268 0.159 -0.538 -0.966 -1.366 -1.900 -2.337 -2.387
0.00152 5.00e+08 2.4106509686    2.410  2.270  3.7428  2.473    5  0.000  0.329     0.00     0.00 -1    -1e-30      0.00 7.254e-01 2.730e-01 1.601e-04 2.695e-04 6.494e-04 -1.000 1.607e-03 -0.904 -0.107 -0.157 -0.770 -1.162 -1.532 -2.018 -2.412 -2.456
0.00152 5.00e+08 2.4205377102    2.420  2.340  3.7636  2.488    5  0.000  0.329     0.00     0.00 -1    -1e-30      0.00 7.255e-01 2.729e-01 1.601e-04 2.695e-04 6.494e-04 -1.000 1.611e-03 -1.081 -0.458 -0.471 -0.990 -1.338 -1.671 -2.102 -2.444 -2.482
0.00152 5.00e+08 2.4262063503    2.426  2.364  3.7812  2.536    5  0.000  0.329     0.00     0.00 -1    -1e-30      0.00 7.256e-01 2.728e-01 1.601e-04 2.695e-04 6.494e-04 -1.000 1.612e-03 -1.139 -0.628 -0.630 -1.079 -1.393 -1.694 -2.078 -2.378 -2.411
0.00152 5.00e+08 2.4316787720    2.431  2.381  3.7861  2.539    5  0.000  0.329     0.00     0.00 -1    -1e-30      0.00 7.257e-01 2.727e-01 1.601e-04 2.695e-04 6.494e-04 -1.000 1.614e-03 -1.183 -0.695 -0.700 -1.132 -1.435 -1.727 -2.099 -2.388 -2.419
0.00152 5.00e+08 2.4358055592    2.436  2.394  3.7877  2.534    5  0.000  0.329     0.00     0.00 -1    -1e-30      0.00 7.258e-01 2.726e-01 1.601e-04 2.695e-04 6.494e-04 -1.000 1.615e-03 -1.215 -0.734 -0.740 -1.167 -1.466 -1.755 -2.123 -2.408 -2.438
0.00152 5.00e+08 2.4386603832    2.438  2.403  3.7889  2.530    5  0.000  0.329     0.00     0.00 -1    -1e-30      0.00 7.258e-01 2.726e-01 1.601e-04 2.695e-04 6.494e-04 -1.000 1.616e-03 -1.236 -0.762 -0.769 -1.191 -1.488 -1.774 -2.139 -2.421 -2.451
0.00152 5.00e+08 2.4409503937    2.441  2.410  3.7901  2.528    5  0.000  0.329     0.00     0.00 -1    -1e-30      0.00 7.259e-01 2.725e-01 1.601e-04 2.695e-04 6.494e-04 -1.000 1.617e-03 -1.254 -0.785 -0.793 -1.210 -1.505 -1.789 -2.151 -2.430 -2.460
0.00152 5.00e+08 2.4431664944    2.443  2.416  3.7914  2.527    5  0.000  0.329     0.00     0.00 -1    -1e-30      0.00 7.259e-01 2.725e-01 1.600e-04 2.695e-04 6.494e-04 -1.000 1.617e-03 -1.271 -0.807 -0.816 -1.229 -1.521 -1.803 -2.161 -2.437 -2.467
0.00152 5.00e+08 2.4454050064    2.445  2.423  3.7927  2.526    5  0.000  0.329     0.00     0.00 -1    -1e-30      0.00 7.259e-01 2.724e-01 1.600e-04 2.695e-04 6.494e-04 -1.000 1.618e-03 -1.288 -0.831 -0.841 -1.249 -1.538 -1.817 -2.172 -2.445 -2.474
0.00152 5.00e+08 2.4477691650    2.448  2.430  3.7943  2.526    5  0.000  0.329     0.00     0.00 -1    -1e-30      0.00 7.260e-01 2.724e-01 1.600e-04 2.695e-04 6.494e-04 -1.000 1.619e-03 -1.306 -0.856 -0.867 -1.270 -1.555 -1.832 -2.182 -2.452 -2.480
0.00152 5.00e+08 2.4502818584    2.450  2.438  3.7959  2.525    5  0.000  0.329     0.00     0.00 -1    -1e-30      0.00 7.260e-01 2.724e-01 1.600e-04 2.696e-04 6.494e-04 -1.000 1.620e-03 -1.324 -0.881 -0.894 -1.291 -1.573 -1.847 -2.193 -2.459 -2.487
0.00152 5.00e+08 2.4529953003    2.453  2.446  3.7977  2.524    5  0.000  0.329     0.00     0.00 -1    -1e-30      0.00 7.261e-01 2.723e-01 1.600e-04 2.696e-04 6.494e-04 -1.000 1.621e-03 -1.345 -0.908 -0.923 -1.314 -1.592 -1.863 -2.205 -2.466 -2.494
0.00152 5.00e+08 2.4561445713    2.456  2.455  3.7996  2.524    5  0.000  0.329     0.00     0.00 -1    -1e-30      0.00 7.261e-01 2.723e-01 1.600e-04 2.696e-04 6.494e-04 -1.000 1.622e-03 -1.368 -0.938 -0.956 -1.341 -1.614 -1.881 -2.218 -2.475 -2.503
0.00152 5.00e+08 2.4594976902    2.459  2.465  3.8016  2.522    5  0.000  0.329     0.00     0.00 -1    -1e-30      0.00 7.262e-01 2.722e-01 1.600e-04 2.696e-04 6.494e-04 -1.000 1.623e-03 -1.393 -0.970 -0.991 -1.369 -1.638 -1.901 -2.233 -2.485 -2.513
0.00152 5.00e+08 2.4638495445    2.464  2.478  3.8037  2.519    5  0.000  0.329     0.00     0.00 -1    -1e-30      0.00 7.263e-01 2.721e-01 1.600e-04 2.696e-04 6.494e-04 -1.000 1.624e-03 -1.424 -1.010 -1.033 -1.404 -1.669 -1.928 -2.255 -2.501 -2.529
0.00152 5.00e+08 2.4698610306    2.470  2.495  3.8058  2.511    5  0.000  0.329     0.00     0.00 -1    -1e-30      0.00 7.264e-01 2.720e-01 1.600e-04 2.696e-04 6.494e-04 -1.000 1.626e-03 -1.466 -1.060 -1.087 -1.450 -1.710 -1.965 -2.287 -2.528 -2.555
0.00152 5.00e+08 2.4752480984    2.475  2.508  3.8043  2.493    5  0.000  0.329     0.00     0.00 -1    -1e-30      0.00 7.264e-01 2.719e-01 1.600e-04 2.696e-04 6.494e-04 -1.000 1.627e-03 -1.500 -1.087 -1.115 -1.482 -1.745 -2.003 -2.328 -2.573 -2.600
0.00152 5.00e+08 2.4899513721    2.490  2.542  3.7950  2.424    6  0.000  0.329     0.00     0.00 -1    -1e-30      0.00 7.267e-01 2.717e-01 1.600e-04 2.696e-04 6.494e-04 -1.000 1.632e-03 -1.586 -1.133 -1.158 -1.555 -1.837 -2.111 -2.459 -2.725 -2.754
0.00152 5.00e+08 2.4953734875    2.495  2.552  3.7865  2.381    6  0.000  0.329     0.00     0.00 -1    -1e-30      0.00 7.268e-01 2.716e-01 1.600e-04 2.696e-04 6.494e-04 -1.000 1.633e-03 -1.611 -1.116 -1.140 -1.567 -1.867 -2.156 -2.526 -2.811 -2.842
0.00152 5.00e+08 2.4988107681    2.499  2.558  3.7793  2.347    6  0.000  0.329     0.00     0.00 -1    -1e-30      0.00 7.268e-01 2.715e-01 1.600e-04 2.696e-04 6.494e-04 -1.000 1.635e-03 -1.625 -1.092 -1.116 -1.569 -1.884 -2.186 -2.574 -2.875 -2.909
0.00152 5.00e+08 2.5008394718    2.501  2.558  3.7725  2.320    6  0.000  0.329     0.00     0.00 -1    -1e-30      0.00 7.269e-01 2.715e-01 1.600e-04 2.696e-04 6.494e-04 -1.000 1.635e-03 -1.626 -1.049 -1.078 -1.558 -1.886 -2.202 -2.608 -2.925 -2.961
0.00152 5.00e+08 2.5021138191    2.502  2.558  3.7668  2.297    6  0.000  0.329     0.00     0.00 -1    -1e-30      0.00 7.269e-01 2.715e-01 1.600e-04 2.696e-04 6.494e-04 -1.000 1.636e-03 -1.625 -1.011 -1.044 -1.547 -1.887 -2.213 -2.634 -2.965 -3.002
0.00152 5.00e+08 2.5031991005    2.503  2.556  3.7607  2.276    6  0.000  0.329     0.00     0.00 -1    -1e-30      0.00 7.269e-01 2.715e-01 1.600e-04 2.696e-04 6.494e-04 -1.000 1.636e-03 -1.620 -0.958 -1.001 -1.529 -1.882 -2.219 -2.656 -3.002 -3.041
0.00152 5.00e+08 2.5041065216    2.504  2.553  3.7541  2.253    6  0.000  0.329     0.00     0.00 -1    -1e-30      0.00 7.269e-01 2.714e-01 1.600e-04 2.696e-04 6.494e-04 -1.000 1.636e-03 -1.611 -0.897 -0.950 -1.507 -1.874 -2.223 -2.678 -3.040 -3.081
0.00152 5.00e+08 2.5045938492    2.505  2.549  3.7489  2.235    6  0.000  0.329     0.00     0.00 -1    -1e-30      0.00 7.269e-01 2.714e-01 1.600e-04 2.696e-04 6.494e-04 -1.000 1.636e-03 -1.603 -0.843 -0.907 -1.488 -1.866 -2.225 -2.693 -3.068 -3.111
0.00152 5.00e+08 2.5049774647    2.505  2.546  3.7436  2.217    6  0.000  0.329     0.00     0.00 -1    -1e-30      0.00 7.269e-01 2.714e-01 1.600e-04 2.696e-04 6.494e-04 -1.000 1.636e-03 -1.595 -0.785 -0.862 -1.468 -1.858 -2.226 -2.708 -3.097 -3.141
0.00152 5.00e+08 2.5053098202    2.505  2.543  3.7389  2.202    6  0.000  0.329     0.00     0.00 -1    -1e-30      0.00 7.269e-01 2.714e-01 1.600e-04 2.696e-04 6.494e-04 -1.000 1.636e-03 -1.587 -0.733 -0.821 -1.450 -1.849 -2.225 -2.721 -3.121 -3.167
0.00152 5.00e+08 2.5055975914    2.506  2.540  3.7348  2.188    6  0.000  0.329     0.00     0.00 -1    -1e-30      0.00 7.269e-01 2.714e-01 1.600e-04 2.696e-04 6.494e-04 -1.000 1.637e-03 -1.580 -0.678 -0.782 -1.433 -1.841 -2.225 -2.732 -3.143 -3.190
0.00152 5.00e+08 2.5059769154    2.506  2.536  3.7297  2.172    6  0.000  0.329     0.00     0.00 -1    -1e-30      0.00 7.270e-01 2.714e-01 1.600e-04 2.696e-04 6.494e-04 -1.000 1.637e-03 -1.569 -0.606 -0.731 -1.408 -1.828 -2.220 -2.742 -3.167 -3.216
0.00152 5.00e+08 2.5064485073    2.507  2.532  3.7230  2.149    6  0.000  0.329     0.00     0.00 -1    -1e-30      0.00 7.270e-01 2.714e-01 1.600e-04 2.696e-04 6.494e-04 -1.000 1.637e-03 -1.561 -0.516 -0.671 -1.383 -1.817 -2.221 -2.763 -3.204 -3.256
0.00152 5.00e+08 2.5068168640    2.507  2.528  3.7172  2.130    6  0.000  0.329     0.00     0.00 -1    -1e-30      0.00 7.270e-01 2.714e-01 1.600e-04 2.696e-04 6.494e-04 -1.000 1.637e-03 -1.550 -0.422 -0.610 -1.354 -1.800 -2.215 -2.775 -3.233 -3.286
0.00152 5.00e+08 2.5071082115    2.507  2.524  3.7117  2.112    6  0.000  0.329     0.00     0.00 -1    -1e-30      0.00 7.270e-01 2.714e-01 1.600e-04 2.696e-04 6.494e-04 -1.000 1.637e-03 -1.540 -0.334 -0.553 -1.327 -1.785 -2.211 -2.786 -3.260 -3.315
0.00152 5.00e+08 2.5072183609    2.507  2.529  3.7081  2.093    6  0.000  0.329     0.00     0.00 -1    -1e-30      0.00 7.270e-01 2.714e-01 1.600e-04 2.696e-04 6.494e-04 -1.000 1.637e-03 -1.551 -0.292 -0.533 -1.327 -1.793 -2.225 -2.812 -3.295 -3.351
0.00152 5.00e+08 2.5072789192    2.507  2.562  3.7038  2.042    7  0.000  0.329     0.00     0.00 -1    -1e-30      0.00 7.270e-01 2.714e-01 1.600e-04 2.696e-04 6.494e-04 -1.000 1.637e-03 -1.635 -0.305 -0.578 -1.397 -1.872 -2.313 -2.913 -3.408 -3.465
0.00152 5.00e+08 2.5073342323    2.508  2.600  3.6999  1.988    7  0.000  0.329     0.00     0.00 -1    -1e-30      0.00 7.270e-01 2.714e-01 1.600e-04 2.696e-04 6.494e-04 -1.000 1.637e-03 -1.731 -0.334 -0.638 -1.479 -1.964 -2.412 -3.024 -3.530 -3.589
0.00152 5.00e+08 2.5073761940    2.508  2.623  3.6979  1.958    7  0.000  0.329     0.00     0.00 -1    -1e-30      0.00 7.270e-01 2.714e-01 1.600e-04 2.696e-04 6.494e-04 -1.000 1.637e-03 -1.787 -0.354 -0.674 -1.527 -2.017 -2.469 -3.087 -3.598 -3.658
0.00152 5.00e+08 2.5074665546    2.508  2.629  3.6975  1.950    7  0.000  0.329     0.00     0.00 -1    -1e-30      0.00 7.270e-01 2.714e-01 1.600e-04 2.696e-04 6.494e-04 -1.000 1.637e-03 -1.803 -0.362 -0.687 -1.543 -2.033 -2.486 -3.106 -3.618 -3.678
0.00152 5.00e+08 2.5077748299    2.508  2.630  3.6974  1.949    7  0.000  0.329     0.00     0.00 -1    -1e-30      0.00 7.270e-01 2.714e-01 1.600e-04 2.696e-04 6.494e-04 -1.000 1.637e-03 -1.804 -0.363 -0.688 -1.544 -2.034 -2.487 -3.107 -3.619 -3.679
0.00152 5.00e+08 2.5081012249    2.508  2.629  3.6972  1.949    7  0.000  0.329     0.00     0.00 -1    -1e-30      0.00 7.270e-01 2.714e-01 1.600e-04 2.696e-04 6.494e-04 -1.000 1.637e-03 -1.803 -0.359 -0.685 -1.542 -2.033 -2.486 -3.106 -3.620 -3.679
0.00152 5.00e+08 2.5083107948    2.509  2.648  3.6955  1.923    7  0.000  0.329     0.00     0.00 -1    -1e-30      0.00 7.270e-01 2.714e-01 1.600e-04 2.696e-04 6.494e-04 -1.000 1.637e-03 -1.851 -0.374 -0.715 -1.583 -2.078 -2.535 -3.161 -3.679 -3.739
0.00152 5.00e+08 2.5086288452    2.509  2.688  3.6920  1.869    7  0.000  0.329     0.00     0.00 -1    -1e-30      0.00 7.270e-01 2.714e-01 1.600e-04 2.696e-04 6.494e-04 -1.000 1.638e-03 -1.950 -0.404 -0.779 -1.668 -2.172 -2.635 -3.273 -3.801 -3.862
0.00152 5.00e+08 2.5089509487    2.509  2.730  3.6885  1.814    7  0.000  0.329     0.00     0.00 -1    -1e-30      0.00 7.270e-01 2.714e-01 1.600e-04 2.696e-04 6.494e-04 -1.000 1.638e-03 -2.054 -0.438 -0.848 -1.758 -2.271 -2.740 -3.390 -3.928 -3.990
0.00152 5.00e+08 2.5093147755    2.510  2.771  3.6851  1.759    7  0.000  0.329     0.00     0.00 -1    -1e-30      0.00 7.270e-01 2.714e-01 1.600e-04 2.696e-04 6.494e-04 -1.000 1.638e-03 -2.159 -0.473 -0.917 -1.848 -2.370 -2.846 -3.507 -4.054 -4.118
0.00152 5.00e+08 2.5096902847    2.510  2.813  3.6819  1.705    7  0.000  0.328     0.00     0.00 -1    -1e-30      0.00 7.270e-01 2.713e-01 1.600e-04 2.697e-04 6.494e-04 -1.000 1.638e-03 -2.261 -0.508 -0.985 -1.937 -2.467 -2.949 -3.622 -4.178 -4.243
0.00152 5.00e+08 2.5100517273    2.510  2.853  3.6786  1.651    7  0.000  0.328     0.00     0.00 -1    -1e-30      0.00 7.270e-01 2.713e-01 1.598e-04 2.698e-04 6.494e-04 -1.000 1.638e-03 -2.363 -0.540 -1.050 -2.023 -2.562 -3.050 -3.734 -4.300 -4.366
0.00152 5.00e+08 2.5103893280    2.511  2.894  3.6754  1.598    7  0.000  0.327     0.00     0.00 -1    -1e-30      0.00 7.270e-01 2.713e-01 1.594e-04 2.703e-04 6.494e-04 -1.000 1.638e-03 -2.465 -0.572 -1.115 -2.108 -2.656 -3.151 -3.846 -4.422 -4.489
0.00152 5.00e+08 2.5107016563    2.511  2.934  3.6722  1.544    7  0.000  0.326     0.00     0.00 -1    -1e-30      0.00 7.270e-01 2.713e-01 1.586e-04 2.710e-04 6.494e-04 -1.000 1.638e-03 -2.566 -0.601 -1.179 -2.193 -2.750 -3.251 -3.958 -4.544 -4.612
0.00152 5.00e+08 2.5109879971    2.511  2.975  3.6690  1.491    7  0.000  0.324     0.00     0.00 -1    -1e-30      0.00 7.270e-01 2.713e-01 1.577e-04 2.721e-04 6.494e-04 -1.000 1.638e-03 -2.667 -0.629 -1.241 -2.278 -2.844 -3.351 -4.070 -4.665 -4.735
0.00152 5.00e+08 2.5112473965    2.511  3.015  3.6658  1.438    7  0.000  0.322     0.00     0.00 -1    -1e-30      0.00 7.270e-01 2.713e-01 1.568e-04 2.732e-04 6.494e-04 -1.000 1.639e-03 -2.767 -0.648 -1.299 -2.359 -2.935 -3.450 -4.180 -4.785 -4.857
0.00152 5.00e+08 2.5114822388    2.512  3.055  3.6625  1.386    7  0.000  0.320     0.00     0.00 -1    -1e-30      0.00 7.270e-01 2.713e-01 1.559e-04 2.743e-04 6.494e-04 -1.000 1.643e-03 -2.866 -0.663 -1.355 -2.439 -3.026 -3.547 -4.291 -4.905 -4.978
0.00152 5.00e+08 2.5116961002    2.512  3.094  3.6593  1.333    7  0.000  0.319     0.00     0.00 -1    -1e-30      0.00 7.270e-01 2.713e-01 1.551e-04 2.753e-04 6.493e-04 -1.000 1.643e-03 -2.966 -0.677 -1.411 -2.519 -3.116 -3.645 -4.401 -5.024 -5.099
0.00152 5.00e+08 2.5118930340    2.512  3.134  3.6560  1.280    7  0.000  0.317     0.00     0.00 -1    -1e-30      0.00 7.270e-01 2.714e-01 1.544e-04 2.762e-04 6.492e-04 -1.000 1.620e-03 -3.066 -0.687 -1.465 -2.599 -3.207 -3.743 -4.512 -5.145 -5.221
0.00152 5.00e+08 2.5120766163    2.512  3.175  3.6527  1.226    7  0.000  0.316     0.00     0.00 -1    -1e-30      0.00 7.270e-01 2.714e-01 1.538e-04 2.771e-04 6.490e-04 -1.000 1.604e-03 -3.167 -0.691 -1.516 -2.677 -3.297 -3.841 -4.623 -5.267 -5.345
0.00152 5.00e+08 2.5122458935    2.512  3.215  3.6494  1.172    7  0.000  0.315     0.00     0.00 -1    -1e-30      0.00 7.270e-01 2.714e-01 1.533e-04 2.779e-04 6.487e-04 -1.000 1.605e-03 -3.268 -0.691 -1.565 -2.753 -3.385 -3.937 -4.733 -5.387 -5.468
0.00152 5.00e+08 2.5124022961    2.513  3.255  3.6460  1.119    7  0.000  0.314     0.00     0.00 -1    -1e-30      0.00 7.270e-01 2.714e-01 1.528e-04 2.788e-04 6.483e-04 -1.000 1.609e-03 -3.368 -0.686 -1.611 -2.827 -3.472 -4.032 -4.844 -5.508 -5.591
0.00152 5.00e+08 2.5125465393    2.513  3.296  3.6426  1.065    7  0.000  0.314     0.00     0.00 -1    -1e-30      0.00 7.270e-01 2.714e-01 1.524e-04 2.797e-04 6.477e-04 -1.000 1.615e-03 -3.469 -0.677 -1.656 -2.900 -3.558 -4.128 -4.954 -5.629 -5.715
0.00152 5.00e+08 2.5126807690    2.513  3.336  3.6392  1.011    7  0.000  0.313     0.00     0.00 -1    -1e-30      0.00 7.270e-01 2.714e-01 1.521e-04 2.807e-04 6.471e-04 -1.000 1.616e-03 -3.569 -0.666 -1.700 -2.973 -3.645 -4.223 -5.064 -5.750 -5.838
0.00152 5.00e+08 2.5128057003    2.513  3.376  3.6358  0.957    7  0.000  0.313     0.00     0.00 -1    -1e-30      0.00 7.269e-01 2.714e-01 1.518e-04 2.817e-04 6.463e-04 -1.000 1.642e-03 -3.671 -0.638 -1.735 -3.041 -3.729 -4.317 -5.174 -5.870 -5.962
0.00152 5.00e+08 2.5129218102    2.513  3.417  3.6322  0.903    7  0.000  0.313     0.00     0.00 -1    -1e-30      0.00 7.269e-01 2.715e-01 1.516e-04 2.827e-04 6.455e-04 -1.000 1.622e-03 -3.771 -0.602 -1.767 -3.107 -3.812 -4.411 -5.285 -5.992 -6.086
0.00152 5.00e+08 2.5130300522    2.513  3.457  3.6287  0.848    7  0.000  0.313     0.00     0.00 -1    -1e-30      0.00 7.268e-01 2.716e-01 1.514e-04 2.837e-04 6.447e-04 -1.000 1.610e-03 -3.872 -0.564 -1.798 -3.173 -3.895 -4.505 -5.395 -6.113 -6.211
0.00152 5.00e+08 2.5131313801    2.513  3.497  3.6253  0.794    7  0.000  0.313     0.00     0.00 -1    -1e-30      0.00 7.268e-01 2.716e-01 1.512e-04 2.846e-04 6.440e-04 -1.000 1.633e-03 -3.973 -0.523 -1.827 -3.238 -3.977 -4.598 -5.505 -6.234 -6.335
0.00152 5.00e+08 2.5132267475    2.513  3.538  3.6217  0.739    7  0.000  0.313     0.00     0.00 -1    -1e-30      0.00 7.266e-01 2.717e-01 1.510e-04 2.854e-04 6.433e-04 -1.000 1.663e-03 -4.075 -0.473 -1.850 -3.298 -4.056 -4.690 -5.615 -6.354 -6.460
0.00152 5.00e+08 2.5133171082    2.514  3.578  3.6181  0.684    7  0.000  0.313     0.00     0.00 -1    -1e-30      0.00 7.265e-01 2.718e-01 1.509e-04 2.862e-04 6.426e-04 -1.000 1.629e-03 -4.176 -0.421 -1.873 -3.357 -4.134 -4.781 -5.725 -6.476 -6.586
0.00152 5.00e+08 2.5134022236    2.514  3.619  3.6145  0.629    7  0.000  0.313     0.00     0.00 -1    -1e-30      0.00 7.264e-01 2.720e-01 1.507e-04 2.869e-04 6.420e-04 -1.000 1.621e-03 -4.277 -0.367 -1.895 -3.416 -4.213 -4.872 -5.834 -6.597 -6.711
0.00152 5.00e+08 2.5134837627    2.514  3.659  3.6109  0.574    7  0.000  0.313     0.00     0.00 -1    -1e-30      0.00 7.262e-01 2.722e-01 1.506e-04 2.874e-04 6.415e-04 -1.000 1.619e-03 -4.379 -0.312 -1.915 -3.473 -4.290 -4.963 -5.943 -6.718 -6.836
0.00152 5.00e+08 2.5135614872    2.514  3.700  3.6073  0.520    7  0.000  0.313     0.00     0.00 -1    -1e-30      0.00 7.261e-01 2.723e-01 1.505e-04 2.880e-04 6.411e-04 -1.000 1.615e-03 -4.480 -0.257 -1.933 -3.527 -4.364 -5.052 -6.051 -6.838 -6.961
0.00152 5.00e+08 2.5136368275    2.514  3.740  3.6037  0.465    7  0.000  0.313     0.00     0.00 -1    -1e-30      0.00 7.258e-01 2.726e-01 1.504e-04 2.884e-04 6.407e-04 -1.000 1.609e-03 -4.580 -0.194 -1.944 -3.577 -4.437 -5.140 -6.158 -6.958 -7.085
0.00152 5.00e+08 2.5137181282    2.514  3.784  3.5998  0.405    7  0.000  0.313     0.00     0.00 -1    -1e-30      0.00 7.256e-01 2.728e-01 1.503e-04 2.889e-04 6.403e-04 -1.000 1.605e-03 -4.690 -0.122 -1.952 -3.630 -4.515 -5.237 -6.276 -7.089 -7.221
0.00152 5.00e+08 2.5138092041    2.514  3.832  3.5954  0.340    7  0.000  0.313     0.00     0.00 -1    -1e-30      0.00 7.253e-01 2.731e-01 1.502e-04 2.893e-04 6.399e-04 -1.000 1.604e-03 -4.811 -0.042 -1.957 -3.684 -4.598 -5.342 -6.405 -7.232 -7.372
0.00152 5.00e+08 2.5138914585    2.514  3.871  3.5919  0.287    7  0.000  0.313     0.00     0.00 -1    -1e-30      0.00 7.251e-01 2.733e-01 1.502e-04 2.896e-04 6.397e-04 -1.000 1.604e-03 -4.907 0.023 -1.958 -3.723 -4.662 -5.424 -6.507 -7.346 -7.491
0.00152 5.00e+08 2.5139722824    2.514  3.887  3.5903  0.264    7  0.000  0.313     0.00     0.00 -1    -1e-30      0.00 7.249e-01 2.735e-01 1.501e-04 2.897e-04 6.396e-04 -1.000 1.604e-03 -4.949 0.050 -1.958 -3.740 -4.690 -5.460 -6.551 -7.396 -7.543
0.00152 5.00e+08 2.5140495300    2.514  3.862  3.5927  0.299    7  0.000  0.313     0.00     0.00 -1    -1e-30      0.00 7.249e-01 2.735e-01 1.501e-04 2.897e-04 6.396e-04 -1.000 1.604e-03 -4.886 0.006 -1.959 -3.716 -4.649 -5.406 -6.484 -7.321 -7.464
0.00152 5.00e+08 2.5140683651    2.514  3.852  3.5937  0.313    7  0.000  0.313     0.00     0.00 -1    -1e-30      0.00 7.249e-01 2.735e-01 1.501e-04 2.898e-04 6.396e-04 -1.000 1.604e-03 -4.861 -0.012 -1.960 -3.705 -4.632 -5.385 -6.458 -7.291 -7.433
0.00152 5.00e+08 2.5140786171    2.514  3.844  3.5945  0.324    7  0.000  0.313     0.00     0.00 -1    -1e-30      0.00 7.248e-01 2.735e-01 1.501e-04 2.898e-04 6.396e-04 -1.000 1.604e-03 -4.840 -0.026 -1.960 -3.697 -4.618 -5.367 -6.435 -7.266 -7.407
0.00152 5.00e+08 2.5140860081    2.514  3.833  3.5954  0.338    7  0.000  0.313     0.00     0.00 -1    -1e-30      0.00 7.248e-01 2.735e-01 1.501e-04 2.898e-04 6.396e-04 -1.000 1.604e-03 -4.814 -0.043 -1.959 -3.686 -4.601 -5.344 -6.408 -7.235 -7.375
0.00152 5.00e+08 2.5140924454    2.514  3.823  3.5964  0.353    7  0.000  0.313     0.00     0.00 -1    -1e-30      0.00 7.248e-01 2.735e-01 1.501e-04 2.898e-04 6.396e-04 -1.000 1.604e-03 -4.787 -0.061 -1.959 -3.675 -4.583 -5.321 -6.379 -7.203 -7.341
0.00152 5.00e+08 2.5140972137    2.514  3.811  3.5974  0.369    7  0.000  0.313     0.00     0.00 -1    -1e-30      0.00 7.248e-01 2.735e-01 1.501e-04 2.898e-04 6.396e-04 -1.000 1.604e-03 -4.758 -0.080 -1.958 -3.662 -4.563 -5.296 -6.348 -7.169 -7.305
0.00152 5.00e+08 2.5141053200    2.514  3.801  3.5984  0.383    7  0.000  0.313     0.00     0.00 -1    -1e-30      0.00 7.248e-01 2.735e-01 1.501e-04 2.898e-04 6.396e-04 -1.000 1.604e-03 -4.732 -0.097 -1.957 -3.651 -4.545 -5.273 -6.320 -7.138 -7.273
0.00152 5.00e+08 2.5141119957    2.514  3.814  3.5971  0.365    7  0.000  0.313     0.00     0.00 -1    -1e-30      0.00 7.248e-01 2.735e-01 1.501e-04 2.898e-04 6.396e-04 -1.000 1.604e-03 -4.765 -0.073 -1.957 -3.665 -4.568 -5.303 -6.356 -7.178 -7.315
0.00152 5.00e+08 2.5141170025    2.514  3.834  3.5952  0.337    7  0.000  0.313     0.00     0.00 -1    -1e-30      0.00 7.248e-01 2.735e-01 1.501e-04 2.898e-04 6.396e-04 -1.000 1.604e-03 -4.816 -0.039 -1.958 -3.686 -4.602 -5.346 -6.410 -7.238 -7.378
0.00152 5.00e+08 2.5141270161    2.514  3.876  3.5914  0.280    7  0.730  0.313     0.00     0.00 -1    -1e-30      0.00 7.248e-01 2.735e-01 1.501e-04 2.898e-04 6.396e-04 -1.000 1.604e-03 -4.920 0.030 -1.959 -3.729 -4.671 -5.435 -6.521 -7.362 -7.507
0.00152 5.00e+08 2.5141305923    2.514  3.881  3.5910  0.273    7  0.710  0.313     0.00     0.00 -1    -1e-30      0.00 7.248e-01 2.735e-01 1.501e-04 2.898e-04 6.396e-04 -1.000 1.604e-03 -4.933 0.038 -1.959 -3.734 -4.680 -5.447 -6.535 -7.377 -7.523
0.00152 5.00e+08 2.5141324997    2.514  3.881  3.5893  0.267    8  0.710  0.332   117.29    65.35  1 -8.03e-07      0.00 7.248e-01 2.735e-01 1.597e-04 2.899e-04 6.424e-04 -1.000 1.621e-03 -4.933 0.091 -1.926 -3.712 -4.666 -5.440 -6.536 -7.385 -7.534
0.00152 5.00e+08 2.5141329765    2.514  3.965  3.5816  0.152    8  0.710  0.332   150.16    80.90  1 -1.17e-06      0.00 7.248e-01 2.735e-01 1.597e-04 2.899e-04 6.424e-04 -1.000 1.621e-03 -5.142 0.226 -1.921 -3.792 -4.800 -5.618 -6.758 -7.633 -7.793
0.00152 5.00e+08 2.5141332150    2.514  3.954  3.5826  0.166    8  0.710  0.332   145.62    78.79  1 -1.12e-06      0.00 7.248e-01 2.735e-01 1.597e-04 2.899e-04 6.424e-04 -1.000 1.621e-03 -5.116 0.210 -1.923 -3.783 -4.784 -5.596 -6.730 -7.602 -7.761
0.00152 5.00e+08 2.5141341686    2.513  3.827  3.5944  0.341    8  0.711  0.332    99.86    56.86  1 -6.32e-07      0.00 7.248e-01 2.735e-01 1.598e-04 2.899e-04 6.424e-04 -1.000 1.621e-03 -4.796 0.000 -1.925 -3.656 -4.575 -5.323 -6.391 -7.223 -7.364
0.00152 5.00e+08 2.5141358376    2.512  3.697  3.6063  0.518    8  0.711  0.332    68.19    40.89  1 -3.67e-07      0.00 7.248e-01 2.735e-01 1.598e-04 2.899e-04 6.424e-04 -1.000 1.621e-03 -4.473 -0.221 -1.909 -3.510 -4.351 -5.042 -6.045 -6.837 -6.961
0.00152 5.00e+08 2.5141382217    2.511  3.728  3.6034  0.476    8  0.711  0.332    74.71    44.24  1 -4.17e-07      0.00 7.248e-01 2.735e-01 1.599e-04 2.899e-04 6.424e-04 -1.000 1.621e-03 -4.550 -0.170 -1.916 -3.547 -4.406 -5.109 -6.128 -6.929 -7.057
0.00152 5.00e+08 2.5141415596    2.509  3.794  3.5973  0.384    8  0.711  0.332    90.97    52.45  1 -5.51e-07      0.00 7.248e-01 2.735e-01 1.600e-04 2.899e-04 6.425e-04 -1.000 1.621e-03 -4.716 -0.051 -1.922 -3.622 -4.521 -5.253 -6.305 -7.128 -7.264
0.00152 5.00e+08 2.5141453743    2.507  3.854  3.5917  0.302    8  0.711  0.332   108.63    61.14  1 -7.14e-07      0.00 7.248e-01 2.735e-01 1.601e-04 2.899e-04 6.425e-04 -1.000 1.621e-03 -4.865 0.053 -1.921 -3.681 -4.619 -5.381 -6.464 -7.305 -7.450
0.00152 5.00e+08 2.5141503811    2.504  3.895  3.5877  0.244    8  0.711  0.333   122.94    68.03  1 -8.58e-07      0.00 7.248e-01 2.735e-01 1.603e-04 2.899e-04 6.425e-04 -1.000 1.622e-03 -4.968 0.127 -1.918 -3.721 -4.686 -5.468 -6.574 -7.428 -7.579
0.00152 5.00e+08 2.5141561031    2.501  3.921  3.5852  0.208    8  0.711  0.333   132.88    72.75  1 -9.64e-07      0.00 7.248e-01 2.735e-01 1.605e-04 2.899e-04 6.425e-04 -1.000 1.622e-03 -5.032 0.174 -1.914 -3.745 -4.727 -5.522 -6.642 -7.505 -7.660
0.00152 5.00e+08 2.5141627789    2.497  3.938  3.5835  0.183    8  0.712  0.333   140.33    76.25  1 -1.05e-06      0.00 7.248e-01 2.735e-01 1.607e-04 2.899e-04 6.426e-04 -1.000 1.622e-03 -5.076 0.208 -1.910 -3.760 -4.754 -5.559 -6.689 -7.558 -7.715
0.00152 5.00e+08 2.5141704082    2.492  3.954  3.5818  0.159    8  0.712  0.334   147.53    79.61  1 -1.13e-06      0.00 7.248e-01 2.735e-01 1.609e-04 2.899e-04 6.426e-04 -1.000 1.622e-03 -5.116 0.238 -1.904 -3.771 -4.777 -5.593 -6.731 -7.606 -7.766
0.00152 5.00e+08 2.5141706467    2.492  4.130  3.5650 -0.083    8  0.712  0.334   249.08   125.20  1 -2.55e-06      0.00 7.248e-01 2.735e-01 1.610e-04 2.899e-04 6.426e-04 -1.000 1.622e-03 -5.555 0.489 -1.845 -3.882 -5.019 -5.959 -7.199 -8.127 -8.314
0.00152 5.00e+08 2.5141713619    2.491  4.028  3.5747  0.057    8  0.712  0.334   183.99    96.36  1 -1.58e-06      0.00 7.248e-01 2.735e-01 1.612e-04 2.899e-04 6.426e-04 -1.000 1.623e-03 -5.301 0.354 -1.887 -3.828 -4.886 -5.748 -6.927 -7.826 -7.997
0.00152 5.00e+08 2.5141727924    2.491  3.900  3.5870  0.234    8  0.712  0.335   125.67    69.30  1 -8.84e-07      0.00 7.248e-01 2.736e-01 1.616e-04 2.899e-04 6.427e-04 -1.000 1.623e-03 -4.981 0.148 -1.910 -3.722 -4.692 -5.478 -6.588 -7.445 -7.597
0.00152 5.00e+08 2.5141749382    2.489  3.770  3.5994  0.414    8  0.712  0.337    85.20    49.53  1 -5.03e-07      0.00 7.248e-01 2.736e-01 1.623e-04 2.899e-04 6.428e-04 -1.000 1.624e-03 -4.655 -0.085 -1.915 -3.592 -4.478 -5.200 -6.240 -7.055 -7.188
0.00152 5.00e+08 2.5141782761    2.487  3.799  3.5966  0.373    8  0.712  0.338    93.03    53.43  1  -5.7e-07      0.00 7.248e-01 2.736e-01 1.632e-04 2.899e-04 6.429e-04 -1.000 1.625e-03 -4.728 -0.030 -1.915 -3.622 -4.527 -5.263 -6.318 -7.143 -7.280
0.00152 5.00e+08 2.5141825676    2.484  3.863  3.5904  0.284    8  0.712  0.341   112.69    63.06  1 -7.52e-07      0.00 7.248e-01 2.736e-01 1.644e-04 2.899e-04 6.431e-04 -1.000 1.626e-03 -4.887 0.086 -1.910 -3.684 -4.630 -5.398 -6.488 -7.334 -7.481
0.00152 5.00e+08 2.5141878128    2.481  3.919  3.5849  0.205    8  0.713  0.344   133.57    73.03  1 -9.68e-07      0.00 7.248e-01 2.736e-01 1.660e-04 2.899e-04 6.434e-04 -1.000 1.628e-03 -5.028 0.190 -1.903 -3.737 -4.721 -5.518 -6.638 -7.503 -7.658
0.00152 5.00e+08 2.5141942501    2.477  3.957  3.5812  0.152    8  0.713  0.348   149.78    80.61  1 -1.15e-06      0.00 7.247e-01 2.736e-01 1.679e-04 2.899e-04 6.436e-04 -1.000 1.630e-03 -5.122 0.256 -1.894 -3.767 -4.777 -5.596 -6.739 -7.615 -7.776
0.00152 5.00e+08 2.5142021179    2.472  3.978  3.5790  0.121    8  0.713  0.352   160.16    85.41  1 -1.27e-06      0.00 7.247e-01 2.737e-01 1.701e-04 2.899e-04 6.440e-04 -1.000 1.633e-03 -5.176 0.295 -1.886 -3.781 -4.807 -5.641 -6.796 -7.680 -7.844
0.00152 5.00e+08 2.5142111778    2.466  3.992  3.5776  0.101    8  0.713  0.357   167.07    88.57  1 -1.35e-06      0.00 7.247e-01 2.737e-01 1.728e-04 2.899e-04 6.444e-04 -1.000 1.636e-03 -5.209 0.321 -1.879 -3.789 -4.825 -5.668 -6.831 -7.720 -7.886
0.00152 5.00e+08 2.5142214298    2.459  4.003  3.5764  0.084    8  0.714  0.363   173.19    91.34  1 -1.43e-06      0.00 7.246e-01 2.737e-01 1.758e-04 2.899e-04 6.448e-04 -1.000 1.639e-03 -5.236 0.345 -1.872 -3.795 -4.840 -5.690 -6.860 -7.753 -7.921
0.00152 5.00e+08 2.5142216682    2.459  4.179  3.5591 -0.162    8  0.714  0.364   294.37   144.47  1 -3.29e-06      0.00 7.246e-01 2.737e-01 1.759e-04 2.899e-04 6.448e-04 -1.000 1.640e-03 -5.678 0.578 -1.783 -3.873 -5.059 -6.055 -7.334 -8.278 -8.475
0.00152 5.00e+08 2.5142223835    2.458  4.078  3.5690 -0.021    8  0.714  0.365   217.06   111.02  1 -2.03e-06      0.00 7.246e-01 2.737e-01 1.764e-04 2.899e-04 6.449e-04 -1.000 1.640e-03 -5.424 0.463 -1.845 -3.844 -4.944 -5.846 -7.059 -7.977 -8.157
0.00152 5.00e+08 2.5142242908    2.457  3.950  3.5815  0.157    8  0.714  0.367   147.87    79.67  1 -1.12e-06      0.00 7.246e-01 2.738e-01 1.775e-04 2.899e-04 6.450e-04 -1.000 1.641e-03 -5.104 0.260 -1.885 -3.754 -4.762 -5.579 -6.720 -7.595 -7.756
0.00152 5.00e+08 2.5142269135    2.455  3.818  3.5944  0.340    8  0.714  0.370    99.62    56.62  1 -6.29e-07      0.00 7.246e-01 2.738e-01 1.792e-04 2.899e-04 6.453e-04 -1.000 1.643e-03 -4.774 0.023 -1.902 -3.634 -4.553 -5.301 -6.369 -7.200 -7.341
0.00152 5.00e+08 2.5142307281    2.453  3.845  3.5916  0.301    8  0.714  0.375   108.39    60.90  1 -7.09e-07      0.00 7.245e-01 2.738e-01 1.816e-04 2.899e-04 6.456e-04 -1.000 1.646e-03 -4.843 0.076 -1.898 -3.659 -4.597 -5.359 -6.443 -7.284 -7.429
0.00152 5.00e+08 2.5142357349    2.449  3.907  3.5856  0.215    8  0.714  0.381   130.53    71.50  1 -9.31e-07      0.00 7.245e-01 2.738e-01 1.847e-04 2.899e-04 6.460e-04 -1.000 1.650e-03 -4.996 0.193 -1.889 -3.715 -4.695 -5.488 -6.606 -7.468 -7.622
0.00152 5.00e+08 2.5142419338    2.444  3.960  3.5802  0.139    8  0.714  0.389   153.46    82.23  1 -1.18e-06      0.00 7.245e-01 2.739e-01 1.886e-04 2.899e-04 6.464e-04 -1.000 1.654e-03 -5.129 0.289 -1.874 -3.756 -4.773 -5.599 -6.747 -7.627 -7.789
0.00152 5.00e+08 2.5142498016    2.439  3.994  3.5767  0.091    8  0.715  0.398   170.44    90.02  1 -1.39e-06      0.00 7.244e-01 2.739e-01 1.932e-04 2.898e-04 6.471e-04 -1.000 1.659e-03 -5.214 0.351 -1.861 -3.779 -4.821 -5.669 -6.837 -7.729 -7.897
0.00152 5.00e+08 2.5142588615    2.432  4.011  3.5748  0.064    8  0.715  0.409   180.29    94.47  1 -1.51e-06      0.00 7.243e-01 2.740e-01 1.986e-04 2.898e-04 6.478e-04 -1.000 1.665e-03 -5.258 0.386 -1.851 -3.789 -4.844 -5.705 -6.884 -7.782 -7.953
0.00152 5.00e+08 2.5142695904    2.425  4.020  3.5738  0.050    8  0.715  0.421   185.78    96.93  1 -1.58e-06      0.00 7.242e-01 2.741e-01 2.046e-04 2.898e-04 6.486e-04 -1.000 1.672e-03 -5.280 0.408 -1.843 -3.791 -4.855 -5.722 -6.907 -7.809 -7.981
0.00152 5.00e+08 2.5142817497    2.416  4.026  3.5730  0.039    8  0.716  0.434   189.94    98.77  1 -1.63e-06      0.00 7.242e-01 2.742e-01 2.114e-04 2.898e-04 6.495e-04 -1.000 1.680e-03 -5.294 0.427 -1.835 -3.791 -4.861 -5.733 -6.923 -7.827 -8.001
0.00152 5.00e+08 2.5142819881    2.416  4.204  3.5553 -0.209    8  0.716  0.440   324.78   157.04  1 -3.78e-06      0.00 7.241e-01 2.742e-01 2.146e-04 2.898e-04 6.497e-04 -1.000 1.683e-03 -5.739 0.643 -1.728 -3.846 -5.063 -6.098 -7.402 -8.357 -8.560
0.00152 5.00e+08 2.5142829418    2.415  4.102  3.5653 -0.068    8  0.716  0.443   239.49   120.68  1 -2.33e-06      0.00 7.241e-01 2.742e-01 2.159e-04 2.898e-04 6.498e-04 -1.000 1.685e-03 -5.486 0.535 -1.794 -3.824 -4.955 -5.891 -7.129 -8.056 -8.242
0.00152 5.00e+08 2.5142848492    2.414  3.975  3.5780  0.110    8  0.716  0.449   163.20    86.62  1 -1.29e-06      0.00 7.241e-01 2.742e-01 2.187e-04 2.898e-04 6.500e-04 -1.000 1.688e-03 -5.167 0.345 -1.849 -3.754 -4.787 -5.628 -6.788 -7.676 -7.842
0.00152 5.00e+08 2.5142879486    2.411  3.842  3.5910  0.294    8  0.716  0.457   109.65    61.41  1 -7.16e-07      0.00 7.240e-01 2.743e-01 2.229e-04 2.898e-04 6.503e-04 -1.000 1.692e-03 -4.836 0.109 -1.876 -3.643 -4.585 -5.350 -6.436 -7.280 -7.425
0.00152 5.00e+08 2.5142924786    2.408  3.870  3.5882  0.255    8  0.716  0.468   119.34    66.07  1 -8.09e-07      0.00 7.240e-01 2.743e-01 2.285e-04 2.898e-04 6.508e-04 -1.000 1.699e-03 -4.905 0.165 -1.870 -3.667 -4.628 -5.407 -6.510 -7.363 -7.513
0.00152 5.00e+08 2.5142982006    2.403  3.930  3.5821  0.169    8  0.716  0.482   143.54    77.49  1 -1.06e-06      0.00 7.239e-01 2.744e-01 2.356e-04 2.897e-04 6.514e-04 -1.000 1.706e-03 -5.056 0.281 -1.854 -3.716 -4.720 -5.533 -6.670 -7.544 -7.704
0.00152 5.00e+08 2.5143053532    2.398  3.982  3.5767  0.094    8  0.717  0.498   168.43    88.96  1 -1.35e-06      0.00 7.238e-01 2.745e-01 2.437e-04 2.897e-04 6.522e-04 -1.000 1.715e-03 -5.186 0.375 -1.834 -3.751 -4.793 -5.641 -6.808 -7.701 -7.868
0.00152 5.00e+08 2.5143141747    2.391  4.015  3.5732  0.046    8  0.717  0.516   186.73    97.23  1 -1.57e-06      0.00 7.237e-01 2.746e-01 2.525e-04 2.897e-04 6.530e-04 -1.000 1.725e-03 -5.268 0.438 -1.818 -3.771 -4.837 -5.708 -6.896 -7.800 -7.973
0.00152 5.00e+08 2.5143249035    2.382  4.032  3.5713  0.021    8  0.717  0.533   197.26   101.92  1 -1.71e-06      0.00 7.236e-01 2.747e-01 2.613e-04 2.897e-04 6.540e-04 -1.000 1.735e-03 -5.309 0.476 -1.806 -3.778 -4.858 -5.741 -6.940 -7.851 -8.027
0.00152 5.00e+08 2.5143370628    2.373  4.039  3.5703  0.007    8  0.718  0.549   203.07   104.47  1 -1.78e-06      0.00 7.235e-01 2.748e-01 2.695e-04 2.897e-04 6.551e-04 -1.000 1.744e-03 -5.329 0.500 -1.795 -3.778 -4.866 -5.756 -6.961 -7.875 -8.053
0.00152 5.00e+08 2.5143511295    2.362  4.044  3.5694 -0.003    8  0.718  0.561   207.42   106.36  1 -1.83e-06      0.00 7.234e-01 2.749e-01 2.760e-04 2.896e-04 6.562e-04 -1.000 1.752e-03 -5.341 0.518 -1.784 -3.774 -4.868 -5.765 -6.974 -7.892 -8.070
0.00152 5.00e+08 2.5143513680    2.362  4.224  3.5514 -0.255    8  0.718  0.642   356.79   169.98  1 -4.29e-06      0.00 7.231e-01 2.751e-01 3.168e-04 2.895e-04 6.576e-04 -1.000 1.795e-03 -5.789 0.701 -1.658 -3.792 -5.044 -6.129 -7.462 -8.425 -8.634
0.00152 5.00e+08 2.5143525600    2.361  4.123  3.5615 -0.114    8  0.718  0.648   263.26   130.69  1 -2.65e-06      0.00 7.231e-01 2.751e-01 3.198e-04 2.895e-04 6.578e-04 -1.000 1.798e-03 -5.537 0.616 -1.730 -3.792 -4.954 -5.925 -7.188 -8.126 -8.318
0.00152 5.00e+08 2.5143547058    2.359  3.996  3.5742  0.063    8  0.718  0.660   179.61    93.90  1 -1.47e-06      0.00 7.230e-01 2.752e-01 3.257e-04 2.895e-04 6.581e-04 -1.000 1.804e-03 -5.220 0.443 -1.799 -3.741 -4.800 -5.665 -6.847 -7.748 -7.919
0.00152 5.00e+08 2.5143580437    2.356  3.863  3.5874  0.248    8  0.718  0.677   120.44    66.47  1 -8.07e-07      0.00 7.229e-01 2.753e-01 3.345e-04 2.894e-04 6.586e-04 -1.000 1.814e-03 -4.888 0.211 -1.834 -3.639 -4.604 -5.388 -6.494 -7.351 -7.502
0.00152 5.00e+08 2.5143628120    2.352  3.891  3.5845  0.208    8  0.718  0.700   131.22    71.56  1 -9.13e-07      0.00 7.228e-01 2.754e-01 3.459e-04 2.894e-04 6.592e-04 -1.000 1.826e-03 -4.957 0.270 -1.826 -3.661 -4.646 -5.445 -6.568 -7.434 -7.590
0.00152 5.00e+08 2.5143692493    2.346  3.951  3.5783  0.123    8  0.719  0.725   157.75    83.89  1  -1.2e-06      0.00 7.227e-01 2.755e-01 3.590e-04 2.894e-04 6.600e-04 -1.000 1.840e-03 -5.107 0.382 -1.803 -3.701 -4.731 -5.568 -6.727 -7.614 -7.779
0.00152 5.00e+08 2.5143773556    2.339  4.002  3.5729  0.049    8  0.719  0.752   184.90    96.21  1 -1.52e-06      0.00 7.226e-01 2.756e-01 3.727e-04 2.893e-04 6.609e-04 -1.000 1.855e-03 -5.234 0.478 -1.780 -3.733 -4.801 -5.673 -6.862 -7.768 -7.941
0.00152 5.00e+08 2.5143871307    2.331  4.034  3.5694  0.001    8  0.719  0.775   204.88   105.10  1 -1.77e-06      0.00 7.224e-01 2.757e-01 3.849e-04 2.893e-04 6.619e-04 -1.000 1.868e-03 -5.315 0.541 -1.760 -3.748 -4.842 -5.738 -6.948 -7.865 -8.044
0.00152 5.00e+08 2.5143988132    2.321  4.050  3.5674 -0.025    8  0.719  0.791   216.50   110.19  1 -1.92e-06      0.00 7.223e-01 2.758e-01 3.930e-04 2.892e-04 6.629e-04 -1.000 1.877e-03 -5.355 0.573 -1.739 -3.745 -4.855 -5.770 -6.993 -7.915 -8.098
0.00152 5.00e+08 2.5144124031    2.309  4.058  3.5662 -0.039    8  0.720  0.791   223.12   113.04  1    -2e-06      0.00 7.223e-01 2.759e-01 3.938e-04 2.892e-04 6.637e-04 -1.000 1.879e-03 -5.374 0.596 -1.723 -3.738 -4.858 -5.783 -7.014 -7.940 -8.124
0.00152 5.00e+08 2.5144279003    2.296  4.062  3.5653 -0.050    8  0.720  0.769   228.21   115.21  1 -2.06e-06      0.00 7.223e-01 2.759e-01 3.831e-04 2.893e-04 6.642e-04 -1.000 1.868e-03 -5.386 0.617 -1.706 -3.730 -4.857 -5.791 -7.027 -7.956 -8.142
0.00152 5.00e+08 2.5144281387    2.295  4.243  3.5471 -0.304    8  0.720  1.141   410.68   182.51  1 -4.89e-06      0.00 7.209e-01 2.771e-01 5.739e-04 2.886e-04 6.705e-04  6.915 2.069e-03 -5.838 999.999 -2.069 -4.273 -5.280 -6.118 -7.454 -8.397 -8.605
0.00152 5.00e+08 2.5144290924    2.294  4.143  3.5570 -0.164    8  0.720  1.147   296.77   143.00  1 -3.02e-06      0.00 7.208e-01 2.771e-01 5.769e-04 2.886e-04 6.706e-04  6.932 2.072e-03 -5.587 999.999 -1.980 -4.160 -5.122 -5.925 -7.210 -8.110 -8.303
0.00152 5.00e+08 2.5144312382    2.292  4.017  3.5695  0.012    8  0.720  1.158   197.31   105.25  1 -1.66e-06      0.00 7.208e-01 2.771e-01 5.827e-04 2.886e-04 6.707e-04  6.964 2.078e-03 -5.272 999.999 -1.854 -4.003 -4.916 -5.679 -6.899 -7.745 -7.923
0.00152 5.00e+08 2.5144345760    2.289  3.883  3.5827  0.197    8  0.720  1.175   128.28    76.17  1 -9.08e-07      0.00 7.208e-01 2.771e-01 5.912e-04 2.886e-04 6.710e-04  7.007 2.087e-03 -4.939 999.999 -1.705 -3.824 -4.691 -5.414 -6.563 -7.357 -7.518
0.00152 5.00e+08 2.5144393444    2.284  3.911  3.5795  0.156    8  0.721  1.195   141.06    81.77  1 -1.03e-06      0.00 7.207e-01 2.772e-01 6.018e-04 2.886e-04 6.713e-04  7.056 2.098e-03 -5.007 999.999 -1.732 -3.858 -4.735 -5.467 -6.633 -7.439 -7.604
0.00152 5.00e+08 2.5144455433    2.278  3.970  3.5729  0.069    8  0.721  1.218   172.44    95.03  1 -1.34e-06      0.00 7.207e-01 2.772e-01 6.134e-04 2.886e-04 6.717e-04  7.103 2.110e-03 -5.155 999.999 -1.786 -3.927 -4.827 -5.580 -6.782 -7.615 -7.788
0.00152 5.00e+08 2.5144531727    2.270  4.020  3.5670 -0.006    8  0.721  1.238   205.38   108.29  1 -1.69e-06      0.00 7.206e-01 2.773e-01 6.240e-04 2.886e-04 6.720e-04  7.142 2.121e-03 -5.281 999.999 -1.826 -3.981 -4.903 -5.674 -6.907 -7.765 -7.945
0.00152 5.00e+08 2.5144627094    2.261  4.052  3.5627 -0.057    8  0.721  1.251   230.70   118.08  1 -1.96e-06      0.00 7.206e-01 2.773e-01 6.309e-04 2.886e-04 6.723e-04  7.166 2.128e-03 -5.360 999.999 -1.839 -4.005 -4.944 -5.729 -6.985 -7.860 -8.046
0.00152 5.00e+08 2.5144739151    2.250  4.068  3.5598 -0.086    8  0.721  1.250   246.72   124.08  1 -2.11e-06      0.00 7.205e-01 2.773e-01 6.305e-04 2.886e-04 6.725e-04  7.164 2.128e-03 -5.399 999.999 -1.835 -4.008 -4.958 -5.753 -7.023 -7.911 -8.100
0.00152 5.00e+08 2.5144870281    2.237  4.075  3.5577 -0.105    8  0.722  1.226   257.25   127.91  1 -2.19e-06      0.00 7.206e-01 2.773e-01 6.184e-04 2.886e-04 6.724e-04  7.120 2.116e-03 -5.417 999.999 -1.820 -3.998 -4.957 -5.759 -7.041 -7.938 -8.130
0.00152 5.00e+08 2.5145020485    2.222  4.079  3.5556 -0.120    8  0.722  1.169   266.44   131.18  1 -2.23e-06      0.00 7.207e-01 2.772e-01 5.889e-04 2.887e-04 6.719e-04  6.993 2.085e-03 -5.428 999.999 -1.799 -3.982 -4.950 -5.758 -7.051 -7.957 -8.152
0.00152 5.00e+08 2.5145022869    2.222  4.261  3.5354 -0.383    8  0.722  1.915   490.39   207.35  0  -5.3e-06      0.00 7.184e-01 2.791e-01 9.812e-04 2.877e-04 6.830e-04  7.736 2.495e-03 -5.883 999.999 -1.904 -4.128 -5.198 -6.100 -7.493 -8.480 -8.717
0.00152 5.00e+08 2.5145032406    2.220  4.161  3.5463 -0.239    8  0.722  1.917   351.41   161.45  1 -3.29e-06      0.00 7.184e-01 2.791e-01 9.820e-04 2.877e-04 6.830e-04  7.736 2.496e-03 -5.633 999.999 -1.882 -4.058 -5.067 -5.913 -7.246 -8.192 -8.406
0.00152 5.00e+08 2.5145053864    2.218  4.036  3.5600 -0.059    8  0.722  1.920   231.24   117.91  1 -1.82e-06      0.00 7.184e-01 2.791e-01 9.836e-04 2.877e-04 6.830e-04  7.738 2.497e-03 -5.319 999.999 -1.777 -3.927 -4.880 -5.674 -6.942 -7.828 -8.021
0.00152 5.00e+08 2.5145087242    2.215  3.902  3.5746  0.132    8  0.722  1.924   148.29    84.45  1 -9.95e-07      0.00 7.184e-01 2.791e-01 9.857e-04 2.877e-04 6.831e-04  7.740 2.500e-03 -4.985 999.999 -1.650 -3.775 -4.674 -5.416 -6.611 -7.437 -7.609
0.00152 5.00e+08 2.5145134926    2.210  3.929  3.5710  0.089    8  0.722  1.927   163.66    90.90  1 -1.12e-06      0.00 7.184e-01 2.791e-01 9.874e-04 2.877e-04 6.831e-04  7.741 2.501e-03 -5.053 999.999 -1.670 -3.800 -4.712 -5.466 -6.680 -7.520 -7.697
0.00152 5.00e+08 2.5145196915    2.203  3.988  3.5637 -0.000    8  0.722  1.928   201.20   106.09  1 -1.46e-06      0.00 7.184e-01 2.791e-01 9.877e-04 2.877e-04 6.831e-04  7.742 2.502e-03 -5.200 999.999 -1.712 -3.855 -4.794 -5.574 -6.824 -7.695 -7.882
0.00152 5.00e+08 2.5145275593    2.195  4.037  3.5571 -0.078    8  0.723  1.923   240.78   121.32  1 -1.83e-06      0.00 7.184e-01 2.791e-01 9.850e-04 2.877e-04 6.830e-04  7.739 2.499e-03 -5.323 999.999 -1.738 -3.893 -4.858 -5.662 -6.945 -7.844 -8.041
0.00152 5.00e+08 2.5145370960    2.185  4.068  3.5523 -0.130    8  0.723  1.908   271.49   132.65  1 -2.11e-06      0.00 7.185e-01 2.790e-01 9.769e-04 2.878e-04 6.828e-04  7.732 2.490e-03 -5.400 999.999 -1.741 -3.906 -4.890 -5.713 -7.018 -7.938 -8.143
0.00152 5.00e+08 2.5145485401    2.173  4.083  3.5490 -0.160    8  0.723  1.876   291.29   139.71  1 -2.27e-06      0.00 7.186e-01 2.790e-01 9.604e-04 2.878e-04 6.824e-04  7.716 2.473e-03 -5.438 999.999 -1.726 -3.899 -4.897 -5.733 -7.054 -7.988 -8.198
0.00152 5.00e+08 2.5145616531    2.159  4.090  3.5464 -0.180    8  0.723  1.822   304.67   144.35  1 -2.34e-06      0.00 7.187e-01 2.789e-01 9.318e-04 2.879e-04 6.818e-04  7.688 2.444e-03 -5.455 999.999 -1.700 -3.881 -4.890 -5.735 -7.069 -8.015 -8.228
0.00152 5.00e+08 2.5145769119    2.144  4.094  3.5439 -0.197    8  0.724  1.736   316.65   148.40  1 -2.38e-06      0.00 7.189e-01 2.787e-01 8.867e-04 2.879e-04 6.808e-04  7.639 2.397e-03 -5.466 999.999 -1.664 -3.857 -4.876 -5.731 -7.078 -8.034 -8.251
0.00152 5.00e+08 2.5145771503    2.143  4.277  3.5212 -0.471    8  0.724  2.761   597.84   239.10  0 -5.62e-06      0.00 7.161e-01 2.809e-01 1.440e-03 2.868e-04 6.953e-04  8.029 2.974e-03 -5.922 999.999 -1.718 -3.957 -5.101 -6.088 -7.520 -8.547 -8.828
0.00152 5.00e+08 2.5145783424    2.142  4.177  3.5334 -0.323    8  0.724  2.760   423.80   184.66  0 -3.51e-06      0.00 7.161e-01 2.809e-01 1.439e-03 2.868e-04 6.953e-04  8.029 2.973e-03 -5.673 999.999 -1.669 -3.880 -4.970 -5.900 -7.280 -8.263 -8.520
0.00152 5.00e+08 2.5145804882    2.140  4.052  3.5486 -0.137    8  0.724  2.759   275.22   133.53  1 -1.96e-06      0.00 7.161e-01 2.809e-01 1.439e-03 2.868e-04 6.952e-04  8.028 2.973e-03 -5.360 999.999 -1.650 -3.807 -4.814 -5.665 -6.973 -7.903 -8.124
0.00152 5.00e+08 2.5145838261    2.136  3.918  3.5650  0.061    8  0.724  2.756   173.55    94.43  1 -1.07e-06      0.00 7.161e-01 2.809e-01 1.437e-03 2.868e-04 6.952e-04  8.028 2.971e-03 -5.026 999.999 -1.556 -3.688 -4.631 -5.416 -6.648 -7.509 -7.704
0.00152 5.00e+08 2.5145888329    2.130  3.946  3.5610  0.017    8  0.724  2.750   192.32   101.95  1 -1.21e-06      0.00 7.162e-01 2.809e-01 1.434e-03 2.868e-04 6.950e-04  8.026 2.967e-03 -5.094 999.999 -1.567 -3.705 -4.663 -5.463 -6.715 -7.593 -7.793
0.00152 5.00e+08 2.5145952702    2.123  4.004  3.5528 -0.075    8  0.724  2.740   237.98   119.56  1 -1.57e-06      0.00 7.162e-01 2.808e-01 1.428e-03 2.869e-04 6.949e-04  8.023 2.961e-03 -5.239 999.999 -1.593 -3.743 -4.733 -5.566 -6.855 -7.767 -7.981
0.00152 5.00e+08 2.5146033764    2.114  4.052  3.5456 -0.155    8  0.724  2.722   286.26   137.24  1 -1.96e-06      0.00 7.163e-01 2.808e-01 1.418e-03 2.869e-04 6.946e-04  8.019 2.951e-03 -5.361 999.999 -1.604 -3.767 -4.786 -5.649 -6.971 -7.914 -8.140
0.00152 5.00e+08 2.5146131516    2.103  4.083  3.5403 -0.209    8  0.724  2.693   323.92   150.43  1 -2.25e-06      0.00 7.163e-01 2.807e-01 1.402e-03 2.869e-04 6.942e-04  8.011 2.934e-03 -5.437 999.999 -1.578 -3.760 -4.807 -5.697 -7.045 -8.007 -8.245
0.00152 5.00e+08 2.5146250725    2.090  4.098  3.5367 -0.241    8  0.725  2.648   348.42   158.72  1 -2.41e-06      0.00 7.165e-01 2.806e-01 1.378e-03 2.870e-04 6.936e-04  7.999 2.909e-03 -5.474 999.999 -1.539 -3.737 -4.806 -5.715 -7.082 -8.056 -8.302
0.00152 5.00e+08 2.5146386623    2.075  4.104  3.5339 -0.261    8  0.725  2.582   365.23   164.22  1 -2.49e-06      0.00 7.166e-01 2.805e-01 1.341e-03 2.870e-04 6.927e-04  7.980 2.871e-03 -5.491 999.999 -1.496 -3.708 -4.793 -5.716 -7.098 -8.082 -8.334
0.00152 5.00e+08 2.5146543980    2.058  4.108  3.5312 -0.280    8  0.725  2.487   380.51   169.10  0 -2.53e-06      0.00 7.168e-01 2.804e-01 1.290e-03 2.871e-04 6.915e-04  7.953 2.818e-03 -5.500 999.999 -1.448 -3.673 -4.773 -5.709 -7.107 -8.102 -8.359
0.00152 5.00e+08 2.5146546364    2.058  4.292  3.5060 -0.564    8  0.725  3.712   736.97   277.72  0 -9.06e-06      0.00 7.138e-01 2.827e-01 1.973e-03 2.859e-04 7.086e-04  8.226 3.531e-03 -5.959 999.999 -1.403 -3.729 -4.978 -6.057 -7.579 -8.637 -8.955
0.00152 5.00e+08 2.5146558285    2.057  4.192  3.5194 -0.412    8  0.725  3.710   516.88   212.78  0 -3.74e-06      0.00 7.138e-01 2.827e-01 1.972e-03 2.859e-04 7.086e-04  8.226 3.530e-03 -5.711 999.999 -1.500 -3.722 -4.881 -5.895 -7.305 -8.324 -8.627
0.00152 5.00e+08 2.5146579742    2.054  4.068  3.5362 -0.220    8  0.725  3.707   331.29   152.34  1 -2.11e-06      0.00 7.138e-01 2.827e-01 1.970e-03 2.859e-04 7.085e-04  8.225 3.527e-03 -5.400 999.999 -1.466 -3.647 -4.729 -5.661 -7.004 -7.967 -8.232
0.00152 5.00e+08 2.5146615505    2.050  3.934  3.5543 -0.015    8  0.725  3.700   205.41   106.38  1 -1.16e-06      0.00 7.138e-01 2.827e-01 1.966e-03 2.859e-04 7.084e-04  8.224 3.523e-03 -5.064 999.999 -1.440 -3.577 -4.571 -5.412 -6.679 -7.578 -7.800
0.00152 5.00e+08 2.5146665573    2.044  3.961  3.5500 -0.061    8  0.726  3.690   228.52   115.18  1 -1.31e-06      0.00 7.139e-01 2.826e-01 1.960e-03 2.859e-04 7.083e-04  8.222 3.517e-03 -5.133 999.999 -1.443 -3.586 -4.597 -5.458 -6.744 -7.661 -7.891
0.00152 5.00e+08 2.5146732330    2.036  4.019  3.5411 -0.155    8  0.726  3.673   284.47   135.66  1 -1.69e-06      0.00 7.139e-01 2.826e-01 1.951e-03 2.859e-04 7.080e-04  8.219 3.508e-03 -5.276 999.999 -1.443 -3.605 -4.656 -5.558 -6.881 -7.832 -8.081
0.00152 5.00e+08 2.5146815777    2.026  4.067  3.5333 -0.237    8  0.726  3.650   343.67   156.20  1  -2.1e-06      0.00 7.140e-01 2.825e-01 1.937e-03 2.860e-04 7.077e-04  8.215 3.494e-03 -5.397 999.999 -1.403 -3.596 -4.696 -5.644 -7.000 -7.973 -8.246
0.00152 5.00e+08 2.5146915913    2.014  4.097  3.5277 -0.292    8  0.726  3.616   389.92   171.54  0 -2.41e-06      0.00 7.141e-01 2.825e-01 1.918e-03 2.860e-04 7.072e-04  8.209 3.474e-03 -5.472 999.999 -1.383 -3.591 -4.717 -5.692 -7.072 -8.064 -8.349
0.00152 5.00e+08 2.5147037506    2.000  4.111  3.5239 -0.325    8  0.726  3.568   420.11   181.17  0 -2.58e-06      0.00 7.142e-01 2.824e-01 1.891e-03 2.860e-04 7.065e-04  8.201 3.445e-03 -5.508 999.999 -1.362 -3.578 -4.718 -5.709 -7.106 -8.111 -8.402
0.00152 5.00e+08 2.5147175789    1.983  4.118  3.5210 -0.346    8  0.727  3.502   440.99   187.60  0 -2.66e-06      0.00 7.143e-01 2.823e-01 1.853e-03 2.861e-04 7.056e-04  8.189 3.406e-03 -5.524 999.999 -1.333 -3.556 -4.707 -5.710 -7.120 -8.136 -8.432
0.00152 5.00e+08 2.5147337914    1.965  4.121  3.5183 -0.365    8  0.727  3.413   460.07   193.31  0 -2.72e-06      0.00 7.145e-01 2.822e-01 1.803e-03 2.862e-04 7.044e-04  8.172 3.353e-03 -5.533 999.999 -1.297 -3.529 -4.690 -5.704 -7.128 -8.155 -8.454
0.00152 5.00e+08 2.5147340298    1.964  4.306  3.4907 -0.660    8  0.727  4.761   912.30   323.14  0 -2.75e-05      0.00 7.113e-01 2.845e-01 2.584e-03 2.849e-04 7.237e-04  8.379 4.171e-03 -5.995 999.999 -1.177 -3.565 -4.880 -6.017 -7.624 -8.723 -9.059
0.00152 5.00e+08 2.5147352219    1.962  4.207  3.5052 -0.503    8  0.727  4.757   634.26   245.93  0 -4.02e-06      0.00 7.114e-01 2.845e-01 2.582e-03 2.849e-04 7.236e-04  8.378 4.168e-03 -5.748 999.999 -1.286 -3.551 -4.802 -5.914 -7.368 -8.394 -8.750
0.00152 5.00e+08 2.5147373676    1.958  4.083  3.5234 -0.308    8  0.727  4.749   402.33   174.68  0 -2.29e-06      0.00 7.114e-01 2.845e-01 2.577e-03 2.849e-04 7.235e-04  8.377 4.164e-03 -5.438 999.999 -1.306 -3.499 -4.652 -5.669 -7.032 -8.021 -8.336
0.00152 5.00e+08 2.5147409439    1.952  3.949  3.5430 -0.096    8  0.727  4.737   246.02   120.68  1 -1.26e-06      0.00 7.114e-01 2.844e-01 2.570e-03 2.850e-04 7.233e-04  8.376 4.156e-03 -5.101 999.999 -1.308 -3.448 -4.498 -5.409 -6.704 -7.641 -7.898
0.00152 5.00e+08 2.5147457123    1.942  3.976  3.5382 -0.145    8  0.727  4.719   275.17   131.14  1 -1.43e-06      0.00 7.115e-01 2.844e-01 2.559e-03 2.850e-04 7.231e-04  8.373 4.145e-03 -5.170 999.999 -1.290 -3.444 -4.521 -5.458 -6.770 -7.720 -7.992
0.00152 5.00e+08 2.5147523880    1.930  4.033  3.5287 -0.243    8  0.728  4.696   345.04   155.23  0 -1.85e-06      0.00 7.115e-01 2.843e-01 2.546e-03 2.850e-04 7.228e-04  8.370 4.131e-03 -5.312 999.999 -1.257 -3.441 -4.573 -5.565 -6.910 -7.883 -8.186
0.00152 5.00e+08 2.5147604942    1.915  4.080  3.5202 -0.327    8  0.728  4.666   419.52   179.49  0  -2.3e-06      0.00 7.116e-01 2.843e-01 2.528e-03 2.850e-04 7.223e-04  8.367 4.112e-03 -5.431 999.999 -1.251 -3.451 -4.615 -5.646 -7.023 -8.024 -8.344
0.00152 5.00e+08 2.5147705078    1.897  4.110  3.5142 -0.385    8  0.728  4.629   478.66   197.80  0 -2.64e-06      0.00 7.117e-01 2.842e-01 2.506e-03 2.851e-04 7.218e-04  8.362 4.090e-03 -5.504 999.999 -1.222 -3.443 -4.635 -5.695 -7.101 -8.116 -8.448
0.00152 5.00e+08 2.5147824287    1.876  4.124  3.5101 -0.420    8  0.728  4.584   518.62   209.59  0 -2.84e-06      0.00 7.118e-01 2.841e-01 2.479e-03 2.851e-04 7.211e-04  8.356 4.062e-03 -5.539 999.999 -1.180 -3.419 -4.635 -5.716 -7.143 -8.166 -8.507
0.00152 5.00e+08 2.5147960186    1.851  4.130  3.5069 -0.445    8  0.729  4.531   547.71   217.78  0 -2.95e-06      0.00 7.119e-01 2.841e-01 2.448e-03 2.851e-04 7.203e-04  8.349 4.028e-03 -5.554 999.999 -1.132 -3.387 -4.621 -5.719 -7.165 -8.194 -8.541
0.00152 5.00e+08 2.5148119926    1.824  4.133  3.5039 -0.467    8  0.729  4.467   575.27   225.26  0 -3.03e-06      0.00 7.120e-01 2.840e-01 2.410e-03 2.852e-04 7.194e-04  8.340 3.989e-03 -5.563 999.999 -1.075 -3.349 -4.600 -5.710 -7.179 -8.216 -8.567
0.00152 5.00e+08 2.5148122311    1.822  4.319  3.4742 -0.771    8  0.729  5.779  1166.62   382.91  0 -2.84e-05      0.00 7.091e-01 2.861e-01 3.203e-03 2.840e-04 7.390e-04  8.493 4.822e-03 -6.027 999.999 -0.935 -3.388 -4.791 -6.003 -7.684 -8.788 -9.156
0.00152 5.00e+08 2.5148134232    1.817  4.220  3.4897 -0.612    8  0.729  5.769   805.60   289.84  0 -1.57e-05      0.00 7.091e-01 2.861e-01 3.197e-03 2.840e-04 7.389e-04  8.492 4.815e-03 -5.781 999.999 -0.966 -3.348 -4.667 -5.811 -7.412 -8.508 -8.850
0.00152 5.00e+08 2.5148155689    1.808  4.097  3.5092 -0.413    8  0.729  5.750   507.12   204.56  0 -2.61e-06      0.00 7.091e-01 2.861e-01 3.185e-03 2.841e-04 7.386e-04  8.490 4.803e-03 -5.472 999.999 -1.111 -3.343 -4.565 -5.659 -7.077 -8.095 -8.445
0.00152 5.00e+08 2.5148189068    1.793  3.962  3.5304 -0.197    8  0.729  5.722   306.57   139.96  0 -1.46e-06      0.00 7.092e-01 2.860e-01 3.167e-03 2.841e-04 7.381e-04  8.487 4.785e-03 -5.135 999.999 -1.111 -3.285 -4.413 -5.403 -6.733 -7.696 -8.001
0.00152 5.00e+08 2.5148236752    1.772  3.989  3.5254 -0.249    8  0.729  5.684   345.36   152.67  0 -1.67e-06      0.00 7.093e-01 2.859e-01 3.144e-03 2.841e-04 7.376e-04  8.484 4.760e-03 -5.204 999.999 -1.107 -3.290 -4.438 -5.451 -6.798 -7.777 -8.093
0.00152 5.00e+08 2.5148301125    1.744  4.046  3.5156 -0.352    8  0.730  5.641   437.23   181.64  0  -2.2e-06      0.00 7.094e-01 2.859e-01 3.118e-03 2.841e-04 7.369e-04  8.479 4.732e-03 -5.345 999.999 -1.098 -3.305 -4.492 -5.552 -6.939 -7.945 -8.281
0.00152 5.00e+08 2.5148382187    1.711  4.092  3.5070 -0.442    8  0.730  5.596   536.79   210.98  0 -2.79e-06      0.00 7.095e-01 2.858e-01 3.090e-03 2.842e-04 7.362e-04  8.474 4.703e-03 -5.461 999.999 -1.057 -3.299 -4.536 -5.642 -7.072 -8.093 -8.449
0.00152 5.00e+08 2.5148479939    1.670  4.121  3.5010 -0.504    8  0.730  5.554   618.77   233.49  0 -3.78e-06      0.00 7.096e-01 2.857e-01 3.064e-03 2.842e-04 7.355e-04  8.470 4.676e-03 -5.532 999.999 -0.981 -3.274 -4.541 -5.660 -7.153 -8.200 -8.551
0.00152 5.00e+08 2.5148596764    1.624  4.135  3.4971 -0.546    8  0.731  5.525   678.15   248.49  0 -6.48e-06      0.00 7.097e-01 2.857e-01 3.046e-03 2.842e-04 7.351e-04  8.467 4.657e-03 -5.566 999.999 -0.887 -3.233 -4.517 -5.633 -7.190 -8.266 -8.601
0.00152 5.00e+08 2.5148732662    1.571  4.140  3.4943 -0.577    8  0.731  5.518   725.72   259.40  0 -9.54e-06      0.00 7.097e-01 2.857e-01 3.042e-03 2.843e-04 7.350e-04  8.466 4.653e-03 -5.581 999.999 -0.827 -3.199 -4.497 -5.619 -7.207 -8.298 -8.628
0.00152 5.00e+08 2.5148887634    1.512  4.143  3.4917 -0.607    8  0.732  5.547   774.21   269.70  0 -1.37e-05      0.00 7.096e-01 2.857e-01 3.060e-03 2.842e-04 7.355e-04  8.469 4.671e-03 -5.588 999.999 -0.782 -3.168 -4.480 -5.612 -7.217 -8.316 -8.649
0.00152 5.00e+08 2.5148890018    1.511  4.330  3.4594 -0.923    8  0.732  6.352  1614.21   468.04  0 -2.91e-05      0.00 7.078e-01 2.870e-01 3.562e-03 2.835e-04 7.478e-04  8.548 5.201e-03 -6.056 999.999 -0.805 -3.279 -4.731 -6.006 -7.700 -8.768 -9.168
0.00152 5.00e+08 2.5148899555    1.503  4.232  3.4769 -0.758    8  0.732  6.347  1097.50   349.93  0 -2.32e-05      0.00 7.078e-01 2.870e-01 3.559e-03 2.835e-04 7.477e-04  8.548 5.198e-03 -5.811 999.999 -0.759 -3.204 -4.595 -5.796 -7.469 -8.580 -8.943
0.00152 5.00e+08 2.5148921013    1.489  4.109  3.4994 -0.549    8  0.732  6.338   674.97   242.34  0 -6.53e-06      0.00 7.078e-01 2.870e-01 3.553e-03 2.835e-04 7.476e-04  8.547 5.192e-03 -5.503 999.999 -0.863 -3.198 -4.475 -5.585 -7.126 -8.194 -8.529
0.00152 5.00e+08 2.5148954391    1.466  3.973  3.5249 -0.318    8  0.732  6.325   393.59   161.00  0 -2.19e-06      0.00 7.078e-01 2.870e-01 3.545e-03 2.835e-04 7.474e-04  8.546 5.183e-03 -5.163 999.999 -1.058 -3.243 -4.392 -5.408 -6.758 -7.738 -8.055
0.00152 5.00e+08 2.5148999691    1.435  4.000  3.5228 -0.362    8  0.732  6.311   434.71   172.44  0 -2.61e-06      0.00 7.079e-01 2.869e-01 3.536e-03 2.835e-04 7.472e-04  8.545 5.174e-03 -5.229 999.999 -1.094 -3.283 -4.440 -5.465 -6.822 -7.810 -8.130
0.00152 5.00e+08 2.5149059296    1.394  4.054  3.5166 -0.453    8  0.732  6.298   536.31   200.24  0 -3.58e-06      0.00 7.079e-01 2.869e-01 3.528e-03 2.835e-04 7.470e-04  8.543 5.165e-03 -5.365 999.999 -1.132 -3.336 -4.520 -5.576 -6.959 -7.964 -8.297
0.00152 5.00e+08 2.5149135590    1.344  4.098  3.5128 -0.528    8  0.733  6.292   635.56   225.00  0 -4.79e-06      0.00 7.079e-01 2.869e-01 3.525e-03 2.835e-04 7.469e-04  8.543 5.162e-03 -5.475 999.999 -1.150 -3.384 -4.591 -5.662 -7.079 -8.094 -8.431
0.00152 5.00e+08 2.5149228573    1.287  4.124  3.5131 -0.572    8  0.733  6.300   700.54   238.65  0 -8.25e-06      0.00 7.079e-01 2.869e-01 3.530e-03 2.835e-04 7.471e-04  8.544 5.167e-03 -5.539 999.999 -1.189 -3.439 -4.647 -5.709 -7.143 -8.166 -8.493
0.00152 5.00e+08 2.5149340630    1.221  4.134  3.5169 -0.590    8  0.734  6.332   727.83   241.11  0 -1.01e-05      0.00 7.078e-01 2.870e-01 3.551e-03 2.835e-04 7.476e-04  8.547 5.189e-03 -5.566 999.999 -1.319 -3.534 -4.717 -5.766 -7.161 -8.170 -8.497
0.00152 5.00e+08 2.5149469376    1.149  4.137  3.5231 -0.594    8  0.734  6.399   732.63   236.52  0 -1.04e-05      0.00 7.077e-01 2.871e-01 3.593e-03 2.835e-04 7.487e-04  8.553 5.234e-03 -5.573 999.999 -1.441 -3.630 -4.786 -5.809 -7.166 -8.153 -8.472
0.00152 5.00e+08 2.5149617195    1.071  4.137  3.5309 -0.593    8  0.735  6.516   730.10   228.40  0 -1.06e-05      0.00 7.074e-01 2.873e-01 3.668e-03 2.834e-04 7.506e-04  8.563 5.313e-03 -5.572 999.999 -1.554 -3.727 -4.854 -5.842 -7.169 -8.131 -8.435
0.00152 5.00e+08 2.5150158405    0.739 -9.999  4.0780  1.501    9  0.737  7.145     0.00     0.00 -1 -2.78e-20      0.00 7.060e-01 2.882e-01 4.077e-03 2.828e-04 7.608e-04  8.617 5.746e-03 29.767 29.920 30.389 30.479 30.494 30.524 30.648 30.671 30.702
#isochrone terminated