###
# timestamp: 2455813.6996682
# Gaussian 1 [amp, RV +/- err, wid]: [1.05, 127.71 +/- 0.05, 15.00]
# Gaussian 2 [amp, RV +/- err, wid]: [0.65, 18.55 +/- 0.08, 15.00]
# Uncorrected_RV, BF_amp, Gaussian_fit
###
300.0 0.0 2.93975386132e-40
298.5 0.0 1.12567792143e-39
297.0 0.00179990277819 4.2675083732e-39
295.5 0.00107145264992 1.60173870773e-38
294.0 0.00101763557222 5.95204238318e-38
292.5 -0.00114655361932 2.18976451822e-37
291.0 0.000400667832711 7.97601328994e-37
289.5 -0.00123323736923 2.8762814385e-36
288.0 -0.00210316172206 1.02691368995e-35
286.5 -0.00131743242962 3.62989082929e-35
285.0 -0.00175975653023 1.27031152674e-34
283.5 -0.00117327439431 4.4013303778e-34
282.0 -0.00250560815995 1.50978377861e-33
280.5 -0.0014257877829 5.12746371493e-33
279.0 -0.00270215745154 1.72404061089e-32
277.5 -0.000240789345488 5.7391746738e-32
276.0 -0.00195766592177 1.89150916176e-31
274.5 -0.00105322713054 6.17198000896e-31
273.0 -0.00157767086801 1.9938736198e-30
271.5 0.00061009958565 6.37716713531e-30
270.0 0.00052162904026 2.01936593759e-29
268.5 0.000288624255901 6.3308104215e-29
267.0 0.0007481791577 1.96499136404e-28
265.5 -0.000471951127093 6.03836051507e-28
264.0 0.000300341810177 1.83710714569e-27
262.5 -0.000855650659357 5.53359014721e-27
261.0 0.000514907791397 1.6501998661e-26
259.5 -0.000604275977715 4.87217816216e-26
258.0 0.0030075211417 1.42418638407e-25
256.5 0.000639081431653 4.12161624492e-25
255.0 0.00205267626041 1.18093319917e-24
253.5 0.00118584050533 3.34996420081e-24
252.0 0.00311198151962 9.4083194548e-24
250.5 0.00270314792448 2.61601963688e-23
249.0 0.00574715398564 7.20156689607e-23
247.5 0.00232309912737 1.96277290442e-22
246.0 0.0014302293526 5.29627057282e-22
244.5 0.000164422259709 1.4149051558e-21
243.0 -0.000194532794735 3.74232541875e-21
241.5 -0.0015764837037 9.79970099706e-21
240.0 -0.0012745915289 2.54062844188e-20
238.5 -0.00369044752702 6.52118530898e-20
237.0 -0.00393464823238 1.65717732607e-19
235.5 5.31449338046e-05 4.16935119858e-19
234.0 -0.0022647971569 1.03854430885e-18
232.5 -0.0021993933592 2.56117136015e-18
231.0 -0.00383595909997 6.25330049259e-18
229.5 -0.00312097258326 1.51160046024e-17
228.0 -0.00293441206406 3.6176103507e-17
226.5 -0.000551134484924 8.57163392265e-17
225.0 -0.00298309819109 2.01077046452e-16
223.5 -0.00227350321282 4.67001671585e-16
222.0 -0.000865969994397 1.07381985031e-15
220.5 -0.00231842801058 2.44456436114e-15
219.0 -0.000855650385142 5.50970795165e-15
217.5 -0.00109446877489 1.22945528333e-14
216.0 0.00114664695843 2.71615125634e-14
214.5 -0.000635317982688 5.94089969538e-14
213.0 9.27857734443e-06 1.28649334472e-13
211.5 -0.00502799700384 2.75816296667e-13
210.0 -0.00317158103725 5.85449389265e-13
208.5 -0.00473295575644 1.23031366233e-12
207.0 -0.00270234626037 2.55976084366e-12
205.5 -0.00367176317214 5.27278412734e-12
204.0 -0.00115452783386 1.07531980918e-11
202.5 -0.000330061688834 2.17116263598e-11
201.0 0.000925194554324 4.34014382865e-11
199.5 0.000533387684604 8.58960004678e-11
198.0 0.00167428182776 1.68305697583e-10
196.5 0.00169813824948 3.26498920077e-10
195.0 0.00275068171478 6.27078246509e-10
193.5 0.00198493137899 1.19239123934e-09
192.0 0.0030859598451 2.24477528967e-09
190.5 0.00158484602076 4.1839262891e-09
189.0 0.00267822705462 7.7206209602e-09
187.5 -0.00352899505294 1.41051430027e-08
186.0 -0.00513502389972 2.55128990568e-08
184.5 -0.00710601879596 4.56876881831e-08
183.0 0.000275102659038 8.10019754958e-08
181.5 0.00527771704245 1.42183464899e-07
180.0 0.0152114668122 2.47092538636e-07
178.5 0.0103688673037 4.25135356299e-07
177.0 0.00770809434602 7.24188914846e-07
175.5 0.00162992460866 1.2213315504e-06
174.0 0.000351243103058 2.03925875247e-06
172.5 -0.00210890045341 3.37107293525e-06
171.0 0.00165856802263 5.51722909694e-06
169.5 -0.00174100073092 8.93986462181e-06
168.0 -0.000457973138731 1.43416104445e-05
166.5 -0.000347462381037 2.2778333988e-05
165.0 -0.000915884056802 3.58181413954e-05
163.5 -0.00217480538587 5.57623659029e-05
162.0 0.00117146631876 8.59481221776e-05
160.5 0.000800001027245 0.000131156146623
159.0 0.0023612448771 0.000198151771863
157.5 0.00206136909725 0.000296390532682
156.0 0.00212897745862 0.000438922405024
154.5 0.000656237340516 0.000643529157642
153.0 0.00264651658323 0.000934126654252
151.5 -0.000742927384031 0.00134245691522
150.0 0.000667984313107 0.00191008197265
148.5 -0.00143591358087 0.00269067171489
147.0 -0.000670280010142 0.00375254993717
145.5 -0.00118848643 0.00518142609987
144.0 -0.000770512118322 0.00708319502843
142.5 -0.00164245727914 0.00958663423405
141.0 -0.000188203957016 0.0128457713233
139.5 6.73079744851e-05 0.0170416363006
138.0 -0.000307125423801 0.0223830612867
136.5 -0.000275525221069 0.0291061506315
135.0 -0.00157781947037 0.0374720260303
133.5 -0.000817461716051 0.0477624629782
132.0 0.00172416361458 0.0602730850464
130.5 0.00305793451564 0.0753038776953
129.0 0.00346041254794 0.0931469271708
127.5 0.00350026040515 0.114071481621
126.0 0.00220433878951 0.138306664516
124.5 2.2798166669e-05 0.166022432179
123.0 0.00089987062697 0.197309638858
121.5 0.000968913593755 0.232160329975
120.0 0.00227479493043 0.270449598864
118.5 0.00315001687013 0.311920484891
117.0 0.00399774559726 0.356173434071
115.5 0.00361168069949 0.402661764934
114.0 0.00692908709925 0.450694369927
112.5 0.00677783641394 0.499446535085
111.0 0.00818092391477 0.547979291723
109.5 0.00881943661555 0.595267151212
108.0 0.00932805653855 0.640233458744
106.5 0.0100435478524 0.68179198562
105.0 0.0105868826135 0.718892818336
103.5 0.0109401764728 0.750570152518
102.0 0.0131618289496 0.775989309111
100.5 0.0157078893663 0.794490194707
99.0 0.0174031489904 0.805624544706
97.5 0.0171097297682 0.809184613698
96.0 0.0155886242935 0.805221486732
94.5 0.0146283353762 0.794051833847
93.0 0.0151528990862 0.77625265948
91.5 0.0149876465324 0.75264434155
90.0 0.0153955223205 0.724262945503
88.5 0.0148687748964 0.692323377563
87.0 0.0148241566096 0.658175364783
85.5 0.0163040822577 0.623254492667
84.0 0.0144621513679 0.589030591583
82.5 0.0138423370405 0.556955659325
81.0 0.0115002559349 0.528413275282
79.5 0.0117577161784 0.504671149545
78.0 0.0102656240775 0.486838110139
76.5 0.0138967902077 0.475826512219
75.0 0.0109446003559 0.472320792467
73.5 0.0135787108974 0.476752712416
72.0 0.0124389754329 0.489283739088
70.5 0.0147404256727 0.509794984722
69.0 0.0150397127769 0.537885138323
67.5 0.0187722341113 0.572876828533
66.0 0.0182156079844 0.613831815812
64.5 0.0203419707173 0.659575282358
63.0 0.0207216540962 0.708729243816
61.5 0.022423812791 0.759754738744
60.0 0.0214993682458 0.811001972788
58.5 0.0234001366247 0.860767038907
57.0 0.0224326730999 0.907353255621
55.5 0.0239575553289 0.949134627406
54.0 0.0233032872794 0.984618504348
52.5 0.0264033216711 1.01250426637
51.0 0.0247720959875 1.03173483057
49.5 0.0292308947577 1.04153800693
48.0 0.0247692978788 1.04145520864
46.5 0.026229549313 1.03135573245
45.0 0.0205140860459 1.01143570711
43.5 0.0230580363849 0.982201791403
42.0 0.0189032646386 0.944440699262
40.5 0.0208632510154 0.899176549363
39.0 0.0168837753679 0.847618797877
37.5 0.0176537206824 0.791104050027
36.0 0.0168516611565 0.731035316694
34.5 0.0186775351645 0.668822271908
33.0 0.0165835873132 0.605825788849
31.5 0.0134676587498 0.543309524529
30.0 0.00964604995367 0.482400644878
28.5 0.00523047405743 0.424061002692
27.0 0.00649409319317 0.369069275342
25.5 0.00312573759465 0.318013806979
24.0 0.00514335410016 0.271295240613
22.5 0.00159189290565 0.229137511647
21.0 0.00277410286453 0.191605431008
19.5 0.00116026557786 0.158626918692
18.0 0.00261595528007 0.130017946235
16.5 0.00058828244451 0.105508385003
15.0 0.00111620168375 0.0847672027689
13.5 0.00209323247044 0.0674257662084
12.0 -0.000708489634578 0.0530983542206
10.5 0.00129910535364 0.0413993326758
9.0 -0.00320702821931 0.0319567581496
7.5 0.00118923834791 0.0244224469494
6.0 -0.000216923932951 0.0184787550947
4.5 0.00437269265577 0.013842461185
3.0 -0.000402586955909 0.0102662298873
1.5 -0.00119968669484 0.00753816637383
0.0 -0.0020895254577 0.00547996156735
-1.5 -0.00431083482019 0.00394408590851
-3.0 0.000795321092014 0.0028104267948
-4.5 -0.00546927193291 0.00198269196251
-6.0 -0.00151941256279 0.00138482619948
-7.5 -0.00756736585331 0.000957618115009
-9.0 0.000795514758842 0.000655611390633
-10.5 -0.00255013980384 0.000444383252887
-12.0 0.00469143999509 0.000298212561067
-13.5 -0.00148432237307 0.000198130454963
-15.0 0.00117168047003 0.000130326759373
-16.5 -0.00130606968212 8.48736758057e-05
-18.0 -0.00118718918258 5.472294755e-05
-19.5 -0.00049826694079 3.49319642782e-05
-21.0 -0.00273103305694 2.20766711321e-05
-22.5 -0.00161545731955 1.38134202342e-05
-24.0 -0.00155739294377 8.55708636822e-06
-25.5 0.00233093479103 5.24816719025e-06
-27.0 0.0013056260175 3.18673876594e-06
-28.5 0.00467300018843 1.91576537777e-06
-30.0 -0.000393247371488 1.14023726997e-06
-31.5 -0.000232535706766 6.71900863937e-07
-33.0 -0.00272074934763 3.91987503401e-07
-34.5 0.00130118908582 2.2641036219e-07
-36.0 -0.000223322831674 1.29472469674e-07
-37.5 0.00397292523267 7.33019655466e-08
-39.0 -0.000679906557675 4.1087608435e-08
-40.5 0.00181016882072 2.28014865317e-08
-42.0 -0.000409845000862 1.25277337557e-08
-43.5 0.0015965166511 6.8145773224e-09
-45.0 -0.00151285084721 3.66996892987e-09
-46.5 -0.000653436196431 1.9567840807e-09
-48.0 -0.00420494043308 1.03295280836e-09
-49.5 -0.00162815926515 5.39852491578e-10
-51.0 -0.000958109409521 2.79335925886e-10
-52.5 0.000986098576119 1.43098649273e-10
-54.0 0.000849796723804 7.257738718e-11
-55.5 0.00199247811296 3.64438440419e-11
-57.0 0.000649407892666 1.81177425757e-11
-58.5 0.00243363740143 8.91745743846e-12
-60.0 9.8385022405e-05 4.34545303853e-12
-61.5 -0.000428934379986 2.09645783305e-12
-63.0 -7.86614151853e-05 1.00136926548e-12
-64.5 0.00235710824219 4.73543019305e-13
-66.0 0.000834196290175 2.21708158761e-13
-67.5 0.00181715274456 1.02768724602e-13
-69.0 0.000641199880856 4.71625537907e-14
-70.5 -0.000187444609553 2.14284478992e-14
-72.0 0.00182878497807 9.63920402128e-15
-73.5 0.000273836516448 4.29287936862e-15
-75.0 -0.00156739868845 1.89283715516e-15
-76.5 -0.00213597942899 8.26294524581e-16
-78.0 -0.000978183070627 3.5711949003e-16
-79.5 -0.000339662736251 1.52809123884e-16
-81.0 0.00241494702507 6.47354354874e-17
-82.5 0.00138977846264 2.71513805808e-17
-84.0 0.00140511673046 1.1274539587e-17
-85.5 0.00149267868031 4.63513907604e-18
-87.0 0.000166400039509 1.88661715199e-18
-88.5 0.000575988281389 7.60259477022e-19
-90.0 -0.000109995831768 3.03317146622e-19
-91.5 0.00176951277367 1.19808915302e-19
-93.0 0.00163311279744 4.68531037713e-20
-94.5 0.00380452267116 1.81403077552e-20
-96.0 0.00133548227293 6.95357255773e-21
-97.5 0.000731031648961 2.63893313269e-21
-99.0 -0.00178908667074 9.915299483e-22
-100.5 0.000893585710842 3.68841977491e-22
-102.0 0.000481803108323 1.35841322947e-22
-103.5 0.00298770216802 4.95313902975e-23
-105.0 8.51247331706e-05 1.788076887e-23
-106.5 -0.000595009797292 6.3907071348e-24
-108.0 -0.00153938531317 2.26135474748e-24
-109.5 0.0028620383686 7.92219510352e-25
-111.0 0.0017696748256 2.74776397642e-25
-112.5 0.00149279272268 9.43561848557e-26
-114.0 -0.00349313243892 3.20788192665e-26
-115.5 -0.00417390170932 1.07975054533e-26
-117.0 -0.00429327945359 3.59820203288e-27
-118.5 -0.0010431323391 1.18714758206e-27
-120.0 0.00154048395081 3.87776007766e-28
-121.5 0.0035358633055 1.25404815407e-28
-123.0 0.00225677130233 4.01517562771e-29
-124.5 0.000428468040288 1.2727758753e-29
-126.0 -0.00121242177877 3.99444438243e-30
-127.5 -0.00312788655323 1.2411317262e-30
-129.0 -0.00148721996549 3.81800445932e-31
-130.5 -0.00322264076221 1.16281878875e-31
-132.0 -0.00306849201403 3.50626474366e-32
-133.5 -0.00306128368781 1.04672940416e-32
-135.0 -0.00313343758083 3.09372138258e-33
-136.5 -0.000763502323976 9.05284383897e-34
-138.0 0.000975767500748 2.62268368083e-34
-139.5 0.003958562479 7.52252871456e-35
-141.0 0.00239463017509 2.13618494302e-35
-142.5 0.00243781502004 6.00580047848e-36
-144.0 -0.0019216918164 1.6717064033e-36
-145.5 0.000355552900532 4.60687222506e-37
-147.0 -0.00320976930554 1.25692505423e-37
-148.5 0.000726679585459 3.39523355543e-38
-150.0 -0.0037148474624 9.08002367572e-39
-151.5 -0.00220930487572 2.40414890328e-39
-153.0 -0.00714277507861 6.30220896961e-40
-154.5 -0.00706878645199 1.63561577874e-40
-156.0 -0.00378709429444 4.20268498849e-41
-157.5 0.0022011128269 1.06912735377e-41
-159.0 0.00932812156215 2.6927069964e-42
-160.5 0.00957354355639 6.7143783775e-43
-162.0 0.0079504460193 1.65759939476e-43
-163.5 0.000746291583335 4.05144924522e-44
-165.0 0.00331390712765 9.80388663946e-45
-166.5 -0.00839423332909 2.34878472808e-45
-168.0 -0.0119537108685 5.57115450742e-46
-169.5 -0.0161300531594 1.30829067819e-46
-171.0 -0.00978343484488 3.04172779279e-47
-172.5 0.00764613064259 7.00153880612e-48
-174.0 0.0182761356888 1.59559883167e-48
-175.5 0.0191003600506 3.60007023975e-49
-177.0 0.00890513516618 8.04183751561e-50
-178.5 0.00257404030221 1.77851146403e-50
-180.0 -0.00527075437775 3.89417172458e-51
-181.5 -0.0011425171531 8.44171302659e-52
-183.0 -0.00543502340167 1.81177025318e-52
-184.5 -0.00186012468212 3.84975170965e-53
-186.0 -0.00161823394527 8.09877570483e-54
-187.5 -0.00062834657347 1.68679799996e-54
-189.0 -0.000129928506261 3.47827438587e-55
-190.5 -0.00204951763965 7.10103502901e-56
-192.0 -0.000969860643305 1.43527964766e-56
-193.5 -0.000612774341337 2.87215883444e-57
-195.0 0.000909343150718 5.69032976481e-58
-196.5 0.000657006621444 1.11615233562e-58
-198.0 0.000591699273216 2.16753722477e-59
-199.5 -0.00232843208132 4.16741463139e-60
-201.0 -0.000221360683183 7.93275268644e-61
-202.5 -0.00192963297283 1.49498960409e-61
-204.0 -0.000279769720579 2.78939158042e-62
-205.5 -0.000802967137991 5.15273554789e-63
-207.0 -0.00424664627586 9.42373960503e-64
-208.5 -0.00418523551154 1.70634072376e-64
-210.0 -0.000250232461484 3.05890007109e-65
-211.5 0.00323327826713 5.42902546214e-66
-213.0 0.00737663001589 9.53971768656e-67
-214.5 0.00533665067092 1.65961068359e-67
-216.0 0.00149426439824 2.85847222314e-68
-217.5 0.000274683454363 4.87437329772e-69
-219.0 0.000632794378557 8.229257479e-70
-220.5 -0.000599804378055 1.37549675721e-70
-222.0 0.000541111210924 2.27622687175e-71
-223.5 -0.00117826814398 3.7293107789e-72
-225.0 -0.000400409223004 6.04921000778e-73
-226.5 -2.67088220383e-05 9.71461967437e-74
-228.0 -0.00170559707131 1.54457854737e-74
-229.5 -0.00336212789157 2.43137109716e-75
-231.0 -0.00416554632082 3.78921768882e-76
-232.5 -0.00114271171442 5.84662066781e-77
-234.0 0.00135911509055 8.93135463464e-78
-235.5 0.00318126979956 1.3507867935e-78
-237.0 0.00271943541264 2.0226155087e-79
-238.5 -0.000437977156234 2.99845071712e-80
-240.0 -0.00103105318912 4.40085999453e-81
-241.5 -0.00194141735276 6.39492190205e-82
-243.0 0.000383136259416 9.20004587167e-83
-244.5 -0.000828427372602 1.3103936976e-83
-246.0 0.00222253322461 1.84786676187e-84
-247.5 0.000612182678233 2.57986254285e-85
-249.0 0.00310555555745 3.56598519253e-86
-250.5 0.000169343703984 4.87999704588e-87
-252.0 0.00314448331005 6.61175325823e-88
-253.5 -0.000748195480628 8.86892070337e-89
-255.0 0.00174346089881 1.17782823508e-89
-256.5 -0.000823241381665 1.54863904763e-90
-258.0 -0.0019515865371 2.01593026519e-91
-259.5 -0.00186247429538 2.59811194547e-92
-261.0 0.00123269463919 3.31510485597e-93
-262.5 0.0037815204635 4.18787523452e-94
-264.0 0.00531717341049 5.23778002316e-95
-265.5 0.00335144763925 6.48571454743e-96
-267.0 -0.00104849645051 7.95106787724e-97
-268.5 -0.000902603653983 9.65050737134e-98
-270.0 -0.0034322708054 1.15966323208e-98
-271.5 -0.00021163215967 1.37965558686e-99
-273.0 0.00132608238068 1.62504927884e-100
-274.5 0.00278919588078 1.89504462723e-101
-276.0 0.0025975358446 2.18790974942e-102
-277.5 0.00119947114184 2.5009005405e-103
-279.0 -0.00211764452031 2.83022193458e-104
-280.5 -0.00366022376774 3.17103926553e-105
-282.0 -0.00225438927675 3.51754613461e-106
-283.5 -0.00121852892324 3.86309189977e-107
-285.0 0.00123621637123 4.20036791652e-108
-286.5 0.00213517852276 4.52164727176e-109
-288.0 0.0019999678782 4.81906832393e-110
-289.5 0.000396411286444 5.08494830397e-111
-291.0 0.00057701990401 5.31210995093e-112
-292.5 0.00123553967636 5.49420202009e-113
-294.0 0.000732700088227 5.62599378581e-114
-295.5 1.31484277674e-05 5.70362451741e-115
-297.0 8.25634943962e-05 5.72479133353e-116
-298.5 0.0 5.6888626817e-117
-300.0 0.0 5.59690964019e-118
###
# timestamp: 2455823.7264655
# Gaussian 1 [amp, RV +/- err, wid]: [1.05, 127.71 +/- 0.05, 15.00]
# Gaussian 2 [amp, RV +/- err, wid]: [0.65, 18.55 +/- 0.08, 15.00]
# Uncorrected_RV, BF_amp, Gaussian_fit
###
300.0 0.0 5.77482854999e-29
298.5 0.0 1.79834773463e-28
297.0 0.00287012822605 5.54453723819e-28
295.5 0.000956840083473 1.6924427713e-27
294.0 0.00238354276478 5.11469493105e-27
292.5 -0.000848332752285 1.53032098282e-26
291.0 0.00236399200803 4.53317396908e-26
289.5 0.00173303214246 1.32947230463e-25
288.0 0.00030651640126 3.86023068078e-25
286.5 -0.00266043734833 1.10969665483e-24
285.0 -0.00385805951989 3.15829251285e-24
283.5 -0.00339964056166 8.89933345297e-24
282.0 -0.00127945744719 2.48267381723e-23
280.5 0.00025014761817 6.8570750618e-23
279.0 0.00159558645462 1.87506012481e-22
277.5 0.00122386219589 5.07631481874e-22
276.0 0.00239006843887 1.36062658709e-21
274.5 0.0023311116702 3.61065849007e-21
273.0 0.00241961194892 9.48617054994e-21
271.5 0.00083210227768 2.46747351049e-20
270.0 0.00112700881849 6.35434988973e-20
268.5 0.000328809696865 1.62011859099e-19
267.0 0.00181088015576 4.08958784819e-19
265.5 0.00056410320811 1.02204338796e-18
264.0 0.00172043186022 2.52880987857e-18
262.5 0.00137870815712 6.19469717561e-18
261.0 0.00291182305163 1.50238430427e-17
259.5 0.00111076805102 3.60743944548e-17
258.0 0.00106361774058 8.57578959e-17
256.5 -0.00101599417995 2.01839536056e-16
255.0 0.000947276424321 4.70322132976e-16
253.5 0.000931850529641 1.08502975843e-15
252.0 0.00326570978325 2.47824898713e-15
250.5 0.00263339728243 5.60409231118e-15
249.0 0.00435155617993 1.25465025341e-14
247.5 0.00253406142621 2.78097530326e-14
246.0 0.0023455061522 6.10279301787e-14
244.5 -0.000618444529295 1.32591964272e-13
243.0 -0.00144442422224 2.85208735694e-13
241.5 -0.00402052001951 6.07387007249e-13
240.0 -0.00481241838175 1.28063458693e-12
238.5 -0.00595282377423 2.67326499416e-12
237.0 -0.00555047575095 5.52479096935e-12
235.5 -0.00579982346463 1.13043799473e-11
234.0 -0.00446742399786 2.28999585395e-11
232.5 -0.00422719412335 4.59282292122e-11
231.0 -0.00457476636568 9.11972540042e-11
229.5 -0.0034232117442 1.79283729245e-10
228.0 -0.00125683112613 3.489450549e-10
226.5 -0.00167715071618 6.72403977891e-10
225.0 0.000184799500515 1.28280473757e-09
223.5 -0.000413691828152 2.42296918843e-09
222.0 -0.000195928773439 4.53098143771e-09
220.5 0.00089473509416 8.38868196701e-09
219.0 0.00306502295742 1.53763137303e-08
217.5 0.00259883665517 2.7904085154e-08
216.0 0.00063023261031 5.01349286031e-08
214.5 -0.00243851485754 8.91805339372e-08
213.0 -0.00601014610067 1.57056816725e-07
211.5 -0.00703153155573 2.7384232193e-07
210.0 -0.00605075257431 4.72717196675e-07
208.5 -0.00228435309238 8.07903128047e-07
207.0 -0.00340232111591 1.36701799949e-06
205.5 -0.000432354342826 2.29005667986e-06
204.0 -0.00265625245557 3.79817774822e-06
202.5 -0.000900911617982 6.23679391866e-06
201.0 -0.000553486567827 1.01392202698e-05
199.5 0.00264331003986 1.63194221629e-05
198.0 0.0022913515764 2.60053109822e-05
196.5 0.00479355945868 4.10276253647e-05
195.0 0.00336586207228 6.40837276367e-05
193.5 0.00317485017195 9.91005821969e-05
192.0 0.00132126171518 0.000151726591289
190.5 -0.000826836038344 0.000229987510007
189.0 -0.000626286871084 0.000345146804431
187.5 -0.00109516619087 0.0005128147609
186.0 0.00164984117832 0.000754352325134
184.5 0.00181247108314 0.00109861368442
183.0 0.00228859569802 0.00158406438802
181.5 0.00127189861024 0.00226129754854
180.0 0.00228227131732 0.00319594758805
178.5 0.0011109054226 0.00447196751626
177.0 0.000604580007892 0.00619519081156
175.5 0.000837906252579 0.00849704247633
174.0 -5.453245467e-06 0.0115381969166
172.5 -0.00136334071832 0.0155119058117
171.0 0.000262811573366 0.0206466419643
169.5 -0.00148279205658 0.0272076322924
168.0 0.000944760558081 0.0354967937822
166.5 0.00154929292795 0.0458505511749
165.0 0.00186467471502 0.0586350161519
163.5 0.000860921587631 0.0742380563022
162.0 0.00386742429902 0.0930578879276
160.5 0.00187533325969 0.115487996001
159.0 0.00280247309835 0.14189841827
157.5 0.00229378359793 0.172613722616
156.0 0.00348993462993 0.207888343253
154.5 0.00549636891012 0.247880299854
153.0 0.00685232518886 0.292624673852
151.5 0.00778996514646 0.34200852195
150.0 0.00825831441255 0.395749129136
148.5 0.0104012495149 0.453377604239
147.0 0.0123151878161 0.514229768082
145.5 0.0132434318206 0.577446056093
144.0 0.0152107890259 0.641981747214
142.5 0.0170063825854 0.706628250937
141.0 0.0210606468281 0.770045465434
139.5 0.0235810571607 0.830804412062
138.0 0.0246670188447 0.887438520338
136.5 0.0259379707255 0.938501157686
135.0 0.0261084636668 0.982626347126
133.5 0.0272256703614 1.01858916429
132.0 0.0268067296284 1.04536210886
130.5 0.0275777793457 1.06216383857
129.0 0.024835154784 1.06849704265
127.5 0.0271984744287 1.06417289338
126.0 0.0236798907413 1.04932039838
124.5 0.025626211735 1.02438000711
123.0 0.0233060081819 0.990081913814
121.5 0.0247787360542 0.947410548341
120.0 0.020973804443 0.897557664018
118.5 0.0213440213567 0.841867140478
117.0 0.0190542137681 0.781775062161
115.5 0.0206328436125 0.718748782619
114.0 0.0193865316672 0.654228541245
112.5 0.0177074044394 0.589574791893
111.0 0.012347801513 0.526023784246
109.5 0.0101807563761 0.464653177532
108.0 0.00804966156774 0.406358638732
106.5 0.0085342317919 0.351841559938
105.0 0.00717910535021 0.301607289541
103.5 0.0071712109742 0.255972662627
102.0 0.00424767616848 0.215081172404
100.5 0.00475346839493 0.178923861869
99.0 0.00254408005461 0.147363930118
97.5 0.00343964024281 0.120163121606
96.0 0.000348767553709 0.0970081688075
94.5 0.00109302486932 0.0775358517774
93.0 -0.000550992991376 0.0613555828846
91.5 0.00111320457731 0.0480687845333
90.0 0.00178350451187 0.0372846704436
88.5 0.00235183392813 0.028632343125
87.0 0.00222432913472 0.0217693658969
85.5 0.000826536513111 0.0163871498177
84.0 0.00126895633228 0.0122136139352
82.5 0.000847585208257 0.00901363680029
81.0 0.00185051188974 0.00658782745009
79.5 -0.000110150689638 0.00477011641022
78.0 0.000427594546009 0.00342461353957
76.5 0.000506488812335 0.00244211085376
75.0 0.00204085078647 0.00173653432142
73.5 0.00126003002532 0.00124157645266
72.0 0.0011907872464 0.000907676458419
70.5 0.000687150393985 0.000699459860864
69.0 0.0016623507039 0.000593705784746
67.5 0.00151567415324 0.000577877318115
66.0 0.000297932939525 0.000649226696092
64.5 -0.000908069571519 0.000814470246075
63.0 -0.000874781316246 0.00109001520204
61.5 -0.00120116649112 0.00150270866959
60.0 0.000772419530223 0.00209106534477
58.5 4.12626989645e-05 0.0029069125723
57.0 -0.000744124607789 0.00401736710263
55.5 -0.000678993849584 0.00550702646031
54.0 0.00118688029612 0.00748021926062
52.5 0.00127718067756 0.0100631145238
51.0 0.00427114267693 0.0134054429486
49.5 0.00275196894263 0.0176815377004
48.0 0.00028025541451 0.0230903645161
46.5 -0.000972671498773 0.029854188016
45.0 -0.000495179249646 0.0382155209251
43.5 -0.000564207153765 0.0484320332639
42.0 0.0013908912762 0.0607691662152
40.5 0.00194685120909 0.0754903048332
39.0 0.00143833206495 0.0928445161149
37.5 0.00243761065205 0.113052050763
36.0 0.00293925370443 0.136288029448
34.5 0.00352342509581 0.162664973128
33.0 0.00359832011335 0.192215072352
31.5 0.0020597061419 0.224873298603
30.0 0.00265210953089 0.260462615733
28.5 0.00258157013596 0.298682625722
27.0 0.00448947718583 0.339102958501
25.5 0.00631073908819 0.381162575063
24.0 0.00849434499943 0.424175891248
22.5 0.0087637287482 0.467346252905
21.0 0.010859927178 0.509786821183
19.5 0.010540559469 0.550548391795
18.0 0.0118942128293 0.588653116769
16.5 0.0124308192292 0.623132571256
15.0 0.0150062051276 0.653068162814
13.5 0.0146803332603 0.677631564297
12.0 0.0174972073614 0.696122702552
10.5 0.0142818300695 0.708002877808
9.0 0.0178850051949 0.712920829163
7.5 0.0146430101582 0.710729986626
6.0 0.0194247731692 0.701495727392
4.5 0.0154683627842 0.685492135076
3.0 0.016925839598 0.663188486066
1.5 0.0144703628503 0.635226392714
0.0 0.013005236243 0.602389156685
-1.5 0.0122576629047 0.565565374107
-3.0 0.00593641309231 0.525709148284
-4.5 0.00837043365415 0.48379938481
-6.0 0.00136769943844 0.440800566683
-7.5 0.007688447286 0.397627151224
-9.0 -0.00115688872948 0.355113329678
-10.5 0.00961736733836 0.313989389482
-12.0 0.00394789650171 0.27486536905
-13.5 0.0126760146314 0.238222146626
-15.0 0.0029985562371 0.204409604166
-16.5 0.00321578360231 0.173651090868
-18.0 -0.00232100489365 0.146053103471
-19.5 0.00195059437975 0.121618913344
-21.0 0.00193579455588 0.100264802548
-22.5 0.00216586987588 0.0818376108636
-24.0 0.00180456982557 0.0661324232843
-25.5 0.00148782693818 0.0529094182668
-27.0 0.00480495704365 0.0419091248014
-28.5 0.00477371630366 0.0328655762604
-30.0 0.00471139788261 0.0255170795071
-31.5 0.000919757076742 0.0196145223749
-33.0 -0.000801664968465 0.0149273103735
-34.5 -0.00239513108806 0.0112471488729
-36.0 -0.00178088005193 0.00838996945504
-37.5 -0.00207266493031 0.00619634186815
-39.0 -0.000581526181652 0.00453072202167
-40.5 -0.00010043277071 0.00327986915652
-42.0 0.00160494253488 0.00235072959779
-43.5 0.000762569152996 0.00166803779731
-45.0 0.000900173981246 0.00117183416155
-46.5 -0.00237184880338 0.000815048545552
-48.0 -0.00208527255325 0.000561251938744
-49.5 -0.00321002221526 0.000382639047546
-51.0 -0.00290201229422 0.000258272267023
-52.5 -0.00273118678322 0.000172593055613
-54.0 -0.00120779733769 0.000114189432814
-55.5 0.000428749934248 7.47972393704e-05
-57.0 0.0015337839121 4.85067611949e-05
-58.5 0.00286147141536 3.1144118373e-05
-60.0 0.000630472880693 1.97973408455e-05
-61.5 0.000551303846745 1.24593313073e-05
-63.0 -0.00213529051243 7.76318013605e-06
-64.5 -0.00199197715346 4.78896483475e-06
-66.0 -0.00342077199616 2.92483039747e-06
-67.5 -0.00161742713628 1.768547719e-06
-69.0 -0.00251882085319 1.05874148969e-06
-70.5 -0.000468493215083 6.27509257998e-07
-72.0 -0.00150640786606 3.68220020572e-07
-73.5 -0.000126015602114 2.13920159363e-07
-75.0 -0.000938671770574 1.23041915672e-07
-76.5 -0.000325022790343 7.00666752279e-08
-78.0 -0.00118523599742 3.95027191502e-08
-79.5 0.000254282354086 2.20495396826e-08
-81.0 -0.000254964080541 1.21851005918e-08
-82.5 0.00161295622387 6.6667744966e-09
-84.0 0.00142486477797 3.61126590134e-09
-85.5 0.00226868734916 1.93669050852e-09
-87.0 0.000839790119903 1.0282957392e-09
-88.5 0.00145931948845 5.40546305771e-10
-90.0 0.00037745131009 2.81322731881e-10
-91.5 0.00142590099072 1.44955201448e-10
-93.0 0.00184519651342 7.3946876922e-11
-94.5 0.00235754990948 3.73476194323e-11
-96.0 0.0015225287935 1.86751056746e-11
-97.5 0.00126848932362 9.24528421043e-12
-99.0 0.000740461044834 4.53142211662e-12
-100.5 0.000659558524147 2.19890176958e-12
-102.0 0.000435656300957 1.0564141088e-12
-103.5 0.000478359268126 5.02480962027e-13
-105.0 -0.000427681886226 2.3662579506e-13
-106.5 0.000454841468304 1.10321870255e-13
-108.0 -4.32452699321e-05 5.09234947328e-14
-109.5 0.00191674020671 2.32718999025e-14
-111.0 0.000868408771997 1.05293735959e-14
-112.5 0.00173624808666 4.7166134545e-15
-114.0 0.000700382853338 2.09177559116e-15
-115.5 0.00134309861796 9.18453030577e-16
-117.0 0.000180234755253 3.9926005962e-16
-118.5 0.00073632522799 1.71835083483e-16
-120.0 0.00201559150068 7.32191806011e-17
-121.5 0.00144658003268 3.0888366784e-17
-123.0 0.0028088382246 1.29009615888e-17
-124.5 0.000508063912115 5.33465420943e-18
-126.0 0.00133458326466 2.18397428599e-18
-127.5 -0.00114085883316 8.85209003967e-19
-129.0 -0.000521666901316 3.55223083601e-19
-130.5 -0.00312786216923 1.41128131736e-19
-132.0 -0.00345017711179 5.55115124217e-20
-133.5 -0.0051335720751 2.16177048318e-20
-135.0 -0.00371980216934 8.33476118651e-21
-136.5 -0.00315396863288 3.18151367104e-21
-138.0 -0.000755116959614 1.20235159005e-21
-139.5 0.00108379038892 4.49869163787e-22
-141.0 0.00135217887878 1.66647201206e-22
-142.5 0.00112531727537 6.11176825039e-23
-144.0 -0.000904306060227 2.21918131495e-23
-145.5 -0.00142663842979 7.97766419031e-24
-147.0 -0.00160587495089 2.839329343e-24
-148.5 4.91580734211e-05 1.00049021439e-24
-150.0 0.000573887936635 3.49033389686e-25
-151.5 0.000500532305139 1.20553038172e-25
-153.0 0.000454252793257 4.12236459984e-26
-154.5 0.00135753303066 1.39563449577e-26
-156.0 0.00106198558105 4.67793352235e-27
-157.5 0.00220123692897 1.55236360234e-27
-159.0 0.00143230082187 5.10023177103e-28
-160.5 9.64988813059e-05 1.6589887016e-28
-162.0 -2.38017835113e-05 5.34261648071e-29
-163.5 -0.000383361930701 1.70341954446e-29
-165.0 0.00032232962547 5.37707764143e-30
-166.5 0.00203332445433 1.68045947675e-30
-168.0 0.00128749582717 5.19956289762e-31
-169.5 -0.00137939455867 1.59280526733e-31
-171.0 -0.00244118455216 4.83076137849e-32
-172.5 -0.00155235605568 1.45052608426e-32
-174.0 -0.00206891617578 4.31213705293e-33
-175.5 -0.000713997879022 1.26916072302e-33
-177.0 -0.00326938329721 3.69826260743e-34
-178.5 -0.00357278856705 1.06692999463e-34
-180.0 -0.00293270479211 3.04741189218e-35
-181.5 -9.18241216552e-05 8.61754275026e-36
-183.0 -0.00107608285763 2.41264148003e-36
-184.5 -0.000423694375848 6.68742907727e-37
-186.0 -0.00208093150055 1.83519680001e-37
-187.5 -0.00209894281515 4.98612489305e-38
-189.0 -0.000110074119581 1.34122214976e-38
-190.5 -0.000761327783728 3.5718674711e-39
-192.0 -0.000261669973981 9.41774683026e-40
-193.5 -0.000190516082623 2.45841808153e-40
-195.0 -6.22194204152e-06 6.35362424046e-41
-196.5 0.000632617630171 1.62571482838e-41
-198.0 0.00149414153838 4.11835957743e-42
-199.5 4.99963580657e-05 1.03290698248e-42
-201.0 -0.000470731693871 2.56481012333e-43
-202.5 0.000850451469073 6.30530763028e-44
-204.0 0.00156355626092 1.53466785502e-44
-205.5 0.00340855496667 3.69810781076e-45
-207.0 0.00293983984275 8.82270573949e-46
-208.5 0.00274550707808 2.08392016159e-46
-210.0 0.00119508528793 4.87323565877e-47
-211.5 0.00106480860035 1.12826419335e-47
-213.0 -0.00156249625741 2.58619491178e-48
-214.5 -0.000705123068358 5.86906278495e-49
-216.0 -0.00226540121174 1.31866145923e-49
-217.5 -0.000407362467169 2.93328948932e-50
-219.0 -0.000265659656042 6.46001600726e-51
-220.5 0.00167306363817 1.40854043042e-51
-222.0 1.22740089672e-05 3.04061963616e-52
-223.5 0.0005190759655 6.49848213634e-53
-225.0 6.66437496279e-05 1.37505103799e-53
-226.5 -0.00112465424055 2.88059871237e-54
-228.0 0.00155910251681 5.97453020887e-55
-229.5 -0.000104979002919 1.22682273546e-55
-231.0 0.00119654355976 2.49411758982e-56
-232.5 -1.02949028327e-05 5.02006210453e-57
-234.0 0.00264131822571 1.00036458831e-57
-235.5 0.00101971854734 1.97362475986e-58
-237.0 0.00244859376619 3.85503135856e-59
-238.5 -0.000108163469349 7.45501120559e-60
-240.0 -0.000132722966688 1.42733442758e-60
-241.5 -0.00131920929252 2.70557910957e-61
-243.0 -0.00220692011814 5.07752169768e-62
-244.5 -0.000996385337814 9.43409823408e-63
-246.0 -0.000708094888247 1.73542582298e-63
-247.5 0.000339066662801 3.16059444121e-64
-249.0 0.0014212600864 5.69886728994e-65
-250.5 0.000504282360058 1.01733824309e-65
-252.0 -0.000763189997118 1.79803960069e-66
-253.5 0.000222623820481 3.14622798581e-67
-255.0 0.00041650388959 5.45052307043e-68
-256.5 -9.6403213238e-05 9.34852792856e-69
-258.0 0.000617114703569 1.58746929034e-69
-259.5 -0.00169480126624 2.66885199824e-70
-261.0 -0.000455612351479 4.44222655261e-71
-262.5 0.00207420366978 7.32038583567e-72
-264.0 0.00195077021269 1.194329874e-72
-265.5 0.000727495125672 1.92917521727e-73
-267.0 0.000233189315631 3.08514874831e-74
-268.5 -0.00155881239755 4.88469663698e-75
-270.0 -0.000261591793708 7.65695582173e-76
-271.5 0.000119410786181 1.18831544201e-76
-273.0 -0.00105029887308 1.82584705502e-77
-274.5 -0.0017127584892 2.77750023991e-78
-276.0 -0.00140941712174 4.18312526709e-79
-277.5 -0.00215373368242 6.23741571609e-80
-279.0 -0.00263629328304 9.20800540447e-81
-280.5 -0.00289166077697 1.34580920988e-81
-282.0 -0.00267721389164 1.94741486928e-82
-283.5 -0.00217662771592 2.78991211351e-83
-285.0 -0.000844194098564 3.95712362737e-84
-286.5 0.000260778370237 5.55681284414e-85
-288.0 0.000976213651062 7.72554232534e-86
-289.5 0.00133980206573 1.0633818362e-86
-291.0 0.00106670291251 1.44912735465e-87
-292.5 0.00195363140702 1.95515380054e-88
-294.0 6.20109441008e-05 2.61163423878e-89
-295.5 0.000993198483156 3.45382903331e-90
-297.0 -0.00103031680683 4.52216467745e-91
-298.5 0.0 5.86204254461e-92
-300.0 0.0 7.52330404965e-93
###
# timestamp: 2455840.6611226
# Gaussian 1 [amp, RV +/- err, wid]: [1.05, 127.71 +/- 0.05, 15.00]
# Gaussian 2 [amp, RV +/- err, wid]: [0.65, 18.55 +/- 0.08, 15.00]
# Uncorrected_RV, BF_amp, Gaussian_fit
###
300.0 0.0 7.85761575647e-39
298.5 0.0 2.9428140313e-38
297.0 0.00191819425062 1.09116870973e-37
295.5 0.000667643996482 4.00569653242e-37
294.0 0.00221807290867 1.45586545268e-36
292.5 -0.00053019321618 5.23867542634e-36
291.0 0.000748553328644 1.86628857727e-35
289.5 -0.000222835354272 6.58253473458e-35
288.0 -0.00185456504651 2.29860621255e-34
286.5 -0.00419594307076 7.94681399675e-34
285.0 -0.00449194620365 2.7200605708e-33
283.5 -0.00394508671356 9.21767002874e-33
282.0 -0.00366734222094 3.09257894477e-32
280.5 -0.000259119857906 1.02725316343e-31
279.0 0.00213302594555 3.37824571933e-31
277.5 0.00621375148169 1.09992237852e-30
276.0 0.0078806395339 3.54560128604e-30
274.5 0.00649884927112 1.13155276339e-29
273.0 0.00398817162964 3.57533531045e-29
271.5 0.00353201692678 1.1184480116e-28
270.0 0.00204613240042 3.46395212167e-28
268.5 0.00239583606141 1.06214794862e-27
267.0 0.0036658574687 3.22444671069e-27
265.5 0.00242882532875 9.69130916445e-27
264.0 0.0037587455962 2.88381069343e-26
262.5 0.00309998988404 8.4958747784e-26
261.0 0.00336469935381 2.47802973077e-25
259.5 0.00267598311997 7.15586234773e-25
258.0 0.00233138312594 2.04585334292e-24
256.5 -0.000127877038027 5.79087344099e-24
255.0 0.00269250979075 1.62282131845e-23
253.5 0.00150915439216 4.50250693179e-23
252.0 0.0041345723858 1.23678762499e-22
250.5 0.00221425657088 3.3635115811e-22
249.0 0.00316185933716 9.05623698685e-22
247.5 0.00104291949903 2.41412462115e-21
246.0 0.00225585109772 6.37130868919e-21
244.5 -0.00175405204339 1.66477162143e-20
243.0 -0.0038994629819 4.30663173348e-20
241.5 -0.0101296283538 1.10300597109e-19
240.0 -0.012418987714 2.79688780912e-19
238.5 -0.0164142841035 7.02149003198e-19
237.0 -0.0161303357811 1.74518140331e-18
235.5 -0.0162758137233 4.29446358535e-18
234.0 -0.0147306709669 1.04624724577e-17
232.5 -0.0122216251228 2.52357831061e-17
231.0 -0.00905327473847 6.02637703849e-17
229.5 -0.00699382822833 1.42479659458e-16
228.0 -0.00344961249185 3.33508181535e-16
226.5 -0.00350800204625 7.72889080387e-16
225.0 -0.00152816783026 1.77331099081e-15
223.5 0.0010103001115 4.02818766526e-15
222.0 0.00131174860863 9.05923529956e-15
220.5 0.00387781308165 2.01711398191e-14
219.0 0.00538568532778 4.4465829131e-14
217.5 0.00579447586393 9.70463945042e-14
216.0 0.00156665493569 2.09695673645e-13
214.5 -0.00379750659116 4.48597233474e-13
213.0 -0.00903474643645 9.50125046246e-13
211.5 -0.0135165184108 1.99233331723e-12
210.0 -0.0120107936661 4.13618812776e-12
208.5 -0.0107984454037 8.50150128889e-12
207.0 -0.0107609714493 1.73000764166e-11
205.5 -0.0110395508115 3.48543889349e-11
204.0 -0.00524529793634 6.95222757543e-11
202.5 -0.00621418784324 1.37292730351e-10
201.0 0.00105514694447 2.68428212362e-10
199.5 0.00240963687887 5.195960388e-10
198.0 0.00581047253195 9.95773487694e-10
196.5 0.00677594222344 1.88934966877e-09
195.0 0.00743157912239 3.5491240543e-09
193.5 0.004070001066 6.60065559245e-09
192.0 0.00160754286606 1.21537422297e-08
190.5 -0.00141658496319 2.21559320509e-08
189.0 -0.00308391629123 3.99877605817e-08
187.5 -0.00164923392093 7.14531200019e-08
186.0 -0.00184959046856 1.2640736139e-07
184.5 9.32973114175e-06 2.21401515954e-07
183.0 -0.000684545750635 3.83924537325e-07
181.5 0.00136777715071 6.59125637083e-07
180.0 -0.000789820337937 1.12033420032e-06
178.5 0.00125653753858 1.88531550294e-06
177.0 -0.00103784501045 3.14106944958e-06
175.5 0.000908216796389 5.18117300505e-06
174.0 -0.00288833356313 8.46127293985e-06
172.5 -0.00370294295511 1.36804495913e-05
171.0 -0.00523075744319 2.189888944e-05
169.5 -0.00519417695961 3.47057046839e-05
168.0 -0.000777363880154 5.44548665605e-05
166.5 -7.54554908447e-05 8.45920567694e-05
165.0 -0.00188370110388 0.000130100667882
163.5 -0.000753030966717 0.000198100933832
162.0 -0.000747060193939 0.000298641786339
160.5 -0.000159241393452 0.000445729811531
159.0 0.00167290494386 0.000658642641326
157.5 0.000434203732815 0.000963573974554
156.0 9.08735307418e-06 0.00139565261664
154.5 0.0045635345535 0.00200136666571
153.0 -0.000396904087538 0.00284140437653
151.5 0.00422731191413 0.00399389353131
150.0 0.000439870237262 0.00555797996359
148.5 0.0016002639923 0.0076576325958
147.0 0.000309395291916 0.0104454975036
145.5 0.000203468980347 0.0141065492354
144.0 8.44657029178e-05 0.018861207971
142.5 0.00268028304083 0.0249675123935
141.0 0.00479655861114 0.0327218688883
139.5 0.00342226792337 0.0424578484107
138.0 0.00629786357702 0.0545424849427
136.5 0.00482452442482 0.0693695561179
135.0 0.00897952853131 0.0873494084776
133.5 0.00543610798693 0.108895035278
132.0 0.00662189279911 0.134404327477
130.5 0.000820435466103 0.164238695709
129.0 0.000919274284119 0.198698592041
127.5 0.00137191475928 0.237996825693
126.0 -0.00028098642352 0.282230938859
124.5 0.00160461199666 0.331356252231
123.0 0.00343088062319 0.385161465109
121.5 0.00806446136186 0.443248861623
120.0 0.00892729535449 0.505021195769
118.5 0.014303228824 0.569677175822
117.0 0.0131154012351 0.636217128896
115.5 0.0198106671484 0.703459902395
114.0 0.0227138561046 0.770071374103
112.5 0.0252857630793 0.834604140168
111.0 0.0243304242835 0.895547091513
109.5 0.0251660498694 0.951382748452
108.0 0.0248911594342 1.00064948061
106.5 0.0277333645174 1.04200517232
105.0 0.0281963372665 1.07428856815
103.5 0.0292279772024 1.09657449582
102.0 0.0280090905254 1.10821943299
100.5 0.0299187273624 1.10889445104
99.0 0.0287453762344 1.0986033905
97.5 0.030566605786 1.07768513194
96.0 0.027619433414 1.04679993377
94.5 0.028282760722 1.00690091437
93.0 0.0242217644452 0.959192760152
91.5 0.0264728967013 0.905080553599
90.0 0.0231212913126 0.846112165826
88.5 0.0225380437917 0.783917904634
87.0 0.0202747214798 0.720151039671
85.5 0.0201154708674 0.656432461932
84.0 0.0177056197637 0.594302123902
82.5 0.015249587062 0.535179120309
81.0 0.0119496569152 0.480331392385
79.5 0.00916749961448 0.430855160053
78.0 0.0077773776135 0.387663390776
76.5 0.00702190876254 0.351481972232
75.0 0.00695023887877 0.322851820164
73.5 0.00614468890047 0.302134951069
72.0 0.00561189758859 0.289522585214
70.5 0.00653903282392 0.28504359844
69.0 0.00668985325092 0.28857207042
67.5 0.00842170015362 0.299833225563
66.0 0.00822363660239 0.318407664221
64.5 0.00712016475305 0.343734366351
63.0 0.00483810276203 0.375113451051
61.5 0.00621969029665 0.411710036422
60.0 0.00966795563641 0.452560723069
58.5 0.00913691132947 0.496584197844
57.0 0.0108283513823 0.542597219918
55.5 0.0112506946576 0.589336828509
54.0 0.0159653366175 0.635489039995
52.5 0.016325923913 0.679723638083
51.0 0.0214562870927 0.720733971809
49.5 0.0174630069286 0.757280034858
48.0 0.0175783573589 0.788232575964
46.5 0.0160390464532 0.812615643658
45.0 0.0172618936268 0.829644842586
43.5 0.0150264302201 0.838758694245
42.0 0.015876465325 0.839640849103
40.5 0.014899538357 0.832231461834
39.0 0.013058122324 0.81672676705
37.5 0.016017212918 0.793566712956
36.0 0.0159777296074 0.763411348961
34.5 0.0174546454283 0.727107443243
33.0 0.0118612544955 0.685647457609
31.5 0.0106469604966 0.640123474114
30.0 0.0075488955611 0.591678915252
28.5 0.00797086231454 0.541460914349
27.0 0.00544814979835 0.490575985862
25.5 0.00668871113351 0.44005124773
24.0 0.00388956465136 0.390802907568
22.5 0.00457813777453 0.343613098714
21.0 0.0037723602445 0.29911550179
19.5 0.00233315648508 0.257789569981
18.0 0.0044645926271 0.219962640024
16.5 0.00656938589461 0.18581879155
15.0 0.00642062390224 0.155413035325
13.5 0.00322705131159 0.128689271275
12.0 0.00365293124509 0.105500451408
10.5 0.00105241296338 0.085629491341
9.0 0.00780620482588 0.0688096701266
7.5 0.00108978571139 0.0547435112314
6.0 0.00562224458756 0.0431194172592
4.5 -0.00535369718338 0.0336256102369
3.0 0.000788577603369 0.0259611856995
1.5 -0.00265051543405 0.019844306643
0.0 0.0018880464311 0.0150177334278
-1.5 -0.00658713243997 0.0112520047997
-3.0 -0.00597149048004 0.00834665536938
-4.5 -0.017006397239 0.00612988194752
-6.0 -0.00905615551988 0.00445706322597
-7.5 -0.0152289645146 0.00320850362484
-9.0 -0.00559652492609 0.00228672178389
-10.5 -0.00293040176682 0.00161354536049
-12.0 0.00413861386292 0.00112721324739
-13.5 0.00659456184403 0.0007796291063
-15.0 0.00700137457174 0.000533859604118
-16.5 -0.00280751668929 0.000361928789972
-18.0 -0.000689735550774 0.000242927262838
-19.5 -0.00355312730562 0.000161430814488
-21.0 -0.0013694958476 0.000106207130272
-22.5 0.00283321975103 6.91795871397e-05
-24.0 0.000184100056406 4.46127826545e-05
-25.5 0.00400468676808 2.8483786013e-05
-27.0 0.00615600661645 1.80050018986e-05
-28.5 0.0102060833444 1.12679700444e-05
-30.0 0.00936804922681 6.98160463351e-06
-31.5 0.00811662659265 4.28274161828e-06
-33.0 0.00253451202538 2.60103113954e-06
-34.5 -0.00115559140603 1.56396231651e-06
-36.0 -0.0013797663904 9.31030852207e-07
-37.5 -0.00193900882952 5.4873026737e-07
-39.0 -0.00360993142916 3.20192248994e-07
-40.5 -0.00186013677769 1.84977867448e-07
-42.0 -0.00258554643002 1.0580002667e-07
-43.5 -0.00119883142113 5.99113135054e-08
-45.0 0.00308570466486 3.35883724653e-08
-46.5 -0.000602499799233 1.8643443671e-08
-48.0 -0.00371151664172 1.02451981997e-08
-49.5 -0.00641193400765 5.57406012946e-09
-51.0 -0.00971550790361 3.0024790742e-09
-52.5 -0.00573959668143 1.60119927361e-09
-54.0 -0.00194725430699 8.45410884031e-10
-55.5 0.00136891872962 4.41923748046e-10
-57.0 0.00521910963873 2.28709340169e-10
-58.5 0.0047376198014 1.17186482031e-10
-60.0 0.0029971593439 5.9446759785e-11
-61.5 0.00103022306898 2.9856295062e-11
-63.0 -0.000720231174991 1.48457005259e-11
-64.5 -0.00330157226526 7.30840375574e-12
-66.0 -0.00238180217225 3.56206158601e-12
-67.5 -0.00400937705273 1.71884759513e-12
-69.0 -0.00317645782797 8.21164891395e-13
-70.5 -0.00479770229591 3.88401081309e-13
-72.0 -0.002057381967 1.8188108773e-13
-73.5 0.000488147099272 8.43240992004e-14
-75.0 0.000909536133717 3.87055223956e-14
-76.5 0.000447985282916 1.75894075377e-14
-78.0 -0.000186098497556 7.91382686294e-15
-79.5 -0.00242469513105 3.52516080762e-15
-81.0 0.00202631267128 1.55463476994e-15
-82.5 0.00259348039905 6.78789124371e-16
-84.0 0.00253779193186 2.93425889196e-16
-85.5 0.00440447848189 1.25579583539e-16
-87.0 0.00466735005174 5.32104219447e-17
-88.5 0.00370335535757 2.23219135726e-17
-90.0 0.00177461980617 9.27092775832e-18
-91.5 0.00215220925201 3.81216795882e-18
-93.0 0.00254204998423 1.55195066675e-18
-94.5 0.00703332152586 6.25519498666e-19
-96.0 0.00351952266052 2.49609348906e-19
-97.5 0.00392795979159 9.86138462595e-20
-99.0 -0.000172200023446 3.85719862951e-20
-100.5 0.00324683646861 1.49369925616e-20
-102.0 0.00245425128343 5.72679162074e-21
-103.5 0.00319442137944 2.17378532296e-21
-105.0 -0.00198305912692 8.16918965344e-22
-106.5 -0.00114092470408 3.03947349299e-22
-108.0 -0.00257068731894 1.11963069724e-22
-109.5 0.0017128695815 4.08327179793e-23
-111.0 0.00110953384173 1.47434403275e-23
-112.5 0.00358228211688 5.2704347231e-24
-114.0 8.33177588487e-05 1.86531033423e-24
-115.5 0.000753296629836 6.53601152125e-25
-117.0 0.000754549965515 2.26741793223e-25
-118.5 0.00239045347845 7.78766748888e-26
-120.0 0.00511073702061 2.64813595765e-26
-121.5 0.0041096357101 8.91518196554e-27
-123.0 0.00332748725403 2.97151003015e-27
-124.5 0.000121031050882 9.8057596582e-28
-126.0 0.0016393275406 3.20362993711e-28
-127.5 0.00013888477216 1.03624034612e-28
-129.0 -0.000589337516266 3.31845327467e-29
-130.5 -0.00455076301384 1.05212652947e-29
-132.0 -0.00607126698421 3.30260999762e-30
-133.5 -0.0111383331741 1.02636933051e-30
-135.0 -0.00860320739771 3.15796342866e-31
-136.5 -0.00640044619448 9.61983408088e-32
-138.0 -0.00184527917222 2.90124978998e-32
-139.5 0.00199010442423 8.66282852021e-33
-141.0 0.0027080066644 2.56089261949e-33
-142.5 0.000802309031398 7.4951456116e-34
-144.0 0.0024854526129 2.17183003923e-34
-145.5 0.00145757230061 6.23058251596e-35
-147.0 0.0010173881672 1.76965465819e-35
-148.5 -0.000157030365004 4.9762873511e-36
-150.0 -0.00217553115466 1.38541355422e-36
-151.5 -0.000764183448264 3.81865540397e-37
-153.0 0.00122988719256 1.04207400321e-37
-154.5 0.00259005677964 2.81542335593e-38
-156.0 0.00380135609406 7.53088319531e-39
-157.5 0.001665522552 1.9943674136e-39
-159.0 0.00266098606578 5.22903420264e-40
-160.5 -0.000967214257244 1.35735938699e-40
-162.0 0.000913424397661 3.48839193746e-41
-163.5 -0.000193334440459 8.87590719345e-42
-165.0 0.00224805107872 2.23592528044e-42
-166.5 0.00212258952812 5.57646364499e-43
-168.0 0.000897251157976 1.37694793573e-43
-169.5 -0.00305503585214 3.36614809153e-44
-171.0 -0.00447649103408 8.14715489028e-45
-172.5 -0.00294050130778 1.95225157844e-45
-174.0 -0.00575303147375 4.63151044111e-46
-175.5 -0.00447587733393 1.08784386649e-46
-177.0 -0.00876722732941 2.52969139001e-47
-178.5 -0.00638937061783 5.8240564125e-48
-180.0 -0.00283755223147 1.32751873371e-48
-181.5 -0.000693643753999 2.99579988105e-49
-183.0 -0.00264425118329 6.69332626441e-50
-184.5 -0.00177248884069 1.48056761669e-50
-186.0 -0.00364653982078 3.24243704365e-51
-187.5 -0.00463039656879 7.03026853144e-52
-189.0 -0.00250545745842 1.50913930559e-52
-190.5 -0.00496001177111 3.20733115043e-53
-192.0 -0.00323888628619 6.74862551001e-54
-193.5 -0.00164878913822 1.40586594656e-54
-195.0 -0.000456959489407 2.89954296702e-55
-196.5 0.00290529476787 5.9206888918e-56
-198.0 0.00335271743976 1.19693892033e-56
-199.5 0.00109302619799 2.39567991511e-57
-201.0 0.000480670167602 4.74725597651e-58
-202.5 -0.00235793068449 9.31351381627e-59
-204.0 0.00169696714712 1.80901234926e-59
-205.5 0.00313301644982 3.47877672069e-60
-207.0 0.00528908000273 6.62321165747e-61
-208.5 0.00567449079728 1.24844026719e-61
-210.0 0.00655313060483 2.32982851913e-62
-211.5 0.00225133921299 4.30464361258e-63
-213.0 0.00211224147382 7.8742192104e-64
-214.5 -0.00191587659648 1.42605033714e-64
-216.0 -0.00250908657446 2.55693251294e-65
-217.5 -0.00214447148975 4.53900572558e-66
-219.0 -0.0023507667262 7.97736109469e-67
-220.5 0.00160748701823 1.38808105296e-67
-222.0 -0.00140918180699 2.39126362084e-68
-223.5 -0.00183605000396 4.07846878371e-69
-225.0 -0.00272861379407 6.8869016908e-70
-226.5 0.000660405963671 1.1513508335e-70
-228.0 -0.00226815035869 1.90567365901e-71
-229.5 0.000762876610231 3.12281629973e-72
-231.0 -0.00251949583254 5.06642244729e-73
-232.5 0.0022887117223 8.13791999768e-74
-234.0 0.00372529436197 1.29414365717e-74
-235.5 0.00742521265196 2.03755159765e-75
-237.0 0.00250903082903 3.17608266733e-76
-238.5 0.00284769970932 4.90153417864e-77
-240.0 0.000403322540595 7.48909480025e-78
-241.5 0.000113102119417 1.13287939034e-78
-243.0 -0.00193832552405 1.69666100809e-79
-244.5 3.77241029936e-05 2.51572715442e-80
-246.0 -0.000638337417576 3.69308285297e-81
-247.5 0.000498705971215 5.36749464313e-82
-249.0 0.00278744122673 7.72344829574e-83
-250.5 0.00439684140225 1.10029191706e-83
-252.0 0.00555285931152 1.55189258044e-84
-253.5 0.00436995398939 2.16706753597e-85
-255.0 0.00138884139725 2.99598952618e-86
-256.5 0.000729803074987 4.10076791169e-87
-258.0 -0.000661393991686 5.55708635312e-88
-259.5 0.00143975914608 7.45566104532e-89
-261.0 0.00387181012735 9.90335211874e-90
-262.5 0.00523882771793 1.30237287183e-90
-264.0 0.00391495652181 1.6956863221e-91
-265.5 0.00181277596109 2.18581170806e-92
-267.0 0.00145959672123 2.7895685231e-93
-268.5 0.000775488334554 3.52466929431e-94
-270.0 0.00317007038752 4.40916926592e-95
-271.5 0.00108511875436 5.46074910263e-96
-273.0 -0.00200265740679 6.69583479454e-97
-274.5 -0.00592514919229 8.12857265222e-98
-276.0 -0.00672565551442 9.76969282187e-99
-277.5 -0.00866475963167 1.16253110325e-99
-279.0 -0.00851359362832 1.36957338782e-100
-280.5 -0.00557321322033 1.59743461617e-101
-282.0 -0.00667092739423 1.84466679004e-102
-283.5 -0.00171369079566 2.10896718437e-103
-285.0 -0.000168054901464 2.3871448385e-104
-286.5 0.00365760051611 2.67512927305e-105
-288.0 0.00416980207919 2.96802689685e-106
-289.5 0.00551674195349 3.26022779771e-107
-291.0 0.00309890256952 3.54556225161e-108
-292.5 0.00408925628444 3.81750257838e-109
-294.0 0.00162663589464 4.06940222626e-110
-295.5 0.00247200007368 4.29476052636e-111
-297.0 0.00125756317424 4.48749876899e-112
-298.5 0.0 4.64223142634e-113
-300.0 0.0 4.75451571594e-114
###
# timestamp: 2455849.5783494
# Gaussian 1 [amp, RV +/- err, wid]: [1.05, 127.71 +/- 0.05, 15.00]
# Gaussian 2 [amp, RV +/- err, wid]: [0.65, 18.55 +/- 0.08, 15.00]
# Uncorrected_RV, BF_amp, Gaussian_fit
###
300.0 0.0 8.07874015189e-16
298.5 0.0 1.84162444173e-15
297.0 0.000656306010092 4.15638296391e-15
295.5 -0.00106450300748 9.28724916198e-15
294.0 -0.00071886426794 2.05454516772e-14
292.5 -0.00144031006783 4.49988427237e-14
291.0 0.000330442866733 9.75762337892e-14
289.5 -6.03119013521e-05 2.09480601924e-13
288.0 0.000820650295316 4.45246618775e-13
286.5 0.000175470267751 9.36945872226e-13
285.0 0.00105179542091 1.95202524307e-12
283.5 0.00128724870732 4.02636750164e-12
282.0 0.00198202559781 8.2223971484e-12
280.5 0.000765854603353 1.66241918655e-11
279.0 0.000434758033719 3.327665703e-11
277.5 0.000281953682092 6.59471290773e-11
276.0 0.00119189210138 1.29392514383e-10
274.5 0.00193523915379 2.51350333519e-10
273.0 0.000749458500153 4.83400209844e-10
271.5 0.00151080544016 9.20431045181e-10
270.0 0.00114604556762 1.73513287248e-09
268.5 0.000903156606183 3.23840582484e-09
267.0 6.61040544563e-05 5.98393491834e-09
265.5 0.00157406607468 1.09471106076e-08
264.0 0.0010127095572 1.98275569513e-08
262.5 0.00306266166466 3.5554613423e-08
261.0 0.00245234468984 6.31218576118e-08
259.5 0.00103398068332 1.10948296031e-07
258.0 0.000232484967758 1.93071671828e-07
256.5 0.00114336766699 3.32639280767e-07
255.0 0.0018411576283 5.67395077744e-07
253.5 0.0019485980771 9.58196654068e-07
252.0 0.000806429174863 1.60206742999e-06
250.5 -0.00103200987634 2.65194179424e-06
249.0 -0.0016568469139 4.34614527919e-06
247.5 -0.00107858208105 7.05182532633e-06
246.0 -0.00093430252822 1.13280695906e-05
244.5 -0.00160173743288 1.80163713772e-05
243.0 -0.00216874357959 2.83684624441e-05
241.5 -0.00284489910415 4.42243364568e-05
240.0 -0.00248885642526 6.82564831969e-05
238.5 -0.00379693882885 0.000104299816929
237.0 -0.0026968599085 0.000157790277244
235.5 -0.00303331344893 0.00023633823483
234.0 -0.00149954812855 0.000350465111654
232.5 -0.00256772675233 0.000514532307898
231.0 -0.000265002644297 0.000747889719567
229.5 -0.00188427926324 0.00107626578112
228.0 0.000604826576751 0.00153341093761
226.5 -0.00110006881526 0.00216299061991
225.0 0.00103451189896 0.00302070121753
223.5 -0.000359722908634 0.00417655264836
222.0 0.00118196434778 0.00571722396231
220.5 -0.000661014787646 0.00774835491369
219.0 -0.000633344815475 0.01039658864
217.5 -0.00164693556423 0.0138111318429
216.0 -0.00114662922171 0.0181645539079
214.5 -0.00124072404039 0.0236525112424
213.0 -0.00103393324015 0.0304920647683
211.5 -0.00116008705529 0.0389182644494
210.0 -0.000953875986718 0.0491787120952
208.5 -0.00116454520286 0.0615258882992
207.0 -0.00242877429307 0.0762071446047
205.5 -0.00248389496274 0.0934524176699
204.0 -0.00381792146821 0.113459913573
202.5 -0.0034056238018 0.136380227534
201.0 -0.00370583831991 0.162299592023
199.5 -0.00229994137764 0.191223164422
198.0 -0.000392576802433 0.223059450798
196.5 0.00489533139641 0.2576070899
195.0 0.00674092160811 0.294545267829
193.5 0.00822630351386 0.333428979414
192.0 0.00830648432272 0.373690185356
190.5 0.0091526415062 0.414645632572
189.0 0.010248211803 0.455511718643
187.5 0.0118371926305 0.495426312196
186.0 0.0120451014273 0.533476923026
184.5 0.0126157335601 0.568734091746
183.0 0.0140749214154 0.600288386936
181.5 0.0144583950998 0.627289006573
180.0 0.0146894978591 0.648981723492
178.5 0.0153696694818 0.664743824817
177.0 0.0158970011493 0.674113790919
175.5 0.0169416767122 0.676813741174
174.0 0.0156764205171 0.67276312343
172.5 0.0144828752467 0.66208270614
171.0 0.011430790862 0.645088597095
169.5 0.0105115034262 0.622276702112
168.0 0.0107096560947 0.594298689848
166.5 0.0101364027738 0.561931088001
165.0 0.00958955867958 0.526039554448
163.5 0.00880806957911 0.487540612081
162.0 0.00774869157146 0.447363193945
160.5 0.00731333367431 0.406412219891
159.0 0.00752668294107 0.36553613898
157.5 0.00512289669707 0.325499958802
156.0 0.00387711996461 0.286964788593
154.5 0.0019999339317 0.2504743965
153.0 0.00152546032574 0.216448769952
151.5 0.00231360053496 0.185184213142
150.0 0.0033851676968 0.156859148864
148.5 0.00412468540307 0.131544532832
147.0 0.00251104610761 0.109217644762
145.5 0.00224540413841 0.0897779875401
144.0 0.00149756729155 0.0730640901299
142.5 0.00252268690641 0.0588701510161
141.0 0.0019614239313 0.0469616529311
139.5 0.00152683682824 0.0370893015063
138.0 -9.13266408491e-05 0.0290008675265
136.5 0.000439371366111 0.0224507254919
135.0 0.000525446485781 0.0172070660254
133.5 0.000847172161449 0.0130569074494
132.0 -0.000690276038308 0.00980913883702
130.5 0.00097650050044 0.00729589361104
129.0 0.00082785499355 0.00537258331003
127.5 0.00275649622872 0.00391692160909
126.0 0.000387302708541 0.0028272463784
124.5 0.00161071753529 0.00202040990103
123.0 -0.000619628957779 0.00142946121057
121.5 0.00172131325667 0.00100129562136
120.0 -0.00112037564798 0.000694399363738
118.5 0.000288845931618 0.000476774881235
117.0 -0.000926457390896 0.000324096599419
115.5 0.002169607551 0.000218118567605
114.0 0.00159133069055 0.00014533421023
112.5 0.00290622138183 9.58738412619e-05
111.0 0.00316116772335 6.26165962669e-05
109.5 0.003101038575 4.04888871268e-05
108.0 0.00138916671327 2.59202555442e-05
106.5 0.00040596472393 1.64285704147e-05
105.0 -0.00122104816371 1.03090186526e-05
103.5 -0.000707255775176 6.40459894558e-06
102.0 0.00156621842254 3.93934151847e-06
100.5 0.00161957078213 2.39890178417e-06
99.0 0.0029145608677 1.44630088851e-06
97.5 0.00243771756394 8.63302351417e-07
96.0 0.00196346575566 5.10185171519e-07
94.5 0.00143190898774 2.98512313293e-07
93.0 0.00299281804562 1.72940627091e-07
91.5 0.00302557698591 9.9229177954e-08
90.0 0.00371486263608 5.64366886323e-08
88.5 0.00257677419718 3.19116710086e-08
87.0 0.000914990937068 1.81209125866e-08
85.5 -0.000181400353021 1.06756385669e-08
84.0 -0.000216731512966 7.13436605627e-09
82.5 0.00170291097258 6.31456423691e-09
81.0 0.000981058225417 7.95316493534e-09
79.5 0.00206065876417 1.26356410464e-08
78.0 -0.000134269750599 2.19786471132e-08
76.5 -1.39163486316e-05 3.91144030999e-08
75.0 -0.000378082329393 6.95983624741e-08
73.5 0.00077041501834 1.22959030088e-07
72.0 -0.000911658014645 2.15247077334e-07
70.5 -0.000460590688088 3.73142151078e-07
69.0 -0.00218514976298 6.40468961e-07
67.5 -0.00191698393205 1.08839729391e-06
66.0 -0.00107327768058 1.83120231488e-06
64.5 3.29820785109e-05 3.05030288146e-06
63.0 0.000895407215874 5.03045026361e-06
61.5 0.00223496819461 8.21349254857e-06
60.0 0.00161207468356 1.32771831915e-05
58.5 0.00118271088796 2.12491267687e-05
57.0 -0.000279190295125 3.3669237724e-05
55.5 0.000390308349023 5.28180710147e-05
54.0 0.00049464047248 8.20330470937e-05
52.5 0.00211625478648 0.000126139819802
51.0 0.00166785559954 0.000192031566231
49.5 0.00082554567155 0.000289434366863
48.0 -0.000109606219926 0.000431901413436
46.5 0.000734754296211 0.0006380815815
45.0 0.000871386471801 0.00093330769657
43.5 0.00190401731808 0.0013515450959
42.0 0.00155113889009 0.00193773011993
40.5 0.0017685589836 0.0027505091502
39.0 0.00218345205274 0.00386536004664
37.5 0.00314960896482 0.00537803801623
36.0 0.00220616406781 0.00740823648652
34.5 0.00159445903339 0.0101032910091
33.0 -0.000114844414945 0.0136416826543
31.5 6.29869490589e-05 0.0182360207435
30.0 6.96851424679e-05 0.0241351091879
28.5 0.000439699111153 0.0316246343982
27.0 -0.000584943408167 0.0410259658535
25.5 0.000173015631725 0.0526925443995
24.0 0.000947250480809 0.06700335993
22.5 0.00258515511659 0.0843530999741
21.0 0.00385004104873 0.105138691809
19.5 0.0042782787406 0.129742166475
18.0 0.00399387149614 0.158510040693
16.5 0.00567017848454 0.191729731674
15.0 0.00619625756373 0.229603871475
13.5 0.00823777430558 0.272223744826
12.0 0.00879278037019 0.319543403478
10.5 0.00733687106521 0.371356272862
9.0 0.00718117886249 0.427276224266
7.5 0.00696758235888 0.486725102578
6.0 0.00881888193568 0.548928549228
4.5 0.0108379373095 0.612921628838
3.0 0.0152093713405 0.677565259778
1.5 0.0198267617915 0.741573786057
0.0 0.0218572320439 0.803553252865
-1.5 0.0244389101366 0.862049119659
-3.0 0.0224583038178 0.9156013346
-4.5 0.0226526597204 0.962803979347
-6.0 0.0247026330323 1.00236614823
-7.5 0.024509833841 1.03317041409
-9.0 0.0248476951998 1.0543251984
-10.5 0.0236749725184 1.06520762499
-12.0 0.022419997021 1.06549398415
-13.5 0.0230421279667 1.05517572792
-15.0 0.0235079124834 1.034559894
-16.5 0.0225574385543 1.00425392877
-18.0 0.0235646339566 0.965135956208
-19.5 0.0214181421336 0.918312523269
-21.0 0.0210130471916 0.865066658033
-22.5 0.0210667973409 0.806799638949
-24.0 0.0181634286846 0.744970151047
-25.5 0.0191140729648 0.681034486043
-27.0 0.0157832140274 0.616391145488
-28.5 0.0154381214292 0.552332672192
-30.0 0.012637838495 0.490006827685
-31.5 0.0112736402633 0.430388426488
-33.0 0.00895719631808 0.374262308669
-34.5 0.00724020698317 0.322217152519
-36.0 0.00397514813122 0.27464915915
-37.5 0.00286694187506 0.231774123441
-39.0 -0.00011828679819 0.193646064856
-40.5 -0.000245493334271 0.160180431725
-42.0 -0.00164209772499 0.131179901035
-43.5 -0.000700223417385 0.106360946434
-45.0 2.94493327328e-05 0.0853796052641
-46.5 0.00161702254677 0.0678552019232
-48.0 0.000542073362652 0.0533911416035
-49.5 -8.94994827104e-05 0.0415922411032
-51.0 -0.000969732232447 0.0320783847558
-52.5 -0.0012089374651 0.024494564224
-54.0 -0.000588442968953 0.0185175701244
-55.5 -0.00219500811755 0.0138597479909
-57.0 -0.00116203768021 0.0102703140663
-58.5 -0.000954771527898 0.00753475561104
-60.0 0.00027840938049 0.0054728263929
-61.5 -0.000353227925007 0.00393560250423
-63.0 -0.000754135322149 0.0028019981218
-64.5 -0.00275168517869 0.00197506551688
-66.0 -0.00289746775519 0.00137832688881
-67.5 -0.00346654421872 0.000952313642065
-69.0 -0.00421983390664 0.000651425624586
-70.5 -0.00175234876807 0.000441170765159
-72.0 2.13036144972e-05 0.000295805107356
-73.5 0.00087825466393 0.000196363907698
-75.0 0.000487679208926 0.000129054965527
-76.5 0.000237458732719 8.39739974092e-05
-78.0 -0.000327150519409 5.40968516726e-05
-79.5 0.000770520631625 3.45029484555e-05
-81.0 0.00180541721356 2.1787002495e-05
-82.5 0.00108044027057 1.36205866089e-05
-84.0 0.00162557035328 8.43045852644e-06
-85.5 0.00134194209683 5.16610983747e-06
-87.0 0.000391572111395 3.13424635907e-06
-88.5 -0.000433634436178 1.88260704568e-06
-90.0 -0.000869094709636 1.11954945936e-06
-91.5 0.000218411585604 6.59149526747e-07
-93.0 0.00239977166116 3.84221497049e-07
-94.5 0.00173488678073 2.21736113038e-07
-96.0 0.00106275054542 1.26691726861e-07
-97.5 -0.000465858797822 7.16666553404e-08
-99.0 -0.00187849565072 4.01368303235e-08
-100.5 -0.000465532089733 2.22549213409e-08
-102.0 6.5015541505e-06 1.22170432103e-08
-103.5 0.000823469033413 6.63992557346e-09
-105.0 0.000161913203608 3.57287126308e-09
-106.5 -0.000418303764827 1.90339349143e-09
-108.0 -0.00123809104952 1.0039147773e-09
-109.5 0.000516193106725 5.24230360391e-10
-111.0 0.00201845258814 2.71022000456e-10
-112.5 0.00187658798588 1.38721564818e-10
-114.0 0.000377376179809 7.02975949277e-11
-115.5 -0.00135555358572 3.52690701443e-11
-117.0 -0.000530336346178 1.7518810218e-11
-118.5 -0.000864161411366 8.6153368237e-12
-120.0 0.000205212097469 4.1946619803e-12
-121.5 -0.00192918260786 2.02198874268e-12
-123.0 -0.00041895445379 9.64978311005e-13
-124.5 -0.00101173365341 4.55946017003e-13
-126.0 -0.00097212571384 2.13287967353e-13
-127.5 -0.000994128494271 9.87816644792e-14
-129.0 -0.000904752181149 4.52942819673e-14
-130.5 0.00216326587372 2.05621003389e-14
-132.0 0.00177838052422 9.24163100002e-15
-133.5 0.00260274992581 4.11231931074e-15
-135.0 -0.000122803115008 1.81168250056e-15
-136.5 0.00118958831871 7.90195232049e-16
-138.0 0.00013864588652 3.41227304526e-16
-139.5 0.00226119468499 1.45884852744e-16
-141.0 0.000743252901329 6.17495336961e-17
-142.5 0.000312818978 2.58770174414e-17
-144.0 -0.000472166158927 1.07362300789e-17
-145.5 0.000251942148522 4.41007988537e-18
-147.0 0.00136216721543 1.79348669084e-18
-148.5 0.00175895024489 7.2211591238e-19
-150.0 0.00138531674256 2.87854303863e-19
-151.5 -3.73069559576e-06 1.13604515664e-19
-153.0 0.00212987350323 4.43890159075e-20
-154.5 0.00314723630202 1.71716684513e-20
-156.0 0.00402916044381 6.57667721954e-21
-157.5 0.00287636725957 2.49377700147e-21
-159.0 0.00168127222879 9.36193795513e-22
-160.5 -0.000309846175449 3.47961309791e-22
-162.0 0.00114433756812 1.28042224462e-22
-163.5 0.000659846629434 4.66479453056e-23
-165.0 0.0029987208157 1.682553503e-23
-166.5 0.0012991959026 6.0084479345e-24
-168.0 0.00222928424905 2.12428497058e-24
-169.5 -0.00233943033511 7.43567340135e-25
-171.0 0.000521757154035 2.57682479377e-25
-172.5 -0.000550812290986 8.8411046319e-26
-174.0 0.00189133341916 3.00320670811e-26
-175.5 -0.000145918957626 1.00999907377e-26
-177.0 0.00093887568257 3.36289866536e-27
-178.5 -0.00194635825364 1.10857132686e-27
-180.0 0.00119792835443 3.61801661645e-28
-181.5 -0.000514504007231 1.16905388102e-28
-183.0 0.000705054839368 3.73986180148e-29
-184.5 -0.000440852758801 1.18449610057e-29
-186.0 0.000783787714655 3.7142298143e-30
-187.5 0.000940736202644 1.15308404623e-30
-189.0 0.00205912823893 3.54413462389e-31
-190.5 0.00133361907412 1.07849096749e-31
-192.0 0.000285179310051 3.24922562278e-32
-193.5 -0.00216811907094 9.6917071255e-33
-195.0 -0.00262003694718 2.86205350986e-33
-196.5 -0.00222144799972 8.36781888995e-34
-198.0 -0.00195846432567 2.42216569974e-34
-199.5 -0.000604699848905 6.94148649196e-35
-201.0 -0.00122378546711 1.96950991326e-35
-202.5 -0.000379666556582 5.53249352783e-36
-204.0 -0.000201251413177 1.53865308931e-36
-205.5 0.000179147476548 4.23660102491e-37
-207.0 0.00056385707596 1.15491886642e-37
-208.5 0.00167123415414 3.11704046357e-38
-210.0 0.000758359498553 8.32895392088e-39
-211.5 0.00112103970569 2.20341110503e-39
-213.0 -0.000732354541678 5.77108756075e-40
-214.5 -0.00129962542945 1.49650043869e-40
-216.0 -0.000795836042497 3.84196220797e-41
-217.5 -0.000482718451099 9.76531785308e-42
-219.0 0.000470871215963 2.45740498087e-42
-220.5 -5.45979127111e-05 6.12243439031e-43
-222.0 8.62709433486e-05 1.51017960419e-43
-223.5 0.00100192149093 3.68799324183e-44
-225.0 0.00172562391566 8.91679305984e-45
-226.5 0.00188707435278 2.13444178357e-45
-228.0 0.00192901328383 5.05844457146e-46
-229.5 0.000616187649064 1.18687978289e-46
-231.0 0.000940611009151 2.75710638543e-47
-232.5 0.00131348989856 6.34099442158e-48
-234.0 0.000371018421792 1.44383735383e-48
-235.5 -0.00102492993978 3.25488936088e-49
-237.0 -0.00199467532398 7.26459225488e-50
-238.5 -0.00149903982312 1.60525233799e-50
-240.0 0.000967420713176 3.511821506e-51
-241.5 0.00211859876633 7.60639040497e-52
-243.0 0.00235150805184 1.631104724e-52
-244.5 0.000965527851479 3.46291741159e-53
-246.0 0.000922233883395 7.27879482598e-54
-247.5 0.000767540110117 1.5147252902e-54
-249.0 0.00160082027582 3.12079564025e-55
-250.5 0.00062977340354 6.36581245813e-56
-252.0 0.000490447151319 1.28558087859e-56
-253.5 -1.08181283663e-05 2.57040776075e-57
-255.0 0.000909726068185 5.08817100214e-58
-256.5 0.00126585631776 9.9719117982e-59
-258.0 -8.67896427865e-05 1.93487188304e-59
-259.5 -0.000427084557527 3.71691863186e-60
-261.0 -0.0005121832636 7.06921107903e-61
-262.5 0.00110513205582 1.33111598898e-61
-264.0 0.000378181198726 2.48152072086e-62
-265.5 0.00150508178223 4.58012116236e-63
-267.0 -0.000869690782487 8.36937607515e-64
-268.5 0.00101559427678 1.51414077374e-64
-270.0 -0.000544044379564 2.71204243836e-65
-271.5 1.08548326269e-05 4.80932097451e-66
-273.0 -0.00214001954465 8.44360872185e-67
-274.5 -0.000135371339638 1.46767363237e-67
-276.0 -0.000714050647226 2.52573591183e-68
-277.5 0.000825090861512 4.30331801605e-69
-279.0 -0.000724514091901 7.2589866781e-70
-280.5 0.000427884400208 1.21228745834e-70
-282.0 -0.000327500653276 2.00443639735e-71
-283.5 0.000388091901406 3.28122493659e-72
-285.0 -0.000384869732498 5.317858556e-73
-286.5 0.00177294324085 8.53285990624e-74
-288.0 0.00016335457717 1.35553115637e-74
-289.5 0.00240664193074 2.13197176148e-75
-291.0 0.000692505859347 3.31978873684e-76
-292.5 0.00103444443795 5.117955453e-77
-294.0 -0.00153195304869 7.81159306001e-78
-295.5 -0.000749422448653 1.18042874217e-78
-297.0 -0.00253878859402 1.76602560262e-79
-298.5 0.0 2.61584056565e-80
-300.0 0.0 3.83603534951e-81
###
# timestamp: 2455851.6487423
# Gaussian 1 [amp, RV +/- err, wid]: [1.05, 127.71 +/- 0.05, 15.00]
# Gaussian 2 [amp, RV +/- err, wid]: [0.65, 18.55 +/- 0.08, 15.00]
# Uncorrected_RV, BF_amp, Gaussian_fit
###
300.0 0.0 4.69293656273e-19
298.5 0.0 1.17093286542e-18
297.0 0.00183597099715 2.89251995135e-18
295.5 0.000609545636222 7.07420736021e-18
294.0 -0.000101239913425 1.71291677885e-17
292.5 -0.000440360367829 4.10631060249e-17
291.0 0.00107513728623 9.74595461302e-17
289.5 0.00114887305887 2.29009779093e-16
288.0 0.000377492212305 5.32771182994e-16
286.5 0.00106168900712 1.22711278215e-15
285.0 -0.00011872410524 2.79824211565e-15
283.5 0.00130554630104 6.31746948395e-15
282.0 0.000223495525249 1.41207600081e-14
280.5 0.000732678657365 3.12485626911e-14
279.0 -0.000572480767888 6.84634966033e-14
277.5 0.00210165164493 1.48506396682e-13
276.0 0.00107311246783 3.18924806373e-13
274.5 0.00258389676267 6.78091804733e-13
273.0 0.00222330432882 1.42740017576e-12
271.5 0.00253757476052 2.97481560741e-12
270.0 0.00114531571148 6.13806399429e-12
268.5 0.000769253492556 1.2538911231e-11
267.0 0.000687388274904 2.53597693231e-11
265.5 0.000526336586037 5.0779430396e-11
264.0 0.0012670133499 1.00667064915e-10
262.5 0.00127716247814 1.97580483059e-10
261.0 0.00263516768945 3.83935026396e-10
259.5 0.00076465965656 7.38632616887e-10
258.0 0.00325497929182 1.40687749846e-09
256.5 -0.00120140916888 2.6530237686e-09
255.0 0.000892708610621 4.95316794092e-09
253.5 -0.00155252596026 9.15549902977e-09
252.0 0.00181228241186 1.67547535378e-08
250.5 -0.00107714223702 3.0356459759e-08
249.0 0.0017704015534 5.44529302134e-08
247.5 -0.00161018665972 9.67048917815e-08
246.0 0.000373078501732 1.70032792254e-07
244.5 -0.000856906286975 2.95987919131e-07
243.0 0.000315029229962 5.10119986365e-07
241.5 -0.00239102131508 8.7041776941e-07
240.0 -0.00395391066311 1.47041597628e-06
238.5 -0.00523112194448 2.45928993386e-06
237.0 -0.00401983378399 4.07226757969e-06
235.5 -0.00236997435418 6.67605547165e-06
234.0 -0.00150430333291 1.08357910443e-05
232.5 -0.00108143481102 1.7412389033e-05
231.0 -0.00114123332821 2.77021296231e-05
229.5 -0.00146167525016 4.36339980214e-05
228.0 -0.00190711507568 6.80446388384e-05
226.5 -0.00296805036878 0.000105055761279
225.0 -0.00325119193247 0.000160584228757
223.5 -0.00167623086712 0.000243020528785
222.0 -0.00101649481229 0.000364116272311
220.5 2.84166003295e-05 0.000540124987841
219.0 0.000186382874304 0.000793241644713
217.5 -0.000457583209656 0.0011533836702
216.0 -0.000862236030503 0.00166034808445
214.5 -0.00150268730007 0.00236636398965
213.0 -0.00236049987237 0.00333903526079
211.5 -0.0022591341908 0.00466463340407
210.0 -0.00079412380721 0.00645165426142
208.5 -0.00176790952787 0.00883449458599
207.0 0.00189085548244 0.0119770368888
205.5 0.0013152315601 0.0160758564907
204.0 0.00315436009499 0.0213626885647
202.5 0.00184348185337 0.0281057224353
201.0 0.00394632419037 0.0366092348424
199.5 0.00169016309665 0.0472110441932
198.0 0.00521111119122 0.0602772756643
196.5 0.00245725171039 0.0761939835651
195.0 0.00626806444733 0.0953552918217
193.5 0.0031865262869 0.118147891216
192.0 0.00596248684815 0.144931973027
190.5 0.00251044933425 0.176018975837
189.0 0.00517159077241 0.211646860238
187.5 0.00156481607007 0.251953981529
186.0 0.00580053513053 0.296952972211
184.5 0.00492695372175 0.34650633775
183.0 0.0107208674749 0.400305671857
181.5 0.0123448037017 0.457856474523
180.0 0.0155129665699 0.518470476733
178.5 0.0148799965396 0.581267121011
177.0 0.0183028703995 0.6451854131
175.5 0.019579499443 0.709006761632
174.0 0.02094471444 0.77138869387
172.5 0.0222960836777 0.830908528439
171.0 0.0212041280401 0.886115267058
169.5 0.0229188753545 0.935587211725
168.0 0.0234285868589 0.977992197292
166.5 0.0253631087169 1.01214692029
165.0 0.0242838945922 1.03707169539
163.5 0.0276055243875 1.05203711052
162.0 0.0254579706076 1.05659948204
160.5 0.0272028403556 1.05062270548
159.0 0.0255484408189 1.03428500018
157.5 0.027332996513 1.00807008157
156.0 0.0251003740522 0.97274337112
154.5 0.0248762615212 0.929314876713
153.0 0.0216688627193 0.878991254829
151.5 0.0207710629653 0.823120227391
150.0 0.0207883371227 0.763130918167
148.5 0.0197246568575 0.700473773713
147.0 0.0170216129515 0.63656354712
145.5 0.0141637546496 0.572728382379
144.0 0.0117091845223 0.510167397754
142.5 0.0110523505177 0.449918397953
141.0 0.00995239822325 0.392836523317
139.5 0.00922963399451 0.339583844041
138.0 0.00667523108563 0.290629193504
136.5 0.00609123753935 0.246256956939
135.0 0.00415697220071 0.206583121508
133.5 0.00333160791119 0.171576663215
132.0 0.00205805584427 0.141084289303
130.5 0.00210903019772 0.114856650558
129.0 0.00204769952004 0.0925743550151
127.5 0.000868393776192 0.0738724151276
126.0 0.00140227265894 0.0583621060947
124.5 0.00117784473996 0.0456495676798
123.0 0.00321644504652 0.0353508155345
121.5 0.00188472713015 0.0271031183097
120.0 0.00115357511904 0.0205729295837
118.5 0.000179787116304 0.0154607327635
117.0 0.00125878543438 0.0115032633549
115.5 0.00248051232275 0.00847362239499
114.0 0.00183922543214 0.00617979695948
112.5 0.00157464757329 0.00446206981368
111.0 0.00129027934468 0.00318974210228
109.5 0.00202102392033 0.00225752119176
108.0 0.00151447303696 0.00158184947966
106.5 0.00139654379715 0.00109737618587
105.0 0.000929854960629 0.000753707716967
103.5 0.00107648369955 0.000512516023178
102.0 0.0019779830676 0.000345039637228
100.5 0.00100449329067 0.000229978684062
99.0 0.00094032344144 0.000151762068002
97.5 0.00189886455762 9.91507359997e-05
96.0 0.00212525841989 6.41336125844e-05
94.5 0.00164354717996 4.10707393373e-05
93.0 0.000878284299901 2.60397249877e-05
91.5 0.000497000150971 1.63454665633e-05
90.0 0.000183683061683 1.01581660544e-05
88.5 0.00113003056806 6.25014883565e-06
87.0 0.000709427983959 3.80734735497e-06
85.5 0.000248145069999 2.29621112496e-06
84.0 0.00113050555882 1.37106676889e-06
82.5 -0.000189739034518 8.10520299353e-07
81.0 -0.00102701705828 4.74385357625e-07
79.5 -0.000779372252583 2.74899026284e-07
78.0 -0.000186781919655 1.57736777451e-07
76.5 0.00101219678763 8.96521912944e-08
75.0 3.60085632411e-05 5.05333683461e-08
73.5 -0.000878338579423 2.83648593387e-08
72.0 -0.00228000999332 1.60776756581e-08
70.5 0.000120033881414 9.61428793255e-09
69.0 0.00142539714076 6.77278646344e-09
67.5 0.00338403141243 6.55712718845e-09
66.0 0.00336133785315 8.8733865595e-09
64.5 0.00335759929285 1.44941424737e-08
63.0 0.00161925656937 2.5279478376e-08
61.5 -0.000272379357961 4.4706444022e-08
60.0 -0.000106312255589 7.8831257435e-08
58.5 -0.00230768087978 1.37903178487e-07
57.0 -0.00127339904325 2.38981327843e-07
55.5 -0.00205390006337 4.10095177651e-07
54.0 -0.00035202808768 6.96760769176e-07
52.5 6.70698504917e-05 1.17204934287e-06
51.0 0.00143288048202 1.95194204315e-06
49.5 0.000972810789019 3.21844063888e-06
48.0 -0.000707519444152 5.2538937929e-06
46.5 -0.00065016895859 8.49129975515e-06
45.0 -0.000980215040599 1.35870171223e-05
43.5 -8.55636793102e-05 2.15244038406e-05
42.0 -0.000924354653474 3.37594371146e-05
40.5 -0.00013396868381 5.24223296943e-05
39.0 -0.000156762665799 8.05924750319e-05
37.5 0.00448952433093 0.000122667559355
36.0 0.00656339393296 0.00018485108785
34.5 0.00674744178319 0.000275785451555
33.0 0.00302339812873 0.000407359406152
31.5 0.00105877175137 0.000595718655543
30.0 -0.00128288847812 0.000862505171421
28.5 0.000318813806706 0.00123634384159
27.0 -0.000927780745393 0.00175458287907
25.5 -0.00129126824456 0.00246527606837
24.0 -0.000527856450632 0.00342936955162
22.5 0.000867594957287 0.00472302310856
21.0 0.00250165556686 0.00643995612534
19.5 0.00251469607225 0.0086936630121
18.0 0.00197151522634 0.0116192942575
16.5 0.00139741315226 0.0153749514814
15.0 0.00196030551078 0.0201421030138
13.5 0.00154457457445 0.0261247971373
12.0 -0.00172789970206 0.0335473404407
10.5 -0.000103463832517 0.0426501261762
9.0 -0.00394033464156 0.0536833488381
7.5 0.00179526867224 0.0668984313724
6.0 -0.00182887259507 0.0825371226043
4.5 0.00166940338082 0.100818392743
3.0 0.000484803943417 0.121923457496
1.5 0.00368271856293 0.145979484374
0.0 0.00279651869116 0.173042761011
-1.5 0.00279386867461 0.203082313284
-3.0 -0.000277191586702 0.235965126396
-4.5 -0.00143580375293 0.271444220302
-6.0 0.00215664495962 0.309150839579
-7.5 0.0008160420778 0.348591920334
-9.0 0.00713251015464 0.389153784707
-10.5 0.00780615574691 0.43011268931
-12.0 0.0116146102717 0.470652432376
-13.5 0.0122451668689 0.509888732162
-15.0 0.0134422789415 0.546899564074
-16.5 0.0136161829505 0.580760131389
-18.0 0.0134950871549 0.610580693215
-19.5 0.0145616732707 0.635545130611
-21.0 0.0146426069136 0.654947937408
-22.5 0.0136777450146 0.668227304054
-24.0 0.0148680488501 0.674992132176
-25.5 0.0151986727018 0.675041167805
-27.0 0.0155281246464 0.668372947202
-28.5 0.0168662021462 0.655185869442
-30.0 0.0162371450904 0.635868390725
-31.5 0.013351001372 0.610980016665
-33.0 0.0122986736789 0.581224390323
-34.5 0.0111895178922 0.547416281697
-36.0 0.0109477417124 0.510444637151
-37.5 0.0118673948245 0.471234019364
-39.0 0.0123304935965 0.430706752803
-40.5 0.0121626903402 0.389747897793
-42.0 0.00956776105088 0.349174835393
-43.5 0.00571466131894 0.309712795327
-45.0 0.00128948685025 0.271977147152
-46.5 -0.00329809935379 0.236462749594
-48.0 -0.00555287266109 0.203540160053
-49.5 -0.00632771106609 0.173458083353
-51.0 -0.00628008654866 0.146351113163
-52.5 -0.00438149160401 0.122251605704
-54.0 -0.00150564209601 0.101104426297
-55.5 -0.000422807343132 0.0827833165401
-57.0 0.000558175697497 0.0671077269853
-58.5 0.00112765979396 0.053859124772
-60.0 -0.0012217576541 0.0427959931741
-61.5 0.000846514438503 0.033666966173
-63.0 0.00177048182332 0.026221764393
-64.5 0.0028654917788 0.0202198018033
-66.0 0.00618891023982 0.0154365033984
-67.5 0.00751381416393 0.0116675058321
-69.0 0.00786275061913 0.00873100376701
-70.5 0.00604801156791 0.00646855655751
-72.0 0.00581524615106 0.00474468777687
-73.5 0.00303130196239 0.00344560075209
-75.0 0.00476532438006 0.00247730411032
-76.5 -0.000370287693671 0.0017633996412
-78.0 -0.00100545990074 0.00124273699816
-79.5 -0.00405292798436 0.000867091169469
-81.0 -0.00208644381308 0.000598973148521
-82.5 -0.00172236502398 0.000409644378383
-84.0 0.00103091828143 0.000277372691098
-85.5 0.000814557324659 0.000185941982067
-87.0 0.0028327520474 0.000123409407486
-88.5 0.00211900338725 8.10916492978e-05
-90.0 0.00138256266073 5.27546875247e-05
-91.5 0.000266118392681 3.39784083725e-05
-93.0 0.00125350081489 2.16671636488e-05
-94.5 0.000544692759737 1.36791197202e-05
-96.0 0.00077433120922 8.55010194073e-06
-97.5 -0.00188005812482 5.29104542572e-06
-99.0 -0.0022605019939 3.24166955856e-06
-100.5 -0.00324029954546 1.96631481089e-06
-102.0 -0.00188233240004 1.18084912849e-06
-103.5 -0.000545939533568 7.02090071427e-07
-105.0 -0.00145011435066 4.13283726524e-07
-106.5 -0.00125498544598 2.4085786551e-07
-108.0 -0.00135207088397 1.38972994964e-07
-109.5 0.00296470454959 7.93884012022e-08
-111.0 0.00347612233639 4.4899421954e-08
-112.5 0.00575549904891 2.51409392734e-08
-114.0 0.00134232241574 1.39373210233e-08
-115.5 0.000248310662187 7.64951962188e-09
-117.0 -0.00260320441161 4.15667507936e-09
-118.5 -0.000912793361018 2.23622267916e-09
-120.0 -0.00118157574478 1.19108038535e-09
-121.5 -0.00161160013694 6.28093288911e-10
-123.0 -0.00346817756467 3.27917269108e-10
-124.5 -0.00518232740724 1.69496790549e-10
-126.0 -0.00515851746501 8.67392624531e-11
-127.5 -0.00485050029539 4.39467765994e-11
-129.0 -0.00340087195274 2.20442527702e-11
-130.5 -0.00529832777864 1.09476472062e-11
-132.0 -0.00460519476588 5.38273823196e-12
-133.5 -0.00547697121214 2.62025031511e-12
-135.0 -0.0040239904293 1.26281391513e-12
-136.5 -0.00207183397781 6.02549861416e-13
-138.0 0.00244698665341 2.84645077779e-13
-139.5 0.00352036639144 1.33128617079e-13
-141.0 0.00543619810093 6.16447674082e-14
-142.5 0.00378176103186 2.82603848065e-14
-144.0 0.00385335044008 1.28267603051e-14
-145.5 0.00297645584692 5.76385361264e-15
-147.0 0.0014326815311 2.56428304406e-15
-148.5 0.000189850849241 1.12947346974e-15
-150.0 -0.000697974758235 4.92541879105e-16
-151.5 0.000170628545831 2.12650959606e-16
-153.0 0.00278233031559 9.08967982581e-17
-154.5 0.00323913256476 3.84668726969e-17
-156.0 0.00291104837704 1.61169266599e-17
-157.5 0.00201315129277 6.68551140921e-18
-159.0 -0.0007941537704 2.7456431664e-18
-160.5 -0.00383399975797 1.11637630256e-18
-162.0 -0.00286768547938 4.49401149842e-19
-163.5 -0.00245919294879 1.79107925866e-19
-165.0 0.000839695477356 7.06728304488e-20
-166.5 -9.76097988198e-05 2.76087803048e-20
-168.0 -0.000824604166708 1.06782236277e-20
-169.5 -0.00127896533845 4.08891288438e-21
-171.0 0.00160697928063 1.55015012312e-21
-172.5 0.00127413314504 5.81830810833e-22
-174.0 0.00367387049154 2.16210473157e-22
-175.5 -0.000784703907153 7.95451662765e-23
-177.0 -0.00207075521503 2.89739639872e-23
-178.5 -0.00224791705865 1.04486238085e-23
-180.0 -0.00179034756718 3.73050241521e-24
-181.5 -0.000742303760228 1.31865933337e-24
-183.0 0.000664604002438 4.61482201469e-25
-184.5 -0.000889906165151 1.59894804973e-25
-186.0 -0.00161367736539 5.4849264299e-26
-187.5 -0.000709458404066 1.86279178904e-26
-189.0 -0.00192150614338 6.26346822242e-27
-190.5 -0.00142667037351 2.08507891701e-27
-192.0 -0.00197845701823 6.87206360969e-28
-193.5 -0.00215936035921 2.24237839169e-28
-195.0 -0.00209119465616 7.2441541622e-29
-196.5 -0.00168648882574 2.31698660614e-29
-198.0 -0.000436249063329 7.33696450066e-30
-199.5 -0.000504930182469 2.30020406958e-30
-201.0 0.000124537488583 7.13959164031e-31
-202.5 0.000345450487325 2.19400408789e-31
-204.0 -0.000613846575247 6.67511185629e-32
-205.5 0.00108394001622 2.01065111058e-32
-207.0 0.000493645599863 5.99614247603e-33
-208.5 0.00118476952537 1.7703707455e-33
-210.0 -6.85523687957e-05 5.17503820621e-34
-211.5 -0.000205201316167 1.49768317723e-34
-213.0 -0.00383726939049 4.29124586469e-35
-214.5 -0.00319326451299 1.21731759532e-35
-216.0 -0.00328051186463 3.41886109443e-36
-217.5 -0.00163093401055 9.50639964706e-37
-219.0 0.00115192239146 2.61702417832e-37
-220.5 0.00104040590012 7.13274104636e-38
-222.0 0.00129588130663 1.92469640307e-38
-223.5 0.000887071481364 5.14191706199e-39
-225.0 0.000359405735657 1.36001893545e-39
-226.5 -0.000291516437326 3.56140937848e-40
-228.0 -0.00129141460797 9.23327766946e-41
-229.5 -0.00274001032818 2.36999237896e-41
-231.0 -0.00132433221086 6.02275307428e-42
-232.5 6.80120006925e-06 1.51530557709e-42
-234.0 0.00166073940466 3.77452616739e-43
-235.5 0.0023634912464 9.30854311335e-44
-237.0 0.00239088629607 2.2727833742e-44
-238.5 0.000256979470098 5.49403508105e-45
-240.0 0.00131482950679 1.31486712721e-45
-241.5 -0.00115339815314 3.11551152784e-46
-243.0 -0.00124368267759 7.30859526972e-47
-244.5 -0.00159017782923 1.6974442429e-47
-246.0 0.000327738952183 3.90314043908e-48
-247.5 0.00188480013788 8.88566413293e-49
-249.0 0.00258858090622 2.00273120216e-49
-250.5 0.00238004179939 4.4690219727e-50
-252.0 0.00100995462748 9.87323265584e-51
-253.5 0.0013929754944 2.15955021625e-51
-255.0 -0.000112546526706 4.67653617978e-52
-256.5 0.00129824741331 1.00263380935e-52
-258.0 0.000106784210967 2.12822454149e-53
-259.5 0.00160171141686 4.47249232389e-54
-261.0 0.00166300501171 9.30548077007e-55
-262.5 0.000625060682337 1.91683655628e-55
-264.0 -0.000814910524687 3.90920464166e-56
-265.5 -0.00166283646885 7.89312141659e-57
-267.0 -0.00174553759889 1.57785182422e-57
-268.5 -0.000362350588902 3.12277507492e-58
-270.0 -0.00023480968295 6.11888438678e-59
-271.5 -0.00194562015323 1.18702767893e-59
-273.0 -0.000948001611116 2.27985118324e-60
-274.5 -0.00215311528185 4.33520070072e-61
-276.0 -0.000205706297515 8.16148096635e-62
-277.5 -0.000793423816689 1.52119815934e-62
-279.0 -0.00100583751502 2.80711151384e-63
-280.5 -0.0018454979325 5.12850277686e-64
-282.0 0.000747896704554 9.27638104185e-65
-283.5 -0.000781824159157 1.66120649133e-65
-285.0 0.000850066542689 2.94527407403e-66
-286.5 -0.000973259884988 5.16993240279e-67
-288.0 0.000862705760632 8.98464806338e-68
-289.5 0.00156192544892 1.54587484637e-68
-291.0 0.00236514653138 2.63332611662e-69
-292.5 0.00128893595831 4.4411149814e-70
-294.0 -0.000613283734666 7.41543177203e-71
-295.5 -0.000939632614057 1.22585167462e-71
-297.0 -0.00146534426081 2.00630271631e-72
-298.5 0.0 3.25096319515e-73
-300.0 0.0 5.21536489744e-74
###
# timestamp: 2455866.5694483
# Gaussian 1 [amp, RV +/- err, wid]: [1.05, 127.71 +/- 0.05, 15.00]
# Gaussian 2 [amp, RV +/- err, wid]: [0.65, 18.55 +/- 0.08, 15.00]
# Uncorrected_RV, BF_amp, Gaussian_fit
###
300.0 0.0 2.37513229682e-29
298.5 0.0 7.45318587324e-29
297.0 0.00140043879913 2.31554462048e-28
295.5 -8.2325398838e-05 7.12231884024e-28
294.0 0.00130664970158 2.16893593408e-27
292.5 -0.00179628517988 6.53926732547e-27
291.0 0.000809236109088 1.95194921661e-26
289.5 2.73449993882e-05 5.76852783481e-26
288.0 0.000627834934864 1.68779045225e-25
286.5 0.00040249038875 4.88910218276e-25
285.0 0.00195673573252 1.40215736571e-24
283.5 0.000938723813829 3.98126839669e-24
282.0 0.00190576746801 1.11918842631e-23
280.5 0.00196121595048 3.1148850155e-23
279.0 0.00316025740067 8.58297571681e-23
277.5 0.00180057880976 2.34148189089e-22
276.0 0.00364031443022 6.32412984192e-22
274.5 0.00168427688615 1.69109423014e-21
273.0 0.00207699056425 4.47704946543e-21
271.5 0.00221224730283 1.17347281478e-20
270.0 0.00112697513768 3.04516779649e-20
268.5 0.00133403205369 7.82359713389e-20
267.0 0.00090296464152 1.99002615618e-19
265.5 0.000937729144788 5.01150474135e-19
264.0 0.000424326709668 1.24949511247e-18
262.5 0.00153433909926 3.08431007821e-18
261.0 0.00105095085905 7.53769498164e-18
259.5 0.00147835265587 1.82379550531e-17
258.0 0.00101955223276 4.36888665736e-17
256.5 0.00124254922475 1.03614961485e-16
255.0 0.000796835351436 2.43293898259e-16
253.5 0.000938399206458 5.65583875497e-16
252.0 -0.000283776070845 1.30172689229e-15
250.5 0.000473848628491 2.96619562317e-15
249.0 -0.000315675002733 6.69170454634e-15
247.5 0.00122871069818 1.4946199702e-14
246.0 -0.000690243801419 3.30507910878e-14
244.5 0.00147756092086 7.23585728355e-14
243.0 -0.000852311727084 1.56839403211e-13
241.5 0.000202680215641 3.36571567149e-13
240.0 -0.00220381098231 7.15083445277e-13
238.5 -0.0025424209096 1.50415668461e-12
237.0 -0.00355023026335 3.1324668772e-12
235.5 -0.00167083919259 6.45857864072e-12
234.0 -0.0012487824857 1.31839173482e-11
232.5 -0.000426941691723 2.6644590294e-11
231.0 9.41748304037e-05 5.33126998703e-11
229.5 0.00104240064967 1.05611050364e-10
228.0 0.00121669339227 2.07131000242e-10
226.5 0.00132819220993 4.02196139817e-10
225.0 -0.000953183740973 7.73192706752e-10
223.5 -0.0017273352895 1.47161652119e-09
222.0 -0.00238155131303 2.77305584699e-09
220.5 -0.00234754128581 5.17344256951e-09
219.0 -0.00238426769498 9.55559432541e-09
217.5 -0.00180696300196 1.74740200857e-08
216.0 -0.00156215443988 3.16362509945e-08
214.5 -0.00252790197947 5.67066836701e-08
213.0 -0.00235226642859 1.00633028278e-07
211.5 -0.00464046148676 1.76808805141e-07
210.0 -0.00374806384501 3.07556062257e-07
208.5 -0.00397528652588 5.29665577758e-07
207.0 -0.00278192652352 9.03100874099e-07
205.5 -0.0030415701692 1.52450141143e-06
204.0 -0.00131342594922 2.54786524158e-06
202.5 -0.00102121648902 4.2158207069e-06
201.0 0.000967345325202 6.90629088447e-06
199.5 0.00141453086989 1.12012026695e-05
198.0 0.00243020784191 1.79862861841e-05
196.5 0.00181830384771 2.85940319785e-05
195.0 0.00184034003694 4.5005578965e-05
193.5 0.00139188933714 7.01316993864e-05
192.0 0.00106441356955 0.000108198048404
190.5 0.000498548456381 0.000165265250916
189.0 0.000727193419892 0.000249919833278
187.5 0.0011690806333 0.000374176882947
186.0 0.001194888731 0.000554638788194
184.5 0.00197952883645 0.000813955344284
183.0 -0.000314442707645 0.0011826275036
181.5 0.000992423890792 0.00170118845186
180.0 -0.000642103890474 0.00242277973369
178.5 0.000468000435144 0.00341611508851
177.0 0.00114974142883 0.00476878903448
175.5 0.00160403823687 0.00659084020009
174.0 0.000891714654377 0.00901842107579
172.5 -0.00118344161022 0.0122173577485
171.0 -0.00158390000729 0.0163863085551
169.5 -0.00131294229917 0.021759154751
168.0 0.00147322760339 0.0286061866877
166.5 0.000504590418706 0.0372335950806
165.0 0.000893369152743 0.0479807496936
163.5 -0.00062124638517 0.0612147588137
162.0 0.00222978264072 0.0773218633036
160.5 0.00158163943345 0.0966953377512
159.0 0.0027574323862 0.119719753364
157.5 0.00215898453948 0.146751702205
156.0 0.00380854202205 0.17809738245
154.5 0.00486655272465 0.213987783774
153.0 0.00594649620599 0.254552566639
151.5 0.00632535584524 0.299794067852
150.0 0.00962049491917 0.349563150533
148.5 0.00997738441991 0.403538810891
147.0 0.0120770772732 0.461213520464
145.5 0.0114128934856 0.521886190849
144.0 0.0147539509594 0.58466438049
142.5 0.0172968202318 0.648476917308
141.0 0.0217152744899 0.712097502867
139.5 0.0209112270719 0.774179128807
138.0 0.0227598311022 0.833298327659
136.5 0.0225526400817 0.88800746511
135.0 0.0253212760181 0.936892534596
133.5 0.0262738031229 0.978633313078
132.0 0.0273050186653 1.01206234629
130.5 0.0271971524734 1.03621910324
129.0 0.0265560873198 1.05039580072
127.5 0.0253302906762 1.0541718489
126.0 0.0237644688687 1.04743457899
124.5 0.0237266330454 1.03038482767
123.0 0.0235370951735 1.00352699194
121.5 0.0250928153931 0.967644241688
120.0 0.0248907796557 0.923760589657
118.5 0.0242662964049 0.873092381671
117.0 0.0219448153782 0.816992411419
115.5 0.0191523880331 0.756890234272
114.0 0.0176629968268 0.694232332725
112.5 0.0166793203078 0.630425579664
111.0 0.0156194122686 0.5667869894
109.5 0.0148008847966 0.504502096377
108.0 0.0127450267969 0.444593528058
106.5 0.0101909107035 0.387900517893
105.0 0.00888537348227 0.335069310143
103.5 0.00655684771567 0.286553704607
102.0 0.00656337634424 0.242624424326
100.5 0.00426514994523 0.203385593244
99.0 0.00382593339016 0.168796394123
97.5 0.0012154282257 0.138695932651
96.0 0.00261733977233 0.112829439794
94.5 0.000423251121892 0.0908741689457
93.0 0.00203987352206 0.0724636496926
91.5 -0.00133343887702 0.0572093075829
90.0 0.000539664817237 0.0447188137874
88.5 -0.000312074333147 0.0346108604896
87.0 0.00192439828411 0.0265263455699
85.5 0.00315367223272 0.0201361802007
84.0 0.00245509135429 0.0151460997853
82.5 0.00248673017202 0.0112989633948
81.0 0.00115573408048 0.00837507567195
79.5 0.00235505414538 0.00619106755288
78.0 0.0012520049659 0.00459783907542
76.5 0.00406545126197 0.00347800999883
75.0 0.00117691805183 0.00274325182514
73.5 0.00250235547037 0.00233179609985
72.0 -2.96719645366e-05 0.00220633438488
70.5 0.00122311317734 0.00235244864311
69.0 -0.000200590224391 0.00277763863504
67.5 0.000322556376734 0.00351094554588
66.0 0.000537519051882 0.00460310783203
64.5 0.00118548279535 0.00612712539039
63.0 0.00239155519875 0.008179051204
61.5 0.00293846925304 0.0108787761264
60.0 0.00254647046483 0.0143705242606
58.5 0.000368269552474 0.0188227367849
57.0 -0.000445421379591 0.0244269958428
55.5 -0.000810676098565 0.0313956331176
54.0 6.81967899201e-05 0.0399576864008
52.5 0.00145347625685 0.0503529179189
51.0 0.00164768754074 0.0628236951964
49.5 0.00197395615803 0.0776046610656
48.0 0.001817594545 0.0949102827444
46.5 0.00246671376807 0.114920564875
45.0 0.00155319594511 0.137765427147
43.5 0.00256021175792 0.163508467727
42.0 0.00136197416177 0.192131039007
40.5 0.00185068030443 0.223517729047
39.0 0.00263180139801 0.257444446771
37.5 0.00470172539697 0.293570329576
36.0 0.00625606889158 0.33143461168
34.5 0.00860113026335 0.370459400994
33.0 0.00807599456142 0.409959012705
31.5 0.00902998504204 0.449156111657
30.0 0.00855794091318 0.487204447628
28.5 0.01019285732 0.523217462859
27.0 0.0118579026448 0.556301552736
25.5 0.013731082861 0.585592315477
24.0 0.0146306923228 0.610291780802
22.5 0.0160497375175 0.629704400634
21.0 0.0162412151917 0.643269545277
19.5 0.0166703081008 0.650588389385
18.0 0.0155088741465 0.651443389247
16.5 0.0151273951993 0.64580902415
15.0 0.0141812727767 0.633853061769
13.5 0.0148226174825 0.615928260045
12.0 0.0142752825921 0.592555078254
10.5 0.013610068929 0.564396579616
9.0 0.0108671793844 0.532227213777
7.5 0.0112993668995 0.49689752798
6.0 0.00918655630044 0.45929704412
4.5 0.00901197330172 0.420317546068
3.0 0.00765113232811 0.380818856441
1.5 0.00825217867954 0.341598869211
0.0 0.00600012564744 0.303369181193
-1.5 0.00597455318511 0.266737176413
-3.0 0.0012250417137 0.232194909841
-4.5 0.00189304191451 0.200114655455
-6.0 0.000637596169386 0.170750565711
-7.5 0.000772997107562 0.144245562669
-9.0 -0.000959733198781 0.120642361098
-10.5 -0.00102650486488 0.0998974148045
-12.0 -0.00124009233593 0.0818965724428
-13.5 0.00108914009309 0.0664713130212
-15.0 0.00158378054295 0.0534145832596
-16.5 -3.12691900544e-05 0.042495455271
-18.0 0.000550426328492 0.0334720401313
-19.5 0.000105285120766 0.0261023095619
-21.0 0.000675927820116 0.0201526769635
-22.5 1.61007599531e-05 0.0154043581069
-24.0 0.000182238509917 0.011657663738
-25.5 0.000280832423804 0.0087344687859
-27.0 0.0010972297215 0.00647915732378
-28.5 0.00215772295835 0.00475836342698
-30.0 0.00245965424072 0.00345982193283
-31.5 0.00107757196438 0.00249061696085
-33.0 2.68670035047e-05 0.00177507697327
-34.5 -0.00174196508791 0.00125251949558
-36.0 -0.00265526512417 0.000875001613322
-37.5 -0.00149010433491 0.000605187944669
-39.0 -0.00100362343927 0.000414408579482
-40.5 0.000389863055796 0.000280946911966
-42.0 0.00207604759055 0.000188571841836
-43.5 0.00338638943559 0.000125310215894
-45.0 0.00351111614903 8.24428826489e-05
-46.5 0.00334445569882 5.37003250206e-05
-48.0 5.00140743702e-05 3.46304165179e-05
-49.5 -0.00192259712803 2.21103476408e-05
-51.0 -0.00284977495653 1.39762442626e-05
-52.5 -0.00257661217522 8.74666409986e-06
-54.0 -0.000778489905216 5.41940328259e-06
-55.5 0.000551124322209 3.32443270964e-06
-57.0 0.00175307639756 2.01902026796e-06
-58.5 0.000734237924203 1.21400609094e-06
-60.0 0.00124257135361 7.22700088565e-07
-61.5 -0.000476898946312 4.25943902283e-07
-63.0 -0.00153577019872 2.4854427155e-07
-64.5 -0.00245877341647 1.4358602268e-07
-66.0 -0.00401082345199 8.2125424748e-08
-67.5 -0.00318776077654 4.65050533435e-08
-69.0 -0.000889915804675 2.60723225436e-08
-70.5 0.000357509334779 1.44715932935e-08
-72.0 0.000838279173695 7.95261636219e-09
-73.5 0.00147242172008 4.32673972764e-09
-75.0 -0.000235812797073 2.33060441764e-09
-76.5 0.000726442003528 1.24289206269e-09
-78.0 -0.000214151060909 6.56228849199e-10
-79.5 -0.00127333644078 3.43031718131e-10
-81.0 0.000362481458846 1.77529403294e-10
-82.5 0.00114203579225 9.09627042897e-11
-84.0 0.00108701220578 4.61438140335e-11
-85.5 0.00104525099305 2.31750494103e-11
-87.0 0.000787616252982 1.15235132165e-11
-88.5 -0.000334157289967 5.67291393625e-12
-90.0 -0.000100105984839 2.76493254718e-12
-91.5 -0.00126151612539 1.33419694486e-12
-93.0 -0.00141241144674 6.37400497431e-13
-94.5 -0.000598054207902 3.01482362224e-13
-96.0 0.00182514924854 1.41178471648e-13
-97.5 0.000807015233019 6.54533829347e-14
-99.0 0.00162210291253 3.00436555923e-14
-100.5 0.000397583752214 1.36530759736e-14
-102.0 0.00102995889061 6.1427847045e-15
-103.5 0.000504209434468 2.736258582e-15
-105.0 -0.000369100538386 1.20671867641e-15
-106.5 -0.00206753353077 5.26880332238e-16
-108.0 -0.00156220353578 2.27758710476e-16
-109.5 -0.000155094605188 9.74754072805e-17
-111.0 0.00287876291491 4.13021040896e-17
-112.5 0.00399427061933 1.73263207707e-17
-114.0 0.00124174903162 7.19610645138e-18
-115.5 -0.000954741011924 2.95900611825e-18
-117.0 -0.00161586339047 1.20462314233e-18
-118.5 -0.00190935642917 4.8552723552e-19
-120.0 0.000228159789491 1.93746134297e-19
-121.5 0.000877284483393 7.65437174852e-20
-123.0 0.000937111019444 2.99394012356e-20
-124.5 -0.000237516754544 1.1594011467e-20
-126.0 8.22527780563e-05 4.44509856887e-21
-127.5 -0.00086921410244 1.68727596914e-21
-129.0 0.00046688814809 6.34085616355e-22
-130.5 -0.000489558388654 2.35921074468e-22
-132.0 -0.00145998172032 8.69045726749e-23
-133.5 -0.00318715809912 3.16938920603e-23
-135.0 -0.00413278329551 1.14436765929e-23
-136.5 -0.00447283253461 4.09084130439e-24
-138.0 -0.00187633216314 1.44782724192e-24
-139.5 -0.00102433078382 5.07315242143e-25
-141.0 0.000541503517035 1.75993299224e-25
-142.5 0.00146661344367 6.04465349023e-26
-144.0 0.000459078455024 2.05543497597e-26
-145.5 0.000652043140785 6.91979342749e-27
-147.0 -0.000448984858788 2.3064262523e-27
-148.5 -0.000614436192888 7.61102363476e-28
-150.0 -0.00126621931564 2.48658679884e-28
-151.5 -0.000624594382796 8.04305858267e-29
-153.0 2.32725924907e-06 2.57570366195e-29
-154.5 0.0016840219289 8.16634294359e-30
-156.0 0.00116162558921 2.56340004666e-30
-157.5 0.00252532801592 7.96640198034e-31
-159.0 0.000843442584656 2.45112297693e-31
-160.5 -9.16359436861e-05 7.46663704091e-32
-162.0 -0.000494519436073 2.25186336214e-32
-163.5 0.000281058565663 6.72382009412e-33
-165.0 0.000993595701946 1.98768330334e-33
-166.5 0.00276674597484 5.817486039e-34
-168.0 -0.000427233209391 1.68570107976e-34
-169.5 -0.00130436987924 4.83596150834e-35
-171.0 -0.00131996743436 1.37354268732e-35
-172.5 -0.000350838176797 3.86241150362e-36
-174.0 -0.000304329919461 1.07530577421e-36
-175.5 -0.000320831576811 2.96389264527e-37
-177.0 -0.00240406361158 8.0881652435e-38
-178.5 -0.0012868874482 2.18521723398e-38
-180.0 0.00051697075964 5.84515825108e-39
-181.5 -0.000192394767556 1.54794307486e-39
-183.0 -0.000285714910041 4.05854861667e-40
-184.5 -0.00198349155782 1.05352191707e-40
-186.0 -0.00266914013119 2.7075310909e-41
-187.5 -0.002271813637 6.8890666269e-42
-189.0 -0.00120996954098 1.73541909932e-42
-190.5 -0.00108694962887 4.32818101575e-43
-192.0 -0.00117193420135 1.06871895938e-43
-193.5 -0.00138647137534 2.61263455943e-44
-195.0 -0.00135656865426 6.32340321708e-45
-196.5 -0.000722979686141 1.51523550985e-45
-198.0 0.000387276975135 3.59473150928e-46
-199.5 0.00095046183632 8.44325357401e-47
-201.0 -0.000930683881145 1.96340666886e-47
-202.5 0.00021668942087 4.52030507408e-48
-204.0 0.000244416575389 1.0303440935e-48
-205.5 -4.97970480687e-05 2.32516555461e-49
-207.0 0.00126772368481 5.19496385962e-50
-208.5 0.00143281248457 1.14912754709e-50
-210.0 0.000909595795901 2.51658147926e-51
-211.5 0.00230123168578 5.45645793669e-52
-213.0 6.74553261336e-05 1.17129875676e-52
-214.5 -0.000540996629201 2.48932504298e-53
-216.0 -0.00142103761033 5.23784435799e-54
-217.5 0.000697051575456 1.09114037355e-54
-219.0 -0.000136420818116 2.25043107912e-55
-220.5 0.00231225510496 4.59523645446e-56
-222.0 0.000606940374735 9.28981499809e-57
-223.5 0.00200372290267 1.85935930836e-57
-225.0 0.00125668796943 3.68448365658e-58
-226.5 0.00205188075916 7.22848030021e-59
-228.0 0.00125790329686 1.40402365317e-59
-229.5 0.00123482907521 2.69996977209e-60
-231.0 0.000192149333654 5.14044166285e-61
-232.5 -0.001861483867 9.68944770002e-62
-234.0 -0.0003899283872 1.80823414644e-62
-235.5 -0.000215735186678 3.34092990976e-63
-237.0 0.00171497597149 6.11134945772e-64
-238.5 0.000313358871784 1.10678668789e-64
-240.0 -0.000850288996847 1.98448486432e-65
-241.5 -0.002264529717 3.52280585945e-66
-243.0 -0.00125445524001 6.19136894307e-67
-244.5 -0.000644533338935 1.07731253691e-67
-246.0 -0.00150461688164 1.8558966957e-68
-247.5 0.000268547816832 3.16535874951e-69
-249.0 0.000286145489581 5.34501752439e-70
-250.5 0.00201461127266 8.93577826781e-71
-252.0 0.000762448286012 1.47901537628e-71
-253.5 0.00153506674098 2.42365081607e-72
-255.0 -0.000186699104819 3.93209919675e-73
-256.5 0.000750354689344 6.31591005204e-74
-258.0 -0.00122958482208 1.00439481599e-74
-259.5 -0.00121697882441 1.58135743135e-75
-261.0 -0.00087851490997 2.4649759157e-76
-262.5 0.00154112511673 3.80410391616e-77
-264.0 0.00131283366339 5.81231467706e-78
-265.5 -0.0011269008727 8.79230855857e-79
-267.0 -0.00224473157102 1.31678168726e-79
-268.5 -0.00226300374572 1.95245795549e-80
-270.0 -0.00145910701151 2.8662010982e-81
-271.5 -0.00160726761697 4.16570662367e-82
-273.0 -0.00263429600292 5.9941520988e-83
-274.5 -0.00247636990822 8.53933186441e-84
-276.0 -0.000196308223471 1.20441756399e-84
-277.5 -1.91151397401e-05 1.68185024833e-85
-279.0 -0.000899551781694 2.32516952569e-86
-280.5 -0.00110207026655 3.18257741265e-87
-282.0 -0.000735068344585 4.31281058988e-88
-283.5 0.000528159935814 5.78627205849e-89
-285.0 -3.54101381939e-05 7.6858936143e-90
-286.5 -0.000257250832384 1.01075743207e-90
-288.0 -0.000377884934066 1.31600207219e-91
-289.5 0.000572955679458 1.69638044719e-92
-291.0 -0.000900844554558 2.16494565054e-93
-292.5 0.000556149524812 2.73544378036e-94
-294.0 -0.00177798212605 3.42188684299e-95
-295.5 0.000543264479948 4.23799606944e-96
-297.0 -5.48951257376e-06 5.19651889097e-97
-298.5 0.0 6.30843345801e-98
-300.0 0.0 7.58206664776e-99
