# RVs calculated with BF_python.py
#
# Porb = 9.1220856 days, BJD0 = 2454971.834534 days
# Wavelength axis = [15170.0 - 16216.442856286209] Angstroms
#
# Template spectrum (line 0 of infiles):  apogee_norm/lte05700-4.50-0.0.PHOENIX-ACES-AGSS-COND-2011-HiRes_apogee_norm.txt
# RV of template, BCV of template (km/s): 0, 0
#
# List of all input spectra (infiles): data/6781535/6781535infilesALL.txt
# Target BJD and BCV info (bjdinfile): data/6781535/6781535bjdinfileALL.txt
# Gaussian fit guesses (gausspars):    data/6781535/6781535gaussparsALL.txt
#
# BF parameters: w00 = 15170; n = 10000; stepV = 2.0
# BF parameters: smoothstd = 1.5; m = 401
# gaussfit: amplimits = [0, 1.2, 0, 1.2, 0, 1.2]; threshold = 10, widlimits = [0, 9, 0, 10, 0, 9]
#
# time, phase, adjusted_time, RV1 [km/s], error1 [km/s], RV2 [km/s], error2 [km/s]
#
2456557.733000000 0.852618309 1724.733000000 44.21429 0.04754 79.19197 0.00000 nan nan
2456559.723000000 0.070770176 1726.723000000 43.76454 0.03768 78.90495 0.00000 nan nan
2456560.720000000 0.180065357 1727.720000000 -26.23848 0.00000 153.76152 0.00000 nan nan
2456584.632000000 0.801395725 1751.632000000 -30.42572 0.05214 121.41060 0.00000 nan nan
2456585.630000000 0.910800530 1752.630000000 36.35597 0.00000 106.35597 0.00000 nan nan
2456757.892000000 0.794859237 1924.892000000 148.10984 0.00000 118.29112 0.06270 nan nan
2456760.905000000 0.125156510 1927.905000000 216.90627 0.22048 113.29553 0.00000 nan nan
2456761.872000000 0.231162970 1928.872000000 44.65074 0.04716 89.76644 0.05361 nan nan
2456762.868000000 0.340348527 1929.868000000 215.40806 0.18404 83.44433 0.00000 nan nan
2456763.880000000 0.451288069 1930.880000000 44.51115 0.04476 -45.06498 0.22968 nan nan
2456783.835000000 0.638836057 1950.835000000 -16.25232 0.00000 97.36346 0.26789 nan nan
2456784.821000000 0.746925374 1951.821000000 -36.27011 0.00000 123.72989 0.00000 nan nan
2456785.825000000 0.856987924 1952.825000000 -37.05958 0.04623 43.69059 0.00000 nan nan
2456786.798000000 0.963652128 1953.798000000 43.67666 0.00000 73.67666 0.00000 nan nan
2456787.809000000 0.074482046 1954.809000000 -1.08577 0.22358 33.62431 0.00000 nan nan
2456788.842000000 0.187723693 1955.842000000 44.81529 0.04588 103.53914 0.00000 nan nan
2456812.751000000 0.808725189 1979.751000000 124.34471 0.05143 -488.54063 0.00000 nan nan
2456814.755000000 0.028411792 1981.755000000 43.96276 0.04631 3.58113 0.33513 nan nan
2456815.785000000 0.141324567 1982.785000000 45.71407 0.04865 8.55551 0.06700 nan nan
2456816.766000000 0.248865764 1983.766000000 50.88468 0.00000 61.77240 0.00000 nan nan
2456817.761000000 0.357941697 1984.761000000 0.74422 0.00000 40.74422 0.00000 nan nan
2456818.764000000 0.467894623 1985.764000000 6.33121 0.05862 40.59164 0.00000 nan nan
2456819.762000000 0.577299428 1986.762000000 50.44344 0.00000 32.23607 0.10924 nan nan
2456820.755000000 0.686156113 1987.755000000 19.75038 0.04945 66.04624 0.05589 nan nan
