#amp1, shift1, width1, amp2, shift2, width2
0 0 0 0 0 0
1.20000 50 3 0.45  125 3
1.20000 55 3 0.45  250 3 #Single Peak
1.20000 50 3 0.45  100 3
1.20000 50 3 0.45  -20 3
1.20000 50 3 0.45  0 3
1.20000 30 3 0.45  -50 3
1.20000 42 3 0.45  62 3
1.20000 22 3 0.45  80 3
1.20000 41 3 0.45  80 3
1.20000 21 3 0.45  250 3 #Single Peak
1.20000 22 3 0.45  -12 3
1.20000 20 3 0.45  -60 3
1.20000 40 3 0.45  60 3
1.20000 20 3 0.45  250 3 #Single Peak
1.20000 -10 3 0.45  25 3 #Pretty Spikey
1.20000 24 3 0.45  -50 3
1.20000 30 3 0.45  250 3 #Single Peak
1.20000 29 3 0.45  70 3 #Third peak at 0
1.20000 30 3 0.45  -5 3
1.20000 32 3 0.45  70 3
1.20000 30 3 0.45  250 3 #Single Peak
1.20000 24 3 0.45  10 3