0 0 0 0 0 0
1.20000 200 3 0.45  220 3
1.20000 210 3 0.45  200 3
1.20000 220 3 0.45  200 3
1.20000 210 3 0.45  230 3
1.20000 220 3 0.45  200 3
1.20000 212 3 0.45  200 3
1.20000 208 3 0.45  220 3
1.20000 210 3 0.45  230 3
1.20000 240 3 0.45  210 3
1.20000 202 3 0.45  220 3
1.20000 200 3 0.45  220 3
1.20000 205 3 0.45  220 3
1.20000 220 3 0.45  190 3
1.20000 220 3 0.45  190 3
1.20000 220 3 0.45  190 3
1.20000 210 3 0.45  198 3
1.20000 170 3 0.45  210 3
1.20000 205 3 0.45  220 3
1.20000 200 3 0.45  220 3
1.20000 210 3 0.45  195 3
1.20000 220 3 0.45  202 3
1.20000 200 3 0.45  220 3
1.20000 215 3 0.45  195 3
1.20000 210 3 0.45  230 3
1.20000 200 3 0.45  220 3