#amp1, shift1, width1, amp2, shift2, width2
0 0 0 0 0 0
0.80000 50 10 0.20  120 3
1.20000 40 3 0.45  140 3
1.20000 40 3 0.45  140 3
1.20000 80 3 0.45  100 3
1.20000 70 3 0.45  100 3
1.20000 90 3 0.45  20 3
1.20000 208 3 0.45  220 3 ###
1.20000 70 3 0.45  40 3
1.20000 240 3 0.45  210 3 ###
1.20000 50 3 0.45  220 3
1.20000 60 3 0.45  220 3
1.20000 100 3 0.45  -10 3
1.20000 100 3 0.45  5 3
1.20000 100 3 0.45  10 3
1.20000 90 3 0.45  20 3
1.20000 90 3 0.45  25 3
1.20000 90 3 0.45  25 3
1.20000 205 3 0.45  220 3 ###
1.20000 5 3 0.45  100 3
1.20000 10 3 0.45  100 3
1.20000 10 3 0.45  100 3
1.20000 90 3 0.45  30 3
1.20000 90 3 0.45  30 3
1.20000 80 3 0.45  30 3
1.20000 80 3 0.45  40 3