15142.8421025 0.930249
15143.0148553 0.931172
15150.7838151 0.885038
15150.9563494 1.00747
15156.6473228 0.980641
15156.8196959 0.915287
15156.9920643 0.940917
15157.1644279 0.878364
15157.3367868 0.882229
15157.5091409 0.90598
15157.6814903 0.965607
15157.853835 0.950537
15158.0261749 0.908426
15158.19851 0.836224
15158.3708405 0.919232
15158.5431662 0.921841
15158.7154871 0.954326
15158.8878033 0.917395
15159.0601148 0.980714
15159.2324215 0.949372
15159.4047235 0.946521
15159.5770208 0.835312
15159.7493133 0.886493
15159.921601 0.773411
15160.093884 0.963862
15160.2661623 0.916095
15160.4384359 1.01622
15160.6107047 0.978968
15160.7829687 0.898258
15160.9552281 0.937581
15161.1274826 0.88409
15161.2997325 0.898573
15161.4719776 0.940458
15161.644218 0.984978
15161.8164536 0.96022
15161.9886845 0.97726
15162.1609106 0.928177
15168.357896 0.896888
15170.7661768 0.951777
15173.1735294 0.96737
15173.3454476 0.991014
15173.5173612 0.919011
15179.3596041 0.927591
15179.5313519 0.994192
15181.935325 1.00184
15182.1070019 0.967982
15182.278674 0.928115
15182.4503414 1.015
15182.6220041 0.979759
15182.7936621 1.03156
15182.9653153 1.02405
15183.1369638 0.904646
15183.3086076 0.884232
15183.4802466 0.856334
15183.6518809 0.924597
15183.8235105 0.984106
15183.9951353 0.97335
15184.1667554 0.985686
15188.455721 0.796202
15188.6272182 0.99093
15188.7987106 0.916692
15188.9701983 0.919119
15189.1416812 0.866563
15189.3131595 0.987614
15189.484633 0.989009
15189.6561017 0.963674
15189.8275658 0.953633
15189.9990251 0.927931
15190.1704797 0.953005
15190.3419295 0.960851
15190.5133747 0.893874
15190.6848151 0.971023
15190.8562508 0.893062
15191.0276817 0.982753
15191.1991079 0.884412
15191.3705294 0.889381
15191.5419462 0.854662
15191.7133582 0.932966
15191.8847655 1.03337
15192.0561681 0.892427
15192.227566 1.02379
15192.3989591 0.999345
15192.5703475 0.84914
15192.7417312 0.94519
15192.9131101 0.813492
15193.0844844 0.990589
15193.2558539 0.711949
15193.4272186 0.927936
15193.5985787 0.953947
15193.769934 0.90652
15193.9412846 0.863264
15194.1126304 0.928631
15194.2839715 0.901382
15194.455308 0.970786
15194.6266396 0.943628
15194.7979666 0.978852
15194.9692888 1.00306
15195.1406063 0.948771
15195.3119191 0.970296
15195.4832271 0.876056
15195.6545304 0.838878
15195.825829 0.924415
15195.9971229 0.97433
15196.168412 0.817562
15196.3396965 0.927138
15196.5109762 0.899927
15196.6822511 0.991237
15196.8535214 0.944587
15197.0247869 0.968561
15197.1960476 0.989027
15197.3673037 0.861982
15197.538555 0.961068
15199.9355775 0.949301
15200.106758 0.991072
15205.9240825 0.849673
15206.0950976 1.04219
15206.266108 0.898695
15206.4371136 0.914826
15210.8816033 0.879559
15211.0524815 0.947828
15211.2233549 0.871062
15211.3942236 0.862175
15211.5650876 0.860779
15211.7359469 0.756983
15211.9068014 0.869718
15212.0776513 0.816704
15212.2484964 0.816811
15214.6398321 0.891077
15214.8106064 0.960617
15214.981376 0.985274
15217.3716543 0.964884
15217.542353 0.883943
15217.7130471 0.928735
15217.8837364 0.874108
15218.054421 0.807299
15218.2251009 0.905436
15218.395776 0.883262
15218.5664465 0.898588
15218.7371122 0.885535
15218.9077732 0.962115
15219.0784295 0.917528
15219.249081 1.04409
15219.4197279 0.962803
15219.59037 0.859933
15219.7610074 1.00322
15222.1494354 0.948379
15222.320002 0.901629
15222.4905639 0.967101
15222.6611211 0.92203
15222.8316735 0.901698
15223.0022212 0.989396
15223.1727642 0.977
15223.3433025 0.925735
15223.5138361 0.840444
15223.684365 0.882297
15223.8548891 0.854981
15224.0254085 0.907546
15224.1959232 0.943171
15224.3664332 0.911949
15224.5369384 0.871243
15224.707439 0.805597
15224.8779348 0.897372
15225.0484259 0.906757
15225.2189123 0.94091
15225.389394 0.898828
15225.5598709 0.972786
15225.7303431 0.928104
15225.9008106 0.891627
15226.0712734 0.806423
15226.2417315 0.889163
15226.4121849 0.795223
15226.5826335 0.994722
15226.7530774 0.924796
15226.9235166 0.987254
15227.0939511 0.999484
15227.2643808 0.97787
15233.0561856 0.916494
15233.2264503 0.983146
15233.3967102 0.855644
15233.5669654 0.92439
15233.7372159 0.929214
15233.9074617 0.886344
15234.0777027 1.00808
15234.2479391 0.929914
15234.4181707 0.919401
15234.5883976 1.01953
15234.7586198 0.884181
15234.9288372 0.943877
15237.3113866 0.830867
15237.4815333 0.924536
15242.2437267 0.58632
15242.4137367 0.78559
15242.5837419 0.806107
15242.7537424 0.910233
15242.9237382 0.751631
15243.0937293 0.89028
15243.2637157 0.894138
15243.4336974 0.983225
15243.6036743 1.00723
15243.7736465 0.708126
15243.9436141 0.931316
15244.1135769 0.969773
15244.2835349 0.875128
15244.4534883 0.972966
15244.623437 0.989025
15244.7933809 0.895646
15244.9633201 0.916778
15245.1332546 0.943868
15245.3031844 0.912835
15245.4731095 1.01533
15245.6430298 0.878026
15245.8129455 0.877284
15245.9828564 0.848361
15246.1527626 0.807567
15246.3226641 1.02782
15246.4925609 0.960046
15246.662453 0.993768
15246.8323403 0.927619
15247.0022229 1.01243
15247.1721009 0.866523
15247.3419741 0.897724
15247.5118426 0.856429
15247.6817063 0.986156
15247.8515654 0.875917
15248.0214197 0.926717
15248.1912694 0.914751
15248.3611143 1.00736
15248.5309545 0.898035
15248.70079 0.826364
15248.8706207 0.807836
15249.0404468 0.898195
15249.2102681 0.896372
15249.3800848 0.890282
15249.5498967 0.827044
15249.7197039 0.957166
15249.8895063 0.870004
15250.0593041 0.903728
15252.4359778 0.952702
15252.6057048 0.905291
15252.7754272 0.979873
15252.9451448 0.844421
15253.1148577 0.942882
15253.2845659 0.962966
15253.4542693 0.975858
15253.6239681 0.954939
15253.7936621 0.923186
15256.1688837 1.00773
15256.338507 1.02147
15256.5081256 0.963704
15256.6777395 0.937868
15256.8473487 0.898899
15257.0169532 0.964772
15257.186553 0.840258
15257.356148 0.836389
15257.5257383 0.854662
15257.6953239 0.938769
15260.0690276 0.91286
15260.2385425 0.924784
15260.4080526 0.989285
15260.5775581 0.975943
15265.8298898 0.91325
15265.9992444 0.941406
15273.446182 0.934041
15273.6153246 0.92716
15273.7844624 0.999808
15273.9535955 0.837383
15274.1227239 0.915486
15274.2918476 0.922882
15274.4609665 0.926267
15274.6300808 1.02839
15274.7991903 1.01208
15274.9682951 1.01295
15275.1373952 0.922963
15275.3064906 0.881663
15275.4755813 0.971653
15278.3494018 0.863291
15281.8975349 0.981233
15282.0664417 1.03633
15282.2353439 0.958746
15282.4042413 1.03195
15282.5731341 1.02828
15282.7420221 0.891936
15282.9109054 0.947651
15283.079784 0.802193
15283.2486578 0.90571
15283.417527 0.995203
15283.5863915 0.923761
15283.7552512 1.01367
15283.9241062 0.969611
15293.3724653 0.801145
15293.5410516 0.920379
15293.7096333 0.858911
15293.8782102 1.03597
15294.0467825 0.842924
15294.21535 0.839919
15294.3839128 0.884201
15294.5524709 0.883632
15294.7210242 1.02522
15294.8895729 0.942203
15295.0581168 0.966777
15295.2266561 0.929345
15295.3951906 0.831966
15295.5637204 0.978466
15295.7322455 0.840053
15295.9007659 0.864578
15296.0692815 0.887414
15296.2377925 0.917977
15296.4062987 0.934994
15300.4490344 0.933727
15300.6174228 0.8949
15300.7858065 1.02498
15300.9541855 0.905412
15301.1225597 0.956789
15301.2909293 1.01523
15304.8256008 0.892297
15304.9938666 0.858481
15305.1621277 0.999026
15305.3303841 0.92226
15305.4986358 0.894654
15305.6668828 0.95776
15305.8351251 0.869698
15306.0033626 0.97822
15306.1715955 0.889923
15306.3398236 0.958586
15306.508047 0.857213
15306.6762657 1.00811
15306.8444797 0.958496
15309.1989804 0.895932
15309.3671237 0.858168
15309.5352623 0.97632
15309.7033961 0.885745
15314.5772266 0.952475
15314.745219 0.954964
15314.9132067 0.961296
15315.0811897 0.894128
15317.4324562 0.917912
15317.6003685 0.955839
15317.768276 0.875505
15317.9361788 0.917652
15318.1040769 1.03077
15318.2719703 1.03684
15318.439859 1.0222
15318.6077429 0.949684
15318.7756222 0.938353
15318.9434967 0.925873
15319.1113665 0.921727
15319.2792316 0.9133
15319.447092 0.930667
15319.6149476 0.970788
15319.7827986 0.960786
15319.9506448 0.971097
15323.3065792 0.897622
15323.4743264 1.00804
15323.6420689 0.978499
15323.8098066 0.920327
15323.9775397 0.965752
15324.145268 1.01453
15324.3129917 0.915757
15328.3369438 0.990599
15328.5045495 0.977257
15328.6721505 0.888225
15328.8397468 0.926448
15329.0073384 0.863434
15329.1749252 1.00824
15329.3425074 0.919234
15329.5100848 0.99344
15329.6776575 0.911331
15329.8452255 0.998529
15330.0127887 0.980258
15335.2049105 0.927626
15335.3723228 0.873543
15335.5397304 0.770211
15335.7071333 0.875233
15335.8745315 0.861206
15336.0419249 0.922763
15338.3849379 0.942557
15338.5522606 0.897462
15338.7195785 0.974662
15338.8868918 0.82608
15339.0542003 0.905622
15341.3960243 0.941779
15341.5632621 0.846856
15343.9040952 1.03967
15344.0712622 0.927006
15344.2384244 0.902717
15344.405582 1.00729
15344.5727348 0.951912
15344.7398829 0.939299
15344.9070263 0.802108
15345.0741649 0.881592
15345.2412989 0.991536
15345.4084281 0.880759
15345.5755526 0.843668
15345.7426724 1.00734
15345.9097874 0.885207
15346.0768978 0.953804
15346.2440034 1.00716
15346.4111043 0.980356
15346.5782005 0.860557
15346.745292 0.934596
15346.9123787 0.874702
15347.0794608 0.925298
15347.2465381 0.85443
15347.4136107 0.924901
15347.5806785 0.950186
15347.7477417 0.95738
15350.0861302 0.978365
15350.2531225 0.881633
15350.4201102 0.974247
15350.5870931 0.928204
15350.7540713 0.92613
15353.4250804 0.991777
15353.5919783 0.985201
15353.7588715 0.965533
15356.0948809 0.990741
15356.2617034 0.821135
15356.428521 0.910186
15356.595334 0.939334
15356.7621422 0.91977
15356.9289458 0.992165
15357.0957446 0.90976
15357.2625386 0.761981
15357.429328 1.00194
15357.5961126 0.831171
15357.7628925 0.961726
15357.9296677 0.977166
15358.0964382 0.931504
15358.2632039 0.83103
15358.429965 0.973806
15358.5967213 1.01428
15358.7634729 0.911046
15358.9302197 0.870563
15359.0969619 0.889001
15359.2636993 0.915273
15359.430432 0.995484
15361.7641939 0.969827
15361.9308557 1.0104
15362.0975129 0.984115
15362.2641653 0.884104
15362.430813 0.923833
15368.5934572 0.935332
15368.7599254 1.03744
15368.9263889 0.884434
15369.0928477 0.982802
15369.2593017 1.02266
15369.425751 0.940777
15369.5921956 0.961299
15369.7586354 0.944114
15369.9250706 0.874886
15370.091501 0.954301
15370.2579267 0.816804
15370.4243476 1.03425
15370.5907639 0.930367
15370.7571754 0.911389
15370.9235822 1.02559
15371.0899842 0.971785
15371.2563816 1.00092
15371.4227742 1.02974
15371.5891621 0.921001
15371.7555452 0.959106
15374.0844134 0.955857
15374.2507257 1.03115
15374.4170332 0.970811
15374.5833361 0.873731
15374.7496342 0.978993
15379.7363798 0.90344
15379.9025314 0.954998
15380.0686783 0.843867
15380.2348204 0.979046
15380.4009579 0.856638
15380.5670905 0.812062
15380.7332185 0.875327
15380.8993417 0.837073
15381.0654602 0.877506
15381.231574 0.934771
15381.3976831 0.905906
15381.5637874 0.804982
15381.729887 0.952508
15381.8959819 0.93577
15382.062072 0.953503
15382.2281574 0.810321
15382.3942381 0.950157
15382.5603141 0.908032
15389.3653573 1.02849
15392.3504261 0.965794
15392.5162183 0.929179
15392.6820058 0.890041
15392.8477885 0.994102
15393.0135666 0.885096
15393.1793399 0.731915
15393.3451084 0.89857
15393.5108723 0.949045
15393.6766314 0.894041
15393.8423857 1.02129
15394.0081354 0.985387
15397.1564796 0.978836
15397.3221347 0.894538
15397.4877849 0.940944
15397.6534305 0.940306
15397.8190713 0.959511
15397.9847074 0.908561
15398.1503387 0.87122
15398.3159654 0.939965
15398.4815873 0.935267
15398.6472044 0.845371
15398.8128168 0.829638
15398.9784245 0.878234
15399.1440275 0.929458
15399.3096257 0.865122
15399.4752192 1.01066
15399.640808 0.750556
15399.806392 0.963905
15399.9719713 0.896069
15400.1375459 0.881572
15400.3031157 0.923111
15400.4686808 0.985896
15400.6342412 0.865
15400.7997968 0.858365
15400.9653477 0.828666
15401.1308939 0.88888
15401.2964353 0.896342
15401.461972 0.902687
15401.627504 0.87883
15401.7930312 0.866806
15401.9585537 0.875673
15402.1240715 0.813367
15402.2895845 0.940028
15402.4550928 0.922821
15402.6205964 0.908616
15402.7860953 0.880062
15402.9515894 0.976027
15403.1170787 0.924648
15403.2825634 0.906807
15403.4480433 0.922241
15403.6135184 0.989731
15403.7789889 0.981493
15403.9444546 0.87029
15404.1099155 0.997096
15404.2753718 0.843134
15404.4408233 0.841298
15408.9062241 0.884862
15409.071543 0.937041
15409.2368572 0.947037
15409.4021666 0.953327
15409.5674713 0.871441
15409.7327713 1.00093
15409.8980666 0.94519
15417.4965276 0.844245
15417.6616002 0.944719
15417.8266681 0.946454
15417.9917312 0.915662
15418.1567896 0.963179
15418.3218432 0.959208
15418.4868921 0.959528
15418.6519363 0.977436
15418.8169757 0.963012
15418.9820104 1.00491
15419.1470404 0.975082
15421.4569622 0.980962
15421.621921 0.874442
15421.7868752 0.960586
15421.9518245 0.860274
15422.1167692 0.977
15422.2817091 0.854212
15422.4466443 0.990459
15422.6115747 1.00842
15422.7765004 0.934245
15422.9414213 0.912967
15423.1063375 0.909605
15423.271249 0.856699
15423.4361557 1.01578
15423.6010577 0.916353
15423.765955 0.964679
15423.9308475 0.775887
15424.0957352 0.890711
15424.2606182 0.968101
15424.4254965 0.80701
15424.5903701 0.947867
15424.7552389 0.981559
15424.9201029 0.887417
15425.0849622 0.941365
15425.2498168 0.84692
15425.4146667 0.977234
15425.5795118 0.855577
15425.7443521 0.857239
15425.9091877 0.890781
15426.0740186 0.860333
15426.2388447 0.930444
15426.4036661 1.02686
15426.5684828 1.02406
15426.7332947 1.02357
15435.2969785 0.98708
15435.4615391 0.983978
15435.6260948 0.956497
15435.7906459 0.994215
15435.9551921 1.04687
15438.2583419 1.01159
15438.422817 1.01737
15438.5872874 1.03209
15438.751753 0.965272
15438.9162139 0.977869
15439.08067 0.793968
15439.2451214 0.859787
15439.409568 0.924909
15439.5740099 0.936333
15439.738447 0.995314
15439.9028794 1.04744
15440.067307 1.04551
15440.2317299 0.922883
15440.3961481 0.976169
15440.5605615 0.983953
15440.7249702 0.939055
15440.8893741 0.820032
15441.0537732 0.971307
15441.2181676 0.948408
15441.3825573 0.892763
15441.5469422 1.00341
15441.7113224 0.914062
15441.8756978 0.953398
15442.0400685 0.953484
15442.2044345 0.941021
15442.3687957 0.841679
15442.5331521 0.868854
15442.6975038 1.01437
15442.8618507 0.949047
15443.0261929 0.815789
15443.1905304 0.911106
15443.3548631 0.95446
15443.519191 0.975919
15443.6835142 0.890502
15443.8478327 0.997338
15444.0121464 0.985778
15444.1764554 0.951778
15451.729534 0.962735
15451.8936197 0.871676
15452.0577007 0.958045
15452.2217769 0.975149
15452.3858484 0.924149
15452.5499151 0.965253
15452.7139771 1.0471
15452.8780343 0.979408
15453.0420868 1.02366
15453.2061345 0.975285
15453.3701775 0.906668
15455.6662802 0.917055
15455.8302519 1.02845
15455.9942188 0.993731
15456.158181 0.905477
15456.3221384 0.937574
15456.4860911 0.955205
15456.650039 0.870478
15456.8139822 0.789493
15456.9779206 0.940548
15457.1418543 0.965573
15457.3057832 0.922442
15457.4697073 0.923267
15457.6336268 0.880108
15457.7975414 0.862514
15457.9614513 0.917948
15458.1253565 0.899651
15458.2892568 0.923727
15458.4531525 0.954818
15458.6170434 0.951072
15458.7809295 0.919528
15458.9448109 0.935214
15459.1086875 0.928758
15459.2725594 0.919891
15465.1687799 0.918226
15465.3324758 0.840641
15465.496167 0.800336
15465.6598534 0.869036
15465.8235351 0.861409
15465.9872119 1.01435
15466.1508841 0.864439
15466.3145515 0.960157
15466.4782141 1.01541
15466.641872 0.919304
15466.8055251 0.975615
15469.4233278 0.87685
15469.5869 1.00308
15469.7504675 0.95054
15469.9140302 0.957273
15470.0775882 0.982518
15470.2411414 0.973183
15470.4046898 0.98635
15470.5682335 0.874311
15470.7317724 0.89983
15470.8953065 1.02205
15471.0588359 0.923006
15471.2223606 0.973616
15471.3858805 0.949681
15471.5493956 0.895794
15471.712906 1.03184
15474.9821137 1.00131
15475.1455241 1.01143
15475.3089297 0.921991
15475.4723306 1.00905
15475.6357267 0.975007
15475.7991181 0.957146
15475.9625047 0.878419
15476.1258865 1.01444
15476.2892636 0.974951
15476.4526359 0.920961
15476.6160034 0.96436
15478.9026492 0.94774
15479.0659453 0.900608
15479.2292367 0.94737
15479.3925233 0.911114
15479.5558051 0.966492
15479.7190822 0.82625
15479.8823545 0.932037
15480.045622 0.863377
15480.2088848 0.870769
15483.1468004 0.893943
15483.3099726 0.970367
15483.4731402 0.890459
15483.6363029 0.897432
15483.7994609 0.804625
15483.9626141 0.903159
15484.1257625 0.929854
15484.2889062 1.00449
15484.4520452 0.947999
15484.6151793 0.960229
15484.7783087 0.923139
15484.9414333 1.0258
15485.1045532 1.01173
15485.2676683 0.963057
15485.4307786 1.03324
15485.5938842 0.952561
15485.756985 0.967963
15485.920081 0.997924
15486.0831723 0.964649
15486.2462588 0.947719
15486.4093405 0.89817
15486.5724175 0.916111
15486.7354897 0.931743
15486.8985571 0.922662
15487.0616198 0.889762
15490.6477927 0.939068
15490.8107457 0.92995
15490.973694 0.948566
15491.1366375 1.00085
15491.2995762 0.874394
15491.4625102 0.824728
15491.6254394 0.945977
15494.231658 0.955399
15494.3945061 0.918916
15494.5573495 1.00745
15498.464159 0.91446
15498.6268831 0.88236
15498.7896025 0.900057
15502.5308299 1.03802
15502.6934347 0.960894
15502.8560347 0.796638
15503.0186299 0.898702
15503.1812204 0.991532
15503.3438061 0.799965
15503.506387 0.918948
15503.6689632 0.89627
15503.8315345 0.913053
15503.9941011 0.909735
15504.156663 0.939331
15504.31922 0.883917
15504.4817723 1.00301
15504.6443198 0.852338
15504.8068625 0.722665
15504.9694005 0.931454
15505.1319337 0.983394
15505.2944621 0.932863
15505.4569857 0.927798
15505.6195046 0.856197
15505.7820186 0.925835
15505.944528 0.859031
15506.1070325 0.977192
15506.2695322 0.957674
15515.0374264 0.866387
15515.1996634 0.946159
15515.3618956 0.875755
15515.5241231 0.877473
15515.6863458 0.951344
15515.8485637 0.953418
15516.0107768 1.02203
15519.9024577 0.943316
15520.0645513 0.998227
15520.2266401 0.997528
15520.3887241 1.00764
15520.5508034 0.978292
15520.7128779 0.939899
15520.8749476 0.915588
15533.8250228 1.01425
15533.9867049 1.01359
15534.1483822 0.938376
15534.3100547 0.854975
15534.4717225 0.942971
15534.6333854 0.949432
15534.7950435 0.953837
15534.9566969 1.02881
15535.1183455 0.93654
15535.2799893 1.0085
15535.4416282 0.921764
15535.6032624 0.898539
15547.8734421 0.8501
15548.0347073 0.990039
15548.1959677 0.901623
15548.3572233 0.824418
15548.5184741 0.85075
15548.67972 0.881249
15548.8409612 0.888968
15549.0021976 0.910716
15549.1634293 0.991047
15549.3246561 0.84377
15549.4858781 1.00678
15549.6470953 0.970842
15549.8083077 0.851751
15549.9695153 1.02335
15550.1307182 1.01719
15550.2919162 1.04675
15550.4531094 1.03944
15550.6142979 0.85682
15550.7754815 0.989562
15550.9366603 0.970131
15551.0978344 0.887136
15551.2590036 0.964974
15551.4201681 0.952608
15551.5813277 0.962083
15551.7424826 0.854041
15551.9036327 0.973654
15552.0647779 0.970005
15552.2259184 0.898435
15552.387054 0.841729
15554.6424495 1.0311
15554.8035132 0.98981
15554.9645721 1.00138
15555.1256261 0.941315
15555.2866754 0.999848
15555.4477199 1.02106
15555.6087596 0.930489
15555.7697945 0.939422
15555.9308246 1.04841
15556.0918499 0.931512
15556.2528704 0.914623
15556.413886 0.904338
15556.5748969 0.841239
15556.735903 0.819122
15556.8969043 0.953235
15557.0579008 0.894577
15557.2188925 1.00958
15557.3798794 0.952791
15557.5408614 0.963012
15557.7018387 0.895673
15557.8628112 0.839405
15558.0237789 0.937949
15558.1847418 0.922014
15558.3456999 0.950877
15558.5066531 0.88411
15558.6676016 0.83729
15558.8285453 0.973089
15558.9894842 0.908754
15559.1504182 0.864582
15559.3113475 0.923596
15559.472272 0.846445
15559.6331916 0.835991
15559.7941065 0.850325
15559.9550166 0.920821
15560.1159218 0.827055
15560.2768223 0.926531
15560.437718 0.838417
15560.5986088 0.972504
15560.7594949 0.858499
15560.9203761 0.948878
15564.1369925 0.964112
15564.2977729 1.02393
15564.4585484 0.982984
15564.6193192 1.03453
15564.7800852 0.964453
15564.9408463 1.03913
15565.1016027 0.980952
15565.2623543 1.02546
15565.423101 0.857083
15565.5838429 0.756743
15565.7445801 0.912626
15567.9943954 0.896034
15568.1550605 0.913649
15568.3157207 0.907756
15568.4763762 0.966661
15571.5279162 0.986664
15571.6884755 0.8427
15571.84903 0.925842
15575.3800119 1.04519
15577.6257883 0.934613
15577.7861648 0.871846
15577.9465366 0.98055
15578.1069034 0.933563
15578.2672655 0.969123
15578.4276228 1.00329
15578.5879753 0.841256
15578.7483229 1.04439
15578.9086657 0.954879
15579.0690038 1.00655
15579.229337 0.934608
15579.3896654 0.927208
15579.5499889 1.00687
15579.7103077 0.894983
15583.2361029 0.988931
15583.396311 0.825565
15583.5565142 1.00348
15583.7167127 0.891628
15583.8769063 0.791036
15584.0370951 0.945494
15584.1972791 0.889661
15584.3574582 0.979441
15584.5176326 0.887927
15584.6778021 1.04749
15584.8379669 0.858312
15584.9981268 0.951865
15585.1582819 0.931957
15585.3184321 0.993085
15585.4785776 0.941771
15585.6387183 0.926203
15585.7988541 0.946044
15585.9589851 0.934855
15586.1191113 0.887484
15586.2792327 1.01591
15586.4393492 1.01375
15586.599461 1.00112
15592.0403941 0.902358
15592.2003373 0.953096
15592.3602756 0.898116
15592.5202091 0.983223
15592.6801377 0.872529
15592.8400616 0.668079
15592.9999806 0.898842
15593.1598948 0.87437
15593.3198042 0.877378
15593.4797087 0.921275
15593.6396085 0.954055
15593.7995034 0.949359
15593.9593935 0.974585
15594.1192788 0.995684
15594.2791593 0.963202
15594.4390349 0.95296
15594.5989057 0.97867
15594.7587717 0.844347
15594.9186329 0.860649
15595.0784893 0.732792
15595.2383408 0.86338
15595.3981875 0.858571
15603.703571 0.899528
15603.8631621 0.937208
15604.0227483 0.985524
15604.1823297 0.883066
15604.3419063 0.928786
15604.5014781 1.00538
15604.661045 0.858659
15604.8206071 0.978805
15607.0539698 0.970505
15607.2134595 0.946854
15607.3729444 0.903679
15607.5324245 0.959606
15607.6918997 0.906553
15607.8513701 0.927897
15608.0108356 0.940174
15608.1702964 0.855582
15608.3297523 0.954686
15608.4892033 0.894479
15608.6486496 0.978849
15608.808091 0.980201
15608.9675276 0.946179
15609.1269594 1.04286
15609.2863863 0.937268
15609.4458084 0.882885
15609.6052257 0.998457
15609.7646381 0.933621
15609.9240457 0.88074
15610.0834485 0.91474
15610.2428465 0.864105
15610.4022396 0.917707
15610.5616279 0.93905
15610.7210114 0.964481
15610.88039 0.928966
15611.0397638 0.880697
15611.1991328 0.869405
15611.3584969 1.0246
15613.5890878 1.01212
15613.7483795 1.03475
15613.9076664 0.818021
15614.0669484 1.02642
15614.2262256 0.901208
15614.3854979 0.957923
15614.5447655 1.01632
15614.7040281 1.01955
15614.863286 0.937213
15615.022539 0.977884
15615.1817872 0.826049
15615.3410306 0.907972
15615.5002691 0.912614
15615.6595028 0.861856
15619.9569857 1.0381
15620.1160841 0.999043
15620.2751776 0.969993
15620.4342663 0.930862
15620.5933501 0.901832
15620.7524291 0.829922
15620.9115033 0.807866
15621.0705727 1.00181
15621.2296372 0.923201
15621.3886968 0.908221
15621.5477517 0.982498
15621.7068017 0.93961
15621.8658468 1.04958
15622.0248872 0.983426
15622.1839226 0.870892
15622.3429533 1.01143
15622.5019791 0.974869
15622.6610001 0.969535
15622.8200162 0.873507
15622.9790275 0.919353
15625.5225506 0.897976
15625.6814796 0.840722
15625.8404039 0.984794
15625.9993232 0.954594
15626.1582378 0.818228
15626.3171475 0.862948
15626.4760524 0.843998
15626.6349524 0.872618
15626.7938476 0.909344
15626.952738 1.025
15627.1116235 0.973909
15627.2705042 0.91373
15627.42938 0.834238
15627.588251 0.930693
15627.7471172 0.932366
15627.9059785 0.985657
15628.064835 0.991461
15628.2236866 0.975615
15628.3825334 0.917444
15628.5413754 0.885146
15628.7002125 0.994666
15628.8590448 1.01599
15632.8282786 0.92054
15632.986985 0.810377
15633.1456865 0.972462
15633.3043833 0.931726
15633.4630751 0.838526
15633.6217622 0.851925
15633.7804444 0.96035
15633.9391217 0.903045
15634.0977942 0.97015
15634.2564619 0.854122
15634.4151247 0.915111
15634.5737827 0.989451
15634.7324358 0.947935
15634.8910841 0.923717
15635.0497276 0.956219
15635.2083662 0.987808
15635.3669999 0.948225
15635.5256288 1.0007
15635.6842529 0.870047
15635.8428721 1.02424
15636.0014865 0.904089
15636.1600961 0.887849
15636.3187008 0.86635
15636.4773006 0.915558
15636.6358956 0.792856
15636.7944858 0.829382
15636.9530711 0.981501
15637.1116516 0.962488
15637.2702272 1.00274
15637.428798 0.899458
15637.5873639 0.976704
15637.745925 0.915653
15637.9044812 0.927306
15640.1237599 0.88073
15640.2822434 1.00044
15640.4407221 0.921329
15648.9913724 0.954251
15649.1495844 0.954227
15649.3077915 0.959395
15649.4659938 0.972484
15649.6241912 0.864442
15649.7823838 0.898644
15649.9405715 0.939006
15650.0987544 0.878611
15650.2569325 0.950992
15659.5808438 0.891023
15659.7387306 0.958275
15659.8966124 0.90581
15660.0544894 0.904592
15660.2123615 0.993131
15660.3702288 0.907142
15665.1039874 0.976036
15665.2617041 0.830427
15665.4194158 0.885819
15665.5771227 0.941889
15665.7348247 0.930232
15665.8925219 0.959904
15666.0502142 0.93444
15666.2079017 0.982142
15666.3655843 0.932516
15666.523262 0.875138
15666.6809348 0.925116
15666.8386028 0.773321
15666.996266 0.942383
15669.2030393 0.938208
15669.3606295 0.809821
15669.5182148 0.926416
15669.6757953 0.865532
15669.8333709 0.980666
15669.9909416 0.784662
15670.1485075 0.885314
15670.3060685 0.932791
15670.4636247 0.971432
15670.6211759 0.967873
15670.7787223 1.01664
15674.2435125 1.00545
15674.400947 0.915185
15674.5583767 0.93129
15674.7158014 0.921584
15674.8732213 0.962756
15675.0306364 0.889968
15675.1880465 0.989784
15675.3454518 0.916846
15675.5028523 1.02416
15675.6602478 0.952512
15675.8176385 0.923729
15675.9750244 0.999736
15676.1324053 1.03204
15676.2897814 0.85905
15678.4925356 0.964256
15678.6498386 0.951405
15678.8071368 0.967746
15678.9644302 0.954514
15679.1217186 1.00509
15679.2790022 0.944357
15679.4362809 0.960826
15679.5935548 0.971364
15679.7508238 0.966096
15679.9080879 0.903711
15680.0653471 0.918878
15680.2226015 0.916712
15680.379851 0.950715
15680.5370956 0.980483
15680.6943354 0.830814
15680.8515703 0.885373
15681.0088003 0.909507
15681.1660254 0.945243
15681.3232457 0.898382
15681.4804611 0.891898
15681.6376716 0.804123
15681.7948773 0.879312
15681.9520781 1.04138
15682.109274 0.95912
15682.2664651 0.822705
15682.4236512 0.971413
15682.5808325 0.831563
15682.738009 0.902071
15682.8951805 0.845581
15683.0523472 0.972413
15683.209509 0.889327
15683.366666 0.89481
15685.5663516 0.903982
15687.7650821 0.855657
15687.9220977 0.981117
15688.0791084 0.865328
15688.2361143 0.983364
15688.3931153 1.00041
15688.5501114 0.883134
15688.7071026 0.877958
15688.864089 0.778252
15689.0210705 0.927599
15689.1780471 0.998986
15689.3350188 0.975843
15689.4919857 0.911513
15689.6489477 0.897133
15689.8059048 0.901626
15689.962857 0.942807
15690.1198044 0.879732
15692.3165554 0.814664
15692.4734296 0.802498
15692.6302989 0.802996
15692.7871634 0.920802
15692.944023 0.8702
15693.1008777 0.906212
15693.2577275 0.89515
15693.4145724 0.841032
15693.5714125 0.971402
15693.7282477 0.86836
15693.885078 0.903262
15694.0419034 0.913935
15694.198724 0.866788
15694.3555396 0.884329
15694.5123504 0.970481
15694.6691563 0.932992
15694.8259574 0.912186
15694.9827535 0.916852
15695.1395448 0.99276
15695.2963312 0.902986
15695.4531127 0.837075
15695.6098894 0.886702
15695.7666611 0.866167
15695.923428 0.840589
15696.08019 0.891689
15696.2369471 0.865369
15696.3936994 0.816782
15696.5504467 0.909974
15696.7071892 0.821321
15696.8639268 0.880061
15697.0206595 0.956603
15697.1773874 1.01358
15697.3341103 0.959765
15697.4908284 0.892962
15697.6475416 0.720308
15697.8042499 0.921855
15697.9609534 0.988856
15698.1176519 0.877438
15698.2743456 0.706534
15698.4310344 0.949652
15698.5877183 0.938604
15698.7443973 0.98934
15698.9010715 0.932644
15699.0577408 0.956897
15699.2144052 0.934987
15699.3710647 1.02666
15704.2250876 0.901862
15704.3815908 0.811434
15704.5380892 0.802917
15706.7285533 1.0018
15709.8561264 0.924435
15710.0124538 0.890668
15710.1687762 1.00015
15710.3250938 0.962723
15710.4814065 1.00525
15710.6377142 0.934028
15710.7940171 1.02841
15710.9503151 1.02009
15711.1066083 0.896903
15711.2628965 0.942518
15711.4191798 0.92968
15711.5754583 0.950395
15711.7317319 0.787891
15715.6369818 0.860936
15715.7931282 1.00023
15715.9492697 1.04538
15716.1054063 1.0373
15716.2615381 0.997543
15716.4176649 0.969932
15716.5737869 0.963513
15716.729904 0.911657
15716.8860161 1.00813
15717.0421234 0.97321
15717.1982258 0.946308
15717.3543233 0.932663
15717.5104159 0.967384
15717.6665036 0.942626
15717.8225864 0.951215
15717.9786644 1.0006
15718.1347374 0.919543
15722.5027955 0.937718
15722.6587266 0.924695
15722.8146528 0.981047
15725.6204872 0.922432
15727.8017058 0.823056
15727.9574704 0.868616
15728.1132301 0.95033
15728.2689849 0.84832
15741.64556 0.985986
15741.8008882 1.00292
15741.9562115 0.987263
15742.1115299 0.95706
15742.2668434 0.878339
15742.422152 0.866448
15742.5774557 0.858743
15742.7327545 0.913496
15742.8880484 1.00748
15743.0433373 0.952034
15743.1986214 0.880428
15743.3539005 0.884748
15743.5091748 0.904637
15743.6644441 0.898401
15743.8197085 0.908519
15743.974968 0.920532
15744.1302227 0.95428
15744.2854723 0.909993
15744.4407171 0.69861
15744.595957 0.783285
15744.751192 0.964683
15744.906422 0.866206
15745.0616472 0.911927
15745.2168674 0.830436
15745.3720828 0.716672
15749.5610407 0.977292
15749.7161186 0.984739
15749.8711915 0.912713
15750.0262595 0.942474
15750.1813226 0.842371
15750.3363808 0.863249
15752.661664 0.796942
15752.8166436 0.743852
15752.9716183 0.84185
15753.126588 0.771278
15753.2815529 0.795201
15753.4365128 0.73475
15753.5914678 0.810845
15753.7464179 0.853766
15753.901363 0.827173
15754.0563033 0.682737
15754.2112387 0.848763
15754.3661691 0.84882
15754.5210946 0.882885
15754.6760152 0.968652
15754.8309309 0.848084
15754.9858417 0.994439
15755.1407475 0.956419
15755.2956485 0.813667
15755.4505445 0.915234
15755.6054356 0.840872
15767.2082528 0.846848
15767.3627701 1.02895
15767.5172824 0.889381
15767.6717898 0.836161
15767.8262923 0.878381
15767.9807899 0.979133
15768.1352825 0.955807
15768.2897702 0.849706
15768.444253 0.901886
15768.5987309 0.818567
15768.7532038 0.901387
15768.9076719 0.920032
15769.062135 0.82304
15769.2165931 0.882431
15769.3710464 0.844415
15769.5254947 0.960083
15769.6799381 0.878469
15769.8343766 0.763066
15769.9888102 0.763474
15770.1432388 0.637043
15770.2976625 0.764456
15770.4520813 0.801168
15770.6064951 0.693283
15770.7609041 0.757563
15770.9153081 0.795847
15771.0697072 0.918919
15771.2241013 0.885089
15771.3784906 0.83072
15771.5328749 0.929886
15771.6872543 0.816903
15771.8416287 0.87172
15771.9959982 0.960355
15772.1503628 0.980101
15772.3047225 0.933163
15772.4590773 0.916144
15772.6134271 0.814407
15772.767772 0.847294
15772.922112 0.885123
15773.076447 0.955149
15773.2307772 0.90319
15773.3851024 0.950212
15773.5394226 0.830526
15773.693738 0.780782
15775.8536355 0.931936
15776.0078769 0.808906
15776.1621135 0.878844
15776.316345 0.930522
15776.4705717 0.920052
15776.6247934 0.946624
15776.7790102 0.923708
15776.9332221 0.935607
15777.087429 0.918016
15777.241631 1.01598
15777.3958281 0.992037
15777.5500203 0.991864
15777.7042075 0.900972
15777.8583898 0.95465
15778.0125671 0.913227
15778.1667396 0.905981
15778.3209071 0.88319
15778.4750697 0.866503
15788.9465555 0.752834
15789.1003777 0.988778
15789.254195 0.705142
15789.4080073 0.876951
15789.5618147 0.830723
15789.7156172 0.919542
15789.8694148 0.879285
15790.0232074 0.934835
15790.176995 0.967273
15790.3307778 0.933291
15790.4845556 0.925005
15790.6383284 0.930211
15790.7920963 0.988943
15790.9458593 0.969934
15791.0996174 0.992835
15791.2533705 0.944715
15796.6316182 0.858787
15796.7851935 0.943967
15803.5376147 0.963211
15803.6909676 0.961495
15809.8210274 0.960603
15809.9741775 0.959356
15810.1273227 0.95929
15810.2804628 0.959239
15810.4335981 0.960283
15857.1619089 0.936121
15857.3135171 0.936099
15857.4651204 0.936644
15857.6167187 0.936888
15857.768312 0.936868
15857.9199003 0.936533
15858.0714836 0.936458
15858.223062 0.936948
15858.3746354 0.936592
15858.5262038 0.93698
15858.6777672 0.873725
15858.8293257 0.955558
15858.9808791 0.888928
15859.1324276 0.713403
15859.2839712 0.869718
15859.4355097 0.888039
15859.5870433 0.830919
15859.7385718 0.763907
15859.8900954 0.900668
15860.0416141 0.875022
15860.1931277 0.98859
15860.3446364 0.911785
15860.4961401 1.021
15860.6476388 0.88812
15860.7991325 1.00244
15860.9506212 0.93695
15861.102105 0.899949
15861.2535838 0.885336
15861.4050576 0.837758
15865.9469559 0.854619
15866.0982753 0.813145
15874.2621212 0.855855
15874.4131664 1.0446
15877.7348991 1.00799
15877.8858296 1.03566
15878.0367551 0.961405
15882.8637357 0.93578
15883.0144965 0.971087
15883.1652523 0.960246
15883.3160031 0.904763
15883.4667489 0.91298
15883.6174897 0.832379
15883.7682255 0.890458
15883.9189563 0.791498
15884.0696821 0.943312
15884.220403 0.924764
15884.3711188 0.847578
15884.5218297 0.992158
15884.6725355 0.914568
15884.8232364 1.02915
15884.9739323 0.896652
15885.1246231 0.775557
15885.275309 0.921789
15885.4259899 0.917005
15885.5766658 0.956313
15885.7273367 0.900679
15885.8780026 0.908675
15886.0286635 0.819581
15886.1793194 0.872645
15886.3299703 0.816936
15886.4806162 0.924543
15888.5891347 0.938011
15888.7397057 0.990706
15888.8902716 0.849982
15889.0408326 0.850249
15889.1913886 0.860625
15889.3419397 0.574838
15889.4924857 0.765583
15889.6430267 0.884384
15889.7935627 0.824948
15889.9440937 0.886696
15890.0946197 0.823723
15890.2451408 0.852208
15890.3956568 0.875708
15890.5461678 0.918823
15890.6966738 0.84136
15890.8471749 0.957979
15890.9976709 0.932393
15891.148162 1.04109
15891.298648 0.778078
15891.449129 0.831446
15891.5996051 0.880989
15891.7500761 1.0259
15891.9005422 0.799135
15892.0510032 0.809992
15892.2014593 0.759431
15892.3519104 0.822408
15892.5023564 0.722967
15892.6527975 0.924285
15892.8032335 0.712405
15892.9536646 0.792237
15893.1040907 0.82072
15893.2545117 0.804717
15893.4049278 0.672351
15893.5553389 0.797765
15893.7057449 0.754749
15893.856146 0.849501
15894.0065421 0.879898
15894.1569331 0.921294
15894.3073192 0.773801
15894.4577003 0.719473
15894.6080764 0.951293
15894.7584474 0.893293
15894.9088135 0.926458
15895.0591746 1.03637
15895.2095306 0.812221
15901.9703774 0.789669
15902.1205034 1.00956
15902.2706243 0.977608
15902.4207403 0.980232
15902.5708513 0.944216
15902.7209572 0.959954
15902.8710582 0.987934
15903.0211541 0.851221
15903.1712451 0.84659
15903.321331 0.903551
15903.4714119 0.9756
15903.6214879 1.03165
15903.7715588 0.886035
15903.9216247 0.978463
15904.0716856 1.01708
15904.2217415 0.922623
15904.3717924 0.840972
15904.5218383 0.916505
15904.6718792 1.02992
15904.8219151 0.884055
15904.971946 0.93404
15905.1219719 0.794693
15905.2719927 1.02494
15905.4220086 0.926225
15905.5720194 0.755964
15905.7220253 0.828919
15905.8720261 0.998878
15906.022022 0.989559
15906.1720128 0.955873
15906.3219986 0.934482
15906.4719794 0.95311
15906.6219552 0.99645
15906.771926 0.838389
15910.8192447 0.862993
15910.9690753 0.897493
15911.1189008 0.955827
15911.2687214 1.00716
15911.4185369 1.00099
15911.5683474 0.87191
15911.718153 0.981174
15918.7533597 0.943088
15918.9029246 0.981731
15919.0524845 0.965634
15919.2020394 0.851452
15919.3515893 0.893312
15919.5011342 0.952286
15919.6506741 0.939332
15919.8002089 1.0189
15919.9497388 0.971283
15920.0992636 0.981032
15920.2487834 0.911097
15920.3982982 0.956006
15920.547808 0.993805
15920.6973127 0.879513
15920.8468125 0.931822
15920.9963072 0.947164
15921.1457969 0.967257
15921.2952816 0.962303
15921.4447613 0.894113
15921.594236 0.966953
15921.7437057 0.830457
15921.8931703 0.890651
15923.9851485 0.838396
15930.4043603 0.914893
15930.5535339 0.876367
15930.7027024 1.00945
15930.8518659 1.00401
15931.0010244 0.993843
15931.1501779 1.00741
15931.2993264 0.971216
15931.4484698 0.945427
15931.5976082 0.904798
15931.7467416 0.916874
15931.8958699 0.858621
15932.0449933 0.943962
15932.1941116 0.739659
15932.3432249 1.00111
15932.4923332 0.972567
15932.6414364 0.958625
15932.7905347 0.9707
15932.9396279 1.00025
15933.0887161 0.775027
15933.2377992 1.02399
15933.3868774 0.970224
15933.5359505 0.915348
15933.6850186 0.890731
15933.8340816 0.919787
15933.9831397 0.887228
15937.1121982 0.946938
15937.2611457 1.00746
15937.4100882 0.925786
15937.5590256 0.942892
15937.7079581 0.93874
15937.8568855 0.9468
15938.0058079 0.981219
15938.1547252 0.878217
15938.3036376 0.924618
15938.4525449 0.944132
15938.6014471 0.955945
15938.7503444 1.04503
15938.8992366 0.85106
15939.0481238 0.969493
15939.197006 0.944103
15939.3458832 0.944594
15939.4947553 0.987925
15939.6436224 0.998725
15939.7924845 0.910848
15939.9413415 0.900986
15940.0901935 0.946534
15940.2390405 0.861326
15940.3878825 0.861732
15940.5367194 0.933053
15940.6855513 0.834252
15940.8343782 0.892584
15940.9832001 0.824695
15941.1320169 0.950606
15941.2808287 1.01654
15941.4296355 1.02495
15941.5784372 0.972745
15941.7272339 1.01055
15941.8760256 1.04741
15942.0248123 0.887006
15942.1735939 0.958195
15942.3223705 0.886848
15942.4711421 0.979275
15942.6199087 0.910405
15942.7686702 0.982151
15942.9174267 0.82145
15943.0661781 0.91663
15943.2149246 0.919826
15943.363666 1.02707
15943.5124024 0.91689
15943.6611337 0.996409
15947.5263833 0.926265
15947.6749788 0.883149
15947.8235693 0.970113
15947.9721548 0.927517
15948.1207353 0.980385
15948.2693107 0.858972
15948.417881 0.976644
15948.5664464 1.02933
15948.7150067 0.870271
15948.863562 0.875461
15949.0121122 0.988192
15949.1606574 1.03462
15949.3091976 0.96884
15949.4577328 0.999024
15949.6062629 0.982147
15949.754788 0.977001
15949.903308 0.972032
15950.051823 0.985848
15950.200333 0.979228
15950.348838 1.02309
15950.4973379 0.907024
15950.6458328 0.996236
15950.7943226 1.01199
15950.9428075 0.937498
15951.0912872 0.945889
15951.239762 0.912175
15951.3882317 0.952
15951.5366964 0.837968
15951.6851561 0.95174
15951.8336107 0.89991
15951.9820603 0.980829
15952.1305048 0.991959
15952.2789443 0.865932
15954.3565689 0.910673
15954.5049329 0.915834
15954.6532919 1.01698
15954.8016458 0.860711
15954.9499947 0.960532
15955.0983385 0.893325
15955.2466774 1.03484
15955.3950111 0.896374
15955.5433399 0.909615
15955.6916636 0.932842
15955.8399823 0.899065
15955.9882959 0.946631
15956.1366045 0.896752
15956.2849081 0.847723
15956.4332066 0.984613
15956.5815001 0.958638
15956.7297885 1.02962
15956.8780719 0.933376
15957.0263503 0.946441
15957.1746237 0.910976
15957.322892 0.94259
15957.4711552 0.964243
15957.6194135 0.891782
15957.7676667 1.03902
15957.9159148 0.957143
15958.0641579 1.03526
15958.212396 0.902604
15958.3606291 0.961302
15958.5088571 0.818156
15958.65708 0.740279
15958.805298 0.922269
15964.4338453 0.891667
15964.5818666 0.929403
15964.729883 0.838607
15964.8778943 0.892904
15965.0259005 0.848086
15965.1739017 0.789339
15965.3218979 0.895172
15965.469889 0.942571
15965.6178751 0.888994
15967.6891509 0.890659
15967.8370613 0.901569
15967.9849667 0.948267
15968.1328671 0.937912
15968.2807624 0.932181
15968.4286527 0.882448
15968.5765379 0.97459
15968.7244181 0.934896
15968.8722932 0.896598
15969.0201633 0.959023
15969.1680284 0.889888
15969.3158884 0.853639
15975.9643665 0.984599
15976.1119944 0.867741
15976.2596172 0.960929
15976.407235 0.898158
15976.5548478 0.991722
15976.7024554 0.862591
15976.8500581 0.978458
15976.9976557 0.904123
15977.1452482 0.940649
15977.2928357 0.98834
15984.5184359 0.900385
15984.6657708 0.879831
15984.8131007 0.89191
15984.9604255 0.838488
15985.1077453 0.933663
15985.25506 0.928346
15985.4023697 0.900836
15985.5496743 0.876109
15985.6969738 0.905827
15985.8442683 0.920954
15985.9915578 0.961731
15986.1388422 0.898658
15986.2861215 0.889449
15986.4333958 0.961881
15986.580665 0.940709
15986.7279292 0.83337
15990.9963911 0.9174
15991.1435036 1.00495
15991.2906111 0.895892
15991.4377135 0.826019
15991.5848108 0.971989
15991.7319031 0.91386
15991.8789903 1.03251
15992.0260724 0.968573
15992.1731495 0.978496
15992.3202215 1.02223
15992.4672885 0.994305
15992.6143505 0.965879
15992.7614073 0.979747
15992.9084591 0.82187
15994.9666532 0.861702
15995.1136291 0.925869
15995.2606 0.918243
15995.4075658 0.976032
15995.5545266 0.993352
15995.7014822 0.954522
15995.8484329 0.958265
15995.9953784 0.884433
15996.1423189 0.870361
15996.2892544 0.910184
15998.3458192 0.91468
15998.4926787 1.04856
15998.6395332 0.943879
15998.7863826 0.877698
15998.9332269 0.901349
15999.0800662 0.959386
15999.2269004 0.96431
15999.3737296 0.907754
15999.5205537 1.00789
16001.5755595 0.910593
16001.7223076 0.911342
16001.8690507 0.968718
16002.0157887 0.830069
16002.1625217 0.995373
16002.3092496 0.868312
16005.535982 0.968894
16005.6825934 0.949649
16005.8291998 0.827035
16005.9758011 0.919067
16006.1223973 0.943588
16006.2689884 0.933556
16006.4155745 0.901192
16006.5621555 0.917579
16006.7087315 0.989768
16006.8553023 0.947522
16007.0018681 0.998645
16007.1484289 0.931252
16007.2949846 1.01729
16007.4415352 0.981006
16007.5880807 0.901735
16007.7346212 0.947014
16007.8811566 0.862732
16008.027687 0.9545
16008.1742122 0.948303
16008.3207324 0.953242
16010.3714833 0.829296
16010.5179274 0.851213
16010.6643666 0.928618
16010.8108006 0.796908
16010.9572296 0.865662
16011.1036535 0.813651
16011.2500724 0.80516
16011.3964861 0.941773
16011.5428948 0.87094
16011.6892985 0.861477
16011.835697 0.972148
16011.9820905 0.886245
16012.128479 0.896867
16012.2748623 1.00266
16012.4212406 0.860408
16012.5676138 0.886016
16012.713982 0.926518
16012.8603451 0.999647
16013.0067031 0.905768
16013.153056 0.997948
16013.2994039 0.940051
16015.3477416 0.986855
16015.4940134 0.945603
16015.6402801 0.904993
16015.7865418 0.918724
16015.9327984 1.01047
16016.0790499 0.910613
16016.2252964 1.0029
16016.3715377 0.967307
16016.517774 0.923968
16016.6640053 0.844897
16016.8102314 1.00175
16016.9564525 0.900335
16017.1026685 0.976867
16017.2488794 0.961333
16017.3950853 0.97339
16017.5412861 0.906211
16017.6874818 0.978751
16017.8336725 0.863016
16017.979858 0.988018
16018.1260385 0.936272
16018.272214 0.952475
16018.4183843 0.850468
16018.5645496 1.00576
16018.7107098 1.00883
16018.8568649 0.802069
16019.003015 0.80271
16019.14916 0.966227
16019.2952999 0.841977
16019.4414347 1.03146
16019.5875645 1.00706
16019.7336892 0.914313
16019.8798088 0.995873
16020.0259234 0.920563
16020.1720328 0.924765
16020.3181372 0.958819
16022.9471485 0.993578
16023.0931564 1.01452
16023.2391593 0.866519
16023.3851571 0.796399
16023.5311499 0.925976
16025.5745151 0.984414
16025.7204317 0.948424
16025.8663432 0.845228
16026.0122496 0.781388
16026.1581509 0.95079
16026.3040472 0.945465
16026.4499384 0.874452
16026.5958245 0.874558
16026.7417055 0.98555
16026.8875815 0.868008
16027.0334524 0.960552
16027.1793182 0.76237
16027.3251789 0.91403
16027.4710345 0.971377
16037.3772988 0.914473
16037.5228038 0.957847
16037.6683037 0.986874
16037.8137986 0.97864
16037.9592883 0.957714
16038.104773 0.98108
16038.2502526 1.0022
16038.395727 0.914106
16046.243796 0.896708
16046.3889907 0.882669
16046.5341803 0.923475
16048.5663 1.02401
16048.7114133 0.891077
16048.8565214 0.837509
16049.0016245 0.95592
16049.1467224 0.90626
16049.2918153 1.0163
16049.436903 0.818689
16049.5819857 0.91533
16049.7270633 0.996182
16053.4972931 0.918904
16053.6422332 1.04515
16053.7871682 1.04982
16053.9320981 0.99224
16054.0770229 0.929326
16054.2219426 0.888847
16054.3668572 1.00736
16054.5117667 0.690625
16054.6566711 0.902073
16054.8015705 1.00078
16054.9464647 0.886371
16055.0913538 0.997042
16055.2362378 0.890791
16055.3811168 0.818996
16055.5259906 1.01658
16055.6708594 1.03767
16055.815723 0.939841
16055.9605816 0.774973
16056.1054351 1.00191
16056.2502834 0.924761
16056.3951267 0.938811
16056.5399649 0.729744
16056.684798 0.899734
16056.8296259 0.890021
16056.9744488 0.928437
16057.1192666 0.817171
16057.2640793 0.991794
16057.4088869 0.994663
16057.5536894 1.03436
16057.6984868 0.988408
16057.8432791 0.949603
16061.8953943 0.965253
16062.0400387 0.940332
16062.1846781 0.900003
16062.3293124 0.885459
16062.4739415 1.01831
16062.6185656 0.95211
16062.7631846 0.92899
16062.9077985 0.960064
16063.0524072 0.957966
16063.1970109 0.947032
16063.3416095 0.980651
16063.486203 0.948626
16063.6307913 0.947937
16063.7753746 0.71903
16063.9199528 0.952894
16064.0645259 0.949465
16064.2090938 0.877616
16064.3536567 0.841339
16064.4982145 0.85465
16064.6427671 0.796938
16064.7873147 0.84146
16064.9318572 0.784276
16067.2438429 0.859962
16067.3882987 1.01788
16067.5327493 1.00689
16067.6771948 1.02772
16076.6228495 0.896678
16076.7669734 0.957124
16076.9110922 0.899384
16077.0552059 1.00526
16077.1993144 0.860664
16077.3434179 1.02731
16086.9867099 0.984812
16087.1304658 0.884422
16087.2742166 0.930965
16087.4179623 0.931125
16087.5617029 0.97307
16087.7054383 0.858258
16087.8491687 0.965651
16087.9928939 1.04307
16088.136614 0.878775
16088.280329 0.958856
16088.4240389 0.881
16088.5677437 0.890394
16088.7114433 0.964577
16088.8551379 0.970214
16088.9988273 0.967219
16089.1425116 0.919198
16089.2861908 0.888899
16089.4298649 0.986655
16089.5735339 0.929631
16089.7171977 1.01118
16089.8608564 0.871676
16090.0045101 0.952994
16090.1481586 0.900467
16090.2918019 0.875746
16090.4354402 0.946332
16090.5790734 1.04141
16090.7227014 0.803758
16090.8663243 0.827983
16091.0099421 1.00779
16091.1535548 0.832538
16091.2971624 0.913076
16091.4407649 0.931086
16091.5843622 0.893417
16091.7279544 0.94783
16091.8715415 0.989132
16092.0151235 0.886283
16092.1587004 0.886022
16092.3022721 0.924062
16092.4458388 0.953277
16098.0409453 0.866318
16098.1843072 0.846879
16098.327664 0.952131
16098.4710156 0.923005
16098.6143621 0.860732
16098.7577035 0.870964
16098.9010398 1.01289
16099.044371 0.839159
16099.187697 0.937318
16099.3310179 0.821888
16099.4743337 0.784477
16099.6176444 0.9553
16099.7609499 0.91296
16099.9042503 0.814768
16100.0475456 0.889051
16100.1908358 0.955674
16100.3341209 0.941012
16100.4774008 0.908852
16100.6206756 0.966482
16100.7639453 0.889727
16102.7691832 0.896387
16102.912376 0.972721
16103.0555638 0.822171
16103.1987464 0.930271
16103.3419239 0.903472
16103.4850962 0.720756
16103.6282634 0.967777
16105.6320667 0.963203
16105.775157 0.931528
16105.9182423 0.901883
16106.0613224 0.973759
16106.2043974 0.922394
16106.3474672 0.89402
16106.490532 0.893715
16106.6335916 0.723776
16106.7766461 0.848896
16106.9196954 0.918616
16107.0627397 0.88484
16107.2057788 0.973426
16107.3488127 0.861159
16107.4918416 0.802741
16107.6348653 0.929051
16107.7778839 0.883002
16107.9208974 0.888586
16108.0639058 0.837061
16108.206909 0.948447
16108.3499071 0.974482
16108.4929001 0.971266
16108.6358879 0.867572
16108.7788706 0.974678
16108.9218482 0.945992
16109.0648207 0.876903
16109.207788 0.953648
16109.3507502 0.954127
16109.4937073 0.849614
16109.6366592 0.88009
16109.7796061 0.955244
16109.9225478 0.882705
16110.0654843 0.850223
16110.2084158 0.909829
16110.3513421 0.898776
16110.4942633 0.985272
16110.6371793 0.898996
16110.7800903 0.914889
16110.9229961 0.847856
16111.0658968 0.889554
16111.2087923 0.981887
16111.3516827 0.891481
16111.494568 0.971863
16111.6374482 0.974522
16111.7803232 1.0473
16111.9231931 0.960088
16112.0660579 0.815931
16112.2089175 0.918411
16112.351772 0.979793
16112.4946214 0.816928
16112.6374657 0.905563
16112.7803048 0.856303
16112.9231388 0.901236
16113.0659677 0.89362
16113.2087914 0.828631
16113.35161 0.861773
16113.4944235 0.946899
16113.6372318 0.885641
16113.7800351 0.903242
16113.9228332 1.01142
16114.0656261 0.849941
16114.2084139 0.85487
16114.3511966 0.788172
16114.4939742 0.884136
16114.6367467 0.851304
16114.779514 0.938242
16114.9222761 0.95453
16115.0650332 0.954864
16115.2077851 1.01288
16115.3505319 0.906233
16115.4932735 0.897819
16115.6360101 0.982421
16115.7787415 0.947817
16115.9214677 0.895033
16116.0641888 0.958694
16116.2069048 0.863985
16116.3496157 0.766318
16116.4923214 0.890524
16116.635022 0.940759
16116.7777175 0.928137
16116.9204079 0.948532
16117.0630931 0.882533
16119.0601471 0.739899
16119.2027553 1.01469
16119.3453584 0.983874
16119.4879563 1.04301
16119.6305491 0.991352
16119.7731368 0.890343
16119.9157194 0.904511
16120.0582968 0.935033
16120.2008691 0.854351
16120.3434362 0.730453
16120.4859983 0.876854
16120.6285551 0.921333
16120.7711069 0.787751
16120.9136535 0.906422
16121.056195 0.862562
16131.1635114 0.849494
16131.305683 0.844735
16131.4478494 0.953447
16131.5900107 0.950526
16136.1364577 0.95128
16136.2784493 0.872219
16136.4204358 0.992969
16136.5624171 0.966531
16136.7043933 0.986454
16136.8463643 0.907799
16136.9883302 0.997363
16137.1302909 1.02138
16137.2722466 0.941399
16137.414197 1.02137
16137.5561423 0.977353
16137.6980825 1.01847
16137.8400175 0.916791
16137.9819474 0.93329
16138.1238722 0.892664
16138.2657918 1.01215
16138.4077062 0.87155
16140.3939683 0.850823
16140.5358056 0.791815
16140.6776377 0.980942
16140.8194647 0.887679
16140.9612865 0.954159
16141.1031032 0.886005
16141.2449147 0.964393
16141.3867211 0.801525
16141.5285224 1.01306
16141.6703185 0.838729
16141.8121094 1.00091
16141.9538952 0.762616
16142.0956759 0.927477
16147.9042502 0.880408
16148.0458146 1.0424
16148.1873739 1.00538
16148.328928 0.904001
16148.470477 0.81678
16148.6120208 0.908701
16148.7535594 0.911952
16148.8950929 0.97867
16149.0366213 0.983495
16149.1781445 0.909863
16149.3196625 0.846862
16149.4611754 0.923698
16149.6026832 0.912684
16149.7441858 0.989611
16149.8856832 0.921897
16150.0271755 1.00539
16157.0952196 0.998823
16157.236449 1.03194
16157.3776733 0.785377
16157.5188924 0.883243
16157.6601064 0.88958
16165.8416908 0.961673
16165.9826004 0.796287
16166.1235048 0.892358
16166.2644041 0.867262
16166.4052982 0.826711
16166.5461871 0.797425
16166.6870709 0.829065
16166.8279495 0.931585
16166.9688229 0.927379
16167.1096912 0.956388
16167.2505543 0.884014
16167.3914123 0.870505
16167.5322651 0.911077
16167.6731127 0.855062
16167.8139552 0.921907
16167.9547925 0.918616
16168.0956247 0.818825
16168.2364517 1.00396
16168.3772735 0.865428
16168.5180902 0.913126
16168.6589017 0.886213
16168.799708 0.893307
16168.9405092 0.902274
16169.0813052 0.980655
16169.222096 0.882771
16169.3628817 0.856926
16169.5036622 0.940088
16169.6444376 0.730967
16169.7852078 0.953011
16169.9259728 0.795047
16170.0667327 0.945757
16170.2074874 1.03443
16170.3482369 0.937867
16170.4889813 0.888515
16170.6297205 0.9113
16170.7704545 0.944822
16170.9111834 0.939311
16171.0519071 0.886855
16171.1926257 0.905762
16171.333339 1.02388
16171.4740473 0.931333
16171.6147503 1.04764
16171.7554482 0.898712
16171.8961409 0.917877
16172.0368285 0.835797
16172.1775109 1.00942
16172.3181881 0.983796
16172.4588602 0.9192
16172.5995271 0.965248
16172.7401888 0.940765
16172.8808454 0.945964
16173.0214968 0.804015
16173.162143 0.939689
16173.3027841 0.937759
16173.44342 1.01544
16176.255053 1.00987
16176.3955804 0.816197
16176.5361026 1.02608
16176.6766196 0.87364
16176.8171315 0.879211
16176.9576382 0.943796
16179.0646188 0.836409
16179.2050428 0.868706
16179.3454617 0.946724
16179.4858754 0.90452
16179.6262839 1.00728
16181.5914601 0.935701
16181.731791 0.981839
16181.8721168 0.989092
16182.0124374 0.836328
16182.1527529 0.941648
16182.2930631 0.99711
16182.4333682 0.909198
16182.5736681 0.952774
16182.7139629 0.988748
16182.8542525 0.927287
16182.9945369 0.873559
16183.1348161 0.89472
16183.2750902 0.906664
16183.4153591 0.976096
16183.5556228 0.838592
16183.6958813 0.914803
16183.8361347 1.01244
16183.9763829 1.0156
16184.1166259 0.960423
16187.7611287 0.914693
16187.901232 0.92678
16188.0413302 0.970104
16188.1814232 0.938672
16188.321511 1.04456
16188.4615936 0.996948
16188.6016711 0.96108
16188.7417434 1.02534
16188.8818105 1.0062
16189.0218724 0.825598
16189.1619291 0.958891
16189.3019807 0.928787
16189.4420271 0.888294
16189.5820684 0.907308
16189.7221044 0.97489
16189.8621353 0.874712
16190.002161 0.909074
16190.1421815 0.989073
16190.2821968 0.847227
16190.422207 0.93862
16190.562212 0.955206
16190.7022118 1.01109
16190.8422064 0.818802
16190.9821959 0.853307
16191.1221802 0.992652
16199.5117601 0.901051
16199.6514284 0.819344
16199.7910915 0.936544
16203.4205139 0.878302
16203.5600371 0.899118
16203.6995551 0.855538
16203.8390679 0.858529
16203.9785755 0.980236
16204.118078 0.85296
16204.2575753 1.00101
16204.3970673 0.911643
16204.5365542 0.939908
16204.6760359 0.959536
16204.8155124 0.877326
16204.9549838 1.03838
16205.0944499 0.873772
16205.2339109 0.94592
16205.3733667 0.865368
16205.5128172 0.859577
16205.6522627 0.89413
16205.7917029 0.853154
16205.9311379 1.02046
16206.0705677 0.872744
16206.2099924 0.968886
16208.161393 0.930868
16208.3007399 0.971687
16208.4400815 0.869163
16208.579418 1.0243
16208.7187493 0.973899
16208.8580754 0.894264
16208.9973963 0.920614
16212.0611436 0.790855
16212.2003452 0.86949
16212.3395416 0.957005
16212.4787327 0.901719
16212.6179187 0.874445
16212.7570995 1.04932
16212.8962752 0.883988
16213.0354456 1.03408
16213.1746108 0.975062
16213.3137708 0.833109
16213.4529257 0.91848
16213.5920753 0.913106
16213.7312198 0.917047
16213.8703591 0.937103
16214.0094932 0.901243
16214.1486221 0.903644
16214.2877458 0.93418
16214.4268643 0.920133
16214.5659776 0.903734
16214.7050857 0.997274
16214.8441886 0.769384
16214.9832864 0.893665
16215.1223789 0.927435
16215.2614663 0.989846
16215.4005485 0.942938
16215.5396254 0.943913
16215.6786972 0.850195
16215.8177638 0.992697
16215.9568252 0.941613
16216.0958814 0.923187
16216.2349324 0.934858
16216.3739782 0.954899
16216.5130189 0.909847
16216.6520543 1.00465
16216.7910845 0.939447
16216.9301096 0.771886
16217.0691294 0.816708
16219.014862 0.980435
16219.153804 0.853109
16219.2927407 0.879974
16219.4316723 0.85566
16219.5705987 0.894732
16219.7095198 0.896212
16219.8484358 0.941363
16225.4008138 0.995727
16225.5395167 1.00504
16225.6782144 1.01616
16225.8169069 0.970344
16227.8966706 0.930892
16228.0352799 0.998579
16228.173884 0.938686
16228.3124829 1.01538
16228.4510766 0.922274
16230.6678687 0.913691
16230.806374 0.817202
16230.9448741 0.829963
16231.083369 0.946966
16231.2218587 1.02415
16231.3603432 0.946274
16231.4988225 0.814296
16231.6372966 1.0006
16231.7757654 0.924317
16231.9142291 1.00809
16232.0526876 0.906119
16232.1911409 1.00549
16232.3295889 0.869571
16232.4680318 0.95325
16238.001479 0.797842
16238.1397084 0.948356
16238.2779327 0.932395
16238.4161518 1.01781
16238.5543656 0.717016
16238.6925743 0.95275
16238.8307777 0.945677
16238.9689759 0.938395
16239.1071689 0.890762
16239.2453567 0.801788
16239.3835394 0.962446
16239.5217168 0.878026
16239.6598889 0.912099
16241.5937528 0.774865
16241.7318468 0.967155
16241.8699357 0.982425
16242.0080194 1.01985
16242.1460978 0.903614
16242.284171 0.952051
16242.422239 0.875072
16242.5603019 0.936842
16247.2513373 0.879308
16247.3892177 0.999171
16247.5270929 0.869329
16247.6649629 0.824221
16247.8028277 0.921623
16247.9406873 0.946586
16248.0785417 0.89223
16248.2163908 0.808892
16248.3542347 0.978278
16248.4920735 0.906002
16248.629907 1.04014
16248.7677353 0.935421
16248.9055584 0.951387
16249.0433762 0.886761
16249.1811889 1.01729
16249.3189963 0.952479
16251.2477531 0.780879
16251.3854823 1.00622
16251.5232063 0.777718
16251.6609251 0.923494
16254.4142057 0.888306
16258.8151138 0.986175
16261.8376376 0.992661
16261.974965 0.885378
16262.1122872 0.970419
16262.2496042 0.867236
16262.3869159 0.921251
16262.5242224 1.02965
16262.6615237 0.924774
16262.7988198 0.789345
16262.9361106 0.905174
16263.0733962 0.898724
16263.2106766 0.982534
16263.3479518 0.98816
16263.4852218 1.04956
16263.6224865 0.762805
16263.759746 0.949288
16263.8970003 0.88484
16264.0342494 1.02199
16264.1714932 0.964051
16264.3087318 0.902432
16264.4459652 0.952968
16264.5831934 0.835535
16271.9857549 0.898074
16272.1226956 1.01879
16272.2596311 0.943945
16272.3965614 0.911547
16272.5334864 0.889941
16272.6704062 1.00635
16272.8073208 0.902864
16272.9442302 0.759914
16273.0811343 0.855588
16273.2180332 0.962107
16273.3549269 0.975752
16275.2708891 0.834012
16275.4077044 0.985161
16275.5445143 0.952989
16278.5530105 0.946716
16278.6897001 0.888728
16278.8263846 0.96647
16278.9630638 0.971617
16279.0997377 0.979009
16283.3340342 0.769653
16283.4705406 0.965896
16283.6070419 0.914122
16283.7435378 0.836137
16283.8800286 0.934975
16284.0165141 0.959812
16284.1529943 0.856543
16284.2894694 0.935592
16284.4259392 0.968715
16284.5624037 1.00157
16284.698863 0.896345
16284.8353171 0.912223
16284.971766 0.984819
16285.1082096 1.01223
16285.2446479 0.855864
16285.3810811 0.874876
16285.517509 0.936352
16285.6539316 0.827162
16285.790349 0.902106
16285.9267612 0.881825
16286.0631682 0.878219
16286.1995699 0.910572
16286.3359663 0.913387
16286.4723576 0.850944
16286.6087436 0.993999
16286.7451243 0.936328
16286.8814998 0.902947
16287.0178701 0.912069
16287.1542352 1.00628
16287.290595 0.984912
16287.4269495 0.974741
16287.5632988 0.847929
16287.6996429 0.934895
16287.8359818 0.849985
16287.9723154 0.798238
16288.1086437 1.03733
16288.2449669 0.848539
16288.3812848 0.967756
16288.5175974 0.982681
16288.6539048 1.02053
16294.6462424 0.934936
16294.782314 0.843882
16294.9183803 0.932062
16295.0544413 0.907773
16295.1904971 0.818304
16295.3265477 0.894855
16295.462593 0.854958
16295.5986331 0.930087
16295.7346679 0.9085
16295.8706975 0.982457
16296.0067218 0.880986
16296.1427409 0.881239
16296.2787548 0.886434
16296.4147634 0.76427
16296.5507668 0.925907
16296.6867649 0.977793
16296.8227578 0.863895
16296.9587454 0.847521
16297.0947278 0.95792
16297.2307049 0.866533
16297.3666768 0.993479
16297.5026435 1.00527
16297.6386049 1.03505
16297.774561 0.905823
16297.9105119 0.934415
16299.8132739 1.03677
16299.9491461 1.00079
16300.085013 0.96204
16300.2208748 0.981232
16300.3567312 1.0049
16300.4925825 1.01669
16300.6284284 0.950678
16304.0228722 0.888932
16304.1585818 0.885931
16306.0579636 0.988088
16306.1935944 0.885187
16309.9891231 0.986144
16310.1246015 0.966411
16310.2600747 0.893173
16310.3955426 0.93235
16310.5310053 0.900118
16310.6664627 0.91927
16310.8019149 0.911894
16310.9373618 0.965227
16311.0728034 0.860098
16311.2082398 1.0483
16311.343671 1.01388
16311.4790968 0.933747
16311.6145175 0.995626
16311.7499328 0.911722
16311.885343 0.931382
16312.0207478 0.935602
16312.1561474 1.00042
16312.2915418 0.97233
16312.4269309 0.927581
16312.5623147 0.953974
16312.6976933 1.01007
16312.8330666 0.95516
16312.9684347 0.960519
16313.1037975 0.922102
16313.2391551 0.911197
16313.3745074 0.877459
16313.5098544 0.89592
16313.6451962 0.872711
16319.0545567 0.911393
16319.189683 0.92748
16319.3248039 0.900098
16319.4599196 0.930264
16319.59503 0.875407
16319.7301352 0.732975
16319.8652351 0.899683
16320.0003297 0.801433
16320.1354191 0.757787
16320.2705032 0.868883
16320.4055821 0.890693
16320.5406557 0.843383
16320.675724 0.881449
16320.8107871 0.781618
16320.9458449 0.955489
16321.0808975 0.878122
16322.9710807 0.859748
16323.1060544 0.86153
16323.2410227 1.02874
16323.3759858 0.919714
16323.5109436 0.927438
16323.6458962 0.859403
16323.7808435 1.03419
16325.6695531 1.01204
16325.8044215 0.915597
16325.9392846 1.00889
16326.0741424 0.851838
16326.2089949 0.939989
16326.3438422 0.986602
16326.4786843 0.851965
16326.613521 0.96501
16326.7483525 1.00238
16328.6354405 0.987324
16328.770193 0.924369
16328.9049402 0.907089
16329.0396822 1.01442
16329.1744189 1.00111
16329.3091503 0.94365
16329.4438765 0.937669
16329.5785974 0.847005
16329.713313 0.737831
16329.8480234 0.946593
16329.9827285 0.88438
16332.8103186 1.00926
16332.9449078 1.00866
16333.0794917 0.875771
16333.2140704 0.792051
16333.3486437 0.953998
16333.4832118 1.04367
16333.6177747 0.917841
16333.7523323 0.878032
16333.8868846 0.938551
16334.0214316 0.917369
16334.1559733 1.01439
16334.2905098 0.868252
16334.4250411 0.987652
16334.559567 1.02864
16334.6940877 0.898418
16334.8286031 0.947506
16334.9631132 1.03706
16335.0976181 0.984523
16335.2321177 0.929807
16335.366612 0.954163
16335.501101 1.0089
16335.6355848 0.930033
16343.5607939 0.960138
16346.5112558 0.935777
16346.645307 0.890644
16346.779353 0.981579
16346.9133936 0.978311
16347.047429 1.01379
16347.181459 0.964206
16347.3154839 0.905235
16347.4495034 1.01293
16347.5835176 0.934033
16353.7424638 0.858351
16353.8762298 0.882949
16354.0099905 0.971839
16354.143746 0.838231
16354.2774961 1.0182
16354.4112409 0.792955
16354.5449805 0.945033
16354.6787148 0.785918
16354.8124438 0.967599
16354.9461675 0.967996
16355.0798859 0.927475
16355.2135991 0.708073
16355.3473069 0.830596
16355.4810095 0.775513
16355.6147068 1.00626
16355.7483988 0.901
16355.8820855 0.934387
16356.0157669 0.964504
16356.1494431 0.965669
16356.2831139 0.955382
16356.4167795 1.04113
16356.5504398 0.924306
16362.025959 0.779302
16362.1593972 0.88424
16362.29283 0.924307
16362.4262576 0.922675
16362.55968 0.937317
16364.5603797 1.00886
16364.6937174 1.02343
16364.8270497 0.815487
16364.9603768 0.863284
16365.0936986 0.622529
16365.2270151 0.817723
16365.3603263 0.913266
16365.4936322 0.961367
16365.6269328 0.895817
16365.7602281 0.928599
16365.8935181 0.930656
16366.0268028 1.047
16366.1600823 0.855141
16366.2933564 0.832775
16366.4266253 0.799971
16366.5598888 0.960862
16366.6931471 0.914996
16366.8264 0.89515
16366.9596477 0.809131
16367.0928901 0.844378
16367.2261272 0.998604
16367.359359 0.824577
16367.4925855 0.59514
16367.6258067 0.855725
16367.7590226 1.02247
16367.8922332 0.822895
16368.0254386 0.753749
16368.1586386 0.8587
16368.2918333 0.86537
16368.4250228 0.935572
16368.5582069 0.90495
16368.6913858 0.759563
16368.8245593 0.941636
16368.9577276 0.822043
16369.0908905 0.878226
16369.2240482 0.979719
16369.3572006 1.0268
16369.4903477 0.986471
16369.6234895 0.865759
16369.7566259 0.973232
16369.8897571 0.574975
16370.022883 0.853376
16370.1560036 0.911579
16370.2891189 0.765197
16370.422229 0.895417
16370.5553337 0.859923
16370.6884331 0.881636
16370.8215272 0.934727
16370.954616 1.00601
16371.0876996 0.964747
16371.2207778 1.04856
16371.3538507 0.947123
16373.6152802 0.696074
16373.7482577 1.04663
16373.88123 0.629081
16374.014197 0.926183
16374.1471587 0.925926
16374.2801151 0.839794
16374.4130661 0.982479
16374.5460119 0.889435
16374.6789524 0.892255
16374.8118876 0.907508
16374.9448175 0.881108
16375.0777421 0.853306
16375.2106614 0.913277
16375.3435754 0.901034
16375.4764841 1.00561
16375.6093875 1.00792
16375.7422855 0.929274
16375.8751783 0.893217
16376.0080658 0.942872
16376.140948 0.859674
16376.2738249 0.715888
16376.4066965 0.903445
16376.5395628 1.02951
16376.6724238 0.703429
16379.3285303 1.03631
16379.46128 0.835056
16379.5940243 0.895345
16379.7267634 0.986495
16379.8594971 0.932183
16382.5130584 0.871305
16382.6456807 0.70744
16382.7782978 0.762737
16382.9109096 0.892705
16383.043516 0.853286
16383.1761171 1.00705
16383.308713 0.758898
16383.4413035 0.869184
16383.5738888 0.794976
16383.7064687 0.930259
16383.8390433 0.971974
16383.9716126 1.04403
16384.1041766 0.871763
16396.4094238 0.843246
16396.5414886 1.0334
16398.5218231 0.798975
16398.6538028 0.861196
16398.7857773 0.829986
16398.9177464 0.84491
16399.0497102 0.838007
16399.1816687 0.896721
16399.3136219 0.867305
16399.4455698 0.682165
16399.5775123 0.648394
16399.7094495 0.773923
16399.8413815 0.737192
16399.9733081 0.870194
16401.819722 0.844783
16401.9515688 0.979376
16404.9825774 0.80858
16405.1142965 0.742194
16405.2460104 0.825435
16405.3777189 1.0168
16405.509422 0.828091
16407.3527076 0.883553
16407.4843309 1.04119
16407.6159489 0.960892
16407.7475616 0.891825
16407.879169 0.964473
16408.010771 0.843048
16408.1423677 0.834535
16408.2739591 1.00634
16408.4055452 0.943532
16411.2990916 0.917272
16411.4305552 0.938595
16411.5620135 0.644879
16411.6934664 1.03977
16411.824914 0.871508
16411.9563563 0.936379
16412.0877933 0.795606
16412.2192249 0.941928
16412.3506512 0.764952
16412.4820722 0.761634
16412.6134878 0.942924
16412.7448982 0.602755
16412.8763032 0.911325
16413.0077028 0.816166
16416.55348 0.952833
16418.3905015 0.855211
16418.5216774 0.849208
16418.6528479 0.900219
16418.784013 0.896314
16418.9151729 0.906821
16419.0463274 1.04928
16419.1774766 0.919117
16419.3086204 0.757862
16419.439759 0.755908
16419.5708921 0.802978
16419.70202 0.868884
16419.8331425 0.986624
16419.9642597 0.908888
16420.0953716 0.831749
16420.2264781 0.758466
16420.3575793 0.724549
16420.4886751 0.913966
16420.6197657 0.93155
16420.7508509 0.997866
16420.8819307 0.929259
16421.0130052 0.837136
16421.1440744 0.800427
16421.2751383 0.978347
16421.4061968 0.942753
16421.53725 0.948648
16421.6682979 0.833786
16421.7993404 0.891603
16421.9303776 0.991187
16422.0614094 1.00455
16422.192436 0.937527
16422.3234572 0.957338
16422.454473 0.81692
16422.5854835 0.80952
16422.7164887 0.96887
16422.8474886 0.822125
16422.9784831 0.882493
16423.1094723 0.956264
16434.2240433 0.958563
16434.3545733 0.959208
16434.485098 0.959673
16434.6156173 0.959928
16434.7461313 0.960688
16434.8766399 0.960688
16435.0071432 0.961381
16435.1376412 0.961035
16435.2681338 0.962402
16472.779517 0.921357
16472.9084546 0.921853
16473.0373869 0.921639
16473.1663137 0.922135
16473.2952352 0.921921
16473.4241514 0.922062
16481.7921683 0.928384
16481.9207295 0.783396
16482.0492854 0.997125
16482.1778359 0.769464
16482.306381 0.925239
16482.4349207 0.991162
16482.563455 0.945063
16482.691984 0.811382
16482.8205076 0.772751
16482.9490258 0.869065
16483.0775386 0.919692
16483.206046 0.979658
16483.3345481 0.930445
16483.4630447 0.915626
16483.591536 0.848774
16483.7200219 0.799489
16483.8485024 0.815294
16485.6466646 0.884386
16487.4437716 0.935719
16487.572096 0.988414
16487.700415 0.810656
16487.8287287 0.716178
16487.9570369 0.886125
16488.0853398 0.876975
16488.2136372 0.757272
16490.0092364 0.744735
16490.1374531 0.83148
16490.2656644 0.865417
16490.3938703 0.691441
16490.5220708 0.859269
16490.6502659 0.896295
16490.7784557 0.89651
16490.90664 1.04285
16491.034819 0.777149
16491.1629926 0.680749
16491.2911608 0.832854
16491.4193236 0.920694
16491.547481 0.879622
16491.6756331 0.666753
16491.8037797 0.94786
16497.1810718 0.989251
16497.3089867 0.911459
16497.4368961 0.81888
16497.5648002 0.785229
16497.6926989 0.988727
16497.8205922 1.01837
16497.9484801 0.835276
16498.0763625 0.921169
16498.2042396 0.846515
16498.3321114 0.811704
16498.4599777 0.887642
16498.5878386 0.734315
16498.7156941 0.899321
16498.8435443 0.677032
16498.971389 1.0067
16499.0992283 0.955813
16499.2270623 0.927366
16499.3548908 0.826637
16499.482714 0.925561
16499.6105318 0.899944
16499.7383441 1.02087
16508.2894788 0.728597
16508.4169241 0.796986
16508.544364 1.02037
16508.6717985 0.954564
16508.7992276 0.795975
16508.9266513 0.974662
16509.0540696 0.945226
16509.1814825 1.01991
16509.30889 1.04155
16509.4362921 0.902043
16509.5636887 0.673557
16509.69108 0.906063
16512.8741058 0.871194
16513.0013566 0.880269
16513.128602 0.863473
16513.2558419 0.885601
16517.324666 0.902107
16517.4517275 0.919583
16517.5787836 0.900357
16517.7058343 0.741917
16517.8328796 0.854355
16517.9599195 0.985926
16519.7379099 0.850549
16519.8648686 1.01971
16519.991822 0.983957
16520.1187699 0.976519
16520.2457124 0.915201
16520.3726495 0.931168
16520.4995811 0.939699
16520.6265074 0.905016
16520.7534283 0.901234
16520.8803437 0.859127
16521.0072537 1.04915
16521.1341584 0.922701
16521.2610576 0.942186
16521.3879514 0.901963
16521.5148398 0.826277
16521.6417227 1.01334
16521.7686003 1.00834
16521.8954724 0.873229
16522.0223392 0.990185
16522.1492005 0.867923
16523.9246906 0.874669
16524.0514707 0.943488
16524.1782454 0.979036
16524.3050147 0.935749
16524.4317786 0.991012
16524.5585371 0.878161
16524.6852901 0.924888
16524.8120377 0.765859
16524.9387799 0.994588
16525.0655167 0.676222
16525.1922481 0.941816
16525.3189741 0.955401
16525.4456947 0.927529
16525.5724098 0.760854
16525.6991195 0.79613
16525.8258238 0.898157
16525.9525227 0.859567
16526.0792162 0.898184
16526.2059043 0.864747
16526.3325869 0.812517
16526.4592641 0.920465
16526.5859359 1.0226
16526.7126023 0.91701
16545.2735869 0.768803
16545.3994505 0.807606
16549.1728331 0.912276
16549.2985283 0.932887
16549.424218 0.960913
16549.5499023 1.02851
16549.6755812 0.826081
16549.8012547 0.852806
16549.9269227 0.804317
16550.0525853 0.891679
16550.1782424 0.896522
16550.3038941 0.787283
16550.4295404 0.885549
16550.5551812 0.865025
16550.6808166 0.875502
16550.8064466 0.764769
16550.9320711 0.960743
16551.0576902 0.986133
16551.1833039 0.962393
16551.3089121 0.852865
16551.4345149 0.874306
16551.5601122 0.838513
16551.6857042 0.806856
16551.8112906 0.80658
16551.9368717 0.831754
16552.0624473 1.0179
16555.9525934 0.933141
16556.077995 0.983108
16557.8330454 1.00937
16561.9657293 0.917009
16562.0908696 0.777314
16562.2160044 0.696193
16562.3411338 0.949597
16562.4662578 0.896964
16562.5913763 0.827952
16564.3424635 0.97556
16564.4675003 1.00439
16564.5925317 0.96471
16564.7175576 0.895493
16564.8425781 1.04873
16564.9675931 1.03231
16565.0926026 0.947759
16565.2176068 0.896388
16565.3426054 0.957028
16565.4675987 0.950128
16567.2169317 0.784835
16567.3418432 0.793834
16567.4667492 0.851509
16567.5916498 0.867711
16567.7165449 1.01168
16567.8414346 0.86194
16567.9663189 0.968007
16568.0911977 1.01853
16568.216071 0.949514
16568.3409389 0.866845
16568.4658013 0.968095
16568.5906583 0.756535
16568.7155098 0.901864
16568.8403559 0.827609
16568.9651966 0.894276
16569.0900317 0.909358
16569.2148615 0.915655
16569.3396857 0.95089
16569.4645046 0.802229
16569.589318 0.826995
16569.7141259 0.965468
16569.8389283 0.882964
16575.9475689 0.843908
16576.0720986 0.821224
16576.1966229 0.869374
16588.0015314 0.684367
16588.1255313 0.850492
16588.2495258 0.911205
16588.3735148 0.854483
16588.4974983 0.85535
16588.6214764 0.978063
16590.4804913 0.625787
16590.6043819 0.799785
16590.728267 0.820166
16590.8521466 0.830995
16590.9760208 0.692341
16591.0998895 0.826555
16591.2237527 0.728951
16591.3476105 0.973449
16591.4714628 0.834316
16591.5953096 0.875181
16591.719151 0.723627
16591.8429868 0.912733
16591.9668172 0.813684
16592.0906422 0.745357
16592.2144617 0.954673
16592.3382757 0.90758
16592.4620842 0.670406
16592.5858873 0.697491
16592.7096848 0.805377
16594.5659921 0.943918
16594.6897022 0.747014
16598.2749126 0.786598
16598.3984584 0.863258
16598.5219988 0.896097
16598.6455336 0.662802
16598.769063 0.840699
16598.892587 0.93099
16599.0161054 1.02161
16599.1396184 0.862231
16599.2631259 1.03421
16599.3866279 0.849396
16599.5101244 0.892965
16599.6336155 0.742943
16599.7571011 0.853546
16599.8805812 0.80223
16600.0040559 0.842463
16600.127525 0.833103
16611.7091579 0.885789
16618.2178606 0.863737
16618.3405181 0.869409
16618.4631701 0.938601
16618.5858166 0.999476
16618.7084576 0.966724
16621.40517 0.804077
16621.5276847 0.764388
16621.6501938 0.851533
16621.7726975 0.719863
16621.8951957 0.939628
16622.0176884 0.911183
16622.1401756 0.809302
16622.2626572 0.82212
16624.0992232 1.01617
16624.2216169 0.818412
16624.3440052 0.931081
16624.466388 0.745867
16624.5887652 0.823827
16624.711137 0.93838
16627.0351562 0.971489
16627.157418 0.938635
16627.2796743 0.84826
16627.4019251 0.833343
16627.5241704 0.935393
16627.6464103 0.808725
16627.7686446 0.814455
16627.8908734 0.922912
16628.0130967 0.81526
16628.1353145 0.951553
16628.2575268 0.734357
16628.3797337 0.737455
16628.501935 0.882978
16628.6241308 0.989812
16628.7463211 0.939651
16628.8685059 0.800275
16628.9906853 0.872207
16629.1128591 0.763544
16629.2350274 0.911872
16629.3571902 0.980125
16629.4793475 0.808616
16629.6014993 0.646332
16629.7236457 0.790536
16629.8457865 0.589161
16629.9679218 0.877649
16630.0900516 0.598941
16630.2121759 0.886859
16630.3342947 0.627734
16630.456408 0.770753
16630.5785158 0.892651
16630.7006181 0.907516
16630.8227149 0.748792
16630.9448062 0.958503
16631.066892 0.687621
16631.1889723 0.818646
16631.3110471 0.932765
16631.4331164 0.924949
16631.5551802 0.978236
16631.6772385 0.778118
16631.7992913 0.760394
16631.9213385 0.779243
16636.0676712 0.995456
16636.1895258 0.851745
16636.3113749 0.914797
16638.5037173 0.911457
16638.6254617 0.710845
16638.7472007 0.965828
16638.8689342 0.794232
16638.9906621 0.905575
16639.1123845 0.670106
16639.2341015 0.729301
16639.3558129 0.883179
16639.4775188 0.936259
16639.5992192 0.642916
16639.7209141 0.999495
16641.4240642 0.892709
16641.5456764 0.991034
16641.6672832 0.927979
16641.7888844 0.897072
16641.9104801 0.990064
16642.0320703 0.830705
16642.153655 0.950391
16642.2752342 0.84376
16642.3968079 0.846375
16642.518376 0.855749
16642.6399387 0.881971
16642.7614958 0.951189
16642.8830474 0.891955
16643.0045935 0.919804
16643.1261341 0.872905
16643.2476692 0.814411
16643.3691988 0.943521
16652.8315155 0.93674
16652.9526094 0.652424
16654.6473433 0.804168
16654.7683543 0.848871
16654.8893598 0.619953
16655.0103598 0.86571
16655.1313542 0.603908
16655.2523432 0.686205
16655.3733266 1.04866
16655.4943045 0.961229
16655.6152768 0.614351
16655.7362437 0.828938
16655.857205 0.74123
16655.9781608 0.75193
16656.0991111 0.959384
16656.2200558 0.776134
16657.9127026 0.858586
16658.0335645 0.856662
16658.1544209 0.777173
16659.8458303 0.576692
16662.2602508 0.793983
16662.3809138 0.718219
16662.5015713 0.800762
16662.6222232 0.954116
16662.7428696 0.84857
16662.8635105 0.60739
16667.8050266 1.01191
16667.9254353 0.731511
16668.0458384 0.797423
16670.573026 0.750823
16670.6933074 0.908027
16670.8135832 0.935117
16670.9338536 0.942584
16671.0541184 0.881863
16671.1743776 0.897958
16671.2946314 0.704519
16671.4148796 0.847943
16674.0589396 0.910933
16674.1790605 0.882811
16674.2991759 0.985079
16674.4192857 0.73867
16674.53939 1.00633
16674.6594887 0.958624
16674.7795819 1.02007
16674.8996696 1.00138
16675.0197517 0.888829
16675.1398283 0.934671
16675.2598994 0.918203
16675.3799649 0.896752
16675.5000249 0.866921
16681.2563905 1.04902
16681.3761791 0.957775
16681.4959621 0.882518
16681.6157395 0.869341
16681.7355115 0.904945
16681.8552778 0.680715
16681.9750387 0.851046
16684.3690914 0.738591
16684.4887358 1.0477
16684.6083747 0.774088
16684.7280081 0.723537
16684.8476359 0.870183
16684.9672581 0.518396
16685.0868748 0.806073
16685.206486 0.759368
16685.3260916 0.89976
16685.4456917 0.913989
16685.5652862 0.680271
16685.6848752 0.679756
16685.8044586 0.797492
16685.9240365 1.01232
16686.0436089 0.781899
16686.1631757 0.845899
16686.2827369 0.949416
16694.280704 0.670477
16694.3998879 1.01502
16700.3520057 0.838106
16705.57838 0.825751
16705.6970362 0.914101
16705.8156868 0.809274
16705.9343319 0.53517
16706.0529714 0.874004
16706.1716053 0.636514
16706.2902337 0.811149
16713.1611628 1.03806
16713.2794629 0.968242
16713.3977575 0.869044
16713.5160466 0.983749
16713.6343301 0.819355
16713.752608 0.752769
16713.8708803 0.880713
16713.9891471 1.03764
16714.1074083 0.882569
16714.225664 0.686037
16714.343914 0.943176
16714.4621585 0.963933
16714.5803975 0.940599
16714.6986309 0.913102
16714.8168587 0.828957
16719.8953881 0.815141
16720.0133709 0.769594
16722.1361092 0.826236
16725.1990999 0.817968
16725.316832 0.678556
16725.4345585 1.01718
16725.5522795 1.02655
16725.6699949 1.01675
16725.7877047 1.00922
16725.9054089 0.770312
16726.0231076 0.892705
16728.4934918 0.824174
16728.6110678 0.720712
16728.7286382 0.819547
16728.8462031 1.01863
16728.9637624 0.925609
16729.0813161 1.01772
16729.1988642 0.814618
16729.3164068 0.739178
16729.4339438 0.868671
16739.8723937 0.937272
16739.9894285 0.963001
16741.6273297 0.858064
16741.7442808 0.693883
16741.8612262 0.826982
16741.9781661 0.819943
16742.0951005 1.0391
16745.3669937 0.85534
16745.4837661 0.765933
16745.6005328 0.963249
16745.717294 1.01945
16745.8340496 0.832918
16745.9507995 1.03508
16746.0675439 0.795317
16746.1842828 0.78071
16746.301016 0.790516
16746.4177436 0.759129
16746.5344657 0.981645
16746.6511822 0.752998
16746.767893 0.839799
16746.8845983 0.960353
16747.001298 0.941249
16747.1179922 0.816059
16747.2346807 0.977907
16747.3513636 0.525163
16747.468041 0.863024
16752.1305526 0.947282
16752.2470008 0.630804
16752.3634435 0.897521
16754.5747908 0.500174
16754.6911216 0.914529
16754.8074468 0.705878
16754.9237664 0.770594
16755.0400804 0.522735
16755.1563888 0.870629
16767.221918 0.973909
16773.2319772 0.862031
16773.3474068 0.766415
16778.0751972 0.948656
16778.1903915 0.83146
16778.3055802 0.673218
16778.4207633 0.638225
16778.5359407 0.779893
16780.3780178 0.954083
16780.4931 0.676595
16780.6081765 0.882923
16780.7232475 0.934273
16780.8383129 0.858712
16780.9533726 0.690225
16781.0684267 0.809198
16781.1834753 0.646177
16781.2985182 0.800363
16781.4135555 0.758733
16781.5285872 0.774922
16781.6436134 0.846384
16781.7586339 0.893551
16781.8736487 0.845157
16781.988658 0.866113
16784.2876663 0.776841
16784.4025579 0.968305
16784.5174438 0.878718
16784.6323241 0.768892
16784.7471988 0.941776
16784.8620679 0.856861
16784.9769314 0.955212
16785.0917893 0.622437
16795.2916746 1.01062
16796.8921051 0.943637
16797.0063795 0.930818
16797.1206482 0.857603
16797.2349114 0.802659
16797.3491689 0.827686
16797.4634208 0.668743
16797.5776671 0.72152
16797.6919078 0.490717
16797.8061428 0.923033
16797.9203723 1.01384
16798.0345961 0.922315
16809.4286228 0.813972
16809.5422794 0.762538
16809.6559304 0.960331
16809.7695758 0.535336
16809.8832156 0.734138
16809.9968497 0.954652
16810.1104783 0.787096
16810.2241012 0.94887
16810.3377184 0.693889
16810.4513301 0.822527
16810.5649362 0.90595
16810.6785366 0.574602
16810.7921314 0.809127
16810.9057206 0.887459
16811.0193042 0.601368
16811.1328822 0.88961
16811.2464545 0.983173
16811.3600212 0.8408
16811.4735823 0.775407
16811.5871378 0.97314
16811.7006877 0.613437
16811.8142319 0.89404
16811.9277706 0.643778
16815.1045707 0.770571
16815.2179463 0.939136
16815.3313164 0.83115
16815.4446808 0.881015
16815.5580396 0.801193
16818.0505112 0.753241
16818.1637407 0.890971
16818.2769647 0.918706
16818.3901829 0.883984
16818.5033956 0.725213
16818.6166026 0.876908
16818.7298041 0.946642
16818.8429999 0.893452
16818.95619 0.929402
16819.0693746 0.805726
16819.1825535 0.957035
16819.2957269 0.698805
16819.4088945 0.994054
16819.5220566 0.859855
16819.6352131 0.826117
16819.7483639 1.04025
16819.8615091 0.614407
16819.9746487 0.878125
16820.0877827 0.651061
16820.200911 0.752147
16820.3140337 0.91982
16820.4271508 0.563796
16820.5402623 0.891035
16820.6533682 0.983768
16820.7664684 0.6948
16820.879563 0.986559
16820.992652 0.700485
16821.1057354 0.808742
16821.2188131 0.812089
16821.3318852 0.448182
16821.4449517 0.929637
16821.5580126 1.03249
16821.6710679 0.784548
16821.7841175 0.485792
16821.8971615 0.649363
16822.0101999 0.525672
16822.1232327 0.764543
16822.2362599 0.860156
16822.3492814 0.732471
16822.4622973 0.705724
16822.5753076 0.728275
16822.6883122 0.501953
16822.8013113 0.802807
16822.9143047 0.674466
16823.0272925 0.761923
16823.1402747 0.972835
16823.2532512 0.717422
16823.3662221 0.774707
16823.4791874 0.791152
16823.5921471 0.630492
16823.7051012 0.872825
16823.8180496 0.878913
16823.9309924 0.848669
16825.5116014 0.716744
16825.6244599 0.815113
16825.7373127 0.616956
16825.85016 0.378496
16825.9630016 0.859512
16845.7355142 0.905862
16845.8473602 0.856302
16845.9592005 0.962973
16846.0710352 0.709431
16846.1828642 0.722658
16846.2946876 0.904294
16846.4065054 0.907802
16846.5183176 0.94145
16846.6301241 1.03944
16846.7419251 0.963839
16846.8537203 0.758031
16846.96551 0.844946
16847.077294 1.02922
16847.1890724 1.00901
16847.3008452 0.905523
16847.4126124 0.934301
16847.5243739 0.784553
16847.6361298 1.02958
16847.7478801 0.88563
16847.8596247 0.732687
16847.9713637 0.851305
16848.0830971 0.500567
16848.1948249 0.918363
16851.9902206 0.718693
16855.1109559 0.709088
16855.2223292 0.981702
16855.3336968 0.751619
16855.4450588 0.614682
16855.5564151 0.904427
16855.6677658 0.836644
16855.7791109 0.810574
16855.8904504 0.888579
16856.0017842 0.93636
16856.1131124 0.620896
16856.224435 0.864557
16856.335752 0.874102
16856.4470633 0.758658
16856.558369 0.919201
16856.6696691 0.772761
16858.8944887 0.792864
16859.0056706 0.982037
16859.1168468 0.850726
16859.2280175 0.828281
16859.3391825 0.77602
16859.4503418 0.911931
16859.5614956 0.535971
16859.6726437 0.354684
16859.7837862 0.888303
16859.8949231 0.745043
16860.0060543 0.863462
16861.5613007 0.885186
16861.6723475 0.872135
16861.7833887 0.711527
16861.8944243 0.770352
16862.0054542 0.858892
16862.1164785 0.675025
16862.2274972 0.831777
16862.3385103 0.654757
16862.4495177 0.864238
16862.5605195 1.02433
16862.6715156 0.666485
16862.7825062 0.942332
16862.8934911 0.832417
16863.0044704 0.865403
16863.115444 0.727921
16863.2264121 0.319997
16863.3373745 0.995119
16873.0800275 0.962883
16873.1904891 0.768799
16873.300945 0.719504
16873.4113953 0.171602
16873.5218399 0.98875
16873.632279 0.467518
16873.7427124 0.892195
16873.8531401 0.670279
16873.9635623 0.714121
16874.0739788 0.916219
16878.5962114 0.882247
16880.138222 1.0099
16881.6791299 0.89371
16881.7891526 0.816004
16881.8991696 0.86349
16882.009181 1.04606
16882.1191868 0.885739
16882.2291869 0.989195
16908.031943 0.965628
16908.1406106 0.891117
16908.2492725 0.472549
16908.3579289 0.691998
16910.4213324 0.728519
16910.5298764 0.513177
16910.6384148 0.467244
16910.7469476 0.883186
16910.8554747 0.862012
16910.9639963 0.975815
16911.0725122 0.951197
16911.1810225 0.888957
16911.2895272 0.745666
16911.3980263 0.735161
16911.5065197 1.02859
16911.6150076 0.651091
16911.7234898 0.934316
16911.8319664 0.804159
16911.9404374 1.00948
16912.0489028 0.664972
16912.1573626 0.867858
16912.2658167 0.503947
16912.3742652 0.427631
16912.4827081 0.948693
16912.5911454 0.920269
16912.6995771 0.760179
16914.4337204 0.962757
16914.5420566 0.518894
16914.6503872 0.900514
16914.7587122 0.390871
16914.8670315 0.782258
16914.9753453 0.256947
16915.0836535 1.01848
16915.191956 0.827374
16915.3002529 0.957118
16915.4085442 0.629308
16915.5168299 0.806689
16915.62511 0.854105
16915.7333844 0.748516
16923.4065249 0.319041
16923.5143952 0.789118
16930.1914067 0.749522
16930.2989238 0.701826
16930.4064353 1.01158
16930.5139413 0.977291
16930.6214416 0.996664
16937.0612059 0.865704
16937.1683644 0.648277
16937.2755174 1.03215
16937.3826647 0.729145
16940.4875025 0.660095
16940.5944819 0.849662
16940.7014558 0.955143
16940.808424 0.970554
16940.9153866 0.776126
16941.0223436 0.489485
16941.129295 0.633021
16941.2362408 0.752481
16941.3431811 0.987397
16941.4501157 0.941151
16941.5570447 0.69681
16941.6639682 0.825554
16941.770886 0.928814
16941.8777982 0.451527
16941.9847049 1.01296
16942.0916059 0.953997
16942.1985014 0.795909
16942.3053913 0.80597
16942.4122755 0.85621
16943.9080678 1.0073
16946.7897139 0.839195
16946.8963632 0.669965
16947.0030069 0.813632
16951.157753 0.867513
16951.2641732 0.504451
16951.3705878 0.821356
16951.4769968 0.614306
16951.5834002 0.888226
16951.689798 0.810166
16954.2416702 0.833236
16954.3479284 0.833203
16954.4541811 0.83317
16954.5604281 0.838495
16954.6666695 0.838462
