15142.8360093 0.92179
15143.0087622 0.921956
15143.1815103 0.922123
15143.3542538 0.922385
15143.5269924 0.922561
15145.9448352 0.908445
15154.2275191 0.898384
15154.3999588 0.84751
15154.5723937 0.897277
15154.7448239 0.825193
15154.9172493 0.936101
15155.08967 0.888087
15155.262086 0.95538
15155.4344972 1.00107
15155.6069037 0.942273
15155.7793054 0.929687
15155.9517024 0.920831
15156.1240946 0.975874
15156.2964821 0.939363
15156.4688649 0.942851
15156.6412429 0.888515
15156.8136162 0.920874
15156.9859847 0.909972
15157.1583485 0.963131
15157.3307076 1.00466
15157.5030619 0.773908
15157.6754114 0.855155
15157.8477563 0.854838
15160.260086 1.00395
15160.4323597 0.869131
15160.6046287 1.02212
15160.7768929 0.918354
15160.9491524 0.793964
15161.1214071 1.00906
15161.2936571 0.943393
15161.4659024 0.942022
15161.6381429 0.93171
15161.8103787 1.03396
15161.9826098 0.734549
15162.1548361 1.01217
15162.3270577 0.893086
15162.4992745 0.847569
15162.6714866 0.974409
15162.843694 0.969069
15163.0158966 0.829002
15163.1880944 0.96715
15163.3602876 0.956671
15163.532476 0.846536
15163.7046596 1.0205
15163.8768386 0.854943
15166.286846 0.885402
15166.4589538 0.815184
15166.6310569 0.987329
15166.8031553 0.930671
15166.9752489 0.962454
15174.370795 0.966092
15174.5426803 1.04943
15174.7145609 0.890888
15174.8864367 0.885844
15175.0583077 0.92818
15175.2301741 0.990614
15175.4020357 0.940779
15175.5738926 0.926988
15175.7457447 0.910966
15175.9175921 0.965943
15179.6970376 0.887881
15179.8687761 1.02737
15180.0405099 0.868426
15180.212239 0.926328
15180.3839634 0.991346
15180.555683 1.01163
15180.7273979 0.962332
15188.27817 0.853931
15192.2215207 1.04732
15192.392914 0.946875
15192.5643025 0.878593
15192.7356864 0.910403
15192.9070655 0.963351
15193.0784399 0.97882
15193.2498096 0.887418
15193.4211745 1.0039
15193.5925347 0.971903
15193.7638902 0.902896
15193.9352409 0.868015
15194.1065869 0.951273
15194.2779282 0.850273
15194.4492648 1.03176
15194.6205967 0.982032
15206.2600763 0.938334
15206.4310822 0.93287
15206.6020833 0.964548
15206.7730797 0.956091
15206.9440713 0.826162
15207.1150583 0.879069
15207.2860405 1.0228
15207.457018 1.02676
15207.6279908 0.913845
15207.7989588 0.974139
15207.9699221 0.965094
15208.1408807 0.885765
15208.3118346 0.95103
15208.4827838 0.985219
15208.6537282 1.00317
15208.8246679 0.941443
15208.9956029 1.00813
15209.1665332 0.933147
15209.3374587 0.809607
15209.5083796 0.929205
15209.6792957 0.847117
15209.850207 0.840499
15210.0211137 0.839259
15210.1920156 0.929769
15210.3629129 0.732757
15210.5338053 0.892867
15210.7046931 0.929913
15210.8755762 0.875687
15211.0464545 1.02825
15211.2173281 0.929518
15211.388197 0.999317
15211.5590611 0.848176
15211.7299206 0.846734
15211.9007753 0.944952
15212.0716253 0.883221
15212.2424706 0.985193
15214.6338087 0.963627
15214.8045831 1.04746
15214.9753529 0.883751
15215.1461179 0.93239
15215.3168782 1.01859
15215.4876337 0.996841
15215.6583846 0.92954
15215.8291307 0.971945
15215.9998721 0.920567
15216.1706088 0.857716
15216.3413408 0.878554
15216.512068 0.992228
15216.6827906 0.944982
15216.8535084 0.943642
15217.0242215 1.02551
15217.1949298 1.02943
15217.3656335 0.902272
15217.5363324 0.896129
15217.7070266 1.01452
15217.8777161 0.923294
15218.0484008 0.931911
15218.2190809 1.0241
15218.3897562 0.861706
15218.5604268 0.863645
15218.7310927 0.991192
15218.9017539 0.993561
15219.0724103 0.939735
15219.243062 1.01517
15219.413709 0.877979
15219.5843513 0.898226
15219.7549889 1.01564
15219.9256217 0.925163
15220.0962499 0.951478
15220.2668733 1.03277
15220.437492 0.920024
15220.6081059 0.912185
15220.7787152 0.980248
15223.1667491 0.902122
15223.3372875 0.84576
15223.5078213 0.913178
15223.6783503 0.920599
15223.8488746 0.932693
15224.0193942 0.92092
15224.189909 0.870884
15224.3604192 1.04502
15224.5309246 0.965383
15224.7014253 0.887662
15224.8719213 1.0132
15225.0424126 0.871748
15225.2128991 0.994021
15225.383381 0.928679
15225.5538581 0.868118
15225.7243305 0.882662
15225.8947981 0.876741
15226.0652611 0.900653
15226.2357193 0.854738
15226.4061729 0.979213
15237.1352336 0.895018
15237.3053853 1.01483
15237.4755321 0.860229
15242.2377302 0.653311
15242.4077403 0.88016
15242.5777457 0.761894
15248.0154289 0.90632
15248.1852787 0.876041
15248.3551238 0.961463
15248.5249641 0.891202
15248.6947998 0.856555
15248.8646307 0.8788
15249.0344569 0.897201
15249.2042784 0.914159
15249.3740952 0.898711
15249.5439073 0.847968
15249.7137147 0.993818
15249.8835173 0.929512
15250.0533152 0.929336
15250.2231085 1.00255
15250.392897 1.01836
15250.5626808 0.898536
15250.7324598 0.975822
15250.9022342 0.904894
15251.0720038 0.900087
15251.2417688 0.944233
15251.411529 0.921142
15251.5812845 0.937723
15251.7510352 1.04869
15251.9207813 0.983817
15252.0905227 0.918759
15252.2602593 0.848127
15252.4299912 0.891148
15252.5997184 1.00758
15252.7694409 1.01776
15252.9391587 0.894848
15253.1088718 0.962193
15253.2785801 0.969776
15253.4482838 1.01111
15253.6179827 1.004
15253.7876769 0.978989
15253.9573664 0.90477
15254.1270512 1.02227
15254.2967313 0.861523
15254.4664066 0.937146
15256.8413665 0.99343
15257.0109712 0.872113
15257.1805711 0.983622
15257.3501663 0.988398
15257.5197568 0.926918
15257.6893426 1.01118
15257.8589236 0.998269
15260.2325636 1.03044
15262.6052796 0.912096
15262.7747239 0.907054
15262.9441636 0.934868
15263.1135985 0.97873
15263.2830287 0.908207
15263.4524542 0.812738
15263.621875 0.961867
15263.7912911 0.959711
15263.9607025 0.995397
15264.1301091 0.887217
15264.2995111 0.921279
15264.4689083 0.98237
15264.6383008 0.925537
15264.8076886 0.993163
15264.9770717 0.935961
15265.1464501 0.919059
15265.3158237 0.968102
15265.4851927 0.930902
15265.6545569 0.894685
15268.702307 0.948223
15268.8715816 1.0121
15269.0408516 0.847096
15274.2858825 0.901568
15274.4550016 0.988749
15274.624116 1.01518
15274.7932257 0.946351
15274.9623307 0.995325
15275.131431 0.952148
15275.3005265 1.0097
15275.4696174 0.994315
15275.6387035 0.912949
15275.807785 0.926454
15275.9768617 0.98757
15276.1459337 0.939493
15276.315001 0.986861
15276.4840635 1.01787
15276.6531214 0.877959
15289.6564227 0.982028
15289.825113 0.924813
15294.5465257 0.958123
15294.7150793 1.02047
15294.8836281 0.96167
15295.0521722 0.981265
15295.2207116 1.00652
15295.3892463 0.912536
15295.5577763 0.79044
15295.7263015 0.785599
15295.8948221 0.841653
15296.0633379 0.97879
15296.231849 0.71931
15296.4003554 0.842008
15296.5688571 0.82473
15296.7373541 0.8347
15296.9058464 0.816433
15297.0743339 0.820304
15297.2428167 0.816252
15297.4112949 0.826791
15297.5797683 0.754404
15297.748237 1.00016
15297.916701 0.860628
15298.0851602 0.855852
15300.4430951 0.759404
15300.6114836 0.781422
15300.7798675 0.882464
15300.9482466 0.951243
15301.1166211 1.02746
15301.2849908 1.02114
15301.4533558 0.833658
15301.621716 0.99473
15301.7900716 1.01061
15301.9584225 0.943085
15302.1267686 0.903276
15302.29511 0.909632
15302.4634467 0.915301
15304.8196658 1.00213
15308.0159137 0.873769
15308.1840902 0.880986
15308.3522619 0.799414
15308.5204289 0.867202
15308.6885912 0.890769
15308.8567488 1.02167
15309.0249016 0.943583
15309.1930498 0.925231
15312.2189103 0.917922
15312.3869689 0.926418
15312.5550227 0.91068
15312.7230719 1.02384
15312.8911163 0.882262
15313.059156 0.896714
15313.227191 0.900975
15313.3952213 0.889263
15313.5632469 0.972991
15313.7312677 0.857734
15313.8992839 0.9363
15314.0672953 0.849991
15314.235302 0.981869
15314.403304 0.972326
15314.5713013 0.900241
15314.7392938 0.986442
15314.9072817 1.02056
15315.0752648 0.921424
15315.2432433 1.00023
15315.411217 0.942145
15315.579186 0.931268
15315.7471502 1.01783
15315.9151098 0.965571
15316.0830646 0.96291
15316.2510148 0.894961
15316.4189602 0.871593
15316.5869009 0.916495
15316.7548369 0.999619
15316.9227682 0.950324
15317.0906947 1.04878
15317.2586166 0.929996
15317.4265337 0.918534
15317.5944461 0.999378
15317.7623538 0.991523
15317.9302568 0.967042
15318.098155 0.934969
15318.2660486 0.835135
15318.4339374 0.908774
15318.6018216 0.908466
15318.769701 0.935388
15318.9375756 0.876161
15319.1054456 0.99227
15319.2733109 0.936205
15319.4411714 1.02158
15322.2940792 0.883623
15322.4618549 0.959697
15322.6296258 0.934251
15322.7973921 0.964566
15322.9651536 0.861215
15323.1329104 0.946917
15323.3006625 0.977348
15323.4684098 1.0427
15323.6361525 0.848948
15323.8038904 0.880566
15323.9716237 0.983951
15329.1690143 0.9222
15329.3365967 0.822814
15329.5041742 0.86891
15329.6717471 0.824518
15329.8393153 0.892317
15330.0068787 1.03027
15336.3707939 1.01147
15336.5381734 0.981431
15336.7055482 0.869769
15336.8729182 0.880988
15337.0402835 0.911074
15337.2076441 0.930739
15337.375 0.879265
15337.5423511 0.924156
15337.7096976 0.834441
15337.8770393 0.815907
15338.0443763 0.866367
15338.2117086 0.799753
15338.3790362 0.880424
15338.546359 0.819585
15338.7136771 0.919341
15338.8809906 0.879912
15339.0482992 0.859367
15339.2156032 0.865411
15339.3829025 0.894412
15339.550197 0.939423
15339.7174869 0.934811
15339.884772 0.992324
15340.0520523 1.02897
15340.219328 0.973525
15340.386599 1.03733
15340.5538652 0.942929
15340.7211267 0.890948
15340.8883835 0.991832
15341.0556356 0.879739
15341.2228829 0.847323
15341.3901256 0.923627
15341.5573635 0.933341
15341.7245967 0.917606
15341.8918252 0.936693
15342.059049 0.803274
15342.226268 0.909817
15342.3934823 0.941457
15342.560692 0.912246
15342.7278968 0.915821
15342.895097 1.0361
15343.0622925 0.925575
15343.2294832 0.966183
15343.3966692 0.949337
15343.5638505 1.04762
15343.7310271 0.872044
15343.898199 0.881808
15344.0653661 0.977424
15344.2325285 1.0144
15344.3996862 0.796441
15344.5668392 1.01172
15344.7339875 0.922933
15344.901131 0.897604
15345.0682699 0.959632
15345.235404 0.889494
15345.4025333 0.908589
15345.569658 0.923873
15345.736778 0.959526
15345.9038932 0.971357
15346.0710037 0.983973
15346.2381095 1.01976
15346.4052106 0.972086
15346.5723069 0.998435
15346.7393986 0.881691
15346.9064855 1.04947
15347.0735677 1.03133
15347.2406451 0.867734
15347.4077179 0.975793
15347.5747859 1.04492
15350.2472326 1.03051
15350.4142204 1.0195
15350.5812035 0.894101
15350.7481819 0.985867
15350.9151555 0.953795
15351.0821244 0.969188
15353.4191936 0.97181
15353.5860917 0.829614
15353.7529851 0.927687
15353.9198738 0.978885
15354.0867577 0.966993
15354.253637 0.968864
15354.4205115 1.00735
15354.5873812 0.919535
15354.7542463 0.921257
15357.0898615 0.988601
15357.2566557 0.857822
15357.4234452 0.930398
15357.59023 0.971418
15357.7570101 0.819028
15357.9237855 0.898513
15358.0905561 0.939232
15358.257322 0.676027
15358.4240832 0.951849
15358.5908397 0.966564
15358.7575914 0.897942
15358.9243385 0.988918
15359.0910808 0.888767
15359.2578184 0.957116
15359.4245512 0.954415
15359.5912794 0.968734
15359.7580028 0.8874
15359.9247215 0.943086
15360.0914354 0.917647
15360.2581447 0.931618
15360.4248492 0.973324
15362.7582168 0.928535
15362.9248505 1.02046
15365.2572262 1.04362
15365.4237891 0.915331
15365.5903472 0.913832
15365.7569006 0.952748
15369.752765 1.01053
15369.9192003 0.907562
15370.0856309 0.920426
15370.2520567 0.843954
15370.4184779 0.987938
15370.5848943 0.875219
15370.751306 0.883801
15370.9177129 1.01096
15371.0841151 0.958685
15371.2505126 0.994028
15371.4169054 0.955578
15371.5832935 0.9012
15371.7496768 0.849666
15371.9160554 0.787428
15372.0824293 0.8156
15372.2487984 0.878859
15372.4151629 0.982334
15372.5815226 1.03368
15372.7478776 0.97324
15372.9142278 0.882826
15373.0805733 0.902542
15379.0658651 0.972116
15379.2320358 0.988161
15379.3982017 0.999524
15379.5643629 0.976869
15379.7305194 0.895457
15379.8966712 0.815805
15380.0628182 0.854904
15380.2289605 0.852186
15380.3950981 0.898072
15380.5612309 0.893639
15382.8865945 0.957396
15383.0526565 1.04027
15383.2187137 0.96919
15383.3847662 0.853922
15383.5508139 1.04918
15383.716857 0.970897
15383.8828953 0.957883
15384.0489288 0.862525
15384.2149577 0.910992
15384.3809818 0.943224
15384.5470012 0.928553
15384.7130159 0.964572
15384.8790258 0.995422
15385.045031 0.949652
15385.2110315 1.04054
15385.3770272 0.948127
15391.3497247 1.00529
15391.5155454 0.813853
15391.6813615 0.924514
15391.8471728 1.00149
15392.0129794 0.996405
15397.1506367 0.928377
15397.3162919 0.90794
15397.4819424 0.880189
15397.6475881 0.947043
15397.8132291 0.878208
15397.9788653 0.849895
15398.1444968 0.895812
15398.3101236 0.851604
15398.4757457 0.849123
15398.641363 0.922195
15398.8069756 0.933079
15398.9725835 1.04967
15399.1381866 0.880988
15399.303785 0.900667
15399.4693786 0.944024
15399.6349676 0.85977
15399.8005518 0.929567
15399.9661312 0.852983
15400.131706 0.953469
15400.297276 0.956141
15400.4628412 0.969474
15400.6284018 0.944887
15400.7939576 0.870225
15400.9595086 0.86446
15401.125055 0.866769
15401.2905966 0.842506
15401.4561335 0.982305
15401.6216656 0.912944
15401.787193 1.00519
15401.9527157 0.904318
15402.1182336 0.893339
15402.2837468 0.862636
15402.4492553 1.00238
15402.614759 0.901803
15402.780258 0.834871
15402.9457523 0.861919
15403.1112418 0.972569
15403.2767266 0.988664
15403.4422067 0.943273
15403.607682 1.0154
15405.9238396 0.975219
15406.089244 0.903904
15406.2546435 0.922771
15406.4200384 0.957531
15406.5854285 0.909654
15406.7508139 0.899422
15406.9161945 0.923764
15407.0815705 0.863688
15407.2469416 0.895389
15407.4123081 0.965054
15407.5776698 1.03359
15407.7430268 0.871708
15407.908379 0.94988
15408.0737265 0.862573
15408.2390693 0.896271
15408.4044073 0.82151
15408.5697406 0.940941
15408.7350692 0.975334
15408.900393 1.02004
15409.0657121 0.841425
15409.2310264 0.86485
15409.3963361 0.870911
15409.561641 1.02965
15409.7269411 0.951747
15409.8922365 0.967712
15410.0575272 0.941559
15410.2228131 0.971533
15412.7015339 1.01111
15412.8667441 0.885892
15413.0319495 0.958098
15413.1971502 0.973387
15413.3623461 1.00773
15413.5275373 0.90442
15413.6927238 0.983904
15413.8579056 0.997756
15414.0230826 0.942516
15414.1882548 1.02408
15414.3534224 0.974373
15414.5185851 1.00896
15414.6837432 0.946777
15414.8488965 0.915113
15415.0140451 0.972629
15415.1791889 0.9522
15415.344328 0.947812
15415.5094624 0.959668
15415.674592 0.933276
15415.8397169 0.942323
15416.0048371 0.942955
15416.1699525 0.957114
15416.3350632 0.827133
15416.5001691 0.88675
15416.6652703 0.823574
15416.8303668 0.87029
15419.1412197 0.902312
15421.7810571 0.992567
15421.9460067 0.975692
15422.1109515 0.91414
15422.2758916 0.848313
15422.4408269 0.897748
15422.6057575 0.953468
15422.7706834 0.917939
15422.9356045 0.967582
15423.1005208 0.952454
15423.2654325 0.974408
15423.4303394 0.973198
15423.5952415 0.842613
15423.7601389 0.903985
15423.9250316 0.983323
15424.0899195 0.954488
15424.2548027 1.01084
15424.4196812 0.888462
15424.5845549 0.987572
15424.7494239 0.923311
15424.9142881 0.911707
15425.0791476 0.93758
15425.2440023 0.882367
15425.4088523 0.851484
15425.5736976 0.902394
15425.7385381 0.866391
15425.9033739 0.879753
15426.0682049 0.900892
15426.2330312 0.947102
15426.3978528 0.932334
15426.5626696 0.934964
15426.7274817 0.950782
15426.892289 0.815471
15427.0570916 0.888584
15427.2218894 0.951635
15427.3866825 0.963698
15427.5514709 0.93039
15427.7162545 1.01
15427.8810334 0.886431
15428.0458076 0.90216
15428.2105769 0.982539
15428.3753416 0.97906
15428.5401015 0.929196
15428.7048567 0.893025
15428.8696071 0.926607
15429.0343528 0.986125
15435.2911742 1.03125
15435.4557349 0.899964
15435.6202909 0.954579
15435.784842 0.906465
15435.9493885 1.04061
15436.1139302 0.928604
15436.2784672 0.979907
15436.4429994 0.924429
15436.6075269 0.954188
15436.7720496 0.975825
15436.9365676 0.945714
15437.1010808 0.89055
15439.5682099 0.908055
15439.7326472 0.996151
15439.8970798 0.863158
15440.0615076 0.862268
15440.2259306 0.958441
15440.390349 0.867943
15440.5547625 0.922626
15442.8560541 0.987387
15443.0203965 0.963051
15443.1847341 0.895252
15443.349067 0.840742
15443.5133951 0.893006
15443.6777185 1.00668
15443.8420371 0.982072
15444.006351 0.899677
15444.1706601 1.00506
15444.3349645 1.03599
15444.4992641 0.995378
15444.663559 0.87172
15444.8278491 0.984777
15444.9921345 0.912476
15445.1564152 0.95413
15445.3206911 0.934348
15445.4849622 0.969801
15445.6492286 0.848548
15445.8134903 0.994542
15445.9777472 0.932007
15446.1419993 0.907468
15446.3062467 0.891328
15446.4704894 0.887466
15446.6347273 0.859426
15446.7989604 1.01293
15446.9631888 0.874503
15447.1274125 0.981866
15447.2916314 0.853476
15447.4558455 0.990855
15447.6200549 0.915877
15447.7842596 0.899222
15447.9484595 0.98451
15448.1126547 0.923666
15448.2768451 0.973776
15448.4410307 0.950796
15450.7391312 0.791973
15450.9032456 0.911806
15451.0673553 0.90756
15451.2314602 0.89998
15451.3955604 0.963666
15451.5596558 0.915575
15451.7237464 0.997754
15451.8878323 0.945215
15452.0519135 0.878149
15452.2159899 0.994612
15452.3800615 0.968462
15452.5441284 0.952932
15452.7081906 0.891865
15452.872248 0.906874
15453.0363006 1.02382
15453.2003485 0.930745
15453.3643916 0.8986
15453.52843 0.946573
15453.6924637 0.959545
15453.8564925 0.844051
15454.0205167 0.800814
15454.1845361 0.927486
15454.3485507 0.971051
15454.5125606 0.963601
15458.283476 1.01504
15458.4473718 0.954699
15458.6112628 0.95318
15458.7751491 0.910339
15458.9390307 1.0122
15459.1029075 0.950456
15459.2667795 0.96218
15459.4306468 0.999415
15459.5945093 0.879491
15459.7583671 0.908785
15459.9222201 1.04196
15460.0860684 0.870934
15460.2499119 0.909944
15460.4137507 0.954981
15460.5775847 0.952174
15465.4903935 1.00147
15465.6540801 0.932619
15465.8177619 0.843406
15465.981439 0.875189
15466.1451113 0.892911
15469.5811307 0.906215
15469.7446984 0.928061
15469.9082613 1.03829
15470.0718194 0.929212
15470.2353727 0.94
15470.3989213 0.862616
15470.5624652 0.96632
15470.7260043 0.931961
15470.8895386 0.948355
15471.0530682 0.914182
15471.216593 0.837965
15471.380113 1.03267
15471.5436283 1.01392
15471.7071388 0.95472
15471.8706446 0.977426
15472.0341456 0.791736
15472.1976419 0.974666
15472.3611334 0.908598
15472.5246201 0.999673
15472.6881021 0.880457
15472.8515793 0.769217
15473.0150518 0.781899
15473.1785194 0.834346
15473.3419824 0.856921
15473.5054406 0.894424
15475.9567419 0.92924
15476.1201239 0.959078
15476.2835012 0.845637
15476.4468736 0.862598
15476.6102414 0.920327
15476.7736043 0.968538
15476.9369625 0.916904
15477.100316 0.967992
15477.2636646 0.894928
15479.5500461 0.928509
15479.7133233 0.97811
15479.8765958 0.934517
15480.0398635 0.826332
15480.2031264 0.948312
15480.3663846 1.01429
15480.5296381 0.902876
15480.6928867 0.923659
15480.8561306 0.988337
15481.0193698 0.797323
15481.1826041 0.902796
15481.3458337 0.919149
15481.5090586 0.787348
15481.6722787 0.903441
15481.835494 0.844973
15481.9987045 0.831123
15482.1619103 0.83034
15482.3251114 0.863179
15482.4883076 0.846375
15482.6514991 0.900824
15482.8146858 0.932912
15482.9778678 0.955406
15483.141045 0.943495
15483.3042175 0.959983
15483.4673851 0.968788
15483.6305481 0.903996
15483.7937062 1.04246
15483.9568596 0.926964
15484.1200082 0.952454
15486.4035885 0.969668
15486.5666657 0.936259
15486.7297381 0.958599
15489.8272075 0.899268
15489.9901846 0.920888
15490.1531569 0.993625
15490.3161244 0.966367
15490.4790871 0.943087
15490.6420451 0.895295
15490.8049983 0.940262
15490.9679467 0.87918
15491.1308904 1.02774
15491.2938293 0.885623
15491.4567634 0.972007
15491.6196928 0.994828
15491.7826174 1.0133
15491.9455372 0.926439
15492.1084523 0.979931
15492.2713626 0.979659
15492.4342681 1.00216
15492.5971688 0.960713
15492.7600648 1.02796
15492.922956 0.945674
15493.0858425 0.920446
15493.2487242 0.862555
15493.4116011 0.822393
15493.5744732 0.9182
15493.7373406 0.990769
15493.9002032 0.824954
15494.063061 0.961408
15494.2259141 0.953497
15502.5250945 0.971493
15502.6876995 0.951278
15502.8502997 0.935401
15503.0128951 0.875649
15503.1754857 0.969785
15503.3380716 0.859617
15503.5006527 0.888543
15505.7762867 0.931559
15505.9387962 0.949544
15506.1013009 1.03861
15506.2638008 0.92997
15506.4262959 1.03143
15506.5887863 1.03103
15506.7512719 0.999841
15506.9137528 0.865746
15507.0762288 0.960065
15507.2387001 0.854543
15507.4011666 0.96903
15507.5636283 1.01767
15515.3561736 0.918055
15515.5184012 1.01672
15515.6806241 0.832293
15515.8428422 1.02293
15516.0050555 0.907463
15516.167264 0.967909
15516.3294677 0.907461
15516.4916667 0.89009
15516.6538608 0.946786
15516.8160502 0.916055
15522.3276449 0.900534
15522.4896669 0.960948
15522.6516842 0.832078
15522.8136967 0.990301
15522.9757044 0.9783
15523.1377073 0.960136
15523.2997054 0.991709
15523.4616988 0.931209
15523.6236873 0.953877
15523.7856711 0.993939
15523.9476501 0.880839
15524.1096243 0.930909
15524.2715937 0.968246
15527.9955701 1.00717
15528.1574247 1.02047
15528.3192745 1.01178
15531.3935115 0.947971
15531.5552656 0.982626
15533.81932 0.932034
15536.0824359 0.900149
15536.2440511 1.03516
15536.4056615 0.888712
15536.5672672 0.999761
15536.728868 1.00641
15536.8904641 0.910348
15537.0520553 0.977657
15537.2136418 0.955824
15537.3752235 0.987837
15537.5368004 0.885444
15537.6983725 1.00784
15551.2533191 0.990546
15551.4144837 0.951663
15551.5756436 1.04607
15551.7367986 0.873338
15551.8979488 1.00686
15552.0590942 1.00908
15552.2202349 0.979564
15552.3813707 0.839783
15552.5425017 1.03059
15552.703628 0.938385
15552.8647494 0.919013
15553.025866 0.939807
15553.1869779 0.911672
15553.3480849 0.866998
15553.5091872 0.900345
15553.6702846 0.902158
15553.8313773 0.892104
15553.9924651 0.951706
15554.1535482 0.907049
15554.3146264 0.925626
15554.4756999 0.879435
15554.6367685 0.955013
15554.7978324 0.970122
15554.9588914 0.947182
15555.1199457 0.925357
15555.2809951 0.944008
15555.4420398 0.878738
15555.6030796 0.911652
15555.7641147 0.950024
15555.925145 0.947008
15556.0861704 0.958569
15556.2471911 0.977197
15556.4082069 1.00947
15556.569218 0.96553
15556.7302242 0.963174
15556.8912257 0.96841
15557.0522224 0.973972
15557.2132142 0.932472
15557.3742013 0.868683
15557.5351835 0.918471
15557.696161 0.809682
15557.8571336 0.899797
15558.0181015 0.937861
15558.1790645 0.867113
15558.3400228 0.91758
15558.5009762 1.00399
15558.6619249 0.949682
15558.8228687 0.862238
15558.9838078 0.904976
15559.144742 0.973638
15559.3056714 0.942275
15559.4665961 1.03262
15559.6275159 0.92329
15559.788431 0.948361
15559.9493412 0.973953
15560.1102466 0.934606
15560.2711472 1.032
15560.4320431 0.973641
15560.5929341 1.02428
15560.7538203 0.697681
15560.9147017 0.938077
15561.0755784 1.04982
15561.2364502 0.929092
15561.3973172 0.796766
15561.5581794 0.957865
15561.7190368 0.837093
15561.8798894 0.953415
15562.0407372 0.943647
15562.2015802 1.01751
15562.3624184 1.04567
15562.5232518 0.99202
15562.6840804 0.957842
15562.8449042 1.00575
15563.0057231 0.933662
15563.1665373 0.995031
15563.3273467 0.912016
15563.4881513 0.90394
15563.648951 0.874131
15563.809746 1.02141
15563.9705361 0.999443
15564.1313215 0.963877
15564.2921021 0.937498
15564.4528778 0.957771
15564.6136487 1.0239
15564.7744149 1.00289
15564.9351762 0.981453
15565.0959327 0.990429
15567.3460196 0.962084
15567.506704 0.970495
15567.6673837 0.920672
15567.8280585 1.00016
15567.9887285 0.970168
15568.1493937 0.902846
15568.3100542 1.0403
15571.3616887 0.810431
15571.522253 0.876968
15577.6201316 0.891321
15577.7805083 0.930157
15577.9408802 0.93365
15578.1012472 0.96394
15578.2616095 0.894758
15578.4219669 0.867305
15578.5823195 0.781691
15578.7426674 0.908978
15578.9030104 0.952061
15579.0633485 0.894892
15579.2236819 0.908664
15579.3840105 0.948826
15579.5443342 0.959581
15579.7046532 0.909311
15579.8649673 0.949101
15580.0252766 0.812138
15580.1855811 1.03746
15580.3458808 0.973171
15580.5061757 0.998043
15582.7497986 0.925007
15582.9100212 0.97534
15583.0702391 1.03618
15583.2304521 1.0177
15583.3906604 0.892351
15583.5508638 0.902211
15583.7110624 0.907265
15583.8712562 0.954369
15584.0314451 0.823721
15584.1916293 1.01847
15584.3518086 1.03102
15584.5119832 0.899897
15584.6721529 0.986072
15584.8323178 1.01802
15584.9924778 0.931835
15590.2750584 0.807144
15590.4350547 0.843552
15590.5950462 0.9391
15590.7550329 0.898384
15590.9150147 0.883772
15591.0749917 0.915946
15591.2349639 0.9513
15591.3949313 0.85668
15591.5548939 0.912611
15591.7148517 0.861954
15591.8748046 0.92044
15592.0347527 0.928189
15594.2735202 0.963624
15594.433396 0.862664
15594.593267 0.839755
15594.7531332 0.892453
15594.9129945 0.91802
15595.072851 0.904074
15595.2327028 0.864164
15595.3925496 0.883288
15599.8663047 1.04746
15600.0260117 0.970362
15600.185714 1.02234
15603.697942 0.855328
15603.8575332 0.956069
15604.0171196 1.01093
15604.1767012 0.913724
15604.336278 0.93641
15604.4958499 0.960575
15604.655417 0.950935
15604.8149793 0.938554
15607.0483444 0.978757
15607.2078342 0.92943
15607.3673193 0.899926
15607.5267995 0.883268
15607.6862749 0.931583
15610.2372244 0.96376
15610.3966177 0.883883
15610.5560062 0.95207
15610.7153898 0.983744
15610.8747686 0.953879
15611.0341426 0.975184
15611.1935118 0.994867
15611.3528761 0.978793
15614.8576689 0.916722
15615.0169221 0.960842
15615.1761705 0.934953
15615.335414 0.939074
15615.4946527 0.955969
15615.6538866 0.952781
15615.8131156 0.93548
15615.9723398 0.964828
15616.1315592 0.826862
15616.2907737 0.992424
15616.4499834 0.837776
15616.6091883 1.00653
15616.7683884 0.98544
15616.9275836 0.877074
15617.0867739 0.97823
15617.2459595 0.901289
15617.4051402 0.943203
15617.5643161 0.970103
15617.7234871 1.01241
15617.8826533 1.00292
15618.0418147 0.866624
15621.0649622 0.923968
15621.2240269 0.98691
15621.3830867 0.906144
15624.5632678 0.757528
15624.7222261 0.773243
15624.8811795 0.849261
15625.0401281 0.967351
15625.1990719 0.875901
15625.3580108 0.889317
15625.5169449 0.906164
15625.6758741 0.914943
15625.8347985 0.927863
15625.9937181 0.923399
15626.1526328 0.851106
15626.3115427 0.993436
15626.4704477 0.836075
15626.6293479 0.989186
15626.7882433 0.985097
15626.9471338 0.881391
15627.1060195 0.900636
15632.8226807 0.90336
15632.9813873 0.884276
15633.140089 1.02292
15633.2987859 0.925823
15633.457478 0.881881
15633.6161652 0.898591
15633.7748476 0.978499
15633.9335251 0.995754
15634.0921978 0.822655
15634.2508656 0.90545
15634.4095286 0.990702
15634.5681867 1.0278
15634.72684 0.859119
15634.8854885 0.893523
15635.0441321 0.911527
15635.2027709 0.898745
15635.3614048 0.83677
15635.5200339 0.852427
15635.6786582 0.941529
15635.8372776 0.864877
15635.9958921 0.882606
15636.1545018 0.946091
15636.3131067 0.910006
15636.4717067 0.960341
15636.6303019 0.960234
15636.7888922 0.894904
15636.9474777 1.02507
15637.1060583 0.95955
15637.2646341 0.93439
15637.4232051 0.859415
15637.5817712 0.961168
15637.7403325 0.941007
15637.8988889 0.948991
15640.1181699 0.894431
15640.2766536 0.930314
15640.4351325 0.974409
15640.5936065 0.96319
15640.7520757 0.931633
15640.9105401 0.922083
15641.0689996 0.977299
15641.2274542 1.01285
15643.4453102 0.924375
15643.6036921 1.02593
15643.7620692 0.931798
15643.9204414 0.910067
15644.0788088 0.993406
15644.2371713 0.971391
15650.5676953 0.943934
15650.7258589 0.754127
15650.8840177 0.937189
15651.0421716 1.02895
15651.2003207 0.966463
15651.3584649 0.983391
15651.5166043 0.860746
15651.6747388 0.970846
15651.8328685 0.981467
15651.9909933 0.891569
15652.1491133 0.849082
15652.3072284 0.832863
15652.4653387 0.954566
15652.6234441 0.946073
15652.7815446 0.811687
15652.9396403 0.992328
15660.048921 0.95143
15660.2067933 0.864861
15664.4675087 0.892618
15664.625245 0.957037
15664.7829764 0.920578
15664.9407029 0.846292
15665.0984245 0.899684
15665.2561413 0.841937
15665.4138532 0.949824
15665.5715603 0.864187
15665.7292625 0.878212
15665.8869598 0.880171
15666.0446523 0.986666
15666.20234 0.981589
15666.3600227 0.976433
15666.5177006 0.956268
15666.6753736 0.982546
15666.8330418 0.80336
15666.9907051 0.939787
15667.1483636 0.929373
15667.3060171 0.932847
15667.4636659 0.847621
15667.6213097 0.973011
15667.7789487 0.959063
15667.9365829 0.923112
15668.0942121 0.885818
15668.2518365 0.907463
15668.4094561 0.903008
15668.5670708 0.977908
15668.7246806 0.805664
15668.8822855 0.946104
15669.0398856 0.990269
15669.1974808 0.95118
15669.3550712 0.979892
15669.5126567 0.908666
15669.6702373 0.939333
15669.8278131 1.01713
15669.985384 0.893104
15672.8208285 0.981679
15672.978307 0.911438
15673.1357806 0.884637
15678.8015889 0.827204
15678.9588824 0.969912
15679.116171 1.00014
15679.2734547 0.880483
15679.4307336 0.949712
15679.5880077 0.953974
15679.7452768 0.924115
15679.9025411 0.946131
15680.0598005 0.954778
15680.217055 0.974895
15680.3743047 0.907056
15680.5315495 0.886714
15680.6887894 0.952503
15680.8460245 0.86229
15681.0032547 0.823753
15681.16048 0.907017
15681.3177005 0.948624
15681.474916 0.928978
15681.6321267 0.925639
15681.7893326 0.895
15681.9465335 0.885501
15682.1037296 0.849849
15682.2609208 0.972547
15682.4181072 0.889858
15682.5752887 1.04051
15682.7324653 0.86223
15682.889637 0.966261
15683.0468039 0.976597
15683.2039659 0.926195
15683.361123 0.924542
15683.5182752 1.0188
15683.6754226 0.990563
15683.8325651 0.967584
15683.9897027 0.852092
15684.1468355 0.951621
15684.3039634 1.02084
15684.4610864 1.00175
15684.6182045 0.988924
15684.7753178 0.87861
15684.9324262 1.02758
15685.0895297 0.881728
15685.2466283 0.950045
15685.4037221 0.947847
15685.560811 0.873437
15685.717895 0.82095
15685.8749742 0.956293
15686.0320485 0.97544
15686.1891179 1.03033
15686.3461824 0.924445
15686.5032421 0.886655
15686.6602969 0.922929
15689.0155337 0.82664
15689.1725105 0.833829
15689.3294824 0.899304
15689.4864494 0.88438
15689.6434116 0.812191
15689.8003688 0.866058
15689.9573213 0.908265
15690.1142688 0.915385
15690.2712114 0.882456
15690.4281492 0.864927
15690.5850821 0.905797
15690.7420102 0.921327
15690.8989333 1.00086
15691.0558516 0.946848
15691.212765 0.996526
15691.3696735 0.986801
15691.5265771 0.931371
15691.6834759 0.931768
15691.8403698 0.963283
15691.9972588 0.891622
15692.1541429 1.0021
15692.3110222 0.93791
15692.4678966 1.01961
15692.6247661 0.889631
15692.7816307 0.986099
15692.9384905 1.00162
15693.0953453 0.949201
15693.2521953 0.976264
15693.4090404 0.988928
15693.5658807 0.950849
15693.722716 0.993308
15693.8795465 0.860165
15694.0363721 0.841999
15694.1931928 0.941953
15694.3500087 0.884868
15694.5068196 0.896287
15694.6636257 0.987082
15694.8204269 0.850637
15694.9772232 0.915844
15695.1340147 0.87397
15695.2908013 0.904107
15695.447583 0.97603
15695.6043598 0.827891
15695.7611317 0.778367
15695.9178988 0.940193
15696.0746609 0.904573
15696.2314182 0.803908
15696.3881706 0.837435
15696.5449182 0.940308
15696.7016608 1.02709
15696.8583986 0.848994
15697.0151315 1.0321
15697.1718595 0.863685
15697.3285826 0.940016
15697.4853009 0.843972
15697.6420143 1.03839
15697.7987227 0.923755
15697.9554264 1.02117
15698.1121251 0.801329
15698.2688189 0.982865
15698.4255079 0.984775
15698.582192 0.961559
15698.7388712 1.00285
15698.8955455 0.984539
15699.052215 0.902775
15699.2088795 0.962256
15699.3655392 0.980501
15705.9408364 0.9127
15706.0972861 0.755801
15706.2537309 1.02563
15706.4101708 0.936394
15706.5666058 0.967046
15714.694492 1.03597
15714.8506679 0.987465
15715.006839 0.947596
15715.1630051 0.871121
15715.3191664 0.973875
15715.4753227 0.828804
15715.6314742 0.958645
15715.7876208 0.979544
15715.9437625 0.865577
15716.0998993 0.916091
15716.2560312 0.980285
15716.4121583 0.89157
15716.5682804 0.88655
15716.7243976 0.974955
15716.88051 0.948592
15719.0655691 0.969417
15722.3413594 1.01354
15722.4972955 1.00361
15722.6532268 0.907423
15722.8091532 0.968473
15722.9650747 1.02826
15723.1209912 0.953282
15723.2769029 0.842502
15723.4328097 0.962685
15723.5887116 0.981808
15723.7446086 0.935513
15723.9005007 0.887986
15728.1077364 0.92486
15728.2634914 1.00856
15728.4192414 0.858694
15728.5749866 0.936115
15728.7307269 0.946021
15728.8864622 0.835989
15729.0421927 1.04682
15729.1979183 0.971292
15729.353639 1.01162
15729.5093547 0.989785
15729.6650656 0.991325
15729.8207716 0.93292
15729.9764727 0.932061
15730.1321688 0.953807
15732.3114007 0.92243
15736.3559966 0.945724
15736.5114918 0.966081
15736.6669821 0.924101
15736.8224675 0.907616
15736.977948 0.944283
15737.1334235 0.874132
15737.2888942 0.948912
15739.4649685 0.876701
15739.6203656 1.0149
15739.7757578 0.895876
15739.9311451 1.00694
15740.0865274 0.999639
15740.2419049 0.909589
15740.3972775 0.928943
15740.5526451 0.945958
15740.7080079 0.880231
15740.8633657 0.952362
15741.0187186 0.883652
15741.1740667 0.884139
15741.3294098 0.908259
15741.484748 0.97805
15741.6400813 0.93151
15741.7954097 0.88503
15741.9507332 0.959687
15742.1060518 1.0051
15742.2613654 0.868038
15742.4166742 0.841864
15742.5719781 0.799647
15742.727277 0.934884
15742.8825711 0.838359
15743.0378602 0.854147
15743.1931444 0.877018
15743.3484238 0.83518
15743.5036982 0.87361
15743.6589677 0.842443
15743.8142323 0.881794
15743.969492 0.828196
15744.1247467 0.768625
15744.2799966 0.765037
15744.4352416 0.764144
15744.5904816 0.821547
15744.7457168 0.771221
15744.900947 0.839598
15745.0561723 0.794524
15745.2113927 0.869802
15745.3666083 0.844598
15745.5218189 0.932227
15745.6770245 0.810996
15745.8322253 0.898638
15745.9874212 0.688958
15746.1426121 0.849319
15746.2977982 0.933922
15746.4529793 0.932249
15746.6081556 0.938096
15746.7633269 0.81846
15746.9184933 1.01308
15747.0736548 0.946334
15749.2454001 0.966235
15749.400488 1.03036
15749.5555709 1.01093
15749.7106489 0.920366
15749.865722 0.94834
15750.0207902 0.906293
15750.1758534 0.899046
15750.3309118 0.868903
15750.4859653 0.897223
15750.6410138 0.862143
15750.7960574 0.857249
15750.9510961 0.908363
15751.1061299 0.955119
15751.2611588 0.733861
15751.4161828 0.803774
15751.5712018 0.921731
15751.726216 0.830679
15751.8812252 0.911568
15752.0362295 0.862935
15752.1912289 0.774396
15752.3462234 0.814194
15752.501213 0.744156
15752.6561977 0.819837
15752.8111774 0.818448
15752.9661522 0.852774
15753.1211222 0.773048
15755.290185 0.974801
15755.4450812 0.890895
15755.5999725 0.814932
15755.7548589 0.963497
15755.9097403 0.96822
15756.0646169 0.969436
15762.5649912 0.880371
15762.7196563 0.958059
15762.8743164 0.932269
15763.0289717 0.990024
15763.183622 0.948905
15763.3382674 0.99231
15763.4929078 0.919743
15763.6475434 0.886733
15763.802174 0.998309
15765.9664861 1.02092
15766.1210429 0.869326
15766.2755948 0.919803
15766.4301417 0.981811
15766.5846838 0.92892
15766.7392209 0.994555
15766.8937531 0.966074
15767.0482804 0.817835
15767.2028027 0.880681
15767.3573202 0.949032
15767.5118327 0.760462
15767.6663402 0.826255
15767.8208429 0.903795
15767.9753406 0.71526
15768.1298335 0.838906
15768.2843214 0.704688
15768.4388043 0.740999
15768.5932824 0.581
15768.7477555 0.829194
15768.9022237 0.755145
15769.056687 0.689155
15769.2111453 0.876662
15769.3655987 0.776609
15769.5200472 0.79818
15769.6744908 0.742003
15769.8289295 0.758391
15769.9833632 0.806091
15770.137792 0.783059
15770.2922159 0.839081
15770.4466348 0.880637
15770.6010489 0.782763
15770.755458 0.957561
15770.9098622 0.903264
15771.0642614 0.935274
15771.2186558 0.983739
15771.3730452 0.8316
15771.5274297 0.849142
15771.6818092 0.836447
15771.8361838 0.87169
15771.9905535 0.846222
15772.1449183 0.802332
15772.2992782 0.750912
15772.4536331 0.875849
15772.6079831 0.757826
15772.7623282 0.907075
15772.9166683 0.917178
15773.0710036 0.77057
15773.2253339 0.907141
15773.3796592 0.821524
15775.5396971 0.999101
15775.6939486 0.893076
15775.8481952 0.992713
15776.0024368 1.00498
15776.1566734 0.905889
15776.3109052 0.899252
15776.465132 0.923177
15776.6193539 0.930594
15776.7735709 0.863181
15776.9277829 0.96933
15777.0819901 0.854685
15777.2361922 0.965024
15777.3903895 0.956061
15777.5445818 0.992454
15777.6987692 0.905024
15777.8529517 0.904436
15778.0071292 0.820687
15778.1613018 0.949886
15778.3154695 0.912433
15787.8642349 0.898695
15788.0180919 0.865928
15788.1719439 0.958412
15788.325791 0.939448
15788.4796331 0.974911
15788.6334703 1.00631
15788.7873026 1.04471
15788.9411299 0.822995
15789.0949523 0.988074
15789.2487698 0.869837
15789.4025823 0.997772
15792.1703636 0.953678
15792.3240823 0.905952
15792.4777961 0.945174
15795.3974196 1.02678
15795.5510347 1.01704
15797.701126 0.956824
15797.8546669 0.855499
15798.0082029 1.00847
15798.1617339 0.996066
15798.31526 0.904551
15798.4687811 0.935185
15798.6222973 0.981504
15803.0721168 0.71496
15803.2254847 0.959604
15803.3788477 0.95932
15803.5322057 0.95946
15803.6855587 0.959177
15803.8389069 0.959919
15803.99225 0.960361
15809.6624704 0.959846
15809.8156256 0.960021
15809.9687758 0.959059
15810.1219211 0.958979
15810.2750615 0.959782
15810.4281969 0.959703
15857.1565614 0.949405
15857.3081698 0.949444
15857.4597733 0.949282
15857.6113717 0.949121
15857.7629652 0.949016
15857.9145537 0.949122
15858.0661372 0.948696
15858.2177157 0.948747
15858.3692893 0.948588
15858.5208579 0.94771
15858.6724215 0.939873
15858.8239801 0.804291
15858.9755338 0.95371
15859.1270824 0.949204
15859.2786261 0.947022
15859.4301649 0.881815
15859.5816986 0.836718
15859.7332273 0.789106
15859.8847511 0.931677
15860.0362699 0.951413
15860.1877837 0.836864
15860.3392926 0.840393
15860.4907965 0.928378
15860.6422953 0.940963
15860.7937892 0.981562
15860.9452782 0.97898
15874.2567935 1.03493
15874.4078389 0.987408
15874.5588793 0.959267
15874.7099148 0.898735
15874.8609452 0.7252
15875.0119706 0.951501
15875.1629911 0.986736
15877.2767537 0.863243
15877.4276993 0.988673
15877.5786399 0.887025
15877.7295756 0.908449
15877.8805062 0.882377
15878.0314319 1.04977
15878.1823526 0.897887
15878.3332683 0.982212
15878.484179 0.988372
15878.6350847 0.862888
15878.7859854 1.00024
15878.9368811 0.994749
15879.0877718 0.905111
15879.2386576 0.985149
15879.3895383 0.874275
15879.5404141 0.908726
15879.6912849 0.951235
15879.8421507 0.956671
15879.9930115 0.917438
15882.1045385 0.837117
15882.2553244 0.911056
15882.4061053 0.955421
15882.5568812 0.771176
15882.7076522 0.843156
15882.8584181 0.82385
15883.0091791 0.812645
15883.159935 1.00107
15886.4753029 0.856718
15886.625944 1.00698
15886.7765801 0.954202
15886.9272112 0.894654
15887.0778373 0.940355
15887.2284585 0.84496
15887.3790746 0.931052
15887.5296857 0.870549
15887.6802919 0.908482
15887.830893 0.850803
15887.9814891 0.913923
15888.1320803 0.950807
15888.2826664 0.840325
15888.4332476 0.93521
15888.5838238 0.880379
15888.7343949 0.878115
15888.8849611 0.829344
15890.9923628 0.799139
15891.1428541 0.961777
15891.2933403 0.773898
15891.4438215 0.702648
15891.5942977 0.754005
15891.744769 0.747498
15891.8952352 0.815071
15892.0456964 0.741017
15892.1961526 0.814185
15894.302015 0.90648
15894.4523963 0.82688
15894.6027725 0.929212
15894.7531438 0.915782
15897.1584037 0.972897
15900.914059 0.916143
15901.0642202 0.932769
15901.2143764 0.970951
15901.3645276 0.920255
15901.5146737 0.903967
15901.6648149 0.792366
15901.8149511 0.935311
15901.9650822 0.930927
15902.1152084 0.822097
15902.2653295 0.974271
15902.4154457 0.950341
15902.5655568 0.963086
15902.7156629 0.88968
15902.8657641 0.924241
15903.0158602 0.890787
15903.1659513 0.953392
15903.3160374 0.990785
15903.4661185 0.93854
15903.6161946 0.933827
15903.7662657 0.915138
15903.9163318 0.922109
15904.0663929 0.944882
15904.216449 1.03373
15904.3665001 0.775479
15904.5165461 0.985507
15904.6665872 0.852767
15904.8166233 0.947563
15904.9666543 0.951626
15905.1166804 1.01373
15905.2667014 0.974995
15905.4167174 0.867842
15905.5667285 0.974967
15905.7167345 0.8771
15905.8667355 1.02923
15906.0167315 1.00673
15906.1667225 0.88219
15906.3167085 1.04155
15906.4666895 0.988828
15906.6166655 0.981984
15906.7666365 0.995522
15906.9166025 1.03941
15907.0665634 0.940438
15907.2165194 0.893444
15907.3664703 1.02521
15907.5164163 0.906131
15907.6663572 0.851077
15907.8162931 0.929449
15907.966224 0.806571
15908.11615 0.912357
15908.2660709 0.94477
15908.4159868 0.988439
15908.5658976 0.822242
15908.7158035 0.903473
15908.8657044 0.856571
15909.0156002 0.834174
15909.1654911 0.749528
15909.3153769 0.960131
15909.4652578 0.89726
15909.6151336 0.957091
15909.7650044 0.980305
15909.9148702 0.993773
15910.064731 1.00949
15910.2145868 0.913053
15910.3644376 0.961994
15910.5142834 0.899341
15918.8976494 0.970498
15919.0472095 1.00128
15919.1967646 0.94631
15919.3463146 0.844577
15919.4958597 0.905722
15919.6453997 0.983778
15919.7949348 0.918173
15919.9444648 0.961399
15920.0939898 0.899508
15920.2435098 0.903544
15920.3930247 0.983119
15920.5425347 0.969391
15920.6920396 0.943686
15920.8415396 1.00547
15920.9910345 0.968177
15921.1405244 1.02582
15921.2900092 0.992269
15921.4394891 1.00469
15921.588964 0.946566
15921.7384338 1.02225
15921.8878986 0.893513
15922.0373584 0.929539
15922.1868132 0.829214
15922.3362629 1.04577
15922.4857077 1.03566
15922.6351474 1.02196
15922.7845821 0.870769
15922.9340118 0.859109
15923.0834365 0.89718
15923.2328562 0.906486
15923.3822709 1.0064
15923.5316805 0.863812
15923.6810851 0.941279
15923.8304847 1.0085
15923.9798793 0.953803
15924.1292688 0.949462
15924.2786534 0.967738
15924.4280329 0.870049
15924.5774074 0.897139
15924.7267769 0.860025
15924.8761414 0.965345
15925.0255009 0.921192
15925.1748553 0.974361
15925.3242047 0.962049
15925.4735491 0.953915
15925.6228885 0.936487
15925.7722229 0.952099
15925.9215522 0.983473
15926.0708766 0.955999
15926.2201959 1.01473
15926.3695102 0.89797
15926.5188194 0.863146
15926.6681237 0.954819
15926.8174229 1.0496
15926.9667172 0.960985
15927.1160064 0.953631
15927.2652905 0.858055
15927.4145697 0.998739
15927.5638438 0.998151
15927.713113 0.979264
15927.8623771 0.967499
15928.0116361 0.945589
15928.1608902 0.947105
15928.3101393 1.00567
15928.4593833 0.931003
15930.5482725 0.909565
15930.6974412 0.903484
15930.8466049 0.9359
15932.9343693 0.961543
15935.0211492 0.930597
15935.1701673 0.971002
15935.3191803 0.968498
15935.4681883 0.968337
15935.6171912 1.01108
15935.7661892 0.81445
15935.9151821 0.919054
15936.06417 0.928933
15936.2131529 0.944804
15936.3621307 1.01273
15936.5111035 0.923779
15936.6600713 0.925026
15936.8090341 0.951903
15938.8939851 0.981214
15939.0428725 1.03619
15939.1917549 0.950039
15939.3406322 1.00356
15939.4895045 0.969229
15939.6383718 1.00578
15939.787234 0.868026
15939.9360913 0.869477
15940.0849435 0.927956
15940.2337906 0.879994
15940.3826328 1.0214
15940.5314699 1.00476
15940.680302 1.02004
15940.829129 0.959203
15940.9779511 0.889998
15941.1267681 0.765073
15941.27558 0.958457
15941.424387 0.947892
15941.5731889 0.904337
15941.7219858 0.882707
15941.8707777 0.987615
15942.0195645 0.945139
15942.1683463 0.993084
15942.3171231 0.961799
15942.4658949 0.976927
15942.6146616 0.834552
15942.7634233 0.936251
15942.91218 0.868429
15943.0609316 0.971639
15943.2096782 0.951387
15943.3584198 0.983923
15943.5071564 0.960055
15943.6558879 0.960923
15943.8046144 0.828236
15943.9533358 0.993056
15944.1020523 0.859496
15944.2507637 0.917795
15944.3994701 0.908938
15944.5481714 0.916201
15944.6968677 0.983356
15944.845559 1.03143
15944.9942453 0.991804
15945.1429265 0.954657
15945.2916027 0.953696
15945.4402739 0.905148
15945.58894 0.889246
15945.7376012 1.04488
15945.8862572 0.927093
15946.0349083 0.94656
15946.1835543 1.03421
15946.3321953 0.96636
15946.4808313 0.842589
15946.6294622 0.91029
15946.7780881 0.929145
15946.9267089 0.937853
15947.0753248 0.935297
15947.2239356 0.944504
15947.3725414 0.934279
15947.5211421 1.02663
15947.6697378 1.02998
15947.8183285 0.922227
15947.9669141 0.923412
15948.1154947 0.951004
15948.2640703 1.04973
15948.4126409 1.00848
15948.5612064 0.962311
15948.7097669 0.94241
15948.8583223 1.02431
15949.0068728 0.901465
15949.1554182 0.840717
15949.3039585 0.918615
15949.4524939 0.870497
15949.6010241 0.915979
15949.7495494 0.884742
15949.8980696 0.963174
15950.0465848 0.816938
15950.195095 0.947141
15950.3436001 0.927825
15950.4921002 0.989812
15954.6480592 0.93029
15954.7964133 0.96574
15954.9447624 0.982845
15955.0931064 0.831147
15955.2414454 0.992132
15955.3897793 0.785778
15955.5381083 0.987117
15955.6864321 0.979203
15955.834751 0.916247
15955.9830648 1.0323
15956.1313736 0.982624
15956.2796773 0.85491
15956.427976 0.919017
15956.5762697 0.841284
15956.7245583 0.944539
15956.8728419 0.958486
15957.0211205 0.891171
15957.169394 0.82215
15957.3176625 0.83609
15957.4659259 0.829187
15957.6141843 0.846975
15957.7624377 0.90805
15957.910686 0.868573
15958.0589293 0.955147
15958.2071676 0.917816
15958.3554008 0.971698
15958.503629 0.929769
15958.6518521 0.964563
15958.8000702 0.993332
15958.9482833 0.837072
15959.0964913 0.935425
15959.2446943 0.881514
15959.3928923 0.956155
15959.5410852 0.936183
15959.6892731 0.981691
15959.8374559 0.977832
15959.9856337 0.910457
15960.1338065 0.915163
15960.2819742 0.921019
15960.4301369 0.970241
15960.5782945 1.04639
15960.7264471 0.981119
15960.8745947 0.993398
15961.0227372 0.991574
15961.1708747 1.00238
15961.3190072 0.982365
15961.4671346 0.890587
15961.6152569 0.800469
15961.7633743 1.01937
15961.9114866 0.914718
15962.0595938 0.920335
15962.207696 0.970589
15962.3557932 0.830692
15962.5038853 0.720166
15962.6519724 0.812395
15962.8000544 0.809981
15962.9481315 0.911329
15963.0962034 0.855587
15963.2442703 0.845241
15963.3923322 0.743645
15963.5403891 0.807942
15963.6884409 0.870521
15963.8364876 0.813212
15963.9845294 0.740836
15964.1325661 0.962828
15964.2805977 0.879696
15964.4286243 0.92974
15964.5766458 0.867601
15964.7246624 0.892123
15964.8726738 0.893009
15965.0206803 0.903803
15965.1686817 0.927075
15965.316678 1.00268
15965.4646693 1.0262
15965.6126556 0.87872
15965.7606368 0.860971
15965.908613 0.944198
15966.0565841 0.988592
15966.2045502 0.845774
15966.3525113 0.753048
15966.5004673 0.950594
15966.6484182 0.897019
15966.7963642 0.939639
15966.9443051 0.858672
15967.0922409 0.974485
15967.2401717 0.902666
15967.3880974 0.830466
15967.5360182 0.840985
15967.6839338 0.964686
15967.8318444 0.941603
15967.97975 1.0171
15968.1276506 0.966201
15968.2755461 0.99448
15968.4234365 0.869946
15968.5713219 0.962443
15968.7192023 0.920213
15968.8670776 0.943475
15969.0149479 1.02963
15969.1628131 0.888994
15969.3106733 0.971869
15969.4585284 0.970143
15969.6063785 0.910321
15969.7542236 0.87518
15969.9020636 0.871759
15970.0498985 1.02446
15970.1977285 0.989262
15970.3455533 0.949956
15970.4933732 0.970797
15970.6411879 0.789508
15970.7889977 0.890692
15975.0732851 0.989412
15975.2209434 0.992754
15975.3685967 0.961836
15975.516245 0.948689
15975.6638882 0.960493
15975.8115263 0.989457
15975.9591594 0.900864
15976.1067875 0.890853
15976.2544105 0.884168
15979.795848 0.918914
15979.9433448 0.989294
15980.0908365 0.937767
15980.2383231 0.871048
15980.3858048 0.962785
15980.5332813 0.956552
15980.6807529 0.992931
15980.8282193 1.04248
15980.9756807 0.925791
15981.1231371 0.958542
15981.2705884 0.949843
15981.4180347 0.967362
15981.5654759 0.998
15983.6291224 1.02416
15983.7764878 0.690182
15983.9238482 0.921595
15984.0712035 0.96055
15984.2185538 0.899994
15984.365899 0.938268
15984.5132391 0.893534
15984.6605742 0.813732
15984.8079043 0.929412
15984.9552293 0.905576
15985.1025492 0.992595
15985.2498641 1.02303
15985.397174 0.865638
15985.5444788 0.884302
15985.6917785 0.887121
15985.8390732 0.866622
15988.9310938 1.00054
15989.0782773 0.904203
15989.2254557 1.00241
15989.372629 0.992438
15989.5197973 0.922319
15989.6669606 0.991793
15989.8141188 0.935798
15989.9612719 0.93701
15990.10842 1.01464
15990.255563 0.990674
15990.402701 0.990643
15990.5498339 1.0387
15990.6969617 0.916382
15990.8440845 0.933884
15990.9912022 0.938612
15991.1383149 0.832121
15991.2854225 0.89904
15991.4325251 0.985904
15991.5796226 0.93819
15991.726715 0.941219
15991.8738024 0.971983
15993.9324948 0.979929
15994.0795063 0.959157
15998.4874989 0.981061
15998.6343536 0.947616
15998.7812031 0.951179
15998.9280477 1.00046
15999.0748871 0.96071
15999.2217215 1.01153
15999.3685509 0.970315
15999.5153751 0.944878
15999.6621943 0.977473
15999.8090085 0.971889
15999.9558176 0.903134
16000.1026216 0.958885
16000.2494206 0.834807
16000.3962145 0.918758
16000.5430033 0.940154
16000.6897871 0.921456
16000.8365658 0.943597
16000.9833394 0.888942
16001.130108 0.907128
16001.2768715 0.928538
16006.8501327 0.949067
16006.9966987 0.997061
16007.1432596 0.885417
16007.2898155 0.977801
16007.4363663 0.950733
16007.582912 0.843345
16007.7294527 0.955523
16007.8759882 1.00661
16008.0225188 0.801015
16008.1690442 0.904706
16008.3155646 0.811269
16008.4620799 0.866948
16008.6085902 0.897127
16008.7550954 0.839538
16008.9015955 0.926086
16009.0480905 0.939658
16009.1945805 0.911558
16009.3410654 1.04539
16009.4875453 0.844266
16009.6340201 0.952978
16009.7804898 0.859353
16009.9269544 0.797003
16010.073414 0.893594
16010.2198685 0.830963
16010.3663179 0.775338
16010.5127623 0.878832
16010.6592016 0.939577
16010.8056358 0.845315
16010.952065 0.877058
16011.0984891 1.01056
16011.2449081 0.912226
16011.3913221 0.954674
16011.5377309 0.948065
16011.6841348 0.905113
16011.8305335 0.893418
16011.9769272 0.910163
16012.1233158 0.896264
16012.2696993 0.806794
16012.4160778 1.00719
16012.5624512 0.917585
16012.7088195 1.01809
16012.8551828 0.924387
16013.001541 1.00603
16013.1478941 0.949718
16013.2942421 0.927989
16013.4405851 0.923675
16013.586923 0.994949
16013.7332558 0.99737
16016.8050739 0.868037
16016.9512952 0.918524
16017.0975114 0.852218
16024.1099215 1.03405
16024.2558891 0.974854
16024.4018515 0.891115
16024.5478089 0.937328
16024.6937612 0.854446
16024.8397084 0.784165
16024.9856505 0.950437
16025.1315876 1.01954
16025.2775196 0.807829
16025.4234465 0.897293
16025.5693684 0.894259
16033.2959574 1.00729
16033.4416049 0.921855
16036.9356205 0.916123
16038.9724439 1.00487
16042.1711525 1.01481
16042.3164898 1.03073
16042.4618221 0.856318
16045.6578444 0.977992
16045.8030596 0.937163
16050.8823852 0.851591
16051.0274171 0.95755
16051.172444 0.834041
16051.3174657 0.938062
16051.4624824 0.832175
16053.7820563 0.934868
16053.9269864 0.936768
16054.0719113 0.910545
16054.2168312 0.968471
16054.361746 0.991947
16054.5066557 0.971165
16054.6515603 0.96105
16054.7964598 0.89432
16054.9413542 0.966992
16055.0862435 1.00797
16055.2311277 1.00915
16055.3760068 1.02291
16055.5208809 0.978122
16055.6657498 1.03849
16058.2725191 0.974455
16058.4172912 0.976498
16063.0473068 0.816927
16063.1919107 1.02827
16063.3365094 0.859689
16063.4811031 0.984279
16063.6256916 0.986808
16063.7702751 0.837231
16063.9148534 1.02744
16064.0594267 0.872198
16064.2039948 0.989599
16064.3485579 0.961479
16064.4931159 0.978102
16064.6376687 0.888956
16064.7822165 0.899428
16068.5386673 0.961469
16068.6830773 1.03325
16068.8274822 0.878688
16068.971882 0.936621
16071.7145083 0.976568
16071.858806 0.932006
16072.0030986 0.907686
16075.3204193 0.9582
16075.4645894 0.89443
16075.6087543 0.871356
16075.7529142 0.910731
16075.8970689 0.977666
16076.0412185 0.960752
16076.1853631 0.97236
16076.3295025 0.952186
16076.4736368 0.98482
16076.617766 0.924816
16076.7618901 0.872278
16076.906009 1.03084
16077.0501229 0.928977
16077.1942317 0.921349
16077.3383353 0.986883
16077.4824339 0.975155
16077.6265273 0.896462
16077.7706157 0.937195
16077.9146989 0.891957
16086.4065638 0.960271
16086.5503404 0.844754
16086.6941118 0.982217
16086.8378781 0.899035
16086.9816394 0.914939
16087.1253954 0.943567
16087.2691464 0.918624
16087.4128923 0.933667
16087.5566331 0.97655
16087.7003687 0.900605
16087.8440992 1.04063
16087.9878246 0.891096
16088.1315449 1.03976
16088.2752601 0.867188
16088.4189702 1.0262
16088.5626751 0.97641
16088.706375 1.00148
16091.4356999 0.920346
16091.5792975 0.865553
16091.7228899 0.989038
16091.8664771 0.921116
16092.0100593 0.926605
16092.1536364 0.878343
16092.2972083 0.982617
16095.0241027 1.01571
16095.1675723 0.98302
16095.3110368 0.953248
16095.4544961 0.899182
16095.5979503 1.00382
16095.7413994 0.815387
16095.8848434 0.942153
16096.0282822 0.895946
16096.171716 0.842606
16096.3151446 0.838648
16096.4585681 0.839127
16096.6019865 0.846369
16096.7453998 0.886343
16096.8888079 0.868384
16097.0322109 0.858797
16097.1756088 0.886487
16097.3190016 0.952237
16097.4623893 0.785169
16097.6057718 0.765976
16097.7491492 0.802637
16097.8925215 0.869368
16098.0358887 0.842286
16098.1792508 0.858731
16098.3226077 0.788263
16098.4659595 0.872263
16098.6093062 0.822766
16098.7526478 0.844379
16098.8959843 0.830958
16099.0393156 0.867179
16099.1826418 0.921052
16099.3259629 0.957467
16099.4692789 0.984126
16099.6125897 0.979947
16099.7558955 0.989771
16099.8991961 0.888211
16100.0424916 0.91617
16100.1857819 0.934503
16100.3290672 1.00337
16100.4723473 0.851817
16100.6156223 0.977541
16100.7588922 0.864975
16100.9021569 0.995619
16101.0454165 0.876581
16101.188671 0.938819
16101.3319204 0.914131
16101.4751647 0.926188
16103.4800465 0.779166
16103.6232139 0.887246
16103.7663762 0.893546
16103.9095333 0.830209
16104.0526854 0.914887
16104.1958323 0.822346
16104.3389741 0.98515
16104.4821107 0.88156
16104.6252423 0.94531
16104.7683687 0.936311
16104.91149 0.879742
16105.0546062 0.828748
16105.1977172 0.901921
16105.3408231 0.882401
16105.4839239 0.915728
16105.6270196 0.811686
16105.7701102 1.00344
16105.9131956 0.899787
16106.0562759 0.897237
16106.199351 0.885049
16106.3424211 0.907507
16106.485486 0.927693
16106.6285458 0.917678
16106.7716005 0.853
16106.91465 0.895855
16107.0576944 0.988171
16107.2007337 0.978922
16107.3437679 0.896317
16107.4867969 0.90932
16107.6298208 0.935267
16107.7728396 0.839322
16107.9158533 0.879949
16108.0588618 0.860876
16108.2018652 0.997848
16108.3448635 0.925418
16108.4878566 0.931764
16108.6308447 0.961174
16108.7738276 0.975224
16108.9168053 0.903938
16109.059778 0.886474
16109.2027455 0.871737
16109.3457079 0.959089
16109.4886651 1.04437
16109.6316173 0.885533
16109.7745643 0.873622
16109.9175062 0.841964
16110.0604429 1.00509
16110.2033745 0.89477
16110.346301 0.902959
16110.4892224 0.861765
16110.6321386 0.810016
16110.7750497 0.859521
16110.9179557 0.849085
16111.0608566 0.896313
16111.2037523 0.998717
16111.3466429 0.911612
16111.4895284 0.920325
16111.6324087 0.974843
16111.7752839 0.898031
16111.918154 0.908611
16112.061019 0.923802
16112.2038788 0.992477
16112.3467335 0.972081
16112.4895831 0.841491
16112.6324275 0.907847
16112.7752668 0.9099
16112.918101 0.927688
16113.06093 0.818642
16113.203754 0.96045
16113.3465727 0.962605
16113.4893864 0.918784
16113.6321949 0.892413
16113.7749983 0.900309
16113.9177966 0.829232
16114.0605897 0.970937
16114.2033778 0.771573
16114.3461606 0.832938
16114.4889384 0.90155
16114.631711 1.01758
16114.7744785 0.829751
16114.9172409 0.853143
16115.0599981 0.885081
16115.2027502 0.909618
16115.3454971 0.996505
16115.488239 1.01788
16115.6309757 0.876276
16115.7737073 0.924474
16115.9164337 0.950083
16116.059155 0.912765
16116.2018712 0.959136
16116.3445822 0.951786
16116.4872881 0.844952
16116.6299889 0.892433
16116.7726846 0.936831
16116.9153751 0.909285
16117.0580605 0.878129
16117.2007408 0.942523
16117.3434159 0.915273
16117.4860859 0.864469
16117.6287507 0.905074
16117.7714105 0.985199
16117.9140651 1.00378
16118.0567145 1.0107
16118.1993588 0.918542
16118.341998 0.82546
16118.4846321 0.871383
16118.627261 0.881238
16118.7698848 0.951178
16120.766079 0.946872
16120.9086258 0.932904
16121.0511675 0.820427
16121.193704 1.00536
16121.3362354 1.00233
16121.4787616 0.924577
16121.6212828 1.03344
16121.7637988 0.961952
16121.9063096 0.966498
16122.0488153 0.92715
16122.1913159 0.944823
16122.3338114 0.909203
16122.4763017 0.927122
16122.6187869 0.852204
16122.7612669 1.03699
16122.9037418 0.992389
16123.0462116 0.973641
16123.1886762 0.917284
16123.3311357 0.912872
16123.4735901 0.8175
16123.6160393 0.875979
16123.7584834 1.02848
16131.3006685 0.925273
16131.4428352 0.883854
16131.5849966 0.902959
16131.727153 0.911518
16131.8693042 0.938068
16136.4154278 0.984361
16138.4027008 0.882806
16138.5446103 0.94578
16138.6865147 1.01312
16138.8284139 0.797564
16138.9703079 0.922535
16139.1121968 0.733411
16139.2540806 0.818254
16139.3959592 0.89785
16139.5378327 0.982079
16139.679701 0.847729
16139.8215642 0.918387
16139.9634222 0.902124
16140.1052751 0.96552
16140.2471229 0.876868
16140.3889655 0.964158
16140.5308029 0.990205
16140.6726352 0.979506
16140.8144624 0.993796
16140.9562844 0.849134
16141.0981012 0.93025
16141.239913 0.920361
16143.2247366 0.860201
16147.0497613 1.04161
16147.1913568 0.989495
16149.1731529 1.03753
16149.3146711 0.927475
16149.4561842 0.959183
16149.5976921 0.932907
16149.7391949 0.975903
16149.8806925 0.95085
16150.022185 0.920192
16150.1636723 0.948971
16150.3051545 0.936139
16150.4466315 0.990471
16150.5881034 0.937387
16150.7295701 0.97629
16150.8710316 0.980768
16151.012488 0.958818
16153.1337158 0.960342
16153.2750898 0.988651
16156.8077635 0.955523
16156.9490034 0.878483
16157.0902382 0.872487
16157.2314678 0.877254
16157.3726922 0.909234
16157.5139115 0.998677
16157.6551257 1.01725
16157.7963347 1.01641
16157.9375385 0.963215
16166.118535 0.842248
16166.2594345 0.856553
16166.4003288 0.814611
16166.5412179 0.96569
16166.6821018 0.891913
16166.8229806 0.929336
16166.9638543 0.906481
16167.1047227 0.802964
16167.245586 0.847079
16167.3864442 0.847125
16167.5272972 0.913324
16167.668145 0.821939
16167.8089877 0.762561
16167.9498251 0.864245
16168.0906575 0.850155
16168.2314847 0.932326
16168.3723067 0.948656
16168.5131235 0.861026
16168.6539352 0.830604
16168.7947417 0.879614
16168.9355431 0.931824
16169.0763392 0.868905
16169.2171303 0.80496
16169.3579161 0.85937
16169.4986968 0.930808
16169.6394724 0.888371
16169.7802428 0.890849
16169.921008 0.884731
16170.061768 0.971358
16174.1415626 0.84976
16174.2821677 0.904359
16174.4227676 0.830633
16174.5633623 0.857216
16174.7039519 0.883439
16174.8445363 0.880291
16174.9851156 0.851296
16175.1256897 0.936474
16177.7956154 0.851544
16177.9360861 0.957532
16178.0765517 0.841683
16178.2170121 0.825681
16178.3574673 0.864684
16178.4979173 0.95943
16178.6383622 0.892256
16178.7788019 0.95508
16178.9192364 0.879668
16179.0596658 0.90146
16179.20009 0.913697
16179.340509 0.980205
16179.4809229 0.983736
16179.6213316 0.828002
16179.7617351 0.865648
16179.9021335 0.911327
16180.0425266 1.00396
16180.1829147 0.931502
16180.3232975 0.816374
16180.4636752 0.921998
16180.6040477 0.841265
16180.744415 0.982361
16180.8847772 0.913643
16181.0251341 0.931462
16181.165486 0.918485
16181.3058326 0.896519
16181.4461741 0.83387
16181.5865104 0.949596
16181.7268415 0.88605
16181.8671675 0.846305
16182.0074883 0.873241
16182.1478039 0.90919
16182.2881143 0.849377
16182.4284196 0.980218
16182.5687197 0.884999
16182.7090146 1.00485
16182.8493044 0.885072
16182.989589 0.946522
16183.1298684 0.776896
16183.2701426 0.836266
16183.4104117 0.801845
16183.5506756 0.860782
16183.6909343 0.863496
16183.8311879 0.888657
16183.9714363 0.838287
16184.1116795 0.846299
16184.2519175 1.03881
16184.3921504 0.913345
16184.5323781 0.940355
16184.6726006 0.926692
16184.8128179 0.849897
16184.9530301 0.863142
16185.0932371 0.861429
16185.2334389 0.896469
16185.3736356 0.867859
16185.5138271 0.990939
16185.6540134 0.879943
16185.7941945 0.978534
16185.9343704 0.935247
16186.0745412 1.01008
16186.2147068 0.994806
16186.3548673 0.93896
16188.31657 0.933697
16188.4566529 0.850638
16188.5967305 0.88066
16188.736803 0.967472
16188.8768702 0.897554
16189.0169324 0.864919
16189.1569893 0.989514
16189.297041 0.895004
16189.4370876 0.92188
16191.3971963 0.913501
16191.5371652 0.778712
16191.677129 0.880932
16191.8170876 0.964842
16191.957041 0.950083
16192.0969892 0.835665
16192.2369322 0.893429
16192.3768701 0.960284
16192.5168028 0.779289
16196.7123754 1.01232
16196.8521476 0.900016
16196.9919145 0.955624
16197.1316763 0.817727
16197.2714329 0.909479
16197.4111843 0.974704
16197.5509305 0.896053
16197.6906716 0.909073
16197.8304074 0.940176
16197.9701381 0.890672
16198.1098636 0.934231
16198.249584 1.00352
16198.3892991 0.975219
16198.5290091 0.964941
16198.6687139 0.867717
16198.8084135 0.964077
16198.9481079 0.868379
16199.0877971 0.890994
16199.2274812 0.837006
16199.36716 0.875377
16199.5068337 0.913954
16199.6465022 0.867428
16199.7861656 0.902352
16199.9258237 0.890376
16200.0654767 0.925795
16200.2051244 0.959804
16200.344767 0.785667
16200.4844044 0.838244
16200.6240367 0.850981
16200.7636637 0.832594
16200.9032856 0.898075
16201.0429023 0.811863
16201.1825137 0.854195
16201.3221201 0.856345
16201.4617212 0.751288
16201.6013171 0.827566
16201.7409079 0.765351
16201.8804935 0.786023
16202.0200739 0.956354
16202.1596491 0.97495
16202.2992191 0.944392
16202.438784 0.926546
16202.5783436 0.929654
16202.7178981 0.934911
16202.8574474 0.994393
16202.9969915 0.879272
16203.1365304 1.03859
16203.2760641 1.00003
16203.4155927 0.835113
16203.5551161 0.941228
16203.6946342 0.924213
16205.6473444 0.858253
16205.7867848 0.840315
16205.92622 0.975584
16206.06565 1.0068
16206.2050748 0.8364
16206.3444945 0.855257
16206.483909 0.984748
16206.6233182 0.817131
16206.7627223 0.94867
16206.9021212 0.97691
16207.041515 0.901792
16207.1809035 0.956904
16207.3202869 0.906653
16207.459665 0.825618
16207.599038 0.882304
16210.6639309 0.866357
16210.8031845 0.851118
16210.9424329 1.0018
16211.0816762 0.912729
16211.2209143 1.00184
16211.3601472 0.84157
16211.4993749 0.813557
16211.6385974 0.874653
16211.7778147 0.918444
16211.9170268 0.834321
16212.0562338 0.91402
16212.1954355 0.903749
16212.3346321 0.885541
16212.4738234 0.871705
16212.6130096 0.888248
16212.7521906 0.983482
16212.8913664 0.957561
16213.030537 1.00479
16213.1697024 0.85454
16213.3088626 0.988456
16213.4480176 1.00705
16213.5871675 1.02128
16213.7263121 0.936484
16213.8654516 1.04571
16214.0045858 0.918246
16214.1437149 1.02002
16214.2828388 0.919116
16214.4219575 0.964906
16214.561071 0.905318
16214.7001793 1.02049
16214.8392824 0.816292
16214.9783803 0.988093
16215.1174731 0.902793
16215.2565606 0.998563
16215.395643 0.884274
16215.5347201 1.01314
16215.6737921 0.857189
16215.8128589 0.895253
16215.9519204 0.948129
16216.0909768 0.873028
16216.230028 0.834403
16216.369074 0.852659
16216.5081148 0.900815
16216.6471505 0.901511
16216.7861809 0.944207
16216.9252061 0.87398
16217.0642261 0.814298
16217.203241 0.774275
16217.3422506 0.942235
16217.4812551 0.975894
16217.6202544 0.992656
16217.7592484 0.932353
16217.8982373 0.865454
16218.037221 0.82517
16218.1761995 0.820263
16218.3151728 0.872978
16218.4541409 0.926039
16218.5931038 0.806447
16218.7320615 1.01006
16218.871014 0.941463
16219.0099613 0.788394
16219.1489034 0.834866
16219.2878404 0.888472
16219.4267721 0.92037
16219.5656987 0.907357
16219.70462 0.926849
16225.6733225 0.859492
16225.8120152 0.967062
16225.9507027 1.04155
16226.0893849 0.928322
16226.228062 0.93248
16231.7708816 0.978022
16231.9093454 0.877378
16232.0478041 0.966937
16232.1862576 1.04555
16232.3247058 0.955478
16232.4631489 0.862038
16232.6015867 0.929578
16232.7400193 1.0058
16232.8784468 0.936386
16233.016869 0.967413
16238.134833 0.930333
16238.2730575 0.915152
16238.4112767 0.95092
16238.5494908 0.912408
16238.6876996 0.883566
16238.8259032 0.993127
16238.9641016 0.867377
16239.1022948 0.893738
16239.2404828 0.991364
16239.3786656 1.01055
16243.2456692 0.965576
16243.3837009 0.96003
16243.5217274 0.895233
16243.6597488 1.00897
16243.7977649 1.00213
16243.9357758 0.933638
16244.0737814 0.876541
16248.0736795 0.882307
16248.2115288 0.96003
16248.3493729 0.811399
16248.4872118 0.899167
16248.6250455 1.03652
16250.5541698 0.827667
16250.6919253 0.869549
16250.8296756 0.954892
16250.9674207 0.963894
16251.1051605 0.92969
16251.2428951 1.01807
16251.3806245 0.986869
16253.7212266 0.927399
16253.8588621 0.996437
16253.9964924 1.00748
16254.1341175 0.908329
16254.2717374 0.98446
16254.409352 0.988833
16254.5469615 0.940605
16254.6845657 0.985175
16254.8221647 0.893466
16254.9597585 0.770438
16255.0973471 0.844152
16255.2349304 0.897469
16255.3725085 0.993909
16260.7339852 0.935279
16260.8713545 1.01621
16261.0087187 0.931415
16261.1460776 0.866595
16261.2834313 1.04193
16261.4207798 0.966405
16261.558123 0.913056
16261.695461 1.02286
16261.8327938 0.962789
16261.9701214 0.92128
16262.1074438 0.890948
16262.2447609 0.948936
16262.3820729 0.933817
16262.5193796 0.884342
16262.656681 0.898417
16262.7939773 0.954814
16262.9312683 0.999906
16263.0685541 0.91572
16263.2058347 0.834966
16263.3431101 0.962282
16265.4016137 0.971975
16265.5388055 0.933616
16265.675992 0.942731
16273.6238706 0.885956
16273.7607488 0.912198
16273.8976217 0.972201
16275.8132936 0.992508
16275.9500881 0.911227
16276.0868774 0.916942
16276.2236614 0.936041
16276.3604402 0.76905
16276.4972137 0.932329
16276.6339821 0.938293
16276.7707451 0.986878
16276.907503 0.959273
16277.0442556 0.953238
16277.181003 1.02185
16277.3177452 0.945003
16277.4544821 0.978753
16277.5912138 0.962267
16277.7279403 0.937094
16277.8646615 0.91928
16278.0013775 0.960786
16281.4175768 0.879405
16281.5541567 0.987702
16281.6907314 0.935647
16281.8273009 0.982178
16281.9638651 1.02431
16282.1004241 0.983836
16282.2369778 0.989187
16282.3735263 0.944219
16282.5100696 0.98131
16282.6466077 0.838502
16282.7831405 0.989923
16282.9196681 0.97882
16283.0561904 0.944133
16283.1927075 0.947983
16283.3292194 0.972041
16283.465726 0.995679
16283.6022274 0.871741
16287.5584897 0.895272
16287.694834 0.868231
16287.831173 0.912016
16287.9675068 0.941741
16288.1038354 0.857423
16288.2401587 0.81516
16288.3764768 0.865907
16288.5127896 0.929747
16288.6490972 0.94966
16288.7853996 1.00041
16288.9216967 0.918667
16289.0579886 1.00101
16289.1942752 0.90439
16289.3305566 0.908101
16289.4668327 0.874228
16289.6031037 0.780139
16289.7393693 0.918328
16289.8756298 1.00219
16290.011885 1.0043
16290.1481349 0.834748
16290.2843796 0.990785
16290.4206191 0.905042
16290.5568533 0.977327
16290.6930823 0.911889
16290.8293061 1.03983
16290.9655246 0.807598
16291.1017379 0.918826
16291.2379459 1.0269
16291.3741487 0.973784
16291.5103462 0.90427
16291.6465385 0.979973
16296.1379435 0.798321
16296.2739575 0.957648
16296.4099663 0.907751
16296.5459699 0.86621
16296.6819682 0.953022
16296.8179612 0.924157
16296.9539491 1.04792
16297.0899316 0.945157
16297.2259089 0.945282
16297.361881 1.00359
16297.4978479 1.03186
16297.6338094 1.01928
16297.7697658 0.988312
16297.9057169 1.01797
16298.0416627 1.03762
16298.1776033 0.986968
16305.9175435 0.963361
16306.0531797 0.979167
16306.1888106 0.892422
16306.3244363 0.846728
16306.4600568 0.924448
16306.595672 0.856172
16306.7312819 1.02643
16306.8668866 0.989839
16307.002486 0.884077
16309.8488607 1.01291
16311.7451567 0.956784
16311.880567 0.97998
16312.015972 1.00455
16312.1513718 1.03806
16312.2867664 0.981707
16312.4221556 0.976656
16312.5575397 0.988084
16312.6929184 0.961379
16312.828292 0.854347
16312.9636602 0.994943
16313.0990232 1.01098
16313.234381 0.834573
16313.3697335 0.918392
16313.5050807 0.942079
16313.6404227 0.806211
16313.7757594 1.0127
16313.9110909 0.907257
16314.0464171 1.01527
16319.0497906 0.898896
16319.184917 0.841353
16319.3200381 0.861091
16319.455154 0.837825
16319.5902646 0.865538
16319.72537 0.784741
16319.86047 0.976278
16319.9955649 0.843991
16320.1306544 0.950558
16320.2657388 0.828571
16320.4008178 0.872392
16320.5358916 0.885808
16320.6709601 0.800992
16320.8060234 0.828393
16320.9410814 0.840507
16322.8313409 0.943134
16322.96632 0.912348
16323.1012938 0.896792
16324.9903745 0.920845
16325.1252693 0.965138
16325.2601589 1.02194
16325.3950432 0.845541
16325.5299223 0.937443
16325.6647961 0.946784
16325.7996646 0.871594
16325.9345279 0.980624
16326.0693859 1.02524
16326.2042386 0.966158
16326.3390861 0.995541
16326.4739283 0.938213
16326.6087653 0.867345
16326.7435969 0.806197
16326.8784234 0.933185
16327.0132445 0.988086
16327.1480604 0.946047
16327.282871 0.901637
16327.4176764 0.85526
16327.5524764 0.939334
16327.6872713 0.906657
16327.8220608 0.929222
16327.9568451 0.843812
16331.1900879 0.965561
16331.3247405 0.966739
16333.2093237 0.897671
16333.3438973 0.914255
16333.4784656 0.866881
16333.6130286 1.02423
16333.7475864 0.977868
16333.8821388 0.898861
16334.0166861 0.992056
16334.151228 0.896261
16334.2857647 0.900684
16334.4202961 0.970423
16334.5548222 1.00726
16334.6893431 0.787185
16334.8238587 0.937557
16334.958369 0.906768
16335.092874 0.958317
16335.2273738 0.913906
16335.3618683 0.910407
16335.4963576 0.942601
16335.6308415 1.0214
16335.7653202 1.00134
16335.8997936 0.961635
16336.0342618 0.958015
16336.1687247 0.889066
16336.3031823 0.917188
16336.4376346 0.808945
16336.5720817 1.01839
16336.7065235 0.811005
16336.84096 0.918183
16336.9753912 0.90039
16337.1098172 0.890541
16337.2442379 0.969813
16337.3786533 0.87071
16337.5130635 0.950353
16346.238409 0.94624
16346.3724709 0.933595
16346.5065276 0.886132
16354.8077271 0.997356
16354.941451 0.943274
16355.0751696 0.882955
16355.208883 0.982903
16361.3539812 1.04546
16361.487446 0.932187
16361.6209055 0.932059
16361.7543598 1.03076
16361.8878087 0.89487
16362.0212524 0.85675
16362.1546907 1.00693
16362.2881238 0.930664
16362.4215516 1.02073
16362.5549741 0.727512
16364.6890145 0.937164
16364.8223471 0.911593
16364.9556743 0.84463
16365.0889963 0.834569
16365.2223129 0.77263
16365.3556243 0.667644
16365.4889304 0.902744
16365.6222312 1.03987
16365.7555267 0.935551
16365.8888169 0.891688
16366.0221018 0.918542
16366.1553815 0.958545
16366.2886558 0.959173
16366.4219248 0.842489
16366.5551886 0.886622
16366.688447 0.870723
16366.8217002 0.890862
16366.954948 0.911349
16367.0881906 0.909776
16367.2214279 0.859891
16367.3546599 0.85485
16367.4878865 0.979212
16367.6211079 0.847572
16369.4856515 0.914031
16369.6187935 0.891815
16369.7519302 0.873994
16369.8850615 0.856972
16370.0181876 0.899473
16370.1513084 0.877749
16370.2844239 0.861338
16370.4175341 0.822376
16370.550639 0.940082
16370.6837386 0.863124
16370.8168329 1.00254
16370.9499219 0.976584
16371.0830057 0.924629
16371.2160841 1.01028
16371.3491572 1.02194
16373.2116247 0.860051
16373.3446184 0.996103
16373.4776067 0.923946
16373.6105898 0.905292
16373.7435676 0.784361
16373.87654 0.832681
16374.0095072 0.9181
16374.1424691 0.91798
16374.2754256 0.90623
16374.4083769 0.909058
16376.2691383 0.951516
16376.4020101 0.946379
16376.5348765 1.00872
16376.6677377 0.928829
16378.5272376 0.821343
16378.6600192 1.0158
16378.7927956 0.921587
16378.9255667 0.944493
16379.0583324 1.01858
16382.7736203 0.774768
16382.9062323 0.851953
16383.0388389 0.908137
16383.1714403 0.767348
16383.3040363 0.894629
16383.436627 0.776354
16383.5692124 0.882354
16383.7017925 0.753147
16383.8343673 0.802348
16383.9669368 0.553844
16384.099501 0.704843
16384.2320599 0.684677
16384.3646135 0.75124
16384.4971618 0.594253
16384.6297048 0.795069
16384.7622424 0.886948
16384.8947748 0.761765
16385.0273018 0.831443
16385.1598236 0.807543
16385.29234 0.813097
16385.4248511 0.802016
16385.557357 0.832901
16385.6898575 0.914399
16385.8223527 0.601122
16385.9548426 0.968464
16386.0873272 0.906
16386.2198065 0.771798
16386.3522804 0.967216
16386.4847491 0.921705
16392.3081146 0.96866
16392.4403444 0.653882
16392.5725688 0.872328
16392.7047879 0.909166
16392.8370017 0.984584
16392.9692102 0.857212
16393.1014133 0.920633
16393.2336112 0.95319
16393.3658037 0.892279
16393.4979909 0.857471
16393.6301729 0.98917
16393.7623495 0.84048
16393.8945208 0.876427
16394.0266867 0.790687
16394.1588474 0.866303
16394.2910027 1.01777
16394.4231528 0.932318
16394.5552975 0.866923
16394.6874369 0.879634
16394.819571 0.914527
16394.9516998 1.00182
16395.0838233 1.03237
16395.2159414 0.912521
16395.3480542 0.906267
16395.4801618 0.905199
16395.612264 0.843849
16395.7443609 0.975517
16395.8764525 0.774509
16396.0085387 0.815179
16396.1406197 0.853737
16396.2726953 0.988736
16396.4047656 1.01536
16396.5368306 1.04942
16396.6688903 1.03624
16396.8009447 0.892435
16396.9329938 0.951115
16397.0650375 0.914656
16397.197076 0.721777
16397.3291091 0.921292
16397.4611369 0.83627
16397.5931594 0.793388
16397.7251765 0.86623
16397.8571884 0.89198
16397.9891949 1.01957
16398.1211961 0.976793
16398.253192 0.912333
16398.3851826 0.843054
16398.5171679 0.793265
16398.6491478 0.874045
16398.7811225 0.918542
16398.9130918 0.919182
16399.0450558 0.908734
16399.1770145 0.901769
16399.3089679 0.862719
16399.4409159 0.745519
16399.5728587 0.774484
16399.7047961 0.758945
16399.8367282 0.887409
16399.968655 0.882477
16400.1005764 0.974998
16400.2324926 0.809902
16400.3644034 0.759504
16400.4963089 0.907315
16400.6282091 0.894734
16400.760104 0.962771
16400.8919935 0.946097
16401.0238778 0.830404
16401.1557567 0.99665
16401.2876303 0.87145
16403.1333022 0.816933
16403.265096 0.716134
16403.3968845 0.941544
16403.5286677 0.850683
16403.6604456 0.796318
16403.7922181 0.867267
16403.9239853 0.892937
16404.0557472 0.884434
16404.1875038 0.899128
16404.319255 0.876816
16404.4510009 0.899834
16404.5827415 0.965273
16404.7144768 0.98744
16404.8462068 1.00204
16404.9779314 0.924282
16405.1096508 0.729142
16405.2413648 0.856762
16405.3730734 0.800692
16405.5047768 1.0355
16405.6364748 0.959229
16405.7681676 0.843802
16405.8998549 0.929801
16406.031537 0.946816
16406.1632138 0.917581
16406.2948852 0.856958
16406.4265513 1.02261
16406.5582121 0.914294
16406.6898675 0.968847
16406.8215177 0.833626
16406.9531625 0.741419
16407.084802 0.822855
16407.2164361 0.781153
16407.348065 0.813948
16407.4796885 0.921179
16407.6113067 0.872469
16407.7429196 0.818363
16407.8745271 0.914394
16408.0061294 0.954233
16408.1377263 0.874561
16409.9795239 0.848291
16410.1110409 0.88421
16410.2425526 0.848989
16410.374059 0.838211
16410.5055601 0.785257
16410.6370558 0.814055
16410.7685462 0.900348
16410.9000313 0.795605
16411.0315111 0.951951
16411.1629855 0.792623
16411.2944546 0.934395
16411.4259184 0.857687
16411.5573769 0.72875
16411.68883 0.897357
16411.8202778 0.758468
16411.9517203 0.796032
16412.0831574 0.944875
16412.2145893 0.982328
16412.3460158 0.866471
16412.4774369 0.73422
16412.6088528 0.945262
16412.7402633 0.853351
16412.8716685 0.82944
16417.3362746 0.864863
16417.4674932 0.918782
16417.5987066 1.02092
16417.7299146 0.789981
16417.8611173 0.896352
16417.9923146 0.892812
16418.1235067 0.905036
16418.2546933 0.802892
16418.3858747 0.92485
16420.2218539 0.933045
16420.3529553 0.93743
16422.1878146 0.893969
16422.318836 0.880608
16422.449852 0.956015
16422.5808627 0.8992
16422.7118681 0.819279
16422.8428682 0.925101
16432.5220604 0.822893
16432.6526601 0.971545
16434.6110138 0.965221
16434.741528 0.967039
16434.8720368 0.967076
16435.0025403 0.966666
16435.1330385 0.967399
16435.2635313 0.96759
16472.7749691 0.931593
16472.9039069 0.931757
16473.0328394 0.931778
16473.1617664 0.931798
16473.2906881 0.931818
16473.4196045 0.931838
16473.5485154 0.931857
16473.677421 0.93167
16473.8063212 0.931655
16473.935216 0.931709
16474.0641054 0.824466
16482.3018471 0.884456
16482.4303871 0.86674
16482.5589216 1.01001
16482.6874507 0.950324
16482.8159745 0.937359
16482.9444929 0.972642
16483.0730059 0.977118
16483.2015135 0.839035
16483.3300157 0.943788
16483.4585126 0.965867
16483.5870041 0.901619
16483.7154902 0.875078
16483.8439709 0.969608
16483.9724462 0.937188
16484.1009162 0.959329
16484.2293807 1.01954
16487.3109154 0.903628
16487.4392454 0.783265
16487.56757 0.882502
16487.6958892 0.990839
16489.4917926 0.736514
16489.620031 0.754308
16489.748264 0.854188
16489.8764917 0.965264
16490.004714 0.751203
16490.1329308 0.810638
16490.2611423 0.930739
16490.3893484 0.893692
16490.5175491 0.830401
16490.6457445 0.838103
16490.7739344 0.90509
16490.9021189 0.86447
16491.0302981 0.818774
16491.1584719 0.829087
16491.2866403 0.925696
16491.4148033 0.933922
16491.5429609 0.922873
16491.6711131 0.936525
16491.7992599 0.858777
16491.9274014 0.937754
16492.0555374 0.748457
16492.1836681 1.00015
16492.3117934 0.841006
16492.4399133 0.928591
16492.5680278 0.852917
16492.6961369 0.922891
16492.8242406 0.878664
16492.952339 0.675326
16493.0804319 0.939842
16493.2085195 0.938729
16493.3366016 0.980796
16493.4646784 0.994012
16496.025082 0.799078
16496.1530456 0.997
16496.2810037 0.989488
16496.4089565 0.924147
16500.3728181 0.981622
16500.5005982 0.930949
16504.8419139 0.988985
16504.9695052 0.753043
16505.0970911 0.945976
16505.2246716 0.961913
16505.3522467 0.81484
16505.4798164 0.944593
16505.6073807 0.893565
16505.7349396 0.794044
16505.8624931 0.852804
16505.9900412 1.01594
16506.1175839 0.958994
16507.9026147 0.920549
16508.0300764 0.900558
16508.1575327 1.02485
16508.2849836 0.636573
16508.4124291 0.809912
16508.5398692 0.891863
16508.6673039 0.855292
16508.7947332 0.855568
16508.922157 0.986138
16509.0495755 0.813788
16509.1769886 0.912555
16509.3043963 0.989609
16509.4317986 0.720964
16509.5591954 0.74386
16509.6865869 0.82481
16509.813973 0.98843
16509.9413536 0.91527
16510.0687289 0.922674
16510.1960987 0.79255
16510.3234632 0.802232
16510.4508222 0.97335
16510.5781759 0.807048
16510.7055241 0.997553
16510.832867 0.837051
16510.9602044 0.995105
16511.0875364 0.924853
16511.2148631 0.886123
16511.3421843 0.953217
16511.4695001 1.01277
16513.3785889 0.881217
16513.5058182 0.951341
16513.6330421 0.96907
16513.7602607 0.812608
16513.8874738 1.01632
16514.0146815 0.896159
16514.1418838 1.02874
16514.2690807 0.846184
16517.7013532 0.94103
16517.8283987 0.993984
16517.9554388 0.857096
16519.7334318 0.740619
16519.8603908 0.923428
16519.9873443 0.91223
16520.1142924 0.904191
16520.2412351 0.955091
16520.3681724 0.927117
16520.4951042 0.693314
16520.6220307 0.822978
16520.7489517 0.92602
16520.8758674 0.918298
16521.0027776 0.938102
16521.1296824 1.0172
16521.2565818 0.787869
16521.3834758 0.992103
16523.1594233 0.88368
16523.2862361 0.898629
16523.4130435 0.748097
16523.5398454 0.942145
16523.666642 0.98403
16523.7934331 0.908552
16523.9202188 0.872256
16524.0469991 0.788056
16524.173774 0.990352
16524.3005435 0.848701
16524.4273076 0.796539
16524.5540662 0.90323
16524.6808195 0.803095
16524.8075673 0.846082
16526.7081348 0.961873
16526.8347959 0.88422
16526.9614517 0.925129
16527.088102 0.877924
16527.214747 0.760755
16527.3413865 0.864059
16527.4680205 1.01687
16527.5946492 1.00055
16527.7212725 0.76279
16527.8478903 0.875457
16527.9745027 0.950028
16528.1011097 0.860078
16528.2277113 0.786859
16528.3543075 0.643171
16528.4808982 0.975699
16528.6074835 1.04339
16528.7340634 0.896719
16528.8606379 0.886842
16533.6664527 0.785072
16533.7928158 0.936838
16533.9191735 1.0174
16534.0455258 0.831353
16534.1718726 0.885644
16534.298214 0.799191
16534.42455 0.826252
16534.5508806 0.993506
16534.6772057 0.823478
16534.8035254 0.996444
16534.9298397 0.909661
16535.0561486 0.996769
16535.1824521 0.998294
16535.3087501 0.931524
16535.4350427 0.74062
16535.5613299 0.771641
16535.6876116 0.89115
16535.813888 0.953221
16535.9401589 0.954178
16536.0664244 0.873262
16536.1926844 0.98839
16536.3189391 0.892644
16536.4451883 0.881768
16536.5714321 0.72903
16536.6976704 0.75187
16536.8239034 0.92017
16536.9501309 0.813958
16537.076353 0.8467
16537.2025696 0.960319
16537.3287809 0.794459
16537.4549867 0.874658
16537.5811871 0.977179
16537.707382 0.785886
16537.8335716 1.00357
16537.9597557 0.908202
16538.0859344 0.847317
16538.2121076 0.677778
16538.3382755 0.980834
16538.4644379 0.964242
16540.2301418 0.987156
16540.3562228 0.805665
16540.4822984 1.04351
16540.6083685 1.04852
16540.7344333 0.92209
16540.8604926 0.787961
16540.9865464 0.73579
16547.2823167 0.993344
16547.4080936 0.890464
16547.533865 0.797162
16547.6596311 0.969778
16547.7853917 1.03354
16547.9111468 0.848449
16548.0368965 0.922088
16548.1626408 1.01821
16548.2883797 0.995275
16548.4141131 0.902045
16548.5398411 0.74963
16548.6655637 0.928147
16548.7912808 0.782692
16548.9169925 0.981707
16549.0426987 0.726941
16549.1683996 0.94768
16549.2940949 0.784985
16549.4197849 0.884738
16549.5454694 0.861284
16549.6711485 0.989964
16549.7968221 0.91575
16549.9224903 0.906694
16550.0481531 0.923347
16555.4465089 0.992915
16555.5719324 0.984347
16555.6973505 1.00937
16555.8227631 0.973985
16555.9481703 1.00753
16556.073572 0.935433
16556.1989683 0.50648
16556.3243592 0.361822
16556.4497446 0.852437
16556.5751246 0.801359
16556.7004991 0.881522
16556.8258682 0.771464
16556.9512319 0.829071
16557.0765901 0.733674
16557.2019429 0.809504
16557.3272902 0.888298
16557.4526321 0.973422
16557.5779686 0.73353
16557.7032996 1.00916
16557.8286252 0.974087
16557.9539453 0.90956
16558.07926 0.774705
16558.2045692 0.914924
16558.329873 0.985769
16560.4592049 1.02576
16563.4626417 0.897077
16563.5877168 0.954643
16563.7127865 0.881246
16563.8378508 0.922427
16563.9629095 0.79815
16564.0879629 0.755459
16564.2130108 0.852023
16564.3380532 0.880136
16564.4630902 0.787323
16564.5881218 0.904444
16564.7131479 0.789942
16564.8381685 0.575593
16564.9631838 0.911604
16565.0881935 0.664815
16565.2131978 0.763543
16565.3381967 0.848174
16565.4631901 0.951192
16565.5881781 0.950852
16565.7131606 0.811413
16565.8381377 0.812705
16565.9631093 0.959615
16566.0880755 0.826812
16566.2130362 0.900172
16566.3379915 0.959615
16566.4629413 0.908316
16566.5878857 1.00364
16566.7128246 0.833891
16566.8377581 0.778971
16566.9626861 0.95659
16569.3352832 0.877071
16569.4601022 0.802414
16576.5657716 0.984166
16576.6902743 0.832893
16576.8147715 0.971529
16576.9392632 0.915619
16577.0637495 0.884746
16577.1882303 0.818897
16577.3127057 0.951532
16577.4371756 0.927451
16577.56164 0.918591
16577.686099 0.872851
16577.8105526 0.841668
16577.9350006 0.957582
16578.0594433 0.904191
16578.1838804 0.980932
16578.3083121 1.00936
16578.4327384 0.88696
16578.5571591 0.859403
16578.6815745 0.941132
16578.8059843 1.02046
16581.4173302 0.986881
16581.5416199 0.714085
16587.9971577 0.96638
16588.1211578 0.811289
16588.2451525 0.86312
16588.3691417 0.88264
16588.4931254 0.915836
16588.6171037 0.924418
16588.7410765 0.827979
16588.8650438 0.716835
16588.9890057 0.751362
16589.112962 0.879478
16589.236913 0.889794
16589.3608584 0.886426
16589.4847984 0.875385
16589.6087329 0.981524
16589.732662 0.888527
16589.8565856 0.954236
16589.9805037 1.01703
16590.1044163 0.936346
16590.2283235 0.933905
16590.3522252 0.821611
16590.4761214 0.805964
16590.6000122 0.950749
16592.3339087 0.907084
16592.4577174 0.813627
16592.5815207 0.872934
16592.7053185 0.866781
16592.8291108 0.868278
16592.9528976 0.850908
16593.076679 0.832215
16593.2004549 0.763058
16593.3242253 0.777397
16593.4479903 0.850991
16593.5717498 0.980309
16593.6955038 0.95024
16593.8192523 0.879974
16593.9429954 1.02638
16594.066733 0.897134
16594.1904651 1.037
16594.3141918 0.886051
16594.4379129 1.03302
16594.5616287 0.862372
16594.6853389 0.893045
16594.8090437 0.926995
16594.932743 0.997961
16595.0564368 0.871472
16595.1801251 0.847583
16595.303808 0.729351
16595.4274854 0.879984
16595.5511573 1.04786
16595.6748238 0.9889
16595.7984848 0.952717
16595.9221403 0.932871
16598.8882302 0.871827
16599.0117489 0.985882
16599.135262 0.883559
16599.2587697 0.955515
16599.3822719 1.01485
16599.5057687 1.01689
16599.6292599 0.882235
16599.7527457 0.722803
16599.876226 0.964072
16599.9997009 0.910606
16601.7277734 1.01881
16601.8511661 0.902117
16601.9745533 1.01771
16602.097935 0.928184
16602.2213112 1.00363
16602.344682 0.902574
16607.5213052 0.979858
16607.6444403 0.971191
16607.7675699 0.970978
16607.890694 0.92384
16608.0138126 0.923887
16608.1369258 0.959692
16608.2600334 1.00346
16608.3831356 0.972075
16608.5062323 0.924412
16608.6293235 0.965317
16608.7524092 0.978569
16608.8754895 0.966892
16614.4084229 0.948388
16614.5312508 0.877336
16614.6540732 0.888715
16614.7768901 0.955773
16614.8997015 0.926139
16615.0225074 0.948298
16615.1453078 0.886105
16615.2681027 0.918853
16615.3908922 0.925733
16615.5136762 0.729827
16615.6364546 1.01194
16615.7592276 1.0068
16615.8819951 0.862828
16616.0047571 0.859914
16616.1275136 0.798604
16616.2502646 0.958186
16616.3730102 1.03735
16616.4957502 0.935562
16616.6184847 0.840943
16616.7412138 0.748393
16616.8639374 0.71461
16616.9866555 0.962848
16617.109368 1.04018
16617.2320751 0.778745
16617.3547767 0.846371
16617.4774729 0.88989
16619.1946419 0.832964
16619.3172556 0.943744
16619.4398638 0.856212
16619.5624666 0.973983
16619.6850639 0.860364
16619.8076556 0.701232
16619.9302419 0.926637
16620.0528227 0.959274
16620.175398 0.821328
16621.8908751 0.913757
16622.013368 0.861648
16622.1358554 0.904222
16622.2583373 0.947365
16622.3808137 1.00406
16627.7643333 0.989876
16627.8865623 0.779251
16628.0087859 0.963373
16628.1310039 0.719961
16628.2532164 1.00335
16628.3754234 0.765538
16628.4976249 0.949018
16628.6198209 0.761225
16628.7420114 0.846246
16628.8641965 0.926694
16628.986376 0.729208
16629.10855 0.893437
16629.2307185 0.830638
16629.3528815 0.929337
16631.062586 0.861579
16631.1846665 0.89524
16631.3067415 0.851382
16635.5758988 0.947102
16635.6977756 0.873785
16635.819647 0.953478
16635.9415128 0.968877
16636.0633731 0.896799
16636.1852279 0.941932
16636.3070773 1.01402
16636.4289211 0.9548
16636.5507593 0.883632
16636.6725921 0.548698
16636.7944194 0.879117
16636.9162412 0.956971
16637.0380575 0.940693
16637.1598682 0.912982
16637.2816735 0.829425
16637.4034732 0.863516
16637.5252675 0.820916
16637.6470562 1.03809
16637.7688394 0.948651
16637.8906171 0.847073
16638.0123893 0.854485
16638.134156 0.720257
16638.2559172 0.869243
16638.3776729 0.900145
16638.4994231 0.802234
16638.6211678 0.788962
16638.7429069 0.868993
16638.8646406 0.911481
16638.9863687 0.953469
16639.1080914 1.02548
16639.2298085 0.833485
16639.3515201 0.954188
16639.4732262 1.03633
16639.5949268 0.947104
16646.2799731 0.925614
16646.4013651 0.836173
16646.5227515 0.756167
16646.6441324 0.783886
16646.7655078 0.981784
16646.8868777 0.86872
16647.0082421 0.91268
16647.1296009 0.986533
16649.1918575 0.891761
16649.3131171 0.905466
16649.4343712 0.986159
16649.5556197 0.933185
16649.6768627 0.952261
16649.7981002 0.884337
16658.0293016 0.918119
16658.1501582 0.68222
16658.2710093 0.481191
16658.3918548 0.89757
16658.5126948 0.962216
16658.6335293 0.767264
16658.7543583 0.757817
16658.8751817 0.70215
16658.9959996 0.995208
16659.116812 0.672175
16659.2376189 0.917608
16659.3584202 0.656876
16659.4792161 0.907076
16659.6000063 0.80727
16659.7207911 1.01082
16659.8415704 0.659852
16659.9623441 0.724821
16662.7386144 0.994915
16662.8592555 0.816864
16662.979891 0.912449
16663.100521 0.599979
16663.2211456 0.611685
16663.3417645 0.980623
16663.462378 0.867395
16663.5829859 0.879816
16665.2709162 0.698895
16665.3914412 1.0246
16665.5119607 0.788009
16665.6324746 0.917142
16665.752983 0.96134
16665.8734859 0.788456
16665.9939832 0.814685
16666.114475 0.76993
16666.2349613 0.77051
16666.355442 0.941006
16666.4759172 0.839622
16669.9672924 1.04235
16670.0876017 0.842701
16670.2079054 0.811656
16670.3282036 0.847878
16670.4484963 0.863991
16670.5687834 1.03595
16670.689065 0.725964
16670.8093411 0.9199
16670.9296116 0.669983
16671.0498766 1.04162
16671.1701361 0.881404
16671.29039 0.832784
16671.4106384 0.886672
16671.5308812 0.870801
16671.6511186 0.858773
16671.7713504 0.766061
16671.8915766 0.754407
16674.0547027 0.995721
16674.1748238 1.02972
16674.2949394 0.958639
16674.4150494 0.941553
16674.5351539 0.959143
16674.6552528 0.818689
16674.7753462 0.948915
16676.4560724 0.769166
16676.5760828 0.651091
16676.6960876 0.905319
16676.8160868 0.892942
16676.9360806 1.00525
16677.0560687 0.78249
16677.1760514 0.862436
16677.2960285 0.876376
16677.4160001 0.966306
16677.5359661 1.02381
16677.6559266 0.799951
16677.7758816 0.7863
16677.895831 0.649402
16680.0539732 0.977836
16680.1738173 0.846112
16680.2936559 1.00856
16680.413489 0.774977
16680.5333165 0.786286
16680.6531385 0.733307
16680.772955 0.872976
16680.8927659 1.0166
16681.0125713 0.764506
16681.1323711 1.01906
16681.2521654 0.786389
16681.3719541 0.995343
16681.4917373 0.866505
16681.611515 0.942553
16681.7312871 0.720784
16681.8510537 0.883317
16681.9708147 0.795358
16682.0905702 0.683967
16682.2103201 0.884075
16682.3300645 0.829914
16682.4498034 0.756244
16682.5695367 0.649103
16682.6892645 0.667641
16682.8089867 0.877783
16682.9287034 0.928813
16683.0484146 1.03066
16683.1681202 0.791947
16683.2878202 0.720777
16683.4075147 0.963385
16683.5272037 0.884486
16683.6468872 0.801941
16683.766565 0.824625
16683.8862374 0.726372
16684.0059042 0.663388
16684.1255654 0.814797
16684.2452212 0.736467
16684.3648713 0.643689
16684.484516 0.735102
16684.604155 0.716038
16684.7237886 0.751728
16684.8434166 0.649468
16684.963039 1.01105
16685.0826559 0.656559
16685.2022673 0.69111
16685.3218731 0.846833
16685.4414734 1.00138
16685.5610681 0.669226
16687.234812 0.998596
16687.3543235 0.953276
16687.4738295 0.931239
16695.1106726 0.680551
16696.7782014 0.90524
16696.8972689 0.916445
16697.0163309 0.974219
16697.1353874 0.855531
16697.2544383 0.74428
16697.3734836 0.969919
16697.4925234 0.815594
16697.6115576 0.816453
16697.7305863 0.865603
16697.8496094 0.91281
16697.968627 0.752171
16698.087639 0.926627
16698.2066455 0.727946
16698.3256464 0.768903
16699.9910758 0.711211
16700.1099934 0.690756
16700.2289054 0.924458
16700.3478119 0.930382
16700.4667128 1.01604
16700.5856081 1.01784
16700.7044979 0.734172
16700.8233822 0.956278
16700.9422608 0.9127
16701.061134 0.817601
16701.1800016 0.745806
16701.2988636 0.809995
16701.41772 0.732973
16705.9301472 0.965468
16711.7369516 0.890942
16711.8553188 0.66399
16711.9736803 0.701828
16712.0920364 0.86023
16712.2103868 0.968325
16712.3287317 1.03536
16712.447071 0.926465
16715.2855452 0.82484
16715.4037453 0.826773
16715.52194 0.984146
16715.640129 0.852744
16715.7583125 0.813776
16715.8764904 0.738798
16715.9946628 0.890375
16716.1128295 0.997535
16716.2309907 0.956879
16716.3491464 0.829997
16722.2498287 0.778775
16722.3677003 0.814516
16722.4855663 1.00666
16722.6034268 0.88735
16726.1366496 0.652359
16726.2543373 0.78917
16726.3720195 0.863292
16728.018984 0.876462
16728.1365825 0.788331
16728.2541755 0.912039
16728.3717628 0.803016
16728.4893446 0.910344
16728.6069208 0.974747
16728.7244915 0.947128
16728.8420565 0.861138
16728.959616 1.00148
16729.0771699 0.949927
16729.1947183 0.89881
16729.312261 0.905902
16735.1822877 0.768392
16735.299546 0.99627
16738.2291892 0.778961
16747.8139249 0.75512
16747.9305801 0.89647
16748.0472297 0.91114
16748.1638738 0.934758
16748.2805122 0.892058
16748.397145 0.881376
16748.5137723 0.90054
16748.630394 0.835969
16748.7470101 0.750695
16748.8636206 0.787705
16748.9802255 0.788472
16749.0968248 1.02763
16751.8935317 0.908329
16752.0099913 1.04687
16752.1264453 1.02933
16752.2428937 0.775493
16752.3593365 0.852243
16752.4757737 0.920601
16752.5922054 1.02872
16752.7086314 0.898926
16752.8250518 0.81094
16752.9414667 0.850327
16753.057876 0.817645
16753.1742796 1.03813
16753.2906777 1.00397
16753.4070702 0.94149
16753.5234571 0.70261
16753.6398384 0.697876
16753.7562141 0.815825
16753.8725843 0.519781
16753.9889488 0.832532
16754.1053078 0.735386
16754.2216611 0.572357
16754.3380089 0.931881
16754.454351 0.648904
16754.5706876 0.649074
16756.3150652 0.910211
16756.4313123 0.637042
16756.5475538 0.780171
16756.6637897 0.958096
16756.78002 0.825649
16756.8962447 0.9018
16757.0124639 0.831852
16757.1286774 0.916695
16757.2448854 0.824287
16760.9605859 0.75298
16761.0766092 0.868833
16761.1926269 0.925533
16761.308639 1.03206
16763.9753735 0.800719
16764.0912513 0.633931
16764.2071235 0.971303
16770.109183 0.944728
16770.2247641 0.813845
16770.3403395 0.808054
16770.4559094 0.75004
16772.0732994 0.884183
16772.1887852 0.968944
16772.3042655 0.872805
16772.4197401 0.760335
16772.5352092 0.632156
16772.6506726 0.711033
16772.7661304 0.934307
16772.8815827 0.823318
16772.9970293 0.879883
16773.1124703 0.932777
16773.2279057 0.690564
16773.3433356 0.919138
16776.2272603 0.792951
16776.3425444 0.944209
16778.1863286 1.03565
16778.3015175 0.895808
16778.4167007 0.818853
16778.5318784 0.925687
16778.6470504 0.910845
16778.7622169 0.830856
16782.3295965 0.775579
16782.4445835 0.987762
16788.416183 0.908585
16788.5308728 1.01838
16788.6455571 0.786411
16788.7602357 0.674566
16794.8301725 1.02584
16794.9445481 0.78728
16795.0589181 1.03948
16795.1732824 0.845903
16795.2876412 0.920312
16795.4019943 0.810065
16795.5163419 0.775778
16795.6306838 0.913403
16795.7450201 0.816133
16795.8593508 0.664171
16795.9736759 0.845151
16796.0879953 1.00985
16796.2023092 1.03876
16796.3166174 0.821476
16796.43092 0.886712
16796.5452171 0.521996
16796.6595085 0.899621
16796.7737942 0.725182
16796.8880744 0.886862
16797.002349 0.762273
16797.1166179 1.04893
16798.7157938 0.979353
16798.8299785 0.720364
16798.9441576 0.540664
16799.0583312 0.839902
16799.1724991 0.802889
16799.2866613 0.648852
16799.400818 0.653453
16799.5149691 0.734843
16799.6291145 0.793087
16799.7432543 0.637997
16799.8573885 1.02178
16799.9715171 0.927738
16800.0856401 0.791685
16800.1997575 0.687528
16800.3138692 0.937501
16800.4279754 0.967608
16800.5420759 1.04431
16800.6561708 0.666395
16800.7702601 0.808767
16800.8843438 0.980936
16800.9984218 0.889147
16801.1124943 1.04015
16801.2265611 0.719325
16801.3406224 0.855951
16801.454678 0.892963
16801.5687279 0.761217
16801.6827723 0.834125
16801.7968111 0.910055
16801.9108442 0.64322
16802.0248717 0.84109
16802.1388937 0.958176
16802.25291 0.768747
16802.3669206 0.967199
16802.4809257 0.785873
16802.5949251 0.773591
16802.708919 0.714055
16802.8229072 0.837827
16802.9368898 0.654604
16803.0508668 0.759749
16803.1648382 0.956856
16803.2788039 0.842703
16803.3927641 0.85788
16803.5067186 0.746285
16803.6206675 0.755982
16803.7346108 0.904864
16803.8485484 0.870288
16803.9624805 0.978837
16804.076407 0.770452
16804.1903278 0.675404
16807.4915885 0.386835
16807.6053408 0.615718
16811.0152981 0.698529
16811.1288762 0.71141
16811.2424488 0.740819
16811.3560157 0.654464
16811.469577 0.915763
16811.5831327 0.826866
16811.6966827 1.00648
16811.8102272 0.802447
16811.923766 0.916883
16812.0372992 0.789293
16812.1508268 0.854127
16812.2643488 0.71537
16812.3778651 0.85089
16812.4913759 0.936737
16812.604881 0.768207
16812.7183805 0.896246
16812.8318743 0.883364
16812.9453626 0.850798
16813.0588452 0.711806
16813.1723222 0.628162
16813.2857936 0.825954
16813.3992594 0.947939
16813.5127196 0.815794
16813.6261741 1.00813
16813.739623 0.844576
16813.8530663 1.00813
16813.966504 0.87467
16814.0799361 0.978762
16814.1933625 0.984949
16814.3067833 0.93668
16814.4201985 0.713314
16814.5336081 0.783955
16814.647012 0.99092
16814.7604104 0.696171
16814.8738031 0.983765
16814.9871902 0.863248
16815.1005717 0.993695
16815.2139475 0.932922
16815.3273178 0.938582
16815.4406824 1.0052
16815.5540414 0.737106
16815.6673948 0.84177
16815.7807425 0.865841
16815.8940847 0.842514
16816.0074212 1.00974
16816.1207521 0.92482
16816.2340774 0.877406
16816.347397 0.668003
16816.4607111 0.977927
16816.5740195 1.0258
16816.6873223 0.776063
16816.8006194 1.04668
16816.913911 0.976408
16817.0271969 0.78651
16817.1404772 0.79586
16817.2537519 0.882834
16817.367021 1.01654
16817.4802845 0.890911
16817.5935423 0.839947
16817.7067945 0.676378
16817.8200411 0.881075
16817.933282 0.69247
16818.0465174 0.643611
16818.1597471 0.754703
16818.2729712 0.873468
16818.3861897 0.964387
16818.4994026 0.757415
16818.6126098 0.880852
16818.7258114 0.915719
16818.8390074 0.900453
16818.9521978 0.861846
16823.0233074 0.827165
16823.1362897 0.877626
16823.2492665 0.982555
16823.3622376 0.918918
16823.4752031 0.524176
16823.588163 0.941501
16823.7011173 1.03181
16823.8140659 0.810648
16823.9270089 0.869721
16824.0399463 0.765577
16827.9892124 0.712295
16828.1019474 0.815071
16828.2146767 0.931386
16828.3274004 0.821666
16828.4401185 0.837955
16828.552831 0.860432
16828.6655378 0.85512
16836.2040834 0.611237
16836.3164078 0.988203
16849.7544848 0.975926
16849.8661284 0.894917
16849.9777663 0.883273
16850.0893986 0.822756
16859.6687235 0.753588
16859.7798662 0.89641
16868.4316567 0.787643
16869.9809179 0.854899
16870.0915372 0.958006
16870.2021509 0.726147
16870.312759 0.776535
16870.4233614 0.84411
16870.5339582 0.681196
16870.6445494 1.01459
16870.7551349 0.883533
16870.8657148 0.82626
16870.9762891 0.954785
16871.0868578 0.729706
16871.1974208 0.886632
16871.3079782 0.702391
16871.41853 0.83952
16871.5290761 0.786924
16877.7106794 0.753067
16877.8209048 0.780788
16877.9311246 0.69123
16878.0413387 0.717553
16878.1515473 0.920443
16881.4551866 0.795257
16881.5652207 0.56191
16881.6752492 0.375306
16885.41287 0.829929
16885.5227016 0.810674
16885.6325275 0.812296
16885.7423478 0.987131
16890.3497221 0.623918
16891.9928084 0.868665
16892.1023025 0.774467
16892.211791 0.833458
16892.3212738 0.67921
16892.4307511 0.710477
16892.5402227 0.792653
16892.6496886 0.712096
16892.759149 0.816633
16892.8686037 0.993851
16892.9780528 0.512432
16893.0874963 0.782545
16893.1969342 0.749334
16893.3063664 0.574833
16893.415793 0.613251
16893.525214 0.660235
16893.6346294 0.477884
16893.7440391 0.778293
16893.8534432 0.670711
16893.9628417 0.948478
16894.0722346 0.95509
16894.1816219 0.912104
16894.2910035 0.869802
16894.4003795 0.658294
16894.5097499 0.675719
16894.6191146 0.699347
16894.7284738 0.754154
16894.8378273 0.679641
16894.9471752 0.826161
16896.4774552 0.810948
16896.5867188 0.727047
16896.6959767 0.776213
16896.805229 0.774972
16896.9144757 0.815265
16897.0237167 0.928389
16897.1329522 0.796383
16897.242182 0.969514
16897.3514062 0.989015
16897.4606248 0.888679
16905.4183975 0.615011
16905.5272001 0.494979
16905.6359972 0.869451
16911.6111812 0.674021
16911.7196636 0.564493
16911.8281404 0.927363
16911.9366116 0.72908
16912.0450772 0.936078
16912.1535372 0.850269
16912.2619915 0.768807
16912.3704402 0.486185
16912.4788833 0.707458
16915.5130107 0.862227
16915.6212909 0.730789
16921.4600901 0.682339
16921.5680616 0.592332
16921.6760276 0.540821
16925.5590661 0.785002
16925.6668245 0.705706
16925.7745773 0.823477
16925.8823245 0.444377
16925.9900661 0.854923
16926.0978021 0.774074
16927.605517 0.843105
16927.7131688 0.512081
16927.8208151 0.806776
16927.9284557 0.900585
16928.0360908 0.752114
16928.1437202 0.467422
16928.2513441 0.829436
16928.3589623 0.698004
16928.4665749 0.722664
16928.5741819 0.466505
16928.6817833 0.899381
16928.7893791 0.708494
16928.8969693 0.63457
16929.0045539 0.944393
16929.1121329 0.572995
16929.2197062 0.785122
16929.327274 0.715469
16929.4348362 0.645639
16929.5423927 0.986139
16929.6499437 0.938964
16929.757489 0.768422
16929.8650288 0.838067
16931.3699966 0.889744
16931.4774523 0.86124
16931.5849023 0.944856
16931.6923468 0.78465
16931.7997857 1.00446
16931.9072189 0.828795
16932.0146465 0.927153
16933.5180452 0.257056
16933.6253888 0.956692
16933.7327268 0.508634
16933.8400592 0.809954
16933.947386 0.877886
16934.0547072 0.835462
16934.1620228 0.725572
16934.2693328 0.933105
16934.3766371 1.01067
16934.4839359 0.844333
16934.5912291 0.70229
16934.6985167 0.784315
16934.8057986 0.891882
16934.913075 0.711655
16935.0203458 0.947021
16937.9145394 0.753691
16938.0216534 0.556517
16938.1287617 1.04339
16938.2358645 0.768006
16938.3429616 0.612298
16938.4500532 0.541889
16945.3989993 0.831636
16945.5057215 0.728016
16945.6124381 0.71299
16945.7191492 0.994719
16945.8258547 0.992921
16954.4504335 0.864551
16954.5566807 0.864725
16954.6629224 0.864772
