###
# timestamp: 2455813.6996447
# Gaussian 1 [amp, RV +/- err, wid]: [0.51, 77.26 +/- 0.08, 9.00]
# Gaussian 2 [amp, RV +/- err, wid]: [0.37, 105.00 +/- 0.00, 9.00]
# Uncorrected_RV, BF_amp, Gaussian_fit
###
300.0 0.0 3.09903984432e-98
298.5 0.0 1.03102327455e-96
297.0 0.00795022128944 3.33615363928e-95
295.5 0.00395576141345 1.04992887782e-93
294.0 0.00535539009546 3.21373441388e-92
292.5 0.00219852235365 9.56745328173e-91
291.0 0.00255921751239 2.77025011415e-89
289.5 0.00154873703393 7.80149576465e-88
288.0 0.0021622507592 2.13684507925e-86
286.5 0.00169882280153 5.69251864106e-85
285.0 0.00202015524324 1.47493251656e-83
283.5 0.00269830279192 3.71685914623e-82
282.0 0.00372090625937 9.10995687271e-81
280.5 0.00589405565655 2.17166485463e-79
279.0 0.00631806506051 5.03507042434e-78
277.5 0.00503584217534 1.13541482391e-76
276.0 0.00294813491552 2.49023214674e-75
274.5 0.00275807232478 5.31204046575e-74
273.0 0.00341814206478 1.10209537191e-72
271.5 0.00552231846452 2.22388971816e-71
270.0 0.00423199907188 4.36459126992e-70
268.5 0.00368363550931 8.33125019156e-69
267.0 0.00230390246424 1.5467247616e-67
265.5 0.00143729384432 2.79287928023e-66
264.0 -0.000468600376845 4.90487060045e-65
262.5 -0.00133287487999 8.37797787341e-64
261.0 -0.00274472861849 1.39183299615e-62
259.5 -0.000920037152174 2.24890604351e-61
258.0 0.00105842648111 3.53420518234e-60
256.5 0.00237068902012 5.40192402259e-59
255.0 0.00172621350255 8.03047895329e-58
253.5 0.000428845370069 1.16110284508e-56
252.0 -0.00120414424186 1.63281204193e-55
250.5 -0.000532923137865 2.23325319723e-54
249.0 0.000454206461137 2.97081767158e-53
247.5 0.00181894566772 3.84370719946e-52
246.0 0.00141761708093 4.83683040799e-51
244.5 0.00101242303874 5.9198089029e-50
243.0 0.000714223655264 7.04678107405e-49
241.5 0.00204982533421 8.15849657219e-48
240.0 0.00412338798403 9.18683160759e-47
238.5 0.0066517503547 1.00613820628e-45
237.0 0.00632627495882 1.0717309932e-44
235.5 0.00554909987029 1.11032521838e-43
234.0 0.00328422389793 1.11879594077e-42
232.5 0.00219063579533 1.09644745662e-41
231.0 0.00147216061802 1.0451076612e-40
229.5 0.00286812002317 9.68881141159e-40
228.0 0.00285664531667 8.73607267608e-39
226.5 0.00358557800344 7.66122537373e-38
225.0 0.00276750486318 6.53456229949e-37
223.5 0.00258891437677 5.42089545384e-36
222.0 0.00147919394643 4.37382925289e-35
220.5 0.00133300018221 3.43232878496e-34
219.0 -0.000439699078346 2.61970388728e-33
217.5 -0.00062362740996 1.94469631357e-32
216.0 -0.00129495691853 1.40406638431e-31
214.5 -0.00129869410207 9.85961046095e-31
213.0 -0.00147587301348 6.73392285166e-30
211.5 -0.00010280633092 4.47314298266e-29
210.0 -0.0003779552018 2.88997235809e-28
208.5 -0.000102580485236 1.8159791655e-27
207.0 -0.00119317392059 1.10985003164e-26
205.5 -0.00168951418366 6.59711417349e-26
204.0 -0.000609471481525 3.81399365515e-25
202.5 0.000862673377814 2.14457972861e-24
201.0 0.00166459141083 1.17284519049e-23
199.5 0.00269531167781 6.23843206917e-23
198.0 0.00300339532768 3.22735302825e-22
196.5 0.00311851166383 1.62387935975e-21
195.0 0.00331005659627 7.94689205757e-21
193.5 0.002568300529 3.78248427083e-20
192.0 0.00350092684854 1.75102848791e-19
190.5 0.00401679167736 7.88398078687e-19
189.0 0.00389194077934 3.45250381455e-18
187.5 0.00199336186407 1.4704797267e-17
186.0 0.000666082969896 6.09144293346e-17
184.5 0.000580134019878 2.45424312437e-16
183.0 0.00320143256786 9.61725763402e-16
181.5 0.00643170579185 3.66539836844e-15
180.0 0.00803261928676 1.35871189781e-14
178.5 0.00689692830026 4.89857587137e-14
177.0 0.00551347940266 1.71770493728e-13
175.5 0.00439692155849 5.85819135152e-13
174.0 0.00177732392006 1.94318794294e-12
172.5 0.00145479255131 6.26905853987e-12
171.0 0.00132796688384 1.96709850266e-11
169.5 0.00196552261389 6.0032462015e-11
168.0 0.00225900392897 1.78189646422e-10
166.5 0.00186090311883 5.14416679549e-10
165.0 0.00082685304902 1.44438803414e-09
163.5 0.00253846727546 3.94447298875e-09
162.0 0.00396575864228 1.04768410566e-08
160.5 0.0048095312526 2.70649973308e-08
159.0 0.00426109397259 6.80020313773e-08
157.5 0.00458637731438 1.66177433903e-07
156.0 0.00442634335662 3.94964875114e-07
154.5 0.00517844009686 9.13021838812e-07
153.0 0.00523385587564 2.05276919072e-06
151.5 0.00651337202359 4.48885255654e-06
150.0 0.00756231331445 9.54699784592e-06
148.5 0.00854477036708 1.97485208573e-05
147.0 0.0074027553815 3.97318315748e-05
145.5 0.00663967374164 7.77461448269e-05
144.0 0.00552399591868 0.000147963775568
142.5 0.00440362277132 0.000273884976613
141.0 0.00270540213775 0.000493079879269
139.5 0.00142966085866 0.000863381255699
138.0 0.00153556951427 0.00147036181248
136.5 0.00312019700296 0.00243546604159
135.0 0.00541401412662 0.00392352303234
133.5 0.0056448473636 0.00614761411027
132.0 0.00462762423705 0.0093685689078
130.5 0.00280359876487 0.0138859685272
129.0 0.0017265071731 0.020017754656
127.5 0.00146611313916 0.0280666650651
126.0 0.000801957118469 0.0382738831196
124.5 -0.000407940045947 0.0507633769347
123.0 -0.000974707991698 0.0654839318801
121.5 -0.000780192908654 0.0821590209848
120.0 -0.00140325172062 0.100256381865
118.5 0.00068427764719 0.118988520249
117.0 0.000991205367745 0.137351802859
115.5 0.00183148253379 0.154205523249
114.0 0.00191357986231 0.168384363165
112.5 0.00190144152609 0.178829784236
111.0 0.00178992559836 0.184720123712
109.5 0.00251810177158 0.185577292125
108.0 0.00167286428038 0.181330859613
106.5 0.000418609330764 0.172327612736
105.0 -0.00152373981795 0.159284782752
103.5 -0.00173969761209 0.143195697004
102.0 -0.00134528730931 0.125205069407
100.5 -0.00112311053703 0.106475613247
99.0 -0.00150535901442 0.0880674114349
97.5 0.000175601315374 0.0708478445234
96.0 -0.0012257648712 0.0554515981014
94.5 -0.00226776489608 0.042362819188
93.0 -0.00437383690176 0.0324625891391
91.5 -0.00366668839499 0.0291548709962
90.0 -0.00217438979971 0.0438725999702
88.5 0.00119087740242 0.103535509822
87.0 0.00499609239142 0.24692408655
85.5 0.0109384759749 0.489917428216
84.0 0.0227190705411 0.772175206107
82.5 0.0312517987911 0.956849161818
81.0 0.0294879308535 0.929781167307
79.5 0.0196307170585 0.70795895434
78.0 0.00966628636072 0.42230771411
76.5 0.00187644383963 0.197345619747
75.0 0.00133525021182 0.0722514865364
73.5 0.000231405170767 0.0207323393365
72.0 -0.00182803013193 0.00466843138051
70.5 -0.00263872148517 0.00082873150771
69.0 -0.00269851791717 0.000118251985602
67.5 -0.00282935423151 1.48047022866e-05
66.0 -0.00167705623712 2.22488615605e-06
64.5 -0.000478511090912 5.91689680136e-07
63.0 0.00118930088158 2.25971049382e-07
61.5 0.00256934792798 9.20209431051e-08
60.0 0.00236503349675 3.69124712326e-08
58.5 0.00240778351287 1.44200484774e-08
57.0 0.00217147744661 5.47953071849e-09
55.5 0.000592526516673 2.02515999169e-09
54.0 -0.0006637598394 7.27967074926e-10
52.5 -0.00185864682675 2.5450739536e-10
51.0 -0.00326728699052 8.65416836905e-11
49.5 -0.00282852431449 2.86211143308e-11
48.0 -0.000800172410083 9.20627622193e-12
46.5 0.000289924585836 2.88016738561e-12
45.0 0.000719336763231 8.7637043857e-13
43.5 0.00115179929012 2.59354612124e-13
42.0 0.00242735598201 7.46511488486e-14
40.5 0.00294632852927 2.08985079301e-14
39.0 0.00299673052444 5.6902366603e-15
37.5 0.00332789551581 1.50689031887e-15
36.0 0.00282044624418 3.88122857828e-16
34.5 0.00486511767782 9.72283829141e-17
33.0 0.00827135085685 2.36893513512e-17
31.5 0.0101424698285 5.6137043989e-18
30.0 0.0113243349133 1.2938447728e-18
28.5 0.0120428172493 2.90035444608e-19
27.0 0.0096673480256 6.32348131293e-20
25.5 0.00858898962273 1.34090394349e-20
24.0 0.00716608776807 2.76551081331e-21
22.5 0.00555127048017 5.5473979059e-22
21.0 0.00435634619557 1.08227976816e-22
19.5 0.00356299676609 2.05364809209e-23
18.0 0.00346700478093 3.79008348634e-24
16.5 0.0038491398397 6.80311467198e-25
15.0 0.00327493408773 1.1876899202e-25
13.5 0.00169187430596 2.01666896247e-26
12.0 0.00109013766299 3.33044619948e-27
10.5 0.00109104082188 5.34941750893e-28
9.0 0.001249141845 8.35693129436e-29
7.5 -0.000284521708535 1.26976523671e-29
6.0 -0.00179927460336 1.87644698355e-30
4.5 -0.00258748382657 2.6970278342e-31
3.0 -0.00156434123846 3.77025585399e-32
1.5 -0.000616012528379 5.12616382762e-33
0.0 -0.000171004291753 6.77876229146e-34
-1.5 -0.00125719541995 8.71855662421e-35
-3.0 0.000288414863939 1.09062398502e-35
-4.5 0.00279823477656 1.32691089751e-36
-6.0 0.00385895888481 1.57016300846e-37
-7.5 0.00236479588562 1.80710749325e-38
-9.0 0.00137642356012 2.02283051403e-39
-10.5 0.00128599618339 2.20227358743e-40
-12.0 0.00222790405256 2.33195039817e-41
-13.5 0.00283135420106 2.40161623758e-42
-15.0 0.00110980293415 2.40560422761e-43
-16.5 -0.000376316996574 2.34358661971e-44
-18.0 9.9307275232e-05 2.22061927768e-45
-19.5 0.0011358475874 2.04646096887e-46
-21.0 0.00117657574864 1.83429461313e-47
-22.5 0.000803559275393 1.59908290217e-48
-24.0 0.000755810717898 1.35584215675e-49
-25.5 0.000759688938472 1.11810747522e-50
-27.0 0.0012751356351 8.96797178548e-52
-28.5 0.00219701048257 6.99586112759e-53
-30.0 0.00395944270048 5.30792027189e-54
-31.5 0.00304800792798 3.91691246707e-55
-33.0 0.0032012326867 2.81125089102e-56
-34.5 0.00377382942374 1.96241841374e-57
-36.0 0.0022106116342 1.33235476317e-58
-37.5 0.000611037037089 8.79800920133e-60
-39.0 -0.00049389059765 5.65047827147e-61
-40.5 -0.00187298662331 3.52957383221e-62
-42.0 -0.000910012749989 2.14434962936e-63
-43.5 0.000307094782563 1.26708336027e-64
-45.0 -0.000854891213043 7.28200617041e-66
-46.5 -0.00269914882439 4.07036318794e-67
-48.0 -0.0029302673562 2.21284780777e-68
-49.5 -0.00172635205906 1.1700547762e-69
-51.0 0.00109068219059 6.01723684661e-71
-52.5 0.00179415804899 3.00970744894e-72
-54.0 0.00212979580557 1.46415725713e-73
-55.5 0.000396619216198 6.92767380032e-75
-57.0 0.000394444340735 3.18803734529e-76
-58.5 0.000521180370586 1.42690688873e-77
-60.0 0.000839240399841 6.2116093281e-79
-61.5 0.000483371160822 2.62995850735e-80
-63.0 0.00178990015148 1.08300366006e-81
-64.5 0.00291349513299 4.3375771895e-83
-66.0 0.00364117777149 1.68966564065e-84
-67.5 0.00278071861508 6.40163035843e-86
-69.0 0.00199821924308 2.35893882738e-87
-70.5 0.00133419778347 8.45432674189e-89
-72.0 0.00179792931545 2.94698307996e-90
-73.5 0.00121158504668 9.99108193925e-92
-75.0 0.00182091768406 3.29445563527e-93
-76.5 0.000320344762647 1.05655247247e-94
-78.0 6.2002503088e-05 3.2956018821e-96
-79.5 -0.000544149003273 9.99803558476e-98
-81.0 -0.000795080529735 2.95006020028e-99
-82.5 -0.00139785455713 8.4660990103e-101
-84.0 -0.000858586287163 2.36304543659e-102
-85.5 -0.00118956471451 6.41500598398e-104
-87.0 0.000243913935944 1.69378516086e-105
-88.5 0.00195829972059 4.34966536069e-107
-90.0 0.00290887446928 1.0863996892e-108
-91.5 0.00227985871414 2.63912331706e-110
-93.0 0.00179907212217 6.23542412925e-112
-94.5 0.000920620445102 1.43287590292e-113
-96.0 -0.00024329163048 3.20248735295e-115
-97.5 4.1864861107e-06 6.96149526327e-117
-99.0 0.0032025804711 1.47181730545e-118
-100.5 0.00566030782548 3.02650602226e-120
-102.0 0.00621818494883 6.05292711161e-122
-103.5 0.00402284077676 1.17740428069e-123
-105.0 6.99686455779e-05 2.22752220016e-125
-106.5 -0.000975385056176 4.09878120455e-127
-108.0 0.000415175546713 7.33539821753e-129
-109.5 0.00114458680256 1.27681777258e-130
-111.0 0.000467813990011 2.16157549041e-132
-112.5 -0.000116485322642 3.55916531051e-134
-114.0 -0.000173038223361 5.69983359618e-136
-115.5 0.00172441181728 8.87794516343e-138
-117.0 0.00151772982638 1.34492790299e-139
-118.5 0.00115944932455 1.98162655777e-141
-120.0 -0.00135530436859 2.8397551024e-143
-121.5 -0.00219313844532 3.95800398794e-145
-123.0 -0.00149870014156 5.36547073891e-147
-124.5 0.00143945109264 7.07417335975e-149
-126.0 0.00101623429737 9.0715151564e-151
-127.5 0.00127407494918 1.1314105576e-152
-129.0 0.000345294524354 1.37245112598e-154
-130.5 0.00171644489718 1.61923474087e-156
-132.0 0.00354089800893 1.85805687139e-158
-133.5 0.00655700811906 2.0736929767e-160
-135.0 0.00839377559634 2.25095169493e-162
-136.5 0.00861306915295 2.37642524908e-164
-138.0 0.00737543294626 2.44016057034e-166
-139.5 0.00494539731065 2.43696289579e-168
-141.0 0.00252673512042 2.36709502598e-170
-142.5 0.00213657606112 2.23624165657e-172
-144.0 0.00404321600422 2.05474550004e-174
-145.5 0.00529934664615 1.83625760375e-176
-147.0 0.00650329618743 1.59604613465e-178
-148.5 0.00505887079787 1.34925345456e-180
-150.0 0.0029442206084 1.10937378995e-182
-151.5 0.00191133759424 8.8715300463e-185
-153.0 0.00248980107159 6.90010054142e-187
-154.5 0.00340048850359 5.21973643607e-189
-156.0 0.00480736295862 3.84041355877e-191
-157.5 0.00408102320823 2.74817053301e-193
-159.0 0.00221003918676 1.91269458047e-195
-160.5 0.000927599661328 1.29474380109e-197
-162.0 0.000114112901963 8.52429199616e-200
-163.5 -9.92936858582e-05 5.45844652193e-202
-165.0 0.00151410993638 3.39950798808e-204
-166.5 0.00235715910824 2.05920382684e-206
-168.0 0.00236722625877 1.21316220476e-208
-169.5 0.00284752017952 6.95143828011e-211
-171.0 0.00342535739975 3.87406349977e-213
-172.5 0.00389297722299 2.09988283331e-215
-174.0 0.00438949223902 1.10703067695e-217
-175.5 0.00422175498384 5.67623690227e-220
-177.0 0.00385177028635 2.83072469835e-222
-178.5 0.00367188323284 1.37300152613e-224
-180.0 0.00443252836628 6.47710101356e-227
-181.5 0.00395605565221 2.97184794355e-229
-183.0 0.0040551188494 1.32619920632e-231
-184.5 0.00455146730215 5.7560851125e-234
-186.0 0.00652434684825 2.42986370926e-236
-187.5 0.0075232362986 9.97637779118e-239
-189.0 0.00928739506098 3.98382381462e-241
-190.5 0.00635513697839 1.5472611618e-243
-192.0 0.00441295158446 5.84471568229e-246
-193.5 0.00359296652774 2.14733310381e-248
-195.0 0.00397533390899 7.6731151103e-251
-196.5 0.00441978005891 2.66673752365e-253
-198.0 0.00411357761815 9.01415651979e-256
-199.5 0.00191110379299 2.96350853295e-258
-201.0 0.000909576051747 9.47596687107e-261
-202.5 0.00226809373109 2.94697973734e-263
-204.0 0.00253396071646 8.91388506874e-266
-205.5 0.00344067504975 2.62236521246e-268
-207.0 0.0020364244099 7.50335655343e-271
-208.5 0.000907619424327 2.08811425346e-273
-210.0 -0.000145062087507 5.6518313736e-276
-211.5 0.000721761600285 1.48785427884e-278
-213.0 0.000635608189593 3.80949901025e-281
-214.5 0.00125968703864 9.48662200106e-284
-216.0 0.000101566591112 2.29769083442e-286
-217.5 0.00058350036121 5.4126239114e-289
-219.0 0.000375525203463 1.24011047565e-291
-220.5 0.00201029109034 2.76343443431e-294
-222.0 0.0013038408529 5.98927449925e-297
-223.5 0.00188973028821 1.26251206062e-299
-225.0 6.49303913681e-05 2.58841028905e-302
-226.5 0.000721869892542 5.16139341984e-305
-228.0 -0.000304440357795 1.00100690785e-307
-229.5 0.00104944962224 1.88818024534e-310
-231.0 0.00300824200224 3.46406545102e-313
-232.5 0.00482385632333 6.18108894322e-316
-234.0 0.00411417333419 1.07270544894e-318
-235.5 0.00329867809821 1.81322092024e-321
-237.0 0.00103030086685 4.94065645841e-324
-238.5 0.000928630251065 0.0
-240.0 0.00186530514185 0.0
-241.5 0.00112719166035 0.0
-243.0 0.00127031071185 0.0
-244.5 0.00153708234934 0.0
-246.0 0.00199602349505 0.0
-247.5 0.00206807298433 0.0
-249.0 0.000784540426841 0.0
-250.5 -0.00172053122994 0.0
-252.0 -0.00146265298352 0.0
-253.5 -0.00215034478616 0.0
-255.0 -0.000934993364165 0.0
-256.5 -7.91069525445e-06 0.0
-258.0 0.00246313823356 0.0
-259.5 0.00427099231857 0.0
-261.0 0.00407198803234 0.0
-262.5 0.00192654603749 0.0
-264.0 0.000782949531719 0.0
-265.5 0.000875329104921 0.0
-267.0 0.00197915980914 0.0
-268.5 0.00353254750691 0.0
-270.0 0.00284463038184 0.0
-271.5 0.00331294218336 0.0
-273.0 0.00284227788864 0.0
-274.5 0.00243947099277 0.0
-276.0 0.00244214648975 0.0
-277.5 0.00345496824784 0.0
-279.0 0.00279767669921 0.0
-280.5 0.00163732355874 0.0
-282.0 -0.00047183999335 0.0
-283.5 -0.000937947917575 0.0
-285.0 0.000158197509132 0.0
-286.5 0.00272342844849 0.0
-288.0 0.00411687896927 0.0
-289.5 0.00506376565901 0.0
-291.0 0.00461461973687 0.0
-292.5 0.00228226829476 0.0
-294.0 0.0035561327853 0.0
-295.5 0.00106638210221 0.0
-297.0 0.00440989345882 0.0
-298.5 0.0 0.0
-300.0 0.0 0.0
###
# timestamp: 2455849.57832
# Gaussian 1 [amp, RV +/- err, wid]: [0.51, 77.26 +/- 0.08, 9.00]
# Gaussian 2 [amp, RV +/- err, wid]: [0.37, 105.00 +/- 0.00, 9.00]
# Uncorrected_RV, BF_amp, Gaussian_fit
###
300.0 0.0 1.3098881072e-112
298.5 0.0 5.67006916794e-111
297.0 0.00316051282089 2.3871448854e-109
295.5 0.00039979372686 9.77474564968e-108
294.0 0.00523416701644 3.89285669145e-106
292.5 0.0028045685523 1.50788295327e-104
291.0 0.00305775209801 5.68071643597e-103
289.5 0.00265143762676 2.08149252315e-101
288.0 0.00222869132362 7.41793227003e-100
286.5 0.0030390408719 2.5711483572e-98
285.0 0.00373533491708 8.66777588669e-97
283.5 0.00330612197277 2.84200262893e-95
282.0 0.0033216221803 9.06311605662e-94
280.5 0.00426173976018 2.81103900476e-92
279.0 0.00377027683695 8.47993389068e-91
277.5 0.00330969764143 2.48802262719e-89
276.0 0.00246035935991 7.09990355451e-88
274.5 0.00164518852792 1.97054717902e-86
273.0 0.00223313256401 5.31933680672e-85
271.5 0.00276208609579 1.39657545937e-83
270.0 0.0021889437256 3.56621553465e-82
268.5 0.00127085479158 8.85700791985e-81
267.0 0.000451901737336 2.13945296404e-79
265.5 3.11950826226e-05 5.02637303968e-78
264.0 -0.000498923329818 1.14853161945e-76
262.5 -0.000213332617968 2.55251004031e-75
261.0 -0.000213792117158 5.51732067512e-74
259.5 0.000844835270753 1.15991257938e-72
258.0 0.00169696038386 2.37169345287e-71
256.5 0.00192223108667 4.71658988585e-70
255.0 -0.000253265992711 9.12292155289e-69
253.5 -0.000547976691821 1.71623213643e-67
252.0 -0.000544080432629 3.14017884665e-66
250.5 0.0018050741589 5.58816218249e-65
249.0 0.0032472434905 9.67208010123e-64
247.5 0.00369164297219 1.62819730506e-62
246.0 0.00234405883697 2.66581767422e-61
244.5 0.00188039978653 4.24512144174e-60
243.0 0.00129313924775 6.57485317584e-59
241.5 0.00107508611934 9.90417404482e-58
240.0 0.00215929196919 1.45106455081e-56
238.5 0.00239542793986 2.06771874974e-55
237.0 0.00290684607264 2.8657114811e-54
235.5 0.0031102221761 3.86286673588e-53
234.0 0.0031394472241 5.06434463524e-52
232.5 0.00247878857141 6.45762829651e-51
231.0 0.0027699622038 8.00864602335e-50
229.5 0.00202857224971 9.66009546434e-49
228.0 0.00095571833899 1.13328724896e-47
226.5 0.000414603651707 1.29310815584e-46
225.0 0.000643398750236 1.43504646686e-45
223.5 0.000633300768188 1.54893552706e-44
222.0 0.00112113698835 1.62606155805e-43
220.5 0.00179995608861 1.6602629973e-42
219.0 0.000371239647418 1.64874335891e-41
217.5 -0.000817261953325 1.59244885929e-40
216.0 3.74303765924e-06 1.49594006326e-39
214.5 0.00114763755488 1.36678170503e-38
213.0 0.00175498036678 1.21456394572e-37
211.5 0.00161400935442 1.04973064872e-36
210.0 0.00107963873624 8.82412464671e-36
208.5 0.00163819525359 7.21442387796e-35
207.0 0.00321970069522 5.73677663863e-34
205.5 0.00425918882626 4.43680652506e-33
204.0 0.00339871070231 3.33740802045e-32
202.5 0.000781018207507 2.44165547727e-31
201.0 0.000311380960136 1.73738363815e-30
199.5 0.0011585172695 1.20238440493e-29
198.0 0.0035988574127 8.09332921514e-29
196.5 0.0061821597729 5.29843173217e-28
195.0 0.0068163602554 3.3736788907e-27
193.5 0.004537388443 2.08927885471e-26
192.0 0.00319442720474 1.25841920741e-25
190.5 0.00319596091317 7.37208836555e-25
189.0 0.00348083649324 4.20041296724e-24
187.5 0.00372713342187 2.32771450681e-23
186.0 0.00411709613997 1.25459542723e-22
184.5 0.00350793661366 6.57678964997e-22
183.0 0.00301063819388 3.35320779905e-21
181.5 0.00303233569088 1.66281237453e-20
180.0 0.00203032086156 8.01977700224e-20
178.5 0.00102907029583 3.76198969427e-19
177.0 0.000575265533492 1.71636312302e-18
175.5 -4.59503564291e-05 7.61617672328e-18
174.0 3.63284660394e-05 3.2870106781e-17
172.5 0.00132532133298 1.37975342727e-16
171.0 0.00152293194709 5.63297874486e-16
169.5 0.00112738855175 2.23671684184e-15
168.0 0.000650075175838 8.63813859135e-15
166.5 0.000450370239702 3.24463308125e-14
165.0 0.000705175707923 1.1853518459e-13
163.5 0.00108083466683 4.21177568748e-13
162.0 0.0010903381315 1.45552426728e-12
160.5 0.00224305276361 4.89226453655e-12
159.0 0.00399354369625 1.59932482491e-11
157.5 0.00497313259576 5.08510223759e-11
156.0 0.00411281242741 1.57253008838e-10
154.5 0.00259077886107 4.72970989304e-10
153.0 0.00154143626569 1.38358647135e-09
151.5 0.00157111417976 3.93653733663e-09
150.0 0.00260504918384 1.08932810169e-08
148.5 0.00343970290712 2.93183350903e-08
147.0 0.00395154314161 7.67460735451e-08
145.5 0.0049988681168 1.95393130557e-07
144.0 0.00701004216813 4.83836559388e-07
142.5 0.00804193237538 1.16526401657e-06
141.0 0.00877585809392 2.72951983404e-06
139.5 0.0080665830566 6.21848280376e-06
138.0 0.00685928165242 1.37790376037e-05
136.5 0.00646320220937 2.96954285677e-05
135.0 0.00519064114944 6.22438681395e-05
133.5 0.00432438313246 0.000126893628202
132.0 0.00257636238981 0.000251605031002
130.5 0.0015367417042 0.000485215975575
129.0 0.000573791414029 0.000910095835707
127.5 0.00105476244554 0.00166025741565
126.0 0.000593682987225 0.00294577788268
124.5 0.00239174899593 0.00508347666367
123.0 0.00386238523925 0.00853213941892
121.5 0.004669474964 0.0139280824995
120.0 0.00383412105988 0.0221136792538
118.5 0.00249470785325 0.0341481349096
117.0 0.000492494873072 0.0512872378868
115.5 2.57567011413e-05 0.0749183199208
114.0 0.000719177793126 0.106439603463
112.5 0.00102074632541 0.147080516427
111.0 -4.65528365647e-05 0.197671493333
109.5 -0.00122104378078 0.258386907307
108.0 -0.00184787950213 0.328500115143
106.5 -0.00163054516031 0.406200894591
105.0 -3.16811240953e-05 0.488528240058
103.5 0.00130879151709 0.571462110654
102.0 0.00337365858174 0.650195465942
100.5 0.00718777248257 0.719575576227
99.0 0.00971747941927 0.77466754793
97.5 0.0088445840241 0.811361947812
96.0 0.00586343836206 0.8269309688
94.5 0.00364559459076 0.820439596325
93.0 0.00519306175311 0.792940619921
91.5 0.00739668073086 0.747420371426
90.0 0.00751608921557 0.688506541919
88.5 0.00646839971646 0.621989323556
87.0 0.00424547928377 0.554233019558
85.5 0.00194623073726 0.491562223734
84.0 0.00119823711684 0.439695587789
82.5 -0.000208414386245 0.403277168446
81.0 -0.000352125174001 0.385529293105
79.5 0.00160216638982 0.388030293992
78.0 0.00405018758397 0.410610472982
76.5 0.00637722483811 0.451360464505
75.0 0.00625100987031 0.506753287477
73.5 0.00534788031497 0.571887680904
72.0 0.00385821955826 0.640858978002
70.5 0.00280385746839 0.707251151321
69.0 0.00255629704379 0.764721010868
67.5 0.00259497989946 0.807618907401
66.0 0.00129717468043 0.831568603225
64.5 0.00208784226494 0.833920911146
63.0 0.00396972859116 0.814006539709
61.5 0.00477363325862 0.77314305959
60.0 0.00540897093282 0.714392981274
58.5 0.00518707848434 0.642114516005
57.0 0.00589914181598 0.561382640948
55.5 0.00675303623086 0.477376992647
54.0 0.00848848205602 0.394831162292
52.5 0.00997782565703 0.317617147279
51.0 0.010214387915 0.248505665959
49.5 0.00981799652621 0.189106707614
48.0 0.0075528905846 0.139963559366
46.5 0.00385123679454 0.100753451656
45.0 0.00177269056265 0.0705409847053
43.5 0.00207396881163 0.0480351966766
42.0 0.00250823966841 0.0318136874272
40.5 0.00249583052979 0.0204929639809
39.0 0.00155872734697 0.0128390191137
37.5 0.000252152590289 0.00782339394497
36.0 0.000956157328947 0.00463654874628
34.5 0.00121657445847 0.00267258010867
33.0 0.00210920834575 0.00149831422109
31.5 0.00144459934855 0.000816979836428
30.0 0.000520647364382 0.000433267426978
28.5 -0.000388239233993 0.00022347914808
27.0 0.000440582997229 0.000112112552143
25.5 0.00178567340214 5.47025706243e-05
24.0 0.00295863974149 2.59595701242e-05
22.5 0.00228039931194 1.19818401674e-05
21.0 0.00055612605327 5.37880514841e-06
19.5 -8.16175861429e-05 2.34846648216e-06
18.0 -0.00111719848688 9.97284765777e-07
16.5 -0.000805327331823 4.11898554687e-07
15.0 -0.00125916014327 1.65461750863e-07
13.5 -0.00183695157859 6.46459359349e-08
12.0 3.13291832333e-05 2.45652452202e-08
10.5 0.00142283333573 9.07898386948e-09
9.0 0.000450936263296 3.26354533183e-09
7.5 0.000252111090249 1.14098075463e-09
6.0 0.00135734742672 3.87974563275e-10
4.5 0.00323443283367 1.28311165896e-10
3.0 0.0043725291149 4.12726081153e-11
1.5 0.00210450785559 1.29120631347e-11
0.0 0.000166695080585 3.9288516663e-12
-1.5 0.00025253961207 1.16271128642e-12
-3.0 0.00242270601404 3.34668169574e-13
-4.5 0.0042031045663 9.36899900895e-14
-6.0 0.00278187016918 2.55098697999e-14
-7.5 -0.000153626690983 6.75553199842e-15
-9.0 -0.00155117707889 1.73999152595e-15
-10.5 -0.00187306896994 4.358840479e-16
-12.0 -0.00185918288802 1.06201605432e-16
-13.5 -0.00102343454979 2.51667684247e-17
-15.0 -0.000948893049943 5.80042864047e-18
-16.5 -0.000289409215926 1.30025636384e-18
-18.0 0.00170121848572 2.83487655445e-19
-19.5 0.00349341203276 6.01139935909e-20
-21.0 0.0033717458026 1.23980468634e-20
-22.5 0.0023102425855 2.48695101375e-21
-24.0 0.00178585413369 4.85196268999e-22
-25.5 0.00270657020077 9.2066988724e-23
-27.0 0.00398099344041 1.69913031811e-23
-28.5 0.00401032443651 3.04990073132e-24
-30.0 0.00330007181159 5.32452638367e-25
-31.5 0.00270603599834 9.04091793247e-26
-33.0 0.00284088997661 1.49307056976e-26
-34.5 0.00432647937464 2.39819452696e-27
-36.0 0.00458922649036 3.74649143741e-28
-37.5 0.00384840910555 5.69247779991e-29
-39.0 0.00443203365027 8.4122895223e-30
-40.5 0.004666762287 1.20910311828e-30
-42.0 0.00402712700662 1.69024140277e-31
-43.5 0.00369212872918 2.29810778747e-32
-45.0 0.00337768133893 3.03898332852e-33
-46.5 0.00439488269725 3.90861149728e-34
-48.0 0.00699655122562 4.88937060434e-35
-49.5 0.00658289357235 5.94866720881e-36
-51.0 0.00428705748212 7.03918945763e-37
-52.5 0.0016176844616 8.10143402101e-38
-54.0 0.00127468885189 9.0685407516e-39
-55.5 0.00181239612221 9.8730010425e-40
-57.0 0.00260465587367 1.04543544651e-40
-58.5 0.00213588035109 1.07666730204e-41
-60.0 0.0010653599914 1.07845515573e-42
-61.5 0.00108615689814 1.05065207482e-43
-63.0 0.00228124573263 9.9552465092e-45
-64.5 0.00310752234886 9.17447831841e-46
-66.0 0.00395476495962 8.22331645397e-47
-67.5 0.00341891778517 7.16884007975e-48
-69.0 0.00205786638028 6.07836878374e-49
-70.5 0.00176340269349 5.01258169351e-50
-72.0 0.000543261507621 4.02042667598e-51
-73.5 -0.00102637793181 3.13631079263e-52
-75.0 -0.00283062570339 2.37959092263e-53
-76.5 -0.0050635677225 1.75598895121e-54
-78.0 -0.00515964827496 1.26031039632e-55
-79.5 -0.00393049659619 8.79770758514e-57
-81.0 -0.00197484271293 5.97307257411e-58
-82.5 0.000812477704635 3.94423084e-59
-84.0 0.00292446274182 2.53316291778e-60
-85.5 0.00391161475583 1.5823413732e-61
-87.0 0.00335827620461 9.61332245319e-63
-88.5 0.00319935350036 5.68045469384e-64
-90.0 0.00333058444077 3.26459232506e-65
-91.5 0.00364538300649 1.82478236252e-66
-93.0 0.00264949102814 9.92040627362e-68
-94.5 0.0016349665169 5.24546636308e-69
-96.0 0.000641886910133 2.69758426013e-70
-97.5 0.00194259353102 1.34928035057e-71
-99.0 0.00400385967208 6.56395563589e-73
-100.5 0.00459470276197 3.1057417681e-74
-102.0 0.00328093312529 1.42922733185e-75
-103.5 0.000832429104865 6.39695870687e-77
-105.0 -0.000958927434164 2.78472328424e-78
-106.5 -0.00186329480135 1.17903530392e-79
-108.0 -0.00152968119773 4.85520796591e-81
-109.5 -0.0009028048369 1.94457692988e-82
-111.0 -0.000292682235223 7.57493107432e-84
-112.5 -0.000140968115812 2.8699115116e-85
-114.0 0.000781334048771 1.0575346149e-86
-115.5 0.00163814053938 3.79015473885e-88
-117.0 0.00129549668525 1.32116042197e-89
-118.5 0.00162789626229 4.47909664653e-91
-120.0 0.000860878303527 1.476935659e-92
-121.5 0.00142864691837 4.73662478706e-94
-123.0 0.00165612907506 1.47744953231e-95
-124.5 0.00264951542408 4.48221403166e-97
-126.0 0.00265298878556 1.32253992415e-98
-127.5 0.0042503119433 3.79543235825e-100
-129.0 0.00530942944024 1.0593756467e-101
-130.5 0.0076033919259 2.87590793119e-103
-132.0 0.0073971449103 7.59339927357e-105
-133.5 0.00665154090064 1.94999617149e-106
-135.0 0.00582017754998 4.87043268616e-108
-136.5 0.00619469506418 1.18314397491e-109
-138.0 0.00638565915236 2.79539968512e-111
-139.5 0.00607753289365 6.42371836274e-113
-141.0 0.00459972962791 1.43570540712e-114
-142.5 0.00228095084317 3.12090425022e-116
-144.0 0.000932039079388 6.59829635793e-118
-145.5 0.000348604326976 1.35681131007e-119
-147.0 0.00105790143334 2.71358454391e-121
-148.5 0.00129955089037 5.27841488771e-123
-150.0 0.000844582465872 9.98619296436e-125
-151.5 0.000500798065842 1.83752242848e-126
-153.0 0.000683681374521 3.28852848539e-128
-154.5 0.00113833546398 5.72409498606e-130
-156.0 0.00266121108039 9.69054761954e-132
-157.5 0.00276733579114 1.59560751315e-133
-159.0 0.00218715746333 2.55528937723e-135
-160.5 0.0017197302981 3.98006688879e-137
-162.0 0.00146257542721 6.02943915056e-139
-163.5 0.00129693992158 8.88381951378e-141
-165.0 0.00253697431243 1.27308910421e-142
-166.5 0.00285104456201 1.77441066915e-144
-168.0 0.00303433475489 2.40539134198e-146
-169.5 0.00195513607642 3.17141890791e-148
-171.0 0.00115858672402 4.0668461497e-150
-172.5 0.000270884241684 5.07222067161e-152
-174.0 0.000747226642663 6.15282836563e-154
-175.5 0.000545990888839 7.25918268098e-156
-177.0 0.000932491126926 8.32984490799e-158
-178.5 0.000199997330311 9.29656198831e-160
-180.0 0.000992779827202 1.00912296081e-161
-181.5 0.0013543860647 1.06537394334e-163
-183.0 0.00165004832842 1.09394709142e-165
-184.5 0.00143705089388 1.09251354364e-167
-186.0 0.00183025663359 1.06119111597e-169
-187.5 0.00141617810045 1.00252831132e-171
-189.0 0.00182918093991 9.21161865618e-174
-190.5 0.00126628562695 8.23211672684e-176
-192.0 0.000662518338557 7.15522596338e-178
-193.5 0.00173085019837 6.04883100788e-180
-195.0 0.00238445918696 4.9734277554e-182
-196.5 0.00182394110112 3.97719093103e-184
-198.0 0.000286710309044 3.09338041502e-186
-199.5 -0.000408298095337 2.34005727395e-188
-201.0 0.000572815035083 1.7216937662e-190
-202.5 0.00316083858569 1.23203087447e-192
-204.0 0.00350247207403 8.57479093186e-195
-205.5 0.00282250494209 5.80445906943e-197
-207.0 0.00144752582703 3.82152082489e-199
-208.5 0.00144227607957 2.44707326596e-201
-210.0 0.00181670338857 1.52403162359e-203
-211.5 0.00197516623673 9.23160575742e-206
-213.0 0.00126714605676 5.4387210475e-208
-214.5 0.0016421770901 3.11639560943e-210
-216.0 0.00307961212416 1.7367793534e-212
-217.5 0.00445828436685 9.41397359564e-215
-219.0 0.00358688547552 4.96292335793e-217
-220.5 0.00294807412138 2.54471075589e-219
-222.0 0.00318740735796 1.26904068856e-221
-223.5 0.00426258791673 6.15529586159e-224
-225.0 0.00432256366398 2.90374572098e-226
-226.5 0.00453437410578 1.33230757578e-228
-228.0 0.00288321927911 5.94547662984e-231
-229.5 0.00162374267212 2.58050746468e-233
-231.0 0.00177767057264 1.08933091109e-235
-232.5 0.00233902706926 4.4725046377e-238
-234.0 0.00291376422565 1.78598594195e-240
-235.5 0.00394637381177 6.93651831027e-243
-237.0 0.00303505609519 2.62024138843e-245
-238.5 0.00157312734813 9.6266976517e-248
-240.0 0.00151468475425 3.43993016651e-250
-241.5 0.00304731732846 1.19552368522e-252
-243.0 0.00338472305198 4.04113172973e-255
-244.5 0.00218601790813 1.32856893904e-257
-246.0 -0.000391341469785 4.24816568344e-260
-247.5 -0.00095729176528 1.32115892345e-262
-249.0 -6.53428994709e-05 3.99617908868e-265
-250.5 0.000901059351052 1.17563115792e-267
-252.0 0.00180459397468 3.3638257979e-270
-253.5 0.000983825588299 9.36121393768e-273
-255.0 0.000465614408302 2.53376952628e-275
-256.5 -2.41231987446e-05 6.6701916283e-278
-258.0 0.000620143411675 1.70783448134e-280
-259.5 0.000237296764306 4.25294247912e-283
-261.0 0.000774110405429 1.03007655966e-285
-262.5 0.000764516779594 2.42653055574e-288
-264.0 0.000276914935828 5.55953269783e-291
-265.5 5.97722733155e-05 1.23887382597e-293
-267.0 0.00127674095488 2.68504847501e-296
-268.5 0.00208494343063 5.65996112463e-299
-270.0 0.0022963419173 1.16040884421e-301
-271.5 0.00316796905481 2.31390154728e-304
-273.0 0.00361505740527 4.48760876087e-307
-274.5 0.00486338050061 8.46489084601e-310
-276.0 0.00541758532799 1.55297334555e-312
-277.5 0.00569066224605 2.77104070649e-315
-279.0 0.00608784947562 4.80903737036e-318
-280.5 0.00615293980689 8.11749856117e-321
-282.0 0.00557764443925 9.88131291682e-324
-283.5 0.00534174528844 0.0
-285.0 0.00421451018508 0.0
-286.5 0.00426407396497 0.0
-288.0 0.00451518810267 0.0
-289.5 0.00343101506918 0.0
-291.0 0.00315844499074 0.0
-292.5 0.00249780938171 0.0
-294.0 0.002838995424 0.0
-295.5 0.00114750562691 0.0
-297.0 0.00228797419761 0.0
-298.5 0.0 0.0
-300.0 0.0 0.0
###
# timestamp: 2455866.5694198
# Gaussian 1 [amp, RV +/- err, wid]: [0.51, 77.26 +/- 0.08, 9.00]
# Gaussian 2 [amp, RV +/- err, wid]: [0.37, 105.00 +/- 0.00, 9.00]
# Uncorrected_RV, BF_amp, Gaussian_fit
###
300.0 0.0 1.4221672893e-63
298.5 0.0 2.38517381513e-62
297.0 0.0096669249838 3.890681186e-61
295.5 0.00507386220012 6.17259128332e-60
294.0 0.00910309160846 9.52457622794e-59
292.5 0.00415380377441 1.42942070018e-57
291.0 0.00517293024045 2.08646323515e-56
289.5 0.00293665295774 2.9620860475e-55
288.0 0.00419772856888 4.08997702821e-54
286.5 0.00437440226472 5.49262983312e-53
285.0 0.00444472706941 7.17424260121e-52
283.5 0.00392011350945 9.11397955422e-51
282.0 0.00325660077988 1.12609830775e-49
280.5 0.00315457030219 1.35325869459e-48
279.0 0.00407377248586 1.58169088083e-47
277.5 0.00466755077255 1.79803714638e-46
276.0 0.00524463433225 1.98797982743e-45
274.5 0.0052827787858 2.13777281959e-44
273.0 0.00601487067798 2.23587434722e-43
271.5 0.00588283854842 2.27441389442e-42
270.0 0.00581548530117 2.25023497618e-41
268.5 0.00335237423243 2.16532208854e-40
267.0 0.00203238362535 2.02653172038e-39
265.5 0.00225225533111 1.84467800764e-38
264.0 0.0038228897571 1.63314219116e-37
262.5 0.00402058604911 1.40625374366e-36
261.0 0.0032946974656 1.17771348807e-35
259.5 0.000503508821352 9.59294314863e-35
258.0 0.000829390254376 7.59976838744e-34
256.5 0.00216960394584 5.85578479049e-33
255.0 0.00256761430294 4.38839914963e-32
253.5 0.00273845769655 3.19862554664e-31
252.0 0.00186220003512 2.26755038159e-30
250.5 0.00313637493668 1.56345992327e-29
249.0 0.00384879332039 1.04846231641e-28
247.5 0.00356419750208 6.83841042619e-28
246.0 0.00306931007075 4.33804211429e-27
244.5 0.00255643819613 2.67650851596e-26
243.0 0.00256777903105 1.60612654383e-25
241.5 0.0033885692827 9.37404758989e-25
240.0 0.00307928556655 5.3212150757e-24
238.5 0.00211118439444 2.93785756367e-23
237.0 0.00223736268275 1.57756376945e-22
235.5 0.000576870379058 8.23909244206e-22
234.0 0.00189018533311 4.18512170557e-21
232.5 0.00176365419818 2.06763118036e-20
231.0 0.0027505104219 9.93514747315e-20
229.5 0.00155177901797 4.64314052201e-19
228.0 0.00145635707272 2.11050119063e-18
226.5 0.00114969603499 9.33030068461e-18
225.0 0.00146161501039 4.01182465079e-17
223.5 0.0020481017638 1.67773942354e-16
222.0 0.0024860464582 6.82406792803e-16
220.5 0.00225740624846 2.69959389379e-15
219.0 0.00174407996183 1.03869920075e-14
217.5 0.00138500612326 3.88702579001e-14
216.0 0.000784729277379 1.41475524022e-13
214.5 0.00171916036158 5.0081977031e-13
213.0 0.00266643064839 1.72432006774e-12
211.5 0.00489602564134 5.77418328011e-12
210.0 0.0055757062929 1.88061333597e-11
208.5 0.00571643365185 5.95723486451e-11
207.0 0.00390486581235 1.83538085812e-10
205.5 0.00292716694589 5.49976252957e-10
204.0 0.00302771925983 1.6028686768e-09
202.5 0.00551610661154 4.5434757103e-09
201.0 0.00534229095046 1.25260673832e-08
199.5 0.00476825889515 3.35874892953e-08
198.0 0.00275462444257 8.75944525713e-08
196.5 0.00459372132285 2.22183564038e-07
195.0 0.00696526487571 5.48129933398e-07
193.5 0.0102652941426 1.3151987109e-06
192.0 0.00896756078563 3.06927282263e-06
190.5 0.00568019781056 6.96651982935e-06
189.0 0.00183834303989 1.53791568316e-05
187.5 0.000938197866089 3.30206363392e-05
186.0 0.00118872941466 6.89564055504e-05
184.5 0.00107315965857 0.000140055463947
183.0 -0.000210181923413 0.000276669803863
181.5 -0.0012534220402 0.000531569105805
180.0 -0.00128126301388 0.000993330948731
178.5 -0.00011380175245 0.00180536270108
177.0 0.00113480152718 0.00319132642962
175.5 0.00188196279494 0.00548673843098
174.0 0.0029229856435 0.00917473541306
172.5 0.00153413964475 0.0149213839331
171.0 -0.000750625382134 0.023602658672
169.5 -0.00253781155263 0.0363119031285
168.0 -0.00371969375169 0.0543342104759
166.5 -0.0012340236426 0.0790740485048
165.0 0.00128548683751 0.111925966472
163.5 0.00190110568282 0.154086289064
162.0 0.00192317128557 0.206316234642
160.5 0.00226584521405 0.268682310758
159.0 0.000687832587098 0.340314936413
157.5 0.000881642764985 0.419236620116
156.0 0.00175690847205 0.502312141592
154.5 0.00383745504763 0.585361836992
153.0 0.00534563301161 0.663454888567
151.5 0.00655755312555 0.731365814013
150.0 0.0052312165558 0.784141029822
148.5 0.00585863702852 0.817692407863
147.0 0.00783313358405 0.82931976608
145.5 0.0105172877014 0.818069746389
144.0 0.0104024877951 0.784864908114
142.5 0.00931791173186 0.732378786133
141.0 0.0061496617759 0.664680388188
139.5 0.00213675786842 0.586713711624
138.0 0.000459705826506 0.503704551681
136.5 -0.000377701261415 0.420592745109
135.0 -0.00100488327522 0.341573321921
133.5 -0.000302103611116 0.269800266332
132.0 0.000570867385321 0.207270296712
130.5 0.000628714980058 0.15487026044
129.0 0.00112672416975 0.112547344692
127.5 0.000307093601134 0.0795497363308
126.0 0.000316653713205 0.0546862961379
124.5 0.00146227613421 0.0365640740936
123.0 0.00225662032898 0.0237775489263
121.5 0.00302955416805 0.0150389167287
120.0 0.00269035172037 0.00925135215897
118.5 0.00250613922979 0.00553531446641
117.0 0.00350273791255 0.00322156018513
115.5 0.00320855581024 0.00182447071836
114.0 0.00290579892216 0.00100697244504
112.5 0.00236418530061 0.00054505399168
111.0 0.000944792892089 0.000296680381472
109.5 0.00135537229621 0.00017735565612
108.0 0.00263282974039 0.000142905113633
106.5 0.00353403566728 0.00017918118392
105.0 0.00413737730372 0.000298143615592
103.5 0.00398287557962 0.000539871002279
102.0 0.00121344220286 0.000980269293657
100.5 0.000753762773215 0.00174431365216
99.0 -0.000622518837349 0.00302437931506
97.5 -0.0011881680412 0.00510241673767
96.0 -0.000477706587414 0.00837332519321
94.5 0.000698523468369 0.0133649498977
93.0 0.000452295371465 0.0207479713462
91.5 0.00187800342098 0.0313271472582
90.0 0.00158608441686 0.0460047288994
88.5 0.00141250502816 0.0657083261907
87.0 0.000447032440852 0.091279784542
85.5 -0.000282709164223 0.123328961558
84.0 -0.000928548706048 0.162065960718
82.5 0.000280812780314 0.207135628234
81.0 0.00126847079958 0.257486265325
79.5 0.00295545641238 0.311307507869
78.0 0.00256347814671 0.366067679138
76.5 0.00257368991761 0.418667685235
75.0 0.00164705309796 0.465708067268
73.5 0.00156913992787 0.503841974591
72.0 0.00141167959547 0.53016517151
70.5 0.000892894099279 0.542580656805
69.0 -0.000323098132879 0.54007451505
67.5 -0.00117398605223 0.522852665193
66.0 8.51563596201e-05 0.492312918868
64.5 0.00191285380106 0.450857608325
63.0 0.00480044742068 0.40158162971
61.5 0.00701525310103 0.347892076285
60.0 0.00678564210115 0.293124082685
58.5 0.00378302264481 0.240212016556
57.0 0.0021781499632 0.191458310242
55.5 0.00129552331613 0.148419163161
54.0 0.00127171247799 0.111903069625
52.5 0.00129884332322 0.0820597681479
51.0 -0.00041136070889 0.0585268075885
49.5 -0.00181647429398 0.0405990293185
48.0 -0.00104310158755 0.0273913053321
46.5 -0.000186523021167 0.0179740552496
45.0 0.000779675915964 0.0114713803585
43.5 -0.000963287006839 0.00712068135782
42.0 -0.00061863667522 0.00429896281392
40.5 -0.00115934221889 0.00252430652169
39.0 -0.000429722979961 0.00144163977008
37.5 -0.000336657437052 0.000800769796768
36.0 -0.000364764055609 0.000432608330531
34.5 -0.00227326767258 0.000227309892504
33.0 -0.00158828266659 0.000116165738949
31.5 -0.000615654920807 5.77396366492e-05
30.0 0.00218219271506 2.79129860256e-05
28.5 0.00593751759759 1.31242596577e-05
27.0 0.00701451679293 6.00177340134e-06
25.5 0.00643449255793 2.66944292217e-06
24.0 0.00413308762777 1.1547765295e-06
22.5 0.00134036812408 4.85860420746e-07
21.0 -0.000628439118619 1.98820590742e-07
19.5 -0.0004580085219 7.91311472433e-08
18.0 -0.00106630797899 3.06316103474e-08
16.5 0.000795492771709 1.15326326862e-08
15.0 0.0029187748349 4.22302211261e-09
13.5 0.00330778233641 1.50402313055e-09
12.0 0.00237723154703 5.2098106554e-10
10.5 0.00182869258119 1.75519603162e-10
9.0 0.000209821451809 5.75129416617e-11
7.5 0.00160534152215 1.83291277783e-11
6.0 0.00263590377099 5.68138578973e-12
4.5 0.00166197583372 1.7127856942e-12
3.0 0.00111433049066 5.02213100748e-13
1.5 -0.000220134822555 1.43221860997e-13
0.0 -0.000683963913233 3.97252694809e-14
-1.5 0.00110281715999 1.07166896953e-14
-3.0 0.00269274958646 2.81184077209e-15
-4.5 0.00323974658715 7.17558075738e-16
-6.0 0.00401544326418 1.78098250593e-16
-7.5 0.00244255870357 4.29930756503e-17
-9.0 0.00171932572598 1.00942403344e-17
-10.5 0.00166515140441 2.30507484218e-18
-12.0 -8.64010630288e-05 5.11956056786e-19
-13.5 -0.00136622439737 1.10590190024e-19
-15.0 -0.00142577464315 2.32346849271e-20
-16.5 -9.72170882767e-05 4.74780895602e-21
-18.0 0.000956750352811 9.4359568768e-22
-19.5 0.0024669832718 1.82395837915e-22
-21.0 0.00168719143889 3.4291001151e-23
-22.5 0.00128854152545 6.27020399098e-24
-24.0 0.00158329078122 1.11511444033e-24
-25.5 0.00313230352548 1.92882787559e-25
-27.0 0.00211326838088 3.24491834224e-26
-28.5 0.00250896839172 5.30945977861e-27
-30.0 0.00438909446377 8.44954187144e-28
-31.5 0.00513674118441 1.30783288716e-28
-33.0 0.00660899300821 1.96882724275e-29
-34.5 0.00708182349732 2.88269855567e-30
-36.0 0.00560259644881 4.10513189556e-31
-37.5 0.00471050481758 5.68579588063e-32
-39.0 0.00398469032993 7.65934581497e-33
-40.5 0.00112941987979 1.0035253695e-33
-42.0 -0.000262868927878 1.27879608631e-34
-43.5 -0.000462351861515 1.58493153021e-35
-45.0 0.000454889958094 1.91053930348e-36
-46.5 0.00156489916128 2.23994684242e-37
-48.0 0.00234213194793 2.55420477161e-38
-49.5 0.00258003185386 2.83276127114e-39
-51.0 0.00376171881194 3.05562816847e-40
-52.5 0.00322790513325 3.20573263222e-41
-54.0 0.00361261892933 3.27107389821e-42
-55.5 0.00311246801682 3.24630766705e-43
-57.0 0.00202426079534 3.13346799895e-44
-58.5 0.00132856994891 2.94169142435e-45
-60.0 0.00276356990409 2.6859951832e-46
-61.5 0.00322276206409 2.38533625423e-47
-63.0 0.00475867031214 2.06029900519e-48
-64.5 0.00452914918165 1.7308010942e-49
-66.0 0.00337343832942 1.41416581176e-50
-67.5 0.00273938601914 1.12380192262e-51
-69.0 0.00350064983554 8.68591294242e-53
-70.5 0.002258595889 6.52946259044e-54
-72.0 0.00219974918873 4.77392583975e-55
-73.5 0.0025925697135 3.39476849288e-56
-75.0 0.00318088651599 2.34790716851e-57
-76.5 0.00192300369776 1.57938476773e-58
-78.0 0.00126586233751 1.03331142898e-59
-79.5 0.000167640604233 6.57522751952e-61
-81.0 0.00017365974354 4.06936458962e-62
-82.5 0.00179273668586 2.44950698719e-63
-84.0 0.00114927205372 1.43405902816e-64
-85.5 0.00230491514951 8.16566648263e-66
-87.0 0.00239637234933 4.52222859508e-67
-88.5 0.00244372916423 2.43584500516e-68
-90.0 0.00281778779447 1.27609513578e-69
-91.5 0.00262841264383 6.50208616648e-71
-93.0 -0.000369879713343 3.22224569559e-72
-94.5 0.000545719312648 1.55310510886e-73
-96.0 0.0022711257617 7.28080347709e-75
-97.5 0.00406663472884 3.31966327264e-76
-99.0 0.00584335392995 1.47212613494e-77
-100.5 0.0040244244781 6.34939398937e-79
-102.0 0.000384186239344 2.66351897199e-80
-103.5 6.34049659094e-05 1.08671478806e-81
-105.0 0.00215449558076 4.31232638656e-83
-106.5 0.00184642924213 1.66434722038e-84
-108.0 0.00309012745484 6.24758984955e-86
-109.5 0.00316382110864 2.28095832608e-87
-111.0 0.000806861196614 8.09950457428e-89
-112.5 -0.00124649643055 2.79727925012e-90
-114.0 -0.000535936032455 9.39613952285e-92
-115.5 0.000622564033852 3.06972417584e-93
-117.0 0.00496445182044 9.75406210572e-95
-118.5 0.00740961828599 3.01444901519e-96
-120.0 0.00657624653504 9.06080186287e-98
-121.5 0.00421341412286 2.64887575758e-99
-123.0 0.00156902828175 7.5316964482e-101
-124.5 0.000955127707203 2.08286101879e-102
-126.0 0.000100800419193 5.60227006102e-104
-127.5 -8.86336761505e-05 1.46556151851e-105
-129.0 -0.000436959629145 3.72889650905e-107
-130.5 0.000836461508817 9.22768735522e-109
-132.0 0.00130607643676 2.22096481065e-110
-133.5 0.00232687519607 5.19908296538e-112
-135.0 0.00151022332517 1.18371753881e-113
-136.5 0.00223846306177 2.6212333299e-115
-138.0 0.00314083210966 5.64546273418e-117
-139.5 0.00332772234728 1.1825776662e-118
-141.0 0.00264679368997 2.40932876114e-120
-142.5 0.00100139901105 4.77417925817e-122
-144.0 0.000183466902637 9.20105533651e-124
-145.5 0.000731203432899 1.72469707973e-125
-147.0 0.0018148966824 3.14430218719e-127
-148.5 0.00152441111927 5.57534815123e-129
-150.0 0.00250684829988 9.61514793571e-131
-151.5 0.00337117906459 1.61278402689e-132
-153.0 0.00334738284234 2.63107192745e-134
-154.5 0.00288539095221 4.17470212144e-136
-156.0 0.00309377455904 6.44250150591e-138
-157.5 0.00275635512216 9.66985204762e-140
-159.0 0.00394854246453 1.41163167317e-141
-160.5 0.00318491322534 2.00428383356e-143
-162.0 0.00133461526272 2.76779115544e-145
-163.5 8.16376382864e-05 3.71743749722e-147
-165.0 0.00126099248202 4.85612992575e-149
-166.5 0.00113784075989 6.16982981181e-151
-168.0 0.00118454950655 7.62416586558e-153
-169.5 0.000531622318388 9.16321235993e-155
-171.0 0.00247473187262 1.07112321383e-156
-172.5 0.0041416300187 1.21777590288e-158
-174.0 0.00501382770155 1.34657821732e-160
-175.5 0.00397710483776 1.44821172112e-162
-177.0 0.0023959325459 1.51484708568e-164
-178.5 0.00144293041404 1.54113895362e-166
-180.0 0.00158189398096 1.52493405819e-168
-181.5 0.0016962987197 1.46756246304e-170
-183.0 0.00289424877926 1.37365727366e-172
-184.5 0.00515993877811 1.25053672314e-174
-186.0 0.00771479706125 1.10726296374e-176
-187.5 0.00717362490808 9.53545370617e-179
-189.0 0.00534081949359 7.98671550656e-181
-190.5 0.00208146641893 6.50625876497e-183
-192.0 0.00179715315386 5.15502425999e-185
-193.5 0.00529050102802 3.97252244225e-187
-195.0 0.00785135953838 2.97740744298e-189
-196.5 0.00544666027642 2.17043330203e-191
-198.0 0.00227575475595 1.53883084708e-193
-199.5 6.12722012962e-05 1.06113731543e-195
-201.0 0.00241537644645 7.11686216683e-198
-202.5 0.00637067852645 4.64239176469e-200
-204.0 0.00884723027069 2.94531184388e-202
-205.5 0.00842088083242 1.81742728939e-204
-207.0 0.00643510874469 1.09073455074e-206
-208.5 0.00360744543614 6.36674359629e-209
-210.0 0.0011629041544 3.61453067181e-211
-211.5 -0.000296314385296 1.99582626218e-213
-213.0 0.000160100145446 1.07183964357e-215
-214.5 -0.000245064175968 5.59851909021e-218
-216.0 0.00038550495563 2.84415182028e-220
-217.5 0.00328970891706 1.40529872237e-222
-219.0 0.00489012938236 6.75337385239e-225
-220.5 0.00671003389914 3.15652473575e-227
-222.0 0.00574468370895 1.43494041071e-229
-223.5 0.00321288329661 6.34446199366e-232
-225.0 0.00210926264784 2.72829921617e-234
-226.5 0.00204807946581 1.14110461232e-236
-228.0 0.00326976962861 4.64189366668e-239
-229.5 0.00355993478682 1.83654332925e-241
-231.0 0.00137306038672 7.06713576876e-244
-232.5 -0.000346638890473 2.64497733481e-246
-234.0 0.00013094011736 9.62801458185e-249
-235.5 -0.000318276668576 3.40869221105e-251
-237.0 0.000187231853265 1.17374863853e-253
-238.5 -0.000820504607738 3.93096049394e-256
-240.0 -0.000155275314625 1.28043790237e-258
-241.5 0.0021483983528 4.05652939817e-261
-243.0 0.00439857005911 1.24993376084e-263
-244.5 0.00251672818039 3.74589529462e-266
-246.0 0.000234752509959 1.09184385307e-268
-247.5 -0.0019762546381 3.09529251457e-271
-249.0 -0.00199685219596 8.53452049894e-274
-250.5 -0.00171989078011 2.28872081129e-276
-252.0 -0.000863247583737 5.96956624336e-279
-253.5 0.0017105522975 1.5143595387e-281
-255.0 0.00355905877915 3.73638382584e-284
-256.5 0.00305270090728 8.96623740526e-287
-258.0 6.59286575379e-05 2.09269168428e-289
-259.5 -0.0010105114767 4.75046943031e-292
-261.0 -0.000965462938403 1.04882751288e-294
-262.5 0.00215038421074 2.25220479725e-297
-264.0 0.00334621620213 4.70379029281e-300
-265.5 0.00284004002416 9.55485912411e-303
-267.0 0.000935959763995 1.8877170106e-305
-268.5 0.00114719278785 3.62731903439e-308
-270.0 -0.000742043637641 6.7790819621e-311
-271.5 -0.00080921752023 1.23223142171e-313
-273.0 0.000534515099248 2.17846171569e-316
-274.5 0.000912918424117 3.74580810051e-319
-276.0 0.00292143300952 6.27463370218e-322
-277.5 0.003715650453 0.0
-279.0 0.00334649501701 0.0
-280.5 0.00320279132442 0.0
-282.0 0.00255369281802 0.0
-283.5 0.0014715409602 0.0
-285.0 0.00358413727015 0.0
-286.5 0.00221527582257 0.0
-288.0 0.000479293752915 0.0
-289.5 -0.00179765234671 0.0
-291.0 -0.00297556436304 0.0
-292.5 -0.00203866120703 0.0
-294.0 0.00550607979102 0.0
-295.5 0.00102405836918 0.0
-297.0 0.00535538473263 0.0
-298.5 0.0 0.0
-300.0 0.0 0.0
###
# timestamp: 2455823.7264394
# Gaussian 1 [amp, RV +/- err, wid]: [0.51, 77.26 +/- 0.08, 9.00]
# Gaussian 2 [amp, RV +/- err, wid]: [0.37, 105.00 +/- 0.00, 9.00]
# Uncorrected_RV, BF_amp, Gaussian_fit
###
300.0 0.0 3.32198129099e-119
298.5 0.0 1.60062022272e-117
297.0 0.00566684581862 7.50093982403e-116
295.5 0.00178710998504 3.41884433771e-114
294.0 0.00117258977091 1.51558129994e-112
292.5 0.000682498979039 6.534545902e-111
291.0 0.00435487359426 2.74023527285e-109
289.5 0.00577681227913 1.11762615338e-107
288.0 0.0057388946781 4.43344703234e-106
286.5 0.00366800708148 1.71049873248e-104
285.0 0.00117245663016 6.41859914011e-103
283.5 -0.00146924744112 2.34257775477e-101
282.0 -0.000304112333518 8.31541714456e-100
280.5 -0.000158907121299 2.87084887064e-98
279.0 0.00158226734291 9.63990791003e-97
277.5 0.00272768978235 3.14826806438e-95
276.0 0.00455295751573 1.00001562827e-93
274.5 0.00619129881318 3.08942840224e-92
273.0 0.00613334281005 9.28294434925e-91
271.5 0.00311207208691 2.71287399988e-89
270.0 0.00172835746835 7.7109833279e-88
268.5 0.0024582641005 2.13170041297e-86
267.0 0.00337014123047 5.73163912976e-85
265.5 0.00325377766462 1.49888313448e-83
264.0 0.00374919715419 3.81235181079e-82
262.5 0.0049290919943 9.4309281045e-81
261.0 0.0063309185063 2.26909229569e-79
259.5 0.00712089950908 5.30989768426e-78
258.0 0.00644595766283 1.20852714251e-76
256.5 0.0039433347094 2.67524110717e-75
255.0 0.00225556132398 5.75977759082e-74
253.5 0.00238854698838 1.2061040143e-72
252.0 -0.000723313284128 2.45640558674e-71
250.5 -0.00365291342366 4.86577087317e-70
249.0 -0.00415258867873 9.37431400414e-69
247.5 -0.00304107448912 1.75656248532e-67
246.0 -0.00109337676339 3.20128230752e-66
244.5 0.00166142899544 5.67440866333e-65
243.0 0.00175046664208 9.78258228849e-64
241.5 0.000930073971003 1.64029769274e-62
240.0 0.00228511440564 2.67502658603e-61
238.5 0.00213438501897 4.24296838415e-60
237.0 0.00237820267642 6.54557424194e-59
235.5 0.00101431900226 9.82114165104e-58
234.0 0.00247070771249 1.43321868399e-56
232.5 0.00183651809044 2.03422605114e-55
231.0 0.0034674590312 2.80816244342e-54
229.5 0.00381156114768 3.77034859966e-53
228.0 0.00442890990713 4.92353523113e-52
226.5 0.00334069379187 6.25329415101e-51
225.0 0.00350676452215 7.72461655729e-50
223.5 0.00320548537303 9.2807113975e-49
222.0 0.00402758144561 1.08448080358e-47
220.5 0.00418866887636 1.23253350726e-46
219.0 0.00300153448442 1.3624226806e-45
217.5 0.00179948475953 1.46474242042e-44
216.0 -0.000208705396894 1.53160550363e-43
214.5 -0.000288793094005 1.55764627756e-42
213.0 0.000341331371851 1.54073173954e-41
211.5 0.00233746482618 1.4822500762e-40
210.0 0.00391683034476 1.38692251297e-39
208.5 0.00384081940915 1.26217385166e-38
207.0 0.000837492619543 1.11717812649e-37
205.5 0.000798389342763 9.61749421187e-37
204.0 0.000728966121917 8.05262931286e-36
202.5 0.00260269739894 6.55767284018e-35
201.0 0.00296745546872 5.19395340096e-34
199.5 0.00177636694797 4.00112957566e-33
198.0 0.000576632694323 2.99780547024e-32
196.5 0.00260106971062 2.18454272874e-31
195.0 0.00340163274146 1.54829568749e-30
193.5 0.00404821285459 1.0672926753e-29
192.0 0.0027593916966 7.15565540548e-29
190.5 0.00258220991021 4.66607345865e-28
189.0 0.00193582373508 2.95930678335e-27
187.5 0.00138869306453 1.82542784932e-26
186.0 0.00332225811585 1.09515507168e-25
184.5 0.00215125909528 6.39032328924e-25
183.0 0.000894588124859 3.62665551636e-24
181.5 -0.000771290824861 2.00182470789e-23
180.0 -0.00148279907118 1.07468713405e-22
178.5 -0.00126479858765 5.6114399316e-22
177.0 0.00258891370544 2.84972433747e-21
175.5 0.0035728962536 1.40756237348e-20
174.0 0.00360527243344 6.7618994856e-20
172.5 0.00383817655512 3.15941035368e-19
171.0 0.00349895815478 1.43575265382e-18
169.5 0.00394129182909 6.34584533144e-18
168.0 0.00529639046927 2.72794495119e-17
166.5 0.00515394910832 1.14055960456e-16
165.0 0.0032554133436 4.63806290146e-16
163.5 0.00179455847506 1.8343894621e-15
162.0 0.000970334106326 7.05639240537e-15
160.5 0.000824519763519 2.64003792244e-14
159.0 0.000908545012799 9.60669208957e-14
157.5 -0.000290329495564 3.39996026292e-13
156.0 -0.000957749936816 1.17033468364e-12
154.5 0.00015059464336 3.91816368219e-12
153.0 0.00206793158437 1.2758256762e-11
151.5 0.00269225048239 4.04051167413e-11
150.0 0.00188065825036 1.24456521369e-10
148.5 0.00148399403353 3.72850916165e-10
147.0 0.00273435449018 1.0863981953e-09
145.5 0.00370504508797 3.07878329027e-09
144.0 0.00575942850379 8.48604773745e-09
142.5 0.00471038252325 2.27493024482e-08
141.0 0.00468016284091 5.93153316626e-08
139.5 0.00427462026574 1.50418795261e-07
138.0 0.00486285725992 3.70999661414e-07
136.5 0.00222444472239 8.89981921837e-07
135.0 0.00132628951591 2.07646741816e-06
133.5 0.0027487201281 4.71200043027e-06
132.0 0.00641655235231 1.03997233448e-05
130.5 0.0101246970255 2.23241285931e-05
129.0 0.0101122988436 4.66083264488e-05
127.5 0.00687811103081 9.46430586242e-05
126.0 0.00250499770325 0.000186917640222
124.5 0.00126005245142 0.000359044332957
123.0 0.000613122035629 0.000670783123586
121.5 0.00149394072666 0.00121885612229
120.0 0.00178789406 0.00215406608562
118.5 0.0012550671063 0.00370255797489
117.0 0.000188037376484 0.006189862135
115.5 0.000657161368524 0.010064596062
114.0 0.00147171168858 0.0159165151474
112.5 0.00213964945144 0.0244813796482
111.0 0.00298097206372 0.0366235176213
109.5 0.00317433731154 0.0532869037121
108.0 0.0042123730573 0.0754079580773
106.5 0.00563385134321 0.103788716302
105.0 0.00453637059015 0.13893746299
103.5 0.00202230066643 0.1808942876
102.0 0.00119302684605 0.229069150529
100.5 0.00151937590434 0.282126981524
99.0 0.00237825749302 0.337955021531
97.5 0.00325145460271 0.393739920867
96.0 0.0022782723563 0.446165782241
94.5 0.000975096408817 0.491721654855
93.0 0.00031388971849 0.527082592714
91.5 -0.000105831082596 0.549508325814
90.0 0.00156759462156 0.557193632539
88.5 0.00367795830136 0.549508325814
87.0 0.00470784935847 0.527082592714
85.5 0.00496902517559 0.491721654855
84.0 0.00302269528124 0.446165782241
82.5 0.000834295683917 0.393739920867
81.0 -0.000368761909836 0.337955021531
79.5 -0.000314628363199 0.282126981524
78.0 0.00174299001717 0.229069150529
76.5 0.00301999967457 0.1808942876
75.0 0.000989323643737 0.13893746299
73.5 -0.000765145238093 0.103788716302
72.0 -0.00201904630353 0.0754079580773
70.5 -0.0014728192789 0.0532869037121
69.0 0.000761853622724 0.0366235176213
67.5 0.00174053125696 0.0244813796482
66.0 0.00183064291837 0.0159165151474
64.5 0.00435108298023 0.010064596062
63.0 0.00439687165554 0.006189862135
61.5 0.00322938986397 0.00370255797489
60.0 0.0034296214819 0.00215406608562
58.5 0.00446549474846 0.00121885612229
57.0 0.00529438262381 0.000670783123586
55.5 0.00596874122711 0.000359044332957
54.0 0.00147531815107 0.000186917640222
52.5 -0.00171780384955 9.46430586242e-05
51.0 -0.00308400044053 4.66083264488e-05
49.5 -0.00158633796959 2.23241285931e-05
48.0 -0.000651896701329 1.03997233448e-05
46.5 0.000900874986095 4.71200043027e-06
45.0 -0.000368351480256 2.07646741816e-06
43.5 0.000869996989437 8.89981921837e-07
42.0 0.00140255361859 3.70999661414e-07
40.5 0.00100935092735 1.50418795261e-07
39.0 -6.53634478551e-05 5.93153316626e-08
37.5 -0.000139470585755 2.27493024482e-08
36.0 0.000262326800788 8.48604773745e-09
34.5 0.00241316784861 3.07878329027e-09
33.0 0.00429769632034 1.0863981953e-09
31.5 0.00381341264053 3.72850916165e-10
30.0 0.00316294055456 1.24456521369e-10
28.5 0.00249971658023 4.04051167413e-11
27.0 0.00139820782884 1.2758256762e-11
25.5 0.000511426751188 3.91816368219e-12
24.0 -0.000151143630423 1.17033468364e-12
22.5 0.000973730480875 3.39996026292e-13
21.0 0.002154783587 9.60669208957e-14
19.5 0.00349046948246 2.64003792244e-14
18.0 0.00353745060334 7.05639240537e-15
16.5 0.00173314550693 1.8343894621e-15
15.0 0.000894049983796 4.63806290146e-16
13.5 0.00287812990029 1.14055960456e-16
12.0 0.0043241979178 2.72794495119e-17
10.5 0.00681040007763 6.34584533144e-18
9.0 0.00748540276922 1.43575265382e-18
7.5 0.00683986526461 3.15941035368e-19
6.0 0.00730801527629 6.7618994856e-20
4.5 0.00610313950809 1.40756237348e-20
3.0 0.00414741330935 2.84972433747e-21
1.5 0.00217317363299 5.6114399316e-22
0.0 0.000927728788769 1.07468713405e-22
-1.5 0.00135369927673 2.00182470789e-23
-3.0 0.00233418685239 3.62665551636e-24
-4.5 0.00158994983347 6.39032328924e-25
-6.0 0.00181824046612 1.09515507168e-25
-7.5 0.00322629123669 1.82542784932e-26
-9.0 0.00250960883811 2.95930678335e-27
-10.5 0.00263720600905 4.66607345865e-28
-12.0 0.00142107306503 7.15565540548e-29
-13.5 -0.000130817964383 1.0672926753e-29
-15.0 0.000564628189117 1.54829568749e-30
-16.5 0.00182767098249 2.18454272874e-31
-18.0 0.00369840474774 2.99780547024e-32
-19.5 0.00353254998249 4.00112957566e-33
-21.0 0.00126559257234 5.19395340096e-34
-22.5 -0.00287629017443 6.55767284018e-35
-24.0 -0.00357422443362 8.05262931286e-36
-25.5 -0.00374600515907 9.61749421187e-37
-27.0 0.00119954775066 1.11717812649e-37
-28.5 0.00493381907668 1.26217385166e-38
-30.0 0.00683503413378 1.38692251297e-39
-31.5 0.00750110142153 1.4822500762e-40
-33.0 0.00487697747241 1.54073173954e-41
-34.5 0.001115420603 1.55764627756e-42
-36.0 0.000308135170463 1.53160550363e-43
-37.5 0.00135961574418 1.46474242042e-44
-39.0 0.00310236244767 1.3624226806e-45
-40.5 0.00464077232767 1.23253350726e-46
-42.0 0.00371037678129 1.08448080358e-47
-43.5 0.00057659958275 9.2807113975e-49
-45.0 -0.00185287693478 7.72461655729e-50
-46.5 -0.000338473013697 6.25329415101e-51
-48.0 0.00268498401645 4.92353523113e-52
-49.5 0.00387721409183 3.77034859966e-53
-51.0 0.00254049232912 2.80816244342e-54
-52.5 6.4938377787e-05 2.03422605114e-55
-54.0 -3.44288209353e-05 1.43321868399e-56
-55.5 0.00354170700275 9.82114165104e-58
-57.0 0.00485072466875 6.54557424194e-59
-58.5 0.00228311719718 4.24296838415e-60
-60.0 -0.00098947823959 2.67502658603e-61
-61.5 -0.00164498781932 1.64029769274e-62
-63.0 0.00112590975076 9.78258228849e-64
-64.5 0.00452832998443 5.67440866333e-65
-66.0 0.00738840992977 3.20128230752e-66
-67.5 0.00645592178532 1.75656248532e-67
-69.0 0.00418459242127 9.37431400414e-69
-70.5 0.00256932329857 4.86577087317e-70
-72.0 0.00219780054989 2.45640558674e-71
-73.5 0.00252498284563 1.2061040143e-72
-75.0 0.00403810973182 5.75977759082e-74
-76.5 0.00345488090668 2.67524110717e-75
-78.0 0.000710070644934 1.20852714251e-76
-79.5 -0.00245783353447 5.30989768426e-78
-81.0 -0.00364399309312 2.26909229569e-79
-82.5 -0.00236017718987 9.4309281045e-81
-84.0 0.000707729260353 3.81235181079e-82
-85.5 0.00307178145199 1.49888313448e-83
-87.0 0.00250517130926 5.73163912976e-85
-88.5 0.00270921894386 2.13170041297e-86
-90.0 0.00216005502612 7.7109833279e-88
-91.5 0.0016782686731 2.71287399988e-89
-93.0 0.00142457308585 9.28294434925e-91
-94.5 0.00074727008582 3.08942840224e-92
-96.0 -0.00189969849887 1.00001562827e-93
-97.5 -0.00145778265021 3.14826806438e-95
-99.0 -0.00021992822011 9.63990791003e-97
-100.5 0.00179894016399 2.87084887064e-98
-102.0 0.00379765871013 8.31541714456e-100
-103.5 0.00407858580909 2.34257775477e-101
-105.0 0.00268772629904 6.41859914011e-103
-106.5 0.00215399216212 1.71049873248e-104
-108.0 0.0005982597669 4.43344703234e-106
-109.5 -0.000712558450544 1.11762615338e-107
-111.0 -0.000614607696649 2.74023527285e-109
-112.5 0.00196991189206 6.534545902e-111
-114.0 0.00519497638404 1.51558129994e-112
-115.5 0.00627725477013 3.41884433771e-114
-117.0 0.00367620205034 7.50093982403e-116
-118.5 0.000488706790271 1.60062022272e-117
-120.0 -0.000763301384822 3.32198129099e-119
-121.5 -0.000761396353122 6.70567234942e-121
-123.0 0.00191387185048 1.31650872186e-122
-124.5 0.00241629798369 2.51386190338e-124
-126.0 0.00185559261749 4.66869342725e-126
-127.5 0.00163154309665 8.43306720293e-128
-129.0 0.00182511953603 1.48153539034e-129
-130.5 0.00037220739019 2.53148153289e-131
-132.0 0.000563196804207 4.207012102e-133
-133.5 -0.000425643531701 6.80000173431e-135
-135.0 -0.000144293492316 1.0690070024e-136
-136.5 0.000586346508124 1.63451285653e-138
-138.0 0.00156759797724 2.43070579435e-140
-139.5 0.00261983959352 3.5157073424e-142
-141.0 0.0021574350463 4.94571743522e-144
-142.5 0.00194091002272 6.76678142658e-146
-144.0 0.00249927379168 9.004741738e-148
-145.5 0.00330820036883 1.16545803069e-149
-147.0 0.00454975451067 1.4670951468e-151
-148.5 0.00340667450716 1.79620618089e-153
-150.0 0.000575394710011 2.13889939167e-155
-151.5 0.00249193440281 2.47719840555e-157
-153.0 0.00551332176134 2.7904066037e-159
-154.5 0.0086829987789 3.05710569912e-161
-156.0 0.0103270321636 3.25753944111e-163
-157.5 0.00775118435116 3.37602127743e-165
-159.0 0.00516472400624 3.40296068713e-167
-160.5 0.00395909586791 3.33614526771e-169
-162.0 0.00241602296385 3.1810407949e-171
-163.5 0.00342888050893 2.95005279755e-173
-165.0 0.00322299848192 2.66088804963e-175
-166.5 0.00248802447894 2.33431618817e-177
-168.0 0.00129570878674 1.99172339641e-179
-169.5 0.00033239027881 1.65285453047e-181
-171.0 -0.00104855435165 1.33406350748e-183
-172.5 -0.00144565376763 1.04726030089e-185
-174.0 -0.00141236691991 7.99593106897e-188
-175.5 -0.000395278732309 5.93771989797e-190
-177.0 0.000774626286172 4.28851206402e-192
-178.5 0.000704085828986 3.01251924509e-194
-180.0 0.000874356397623 2.0582081251e-196
-181.5 0.00188154031128 1.36768162135e-198
-183.0 0.00462355901063 8.83928217563e-201
-184.5 0.00352436255961 5.55629440998e-203
-186.0 0.00133574064331 3.39695477819e-205
-187.5 0.000363218188021 2.01990314612e-207
-189.0 0.00150992559465 1.16817414613e-209
-190.5 0.00295324501422 6.57084010665e-212
-192.0 0.00379910364882 3.59476473622e-214
-193.5 0.000719772952108 1.91274163143e-216
-195.0 -0.00289506223132 9.89870570832e-219
-196.5 -0.00124411866359 4.98237921708e-221
-198.0 0.00214418582349 2.43911013234e-223
-199.5 0.00341048914897 1.16134781103e-225
-201.0 0.00318257516923 5.37810733426e-228
-202.5 0.00231590743176 2.4223276673e-230
-204.0 0.00148840386506 1.06113973726e-232
-205.5 0.0045451843752 4.52114599292e-235
-207.0 0.00770979441656 1.87353041763e-237
-208.5 0.00795246041726 7.55108276028e-240
-210.0 0.005826158949 2.96001543917e-242
-211.5 0.00466655775878 1.12853488081e-244
-213.0 0.00339684958175 4.18477643749e-247
-214.5 0.00286390110197 1.50926604319e-249
-216.0 0.00329942250294 5.29414223024e-252
-217.5 0.00288894339499 1.80618267745e-254
-219.0 0.000190162881827 5.99327223436e-257
-220.5 -0.000225199354333 1.93420544751e-259
-222.0 0.00121388209418 6.07124086962e-262
-223.5 0.00296845852438 1.85348292289e-264
-225.0 0.00303461057961 5.50346208752e-267
-226.5 0.00109972712473 1.58935031916e-269
-228.0 0.000157343265538 4.46415794953e-272
-229.5 -0.00147731694632 1.21953911847e-274
-231.0 0.000265348166763 3.24032210196e-277
-232.5 0.0014316197911 8.37369031093e-280
-234.0 8.41378123677e-05 2.10465963311e-282
-235.5 -0.00125265653608 5.14497314513e-285
-237.0 0.00135110488334 1.22326519017e-287
-238.5 0.000141513274858 2.82874882766e-290
-240.0 0.00129388552812 6.36215756935e-293
-241.5 0.00378725987304 1.39171631754e-295
-243.0 0.0033451374871 2.96096505555e-298
-244.5 0.00517864641895 6.12705965988e-301
-246.0 0.00733800748396 1.2331252784e-303
-247.5 0.00588424034684 2.41378484677e-306
-249.0 0.00319323638835 4.59543023031e-309
-250.5 0.00258452265781 8.50922606137e-312
-252.0 0.00302968452846 1.53246375142e-314
-253.5 0.00463203529006 2.68427298176e-317
-255.0 0.0052418030771 4.57307161791e-320
-256.5 0.00360119117112 7.90505033346e-323
-258.0 0.00221137979317 0.0
-259.5 0.00196473967755 0.0
-261.0 0.00252561545764 0.0
-262.5 0.00219686001677 0.0
-264.0 0.0016247004966 0.0
-265.5 0.00302341923664 0.0
-267.0 0.00417262391233 0.0
-268.5 0.00701635132284 0.0
-270.0 0.00868525057717 0.0
-271.5 0.0102720916785 0.0
-273.0 0.0115116109282 0.0
-274.5 0.00906854487015 0.0
-276.0 0.00367367701719 0.0
-277.5 0.000661368570049 0.0
-279.0 -0.00115571822851 0.0
-280.5 -0.000305668406725 0.0
-282.0 0.00334556921426 0.0
-283.5 0.00414094387322 0.0
-285.0 0.00428297635578 0.0
-286.5 0.003098412394 0.0
-288.0 0.00187437176029 0.0
-289.5 0.00207129485259 0.0
-291.0 0.00383292517165 0.0
-292.5 0.00486478100989 0.0
-294.0 0.00790581298947 0.0
-295.5 0.00448192762396 0.0
-297.0 0.00541689421125 0.0
-298.5 0.0 0.0
-300.0 0.0 0.0
###
# timestamp: 2455840.6610937
# Gaussian 1 [amp, RV +/- err, wid]: [0.51, 77.26 +/- 0.08, 9.00]
# Gaussian 2 [amp, RV +/- err, wid]: [0.37, 105.00 +/- 0.00, 9.00]
# Uncorrected_RV, BF_amp, Gaussian_fit
###
300.0 0.0 1.11648782555e-113
298.5 0.0 4.90379895923e-112
297.0 0.00721188582153 2.09482422179e-110
295.5 -0.00190088826621 8.70359714396e-109
294.0 -0.0062582056006 3.51711233345e-107
292.5 0.00394763820252 1.38232436316e-105
291.0 0.0116117594975 5.28408688177e-104
289.5 0.0131258051253 1.96456409027e-102
288.0 0.00630816954365 7.10393072199e-101
286.5 -0.000137609413416 2.49843179454e-99
285.0 -0.00226766539447 8.54618998019e-98
283.5 0.0013005914611 2.84324217209e-96
282.0 0.00451062171023 9.20007622898e-95
280.5 0.00524770831283 2.89537795777e-93
279.0 0.00223890921358 8.86248200303e-92
277.5 -0.00122806351531 2.63840665109e-90
276.0 -0.0014250130814 7.63948995738e-89
274.5 -0.000430886830151 2.1514103814e-87
273.0 0.000675217284242 5.8927554736e-86
271.5 0.000917814076245 1.56981995122e-84
270.0 0.000980980825139 4.06740607663e-83
268.5 9.25417245978e-05 1.024994385e-81
267.0 -0.000406297062268 2.5122433417e-80
265.5 0.00172525258896 5.98877760639e-79
264.0 0.00299730287242 1.38851613957e-77
262.5 0.00659442343456 3.13112166315e-76
261.0 0.00724430534626 6.86728731799e-75
259.5 0.00326061771376 1.46489588012e-73
258.0 -0.0019637486094 3.03923695652e-72
256.5 2.36239056774e-05 6.13279756994e-71
255.0 0.00489875114827 1.20361879977e-69
253.5 0.0130266324901 2.2975002093e-68
252.0 0.0145029571923 4.26538680487e-67
250.5 0.00781170411951 7.70189417357e-66
249.0 -0.00196598330025 1.35261106941e-64
247.5 -0.00843810809537 2.31038625358e-63
246.0 -0.00677369467235 3.83824339258e-62
244.5 -0.00426961666404 6.20178483044e-61
243.0 -0.00271901330511 9.74624091157e-60
241.5 -0.00182591535377 1.4896829752e-58
240.0 -0.000564606330831 2.21455683742e-57
238.5 0.00262764559683 3.20196125222e-56
237.0 0.0082322914109 4.50278880339e-55
235.5 0.00910783874609 6.1586191389e-54
234.0 0.00940046102788 8.19259302663e-53
232.5 0.0110972533543 1.05997514085e-51
231.0 0.0102286285946 1.33384769623e-50
229.5 0.00940892282592 1.63249955057e-49
228.0 0.00429107860099 1.94328349531e-48
226.5 4.07963165063e-05 2.24986012318e-47
225.0 -0.00253346942167 2.53344300747e-46
223.5 -0.00111306369916 2.77461687786e-45
222.0 -0.00132259317817 2.95550142484e-44
220.5 -0.000319897010659 3.06193231865e-43
219.0 -0.00199344223039 3.08529194176e-42
217.5 -0.000707949066283 3.02366175922e-41
216.0 0.000999650844788 2.88208253881e-40
214.5 0.00469510397838 2.67187345647e-39
213.0 0.00648454499143 2.40913768526e-38
211.5 0.00291165777631 2.11272816143e-37
210.0 -0.00099671278594 1.80202945603e-36
208.5 -0.00236328990201 1.49491470709e-35
207.0 -0.00182920488161 1.20616634874e-34
205.5 -0.000452519422335 9.46529742898e-34
204.0 0.00129801844117 7.22433019168e-33
202.5 -5.65775655822e-05 5.36286881888e-32
201.0 0.00159551519131 3.87197928e-31
199.5 0.0044875358491 2.71897453285e-30
198.0 0.00421710123472 1.85700690837e-29
196.5 0.00129874399935 1.23355399281e-28
195.0 0.000950704336935 7.9696467456e-28
193.5 9.15999207641e-05 5.007906877e-27
192.0 0.00218857845613 3.0606219011e-26
190.5 0.00244021916668 1.81927932134e-25
189.0 0.00339956578487 1.05178106761e-24
187.5 0.00241509280066 5.91408523578e-24
186.0 0.00782599719107 3.23434299616e-23
184.5 0.0103037471015 1.72036593009e-22
183.0 0.0102496801916 8.90003791437e-22
181.5 0.00264374653284 4.47815523856e-21
180.0 0.00153244528147 2.19150616603e-20
178.5 -0.00248951368977 1.04309175743e-19
177.0 -0.00151042980544 4.82879306823e-19
175.5 -0.0013698031032 2.17415719028e-18
174.0 -0.00107307327578 9.52093389848e-18
172.5 -0.00178650324995 4.0551266643e-17
171.0 0.00241698805678 1.67983088886e-16
169.5 0.00165481386538 6.76804076493e-16
168.0 0.00121925246349 2.65214114557e-15
166.5 1.34211833311e-05 1.01080309978e-14
165.0 -0.00319299884179 3.74690568381e-14
163.5 -0.00486338900981 1.35087517851e-13
162.0 -0.00385880462488 4.73689705888e-13
160.5 -0.00312340635896 1.61550734245e-12
159.0 -0.00117834218434 5.35870920087e-12
157.5 0.000504006465904 1.7288117601e-11
156.0 0.00309757936729 5.42464710298e-11
154.5 0.00493794183853 1.65550896772e-10
153.0 0.00280026361644 4.9139173658e-10
151.5 0.00149767640937 1.4186015325e-09
150.0 -0.00131689724919 3.98317387482e-09
148.5 -0.00101694712743 1.08776321788e-08
147.0 -0.000522966641364 2.88918757297e-08
145.5 -0.00174756152319 7.46368619411e-08
144.0 -0.00108825444584 1.8752849541e-07
142.5 0.00475514382203 4.58265782964e-07
141.0 0.00387731674104 1.08919053267e-06
139.5 0.00518003160145 2.51783083951e-06
138.0 0.00458221430472 5.66090027229e-06
136.5 0.00114681043953 1.2378862068e-05
135.0 0.00140041735138 2.63276568097e-05
133.5 0.00230333345372 5.44602909345e-05
132.0 -5.90051845953e-05 0.000109568059654
130.5 0.00143557122223 0.000214399737616
129.0 0.00115839462047 0.000408038172521
127.5 -0.00243062495918 0.000755289773606
126.0 -0.00279766736559 0.00135976132034
124.5 -0.00316567259277 0.00238093770247
123.0 -0.00108957631927 0.00405480203965
121.5 0.00103534206096 0.00671626097561
120.0 0.00184304937737 0.0108198631289
118.5 0.00389174648798 0.0169532236498
117.0 0.00513521780623 0.0258356372528
115.5 0.00312119460296 0.038293274094
114.0 -0.000143252462039 0.0552029624732
112.5 -0.000799697423936 0.0773996600079
111.0 0.000575981652847 0.105548700463
109.5 0.00525747306509 0.139992435737
108.0 0.0083739783134 0.180590650711
106.5 0.0109158784848 0.226582837747
105.0 0.0078133016766 0.276505246005
103.5 0.00361074937332 0.328193939028
102.0 7.87598766419e-05 0.378895425375
100.5 -0.00149608198448 0.425489276153
99.0 -0.00272087399748 0.464805346193
97.5 -0.00121446553285 0.493996548009
96.0 -0.00377891522929 0.51091215044
94.5 -0.00384808771352 0.514410999673
93.0 -0.00155138680249 0.504561168785
91.5 5.63016307095e-05 0.482691238148
90.0 -0.000111667467463 0.451284341758
88.5 0.00174325974675 0.413732903243
87.0 -0.000495705122331 0.373993180419
85.5 0.000370223068218 0.336189832131
84.0 0.00335006725377 0.304220490305
82.5 0.00142656801079 0.281400993451
81.0 0.00131396474711 0.270178158645
79.5 0.00154833150073 0.271923939066
78.0 -0.000649203271051 0.286816334672
76.5 -0.00013088941111 0.313809566491
75.0 0.00342115363197 0.350696927215
73.5 0.00203172204422 0.394270562108
72.0 0.00162713113199 0.440579213542
70.5 -0.000525597107197 0.48527538203
69.0 -0.00429693222849 0.524028073222
67.5 -0.00568157484995 0.552960029292
66.0 -0.00284590532987 0.569054724212
64.5 0.00335247805115 0.570474012449
63.0 0.00726291360904 0.556735554519
61.5 0.00845434871277 0.528719764707
60.0 0.00741080936838 0.488504953621
58.5 0.00663065234909 0.439059769874
57.0 0.00106584542178 0.383846536654
55.5 -0.00153998541508 0.326401822565
54.0 -0.00271672423638 0.269959095333
52.5 -0.00240319867461 0.217163959647
51.0 -0.000252686442759 0.169909816591
49.5 0.00119928859514 0.129296906063
48.0 -0.00095862164771 0.0956963989102
46.5 0.000908485068396 0.0688874651046
45.0 0.00400633445699 0.0482304798587
43.5 0.00401362213156 0.0328427501388
42.0 0.00314160560689 0.0217517338482
40.5 0.000166480092507 0.0140114991536
39.0 0.000850831196945 0.008778324852
37.5 0.00502514503522 0.00534902943404
36.0 0.00867750050112 0.00317011202435
34.5 0.0108596240516 0.00182730274211
33.0 0.00931046640322 0.00102443090733
31.5 0.00695028797082 0.000558587364316
30.0 0.00420917938813 0.000296234617681
28.5 0.00161335800481 0.000152797685161
27.0 -0.00185004809921 7.66538559768e-05
25.5 -0.00180412676803 3.74013693206e-05
24.0 -0.00150242959601 1.77491378973e-05
22.5 0.00125313398492 8.1922517338e-06
21.0 0.00158013682366 3.67760921386e-06
19.5 -0.00181739308936 1.60569898601e-06
18.0 -0.00551276196188 6.81865868337e-07
16.5 -0.00932665520395 2.81624241432e-07
15.0 -0.00527478061853 1.13129894587e-07
13.5 0.000752285012072 4.41998702394e-08
12.0 0.00541184455024 1.67958068118e-08
10.5 0.00796295955176 6.20750404695e-09
9.0 0.00795642010888 2.23135883332e-09
7.5 0.00516243556429 7.80114025274e-10
6.0 0.0050732729121 2.65266874163e-10
4.5 0.00616878425871 8.77292099003e-11
3.0 0.00489762231177 2.82190039751e-11
1.5 0.00416457300135 8.82826595078e-12
0.0 0.00103237229145 2.68624363353e-12
-1.5 0.000351167294396 7.949716752e-13
-3.0 8.82417518239e-05 2.28820102213e-13
-4.5 0.00278913314161 6.40579387515e-14
-6.0 0.00240060382744 1.74416677346e-14
-7.5 -0.000496226375884 4.61890810934e-15
-9.0 -0.00121671005267 1.18967106829e-15
-10.5 0.000976562715474 2.9802365884e-16
-12.0 0.00400308806145 7.26124096031e-17
-13.5 0.00567874874007 1.72070816614e-17
-15.0 0.0024547161853 3.96588261167e-18
-16.5 0.00020371269974 8.89014316648e-19
-18.0 0.00284731453492 1.93826841607e-19
-19.5 0.00576249831528 4.11012800393e-20
-21.0 0.0058746607314 8.47682154574e-21
-22.5 0.00528717705308 1.70038395313e-21
-24.0 0.00126030210041 3.31739525773e-22
-25.5 0.000726825724827 6.29482564688e-23
-27.0 0.00207021514433 1.16173334787e-23
-28.5 0.00292800330123 2.08528524828e-24
-30.0 0.000490841942578 3.64049760961e-25
-31.5 0.00106195434034 6.1814775156e-26
-33.0 0.00138804837915 1.02084569566e-26
-34.5 0.00197259823892 1.63969916077e-27
-36.0 0.0042858988389 2.5615598721e-28
-37.5 0.00399470229358 3.89207421094e-29
-39.0 0.00198344247957 5.75167023141e-30
-40.5 0.00125595214072 8.26690806789e-31
-42.0 0.00336583395268 1.15565579792e-31
-43.5 0.00960419897439 1.57126762158e-32
-45.0 0.014552535939 2.07782077615e-33
-46.5 0.0156877838098 2.67240497792e-34
-48.0 0.0104946798978 3.34297188427e-35
-49.5 0.00280425624093 4.0672366317e-36
-51.0 -0.00415492399082 4.81285104958e-37
-52.5 -0.00646895543984 5.53913138235e-38
-54.0 -0.00880400621688 6.20036385399e-39
-55.5 -0.00648340725833 6.75039132216e-40
-57.0 -0.00450284482113 7.14787564149e-41
-58.5 -0.00247136169487 7.36141481324e-42
-60.0 -0.000575042201958 7.37363876826e-43
-61.5 0.00202722214195 7.18354289437e-44
-63.0 0.00424808495809 6.80662438467e-45
-64.5 0.00418999509995 6.27279573449e-46
-66.0 0.00177894034032 5.62246512396e-47
-67.5 0.00275403478196 4.90149607561e-48
-69.0 0.00639232772491 4.1559164953e-49
-70.5 0.00756649690643 3.4272140578e-50
-72.0 0.00700977447361 2.74885551294e-51
-73.5 0.00136743760644 2.14436573713e-52
-75.0 -0.00109032877828 1.62697946098e-53
-76.5 -0.00202514270173 1.20060886523e-54
-78.0 -0.000766850132777 8.61702366475e-56
-79.5 -0.00196112170825 6.01518916913e-57
-81.0 0.00790935558394 4.08392312504e-58
-82.5 0.0118059428683 2.69675871808e-59
-84.0 0.0129578734132 1.73198006403e-60
-85.5 0.00287595465429 1.0818821378e-61
-87.0 -0.0030067866802 6.57284327084e-63
-88.5 -0.00743110074869 3.88385374479e-64
-90.0 -0.00247349641474 2.23207468596e-65
-91.5 -0.00259676883829 1.24764445702e-66
-93.0 -0.00215178971371 6.78280333746e-68
-94.5 -0.00234080228638 3.58644250777e-69
-96.0 -0.000656024332757 1.84439860808e-70
-97.5 0.000592981335013 9.22533111306e-72
-99.0 0.00381022006136 4.4879230715e-73
-100.5 0.00642119179511 2.12346501231e-74
-102.0 0.00790217225978 9.77194647988e-76
-103.5 0.0079122744933 4.37374354132e-77
-105.0 0.00189782825 1.90397750508e-78
-106.5 -0.00205276024218 8.06132770559e-80
-108.0 -0.000225777314526 3.31961412536e-81
-109.5 0.00362049889837 1.32955067828e-82
-111.0 0.00595761229544 5.17914955847e-84
-112.5 0.00570570674843 1.96222259877e-85
-114.0 -0.000460363568451 7.23060035807e-87
-115.5 -0.00298870059107 2.59141344649e-88
-117.0 -0.00240903482225 9.03306888077e-90
-118.5 0.00111444739457 3.06245841601e-91
-120.0 0.00315142645078 1.00981389681e-92
-121.5 0.00416020155939 3.23853615748e-94
-123.0 0.00208357051189 1.01016524347e-95
-124.5 0.00198656894853 3.06458984185e-97
-126.0 0.00114621538028 9.04250084527e-99
-127.5 0.00195321035539 2.59502187275e-100
-129.0 0.000968763221541 7.24318790368e-102
-130.5 0.00178306607945 1.96632248477e-103
-132.0 0.00104520213163 5.19177667878e-105
-133.5 -6.74972331471e-05 1.33325593481e-106
-135.0 -0.000881075694781 3.33002360663e-108
-136.5 0.00124093672034 8.08941960677e-110
-138.0 0.00435779031392 1.91127719882e-111
-139.5 0.00551401844212 4.39203971571e-113
-141.0 0.00339227282847 9.81623852736e-115
-142.5 5.78950379145e-05 2.13383193999e-116
-144.0 -0.000526610185837 4.51140259015e-118
-145.5 -0.0012127935693 9.27682196514e-120
-147.0 -0.00090659417891 1.85533835946e-121
-148.5 -0.000331013710854 3.60897014995e-123
-150.0 0.00131454286121 6.82778316723e-125
-151.5 0.0037478439325 1.25635512466e-126
-153.0 0.00539990468373 2.24844037339e-128
-154.5 0.00188083791661 3.91369158727e-130
-156.0 0.000627259346792 6.62564384187e-132
-157.5 0.00279685043159 1.09095249397e-133
-159.0 0.00707274457114 1.74710841855e-135
-160.5 0.0128175951465 2.72126062502e-137
-162.0 0.0158963317805 4.12246221228e-139
-163.5 0.0107050804587 6.07406581801e-141
-165.0 0.00536393258789 8.70439454467e-143
-166.5 0.00141338622647 1.21320420523e-144
-168.0 0.00188729945844 1.64461978393e-146
-169.5 0.00575879461362 2.16836993967e-148
-171.0 0.00832581211748 2.78059354388e-150
-172.5 0.00738898142755 3.46799055914e-152
-174.0 0.00785001443686 4.20682617447e-154
-175.5 0.00657774301901 4.96326532984e-156
-177.0 0.00484496935618 5.69530100725e-158
-178.5 0.00431197402988 6.35626706629e-160
-180.0 0.00263226375115 6.89959906651e-162
-181.5 0.0013610779412 7.28419959752e-164
-183.0 0.00226255424478 7.47956059262e-166
-184.5 0.00285982470503 7.46975910625e-168
-186.0 0.00222561486831 7.25560067254e-170
-187.5 0.00284621189237 6.85450997503e-172
-189.0 0.000468902687244 6.29818941293e-174
-190.5 0.00124035309437 5.62848206708e-176
-192.0 0.00556034745896 4.89218780018e-178
-193.5 0.00762091172173 4.13572085823e-180
-195.0 0.00650587118082 3.40044363582e-182
-196.5 0.00638275736924 2.71929426846e-184
-198.0 0.0091524724214 2.11501327913e-186
-199.5 0.0116624293626 1.59994942241e-188
-201.0 0.012971630991 1.17716048127e-190
-202.5 0.00974440729851 8.42367025774e-193
-204.0 0.00459020728638 5.86277607453e-195
-205.5 0.00172251328839 3.96863830597e-197
-207.0 0.00388247753 2.61285914007e-199
-208.5 0.0056926862224 1.67311864631e-201
-210.0 0.00812750403791 1.04201445966e-203
-211.5 0.00547591409251 6.31185504046e-206
-213.0 0.000753957205845 3.71857505177e-208
-214.5 -0.00431626972254 2.13074928158e-210
-216.0 -0.00402257442276 1.18747483417e-212
-217.5 -0.00227497939826 6.43654400456e-215
-219.0 0.00171313351223 3.39326154466e-217
-220.5 0.00456944782939 1.73987557887e-219
-222.0 0.0058693219727 8.67671462266e-222
-223.5 0.00367265841116 4.20851325656e-224
-225.0 -0.000680390927328 1.9853558034e-226
-226.5 -0.00445186225365 9.10928446103e-229
-228.0 -0.00377977367811 4.06505516159e-231
-229.5 -0.00417668949883 1.76435058817e-233
-231.0 -0.00186750108837 7.44799873669e-236
-232.5 -0.00408282126772 3.05795131234e-238
-234.0 0.0019829289991 1.22111847777e-240
-235.5 0.0020189829183 4.74265249301e-243
-237.0 0.00708230682121 1.79151755928e-245
-238.5 0.00146277470864 6.58198819279e-248
-240.0 0.00213027498249 2.35195708427e-250
-241.5 -0.00488664169747 8.17406245114e-253
-243.0 -0.00087492610901 2.76301202063e-255
-244.5 0.00046143128173 9.08372256661e-258
-246.0 0.00379622559218 2.9045657588e-260
-247.5 0.00111643069915 9.03305863499e-263
-249.0 -0.00362390646611 2.73227689594e-265
-250.5 -0.000564901351724 8.03805279905e-268
-252.0 0.00773290433633 2.29992282769e-270
-253.5 0.0140874901538 6.40047104805e-273
-255.0 0.0111640345203 1.73239481581e-275
-256.5 0.00911361883697 4.56055899225e-278
-258.0 0.00251585049427 1.16768457867e-280
-259.5 0.00472399534862 2.90783176069e-283
-261.0 0.00720776966633 7.04286350172e-286
-262.5 0.00675949833573 1.65907313652e-288
-264.0 0.00365747284599 3.80117667538e-291
-265.5 0.00469268484487 8.4704570455e-294
-267.0 0.00056410476606 1.83582761182e-296
-268.5 -3.34666028765e-05 3.86984183381e-299
-270.0 0.0018095480056 7.93397444038e-302
-271.5 1.13537788043e-05 1.58206616791e-304
-273.0 -0.00297967130656 3.0682783387e-307
-274.5 -0.000578200220949 5.78763493127e-310
-276.0 0.00143977715238 1.06180256138e-312
-277.5 0.00283612983718 1.89462242507e-315
-279.0 0.00140424124519 3.28804639833e-318
-280.5 0.00154915517598 5.5483572028e-321
-282.0 0.00447560419078 9.88131291682e-324
-283.5 0.00451239842594 0.0
-285.0 0.00138403763684 0.0
-286.5 -0.00270717015241 0.0
-288.0 -0.000249573820606 0.0
-289.5 0.00386007141862 0.0
-291.0 0.00876799594465 0.0
-292.5 0.00345988872176 0.0
-294.0 0.00604379550552 0.0
-295.5 0.000407519335881 0.0
-297.0 0.00870979524601 0.0
-298.5 0.0 0.0
-300.0 0.0 0.0
###
# timestamp: 2455851.6487128
# Gaussian 1 [amp, RV +/- err, wid]: [0.51, 77.26 +/- 0.08, 9.00]
# Gaussian 2 [amp, RV +/- err, wid]: [0.37, 105.00 +/- 0.00, 9.00]
# Uncorrected_RV, BF_amp, Gaussian_fit
###
300.0 0.0 4.2861741113e-103
298.5 0.0 1.56431269612e-101
297.0 0.00495710463735 5.55282000194e-100
295.5 0.00240825204263 1.91707845251e-98
294.0 0.00544569973992 6.4372805993e-97
292.5 0.00148972650119 2.10233179833e-95
291.0 0.00222979663652 6.67784512353e-94
289.5 0.00363060518746 2.0630401973e-92
288.0 0.00524127457501 6.19890958725e-91
286.5 0.00511540871132 1.81158692912e-89
285.0 0.00558360886352 5.1491947684e-88
283.5 0.00329861924031 1.42349427401e-86
282.0 0.00318162173375 3.827440025e-85
280.5 0.00320395550021 1.00091530046e-83
279.0 0.00374697085545 2.54578970861e-82
277.5 0.00495850929039 6.29772930271e-81
276.0 0.0078554656933 1.51524101157e-79
274.5 0.00860934088505 3.54581202083e-78
273.0 0.00863149249079 8.07023096155e-77
271.5 0.00593497864444 1.78645665896e-75
270.0 0.00244066790135 3.84623015984e-74
268.5 0.000964814874948 8.05404993956e-73
267.0 0.00121615536626 1.64032397146e-71
265.5 0.000762394490934 3.24923564985e-70
264.0 0.00147759138043 6.25992387414e-69
262.5 0.00151647983803 1.17298689092e-67
261.0 0.0026432989432 2.13773333557e-66
259.5 0.00268758820758 3.78922300315e-65
258.0 0.00207145747848 6.53255485057e-64
256.5 0.000784516477943 1.09534827647e-62
255.0 0.00205535031194 1.7863134073e-61
253.5 0.0036757214965 2.83334429308e-60
252.0 0.005235612494 4.37096479262e-59
250.5 0.00538748958896 6.55830379328e-58
249.0 0.00450971581758 9.57066282699e-57
247.5 0.00498678408699 1.35840342208e-55
246.0 0.00524868097959 1.87521808148e-54
244.5 0.00370382457022 2.5177410531e-53
243.0 0.00339902903334 3.28780919062e-52
241.5 0.00332168154096 4.17578772491e-51
240.0 0.0022941792576 5.15829868556e-50
238.5 0.00125100587543 6.19741847996e-49
237.0 0.000379351895515 7.2418816677e-48
235.5 -0.00100742858489 8.23053924196e-47
234.0 0.00108457399847 9.09790546936e-46
232.5 0.00161870941301 9.78117016668e-45
231.0 0.00265923639036 1.02276645029e-43
229.5 0.00288959797536 1.04015580405e-42
228.0 0.00378119123803 1.02886071405e-41
226.5 0.00350259731638 9.89808175337e-41
225.0 0.00332281783206 9.26150899863e-40
223.5 0.0017134395706 8.42846977797e-39
222.0 0.00275161351103 7.46022591372e-38
220.5 0.00231845485599 6.42231331271e-37
219.0 0.00267581961932 5.3773371004e-36
217.5 0.00431214483754 4.37904392289e-35
216.0 0.00542864383334 3.46838743417e-34
214.5 0.00522335308878 2.67185060615e-33
213.0 0.00440194824722 2.00185677852e-32
211.5 0.00162865938321 1.45878100261e-31
210.0 1.67240338747e-05 1.0339117224e-30
208.5 0.00029022281101 7.12710380284e-30
207.0 -0.000158299883875 4.77836117801e-29
205.5 0.00100442983736 3.11588289334e-28
204.0 0.0030149452811 1.97614835345e-27
202.5 0.00364977245817 1.21897339576e-26
201.0 0.00331380544243 7.3131616629e-26
199.5 0.00302415031038 4.2672922311e-25
198.0 0.00171665633911 2.42178653714e-24
196.5 0.00269378454964 1.33676664503e-23
195.0 0.00270068532352 7.17648208143e-23
193.5 0.00137032532612 3.74717411649e-22
192.0 0.000708283532523 1.90297203688e-21
190.5 0.00122030751671 9.39933663649e-21
189.0 0.00243619612713 4.51542118237e-20
187.5 0.00295869845097 2.10977233027e-19
186.0 0.00252757867227 9.58758402059e-19
184.5 0.00234566511492 4.23759100392e-18
183.0 0.00324222491265 1.82165091971e-17
181.5 0.00306549190089 7.6163613629e-17
180.0 0.00330807922264 3.09717816939e-16
178.5 0.00152845017918 1.22495772845e-15
177.0 0.00097073147074 4.71207591982e-15
175.5 0.00083553995686 1.76294888479e-14
174.0 0.00103845998716 6.41509993548e-14
172.5 0.00167261171248 2.2704053237e-13
171.0 0.0015977146328 7.81519162213e-13
169.5 0.0023963514088 2.61644813329e-12
168.0 0.00273249595372 8.51963312321e-12
166.5 0.0024438257605 2.6981489506e-11
165.0 0.00313504669451 8.31088385857e-11
163.5 0.00394184348804 2.48980176109e-10
162.0 0.00359405904615 7.25468551281e-10
160.5 0.00349594928638 2.05593166762e-09
159.0 0.00232988157307 5.66676268911e-09
157.5 -0.000175430867144 1.51913944294e-08
156.0 0.000526496390218 3.96092408179e-08
154.5 0.000356104819868 1.00445772101e-07
153.0 0.00228684464717 2.47743956387e-07
151.5 0.00352544655737 5.94306856553e-07
150.0 0.0041617687148 1.38661111529e-06
148.5 0.00302234060228 3.14655174712e-06
147.0 0.00155349397156 6.9446656963e-06
145.5 -0.000204217362517 1.49074745169e-05
144.0 0.00023205924292 3.11238327261e-05
142.5 0.000890736478414 6.3200183039e-05
141.0 0.000388252437822 0.000124818761119
139.5 0.000362910522531 0.000239760518926
138.0 0.0014528898489 0.000447931646794
136.5 0.00335366414486 0.000813920721875
135.0 0.00665547046457 0.00143843008355
133.5 0.00878001716643 0.00247247393545
132.0 0.00884288457763 0.00413343423119
130.5 0.0081533708267 0.00672088928051
129.0 0.00838000905269 0.0106286704121
127.5 0.00708636584039 0.01634811864
126.0 0.00596041820477 0.0244564555978
124.5 0.0040870579679 0.0355841478296
123.0 0.00242769476975 0.0503567448732
121.5 0.00121536628394 0.0693103251818
120.0 -0.000366447991073 0.0927853496825
118.5 -0.00192774843659 0.120810691429
117.0 -0.00240509243449 0.152996445456
115.5 -0.000145628889501 0.188458855244
114.0 0.00218347727867 0.225801284669
112.5 0.00430767925161 0.263170174161
111.0 0.00277720916513 0.298394154242
109.5 0.00221321852061 0.329199399622
108.0 0.00241937395553 0.353477897706
106.5 0.00292689502043 0.369571482674
105.0 0.00179823917606 0.376526977449
103.5 0.000721436837598 0.37427896568
102.0 -0.000545610191575 0.36372676694
100.5 0.000252771471686 0.346688941168
99.0 0.000437035375644 0.32573821233
97.5 0.000291754098676 0.303937688568
96.0 0.000267112242656 0.284512149779
94.5 -0.000738458738158 0.270494317774
93.0 -0.000900308585401 0.264385859548
91.5 -0.000433824763049 0.267868354846
90.0 -0.000901390975594 0.281592934943
88.5 0.000101856689485 0.305070377771
87.0 0.00212522603723 0.336676351657
85.5 0.00293337013711 0.373778236133
84.0 0.00404353963324 0.412979164166
82.5 0.00569912339752 0.450461112059
81.0 0.00666148987481 0.482393243934
79.5 0.00671870923656 0.505357421228
78.0 0.00781200346413 0.516734037592
76.5 0.00539754523365 0.514991972387
75.0 0.00305511250971 0.49983831646
73.5 0.00197530857736 0.472205413582
72.0 0.000995953150194 0.434080418048
70.5 -0.000493759687901 0.388209760854
69.0 5.55038669126e-05 0.337731275567
67.5 -0.00135125673447 0.285795677934
66.0 -0.000841572762492 0.235235140898
64.5 0.000197499185078 0.18832176105
63.0 0.000238684861448 0.146637264938
61.5 -0.000371555789908 0.111052926915
60.0 -0.000533484515694 0.0818003667717
58.5 0.000336095091679 0.0586028507569
57.0 0.00207003487718 0.0408337896741
55.5 0.00293210091908 0.0276730869249
54.0 0.00432588012857 0.0182403100699
52.5 0.0043738411609 0.0116934683614
51.0 0.00289542755466 0.00729106365319
49.5 0.00205825721891 0.00442155254092
48.0 -0.000654065549153 0.00260792446941
46.5 -0.00242560540365 0.00149606866013
45.0 -0.00209416004476 0.000834726738654
43.5 -0.00116988298216 0.000452974132034
42.0 0.000835415745454 0.00023907752374
40.5 0.00375783629386 0.000122727069727
39.0 0.00349269095309 6.12742843874e-05
37.5 0.00183059403444 2.97544821869e-05
36.0 0.00118911799453 1.40527982326e-05
34.5 0.000990394791957 6.45519683917e-06
33.0 0.00461599946624 2.88398125669e-06
31.5 0.00721770301323 1.2531747675e-06
30.0 0.00787911754035 5.29623338602e-07
28.5 0.00572871124078 2.17700211983e-07
27.0 0.00207720279694 8.70335811373e-08
25.5 -0.000352916555494 3.38416180675e-08
24.0 -0.00191313470957 1.27982812638e-08
22.5 -0.00372670491936 4.70747958437e-09
21.0 -0.00389606372959 1.68407529364e-09
19.5 -0.00345950673127 5.85963856012e-10
18.0 -0.00258917645748 1.98297124421e-10
16.5 0.00133183847805 6.52676940253e-11
15.0 0.00312414260623 2.08937496084e-11
13.5 0.00283291413319 6.50535149355e-12
12.0 0.00192085405023 1.96997816615e-12
10.5 0.00148050986603 5.80214159189e-13
9.0 0.00136836699157 1.66207836854e-13
7.5 0.0029911687179 4.63074574323e-14
6.0 0.00264160685186 1.25483504578e-14
4.5 0.00101871152438 3.30718589524e-15
3.0 0.000542620899877 8.47748127347e-16
1.5 0.00158269556045 2.11354420479e-16
0.0 0.00357844162114 5.12497907285e-17
-1.5 0.00457849247805 1.20867383729e-17
-3.0 0.00498524058708 2.77244162823e-18
-4.5 0.00390825587452 6.18517462001e-19
-6.0 0.00463785397095 1.34207808122e-19
-7.5 0.00433307045107 2.832304004e-20
-9.0 0.00327391679681 5.81350718398e-21
-10.5 0.00207593272401 1.16057396812e-21
-12.0 0.000358549816018 2.25342807596e-22
-13.5 -0.00156525042112 4.25550241513e-23
-15.0 -0.00286514027115 7.81617448921e-24
-16.5 -0.00291729595022 1.39628449419e-24
-18.0 -0.0018004695136 2.42599470537e-25
-19.5 0.00135692373488 4.09960530652e-26
-21.0 0.00339119242688 6.73799227772e-27
-22.5 0.00291408107298 1.07709803999e-27
-24.0 0.00199326084709 1.67461981876e-28
-25.5 0.00170901115548 2.53229024601e-29
-27.0 0.00179602147014 3.72432010959e-30
-28.5 0.00169643857158 5.32741815375e-31
-30.0 0.00157240714292 7.41178537634e-32
-31.5 0.00200924634333 1.00291735809e-32
-33.0 0.00240906857089 1.3199081953e-33
-34.5 0.00312043118599 1.68950144372e-34
-36.0 0.00234904434173 2.10334093177e-35
-37.5 0.00173519220132 2.54681291807e-36
-39.0 0.000863890490755 2.9993053283e-37
-40.5 0.000107630886006 3.43542584399e-38
-42.0 -7.51226146291e-05 3.82716108656e-39
-43.5 0.00142076477766 4.14676257563e-40
-45.0 0.00286134442881 4.36996403735e-41
-46.5 0.00394279308867 4.47901812528e-42
-48.0 0.00433892711817 4.46502650496e-43
-49.5 0.00326471622945 4.32913896645e-44
-51.0 0.00310483014966 4.08239738495e-45
-52.5 0.00239947293483 3.74425390716e-46
-54.0 0.00145102882093 3.34003925134e-47
-55.5 -0.000283170958227 2.89783807171e-48
-57.0 -0.000783700007897 2.4453043564e-49
-58.5 -0.000786619562754 2.00691044684e-50
-60.0 0.00101132752109 1.60198826391e-51
-61.5 0.00199143918336 1.24373235102e-52
-63.0 0.0029294164947 9.39140989958e-54
-64.5 0.00151412564631 6.8971699271e-55
-66.0 3.73726921991e-05 4.9266001981e-56
-67.5 -0.000862999787457 3.42263020263e-57
-69.0 -0.000838178839365 2.31264462325e-58
-70.5 -0.00120552236156 1.5198267652e-59
-72.0 2.53364623711e-05 9.71439011483e-61
-73.5 0.00065419127169 6.03911439279e-62
-75.0 0.00144791705632 3.65146579269e-63
-76.5 0.00220435209177 2.14732352118e-64
-78.0 0.00205827721764 1.22818556976e-65
-79.5 0.000945524523727 6.83229742702e-67
-81.0 0.00225559985014 3.69662845318e-68
-82.5 0.00385018628614 1.94527544303e-69
-84.0 0.00506780401666 9.95617842659e-71
-85.5 0.00515625947014 4.95610503946e-72
-87.0 0.00299811173143 2.39952123552e-73
-88.5 0.00232091442836 1.12991287591e-74
-90.0 0.00141380161257 5.1748954732e-76
-91.5 0.00200814630441 2.30512494605e-77
-93.0 0.00308601619542 9.98673724985e-79
-94.5 0.00354026769459 4.20812896743e-80
-96.0 0.00395975333423 1.72460929773e-81
-97.5 0.00350840147305 6.87430297954e-83
-99.0 0.000330384163086 2.66503477338e-84
-100.5 -0.00116050653124 1.0048780391e-85
-102.0 -0.000435516339109 3.68519178675e-87
-103.5 -0.000686532916291 1.31444705709e-88
-105.0 9.68224644532e-05 4.55997400231e-90
-106.5 -0.000812151278013 1.53857226455e-91
-108.0 -0.0010734971014 5.04905028827e-93
-109.5 -1.87039316164e-05 1.61152763624e-94
-111.0 -0.000527398817889 5.00267262373e-96
-112.5 -0.000385499539954 1.51043720169e-97
-114.0 0.000496209095639 4.43546879541e-99
-115.5 0.00251129051669 1.26681339599e-100
-117.0 0.00350892560797 3.51902239393e-102
-118.5 0.00293181391465 9.50752942756e-104
-120.0 -9.48582967805e-06 2.49832877718e-105
-121.5 7.65731197472e-05 6.38510093575e-107
-123.0 0.000712882096007 1.58716547515e-108
-124.5 0.0035610719584 3.83718654741e-110
-126.0 0.00597852828088 9.02276991815e-112
-127.5 0.00704650524258 2.06349355632e-113
-129.0 0.00702557285168 4.58989357274e-115
-130.5 0.00638941228894 9.92975146242e-117
-132.0 0.00402080459178 2.08934619099e-118
-133.5 0.00364379138862 4.27581294101e-120
-135.0 0.00320386150083 8.51066024655e-122
-136.5 0.00188652158802 1.64757075277e-123
-138.0 0.00262271207152 3.1021383216e-125
-139.5 0.00393647388002 5.6808655117e-127
-141.0 0.00473783282568 1.01182200828e-128
-142.5 0.00450846848221 1.75279045512e-130
-144.0 0.00483805193004 2.95319511932e-132
-145.5 0.00435203212377 4.83938917618e-134
-147.0 0.00405477176706 7.71303354186e-136
-148.5 0.00227611402783 1.19562821611e-137
-150.0 0.00208246921471 1.80261655624e-139
-151.5 0.000723930262557 2.6433022152e-141
-153.0 0.00180113260734 3.76987151388e-143
-154.5 0.00393225507559 5.22928776909e-145
-156.0 0.00381607939057 7.05496395754e-147
-157.5 0.00328413981911 9.25727832673e-149
-159.0 0.00347489001659 1.18143030725e-150
-160.5 0.00209403823681 1.46645641038e-152
-162.0 0.000498580617821 1.7703799133e-154
-163.5 0.00126008198946 2.07873942532e-156
-165.0 -1.49210888782e-05 2.37394086711e-158
-166.5 0.00017709470824 2.63679280597e-160
-168.0 0.00179997892487 2.84851412796e-162
-169.5 0.00351210764022 2.99293313823e-164
-171.0 0.00390992579426 3.05852416618e-166
-172.5 0.00383303136745 3.03992649228e-168
-174.0 0.00305017807967 2.93866792267e-170
-175.5 0.00292178504101 2.76295751539e-172
-177.0 0.00404191629573 2.52658646955e-174
-178.5 0.00458628568934 2.24714134041e-176
-180.0 0.00540585188527 1.94385057454e-178
-181.5 0.00648784442676 1.63542875499e-180
-183.0 0.00949076581498 1.33824813271e-182
-184.5 0.0119009469713 1.06506944831e-184
-186.0 0.0131551032425 8.2443319979e-187
-187.5 0.010404309128 6.20682187677e-189
-189.0 0.00741517246666 4.5448479298e-191
-190.5 0.00472968377925 3.23672419984e-193
-192.0 0.00249575108992 2.24196226101e-195
-193.5 0.000519405695093 1.51038326553e-197
-195.0 -0.000344803669505 9.89651521958e-200
-196.5 0.00115436253885 6.30686729578e-202
-198.0 0.00496864824606 3.90914116285e-204
-199.5 0.00668833298628 2.35659677169e-206
-201.0 0.00475078032885 1.38173725598e-208
-202.5 0.00194162512239 7.87955917458e-211
-204.0 0.000967407732867 4.37033410592e-213
-205.5 0.00199749195832 2.35756470946e-215
-207.0 0.00231106941123 1.23694066891e-217
-208.5 0.00174049600751 6.31204926738e-220
-210.0 0.00119477959533 3.13276743483e-222
-211.5 0.00102345460214 1.51224513379e-224
-213.0 0.0010844232452 7.09990438532e-227
-214.5 0.00122297107171 3.24204522615e-229
-216.0 0.0009061769108 1.43986542118e-231
-217.5 0.00167323725224 6.21957916024e-234
-219.0 0.00134136057217 2.61298166113e-236
-220.5 0.00184819454924 1.0676969155e-238
-222.0 0.00311499429812 4.24322321887e-241
-223.5 0.00310671156273 1.64013665256e-243
-225.0 0.00252777204486 6.16595645817e-246
-226.5 0.00102598954857 2.25453580835e-248
-228.0 -0.000145185044646 8.01770523786e-251
-229.5 0.000836229100097 2.77318791254e-253
-231.0 0.00230478568644 9.32920799292e-256
-232.5 0.00129909694445 3.0524356506e-258
-234.0 0.00142416593529 9.71369634556e-261
-235.5 0.0020845598575 3.00648328323e-263
-237.0 0.0028676602826 9.05043238385e-266
-238.5 0.00466875328041 2.6498184959e-268
-240.0 0.0041543545946 7.54569402315e-271
-241.5 0.00295262418366 2.08986637535e-273
-243.0 0.00323957990954 5.6295555738e-276
-244.5 0.0040904678058 1.4749115188e-278
-246.0 0.00366951083202 3.75832288469e-281
-247.5 0.00319210684252 9.31447698313e-284
-249.0 0.000821712803889 2.24522114513e-286
-250.5 0.000640092129752 5.26375949578e-289
-252.0 0.00243106146583 1.20024309595e-291
-253.5 0.00529328805687 2.66181985052e-294
-255.0 0.00755028463597 5.74148674949e-297
-256.5 0.00783724900988 1.20449870844e-299
-258.0 0.00627583350107 2.45767569637e-302
-259.5 0.0039114322602 4.87729557248e-305
-261.0 0.00169374948335 9.41390562865e-308
-262.5 0.000812896645619 1.76724543977e-310
-264.0 0.000809845125365 3.22671169692e-313
-265.5 0.00183579405392 5.73006728457e-316
-267.0 0.00125152315057 9.8968265781e-319
-268.5 0.00147124669605 1.66006057003e-321
-270.0 0.00156840014354 4.94065645841e-324
-271.5 0.00229617120348 0.0
-273.0 0.00291761456366 0.0
-274.5 0.00368940985558 0.0
-276.0 0.00102415436128 0.0
-277.5 0.000663682601204 0.0
-279.0 8.87923885182e-05 0.0
-280.5 -0.000543760629053 0.0
-282.0 0.000447095430631 0.0
-283.5 0.000658088212218 0.0
-285.0 0.00162028079503 0.0
-286.5 0.00144646769091 0.0
-288.0 0.000797861716025 0.0
-289.5 0.000367215173341 0.0
-291.0 0.00146963030452 0.0
-292.5 0.000763842442562 0.0
-294.0 0.00462233097086 0.0
-295.5 0.0014184685153 0.0
-297.0 0.00403664224916 0.0
-298.5 0.0 0.0
-300.0 0.0 0.0
