# # timestamp: 2456786.79775
# # Gaussian 1 [amp, RV +/- err, wid]: 1.00 30.19 0.10 12.72
# # Gaussian 2 [amp, RV +/- err, wid]: 0.51 58.67 0.18 11.00
# # Uncorrected_RV, BF_amp, Gaussian_fit
# 
###
###
400.0 0.0 3.13422734353e-184
398.0 0.0 2.98949874879e-182
396.0 0.0220278152497 2.78183809838e-180
394.0 0.0143967703352 2.52540432081e-178
392.0 0.0176733734406 2.23663739407e-176
390.0 0.00852166197959 1.93252819e-174
388.0 0.0109368250864 1.62900226356e-172
386.0 0.0108063639229 1.33962465433e-170
384.0 0.0127586632386 1.07475672029e-168
382.0 0.0128705699733 8.41206850813e-167
380.0 0.0123318215641 6.42334171055e-165
378.0 0.011445465991 4.78503199009e-163
376.0 0.0111388123213 3.47755701196e-161
374.0 0.00980532231813 2.46563772113e-159
372.0 0.00901627696508 1.70549270589e-157
370.0 0.00773528618642 1.15089594777e-155
368.0 0.00956119943027 7.57683534235e-154
366.0 0.0118282220075 4.86637118246e-152
364.0 0.0142744185414 3.04921612524e-150
362.0 0.0127847332958 1.86396081316e-148
360.0 0.00998524959175 1.11160615179e-146
358.0 0.00634081305328 6.46741454774e-145
356.0 0.00488179366079 3.67092955672e-143
354.0 0.00364019874481 2.0327641648e-141
352.0 0.00308101636162 1.09815472663e-139
350.0 0.00202113835688 5.78769542105e-138
348.0 0.00275187721855 2.97586616123e-136
346.0 0.00555611437115 1.49274874842e-134
344.0 0.00566574544316 7.30509099855e-133
342.0 0.00304545538866 3.48762786296e-131
340.0 0.00334393950537 1.62442715499e-129
338.0 0.00118598262413 7.38135234902e-128
336.0 0.00519660148384 3.27218030831e-126
334.0 0.00610278823033 1.41515532699e-124
332.0 0.00561212810926 5.97085587219e-123
330.0 0.00269442096833 2.4577327662e-121
328.0 0.00397171090789 9.86957211587e-120
326.0 0.0013621769142 3.86658519599e-118
324.0 0.00292316338279 1.47782305231e-116
322.0 0.00296360060859 5.51039693078e-115
320.0 0.00357852773241 2.004513217e-113
318.0 0.00401150833321 7.11378210555e-112
316.0 0.00266151305546 2.46296242915e-110
314.0 -0.00110390013693 8.31918168895e-109
312.0 -0.0015577818931 2.74137864619e-107
310.0 -0.00139370274312 8.81298510088e-106
308.0 0.00143282361118 2.76402928862e-104
306.0 0.00340716001837 8.45722413139e-103
304.0 0.00507850691025 2.52451895481e-101
302.0 0.00646956103057 7.35182277255e-100
300.0 0.00568297247654 2.08870460239e-98
298.0 0.00306625884238 5.78928094933e-97
296.0 -1.84569759037e-05 1.5654451243e-95
294.0 -0.00214420862875 4.12968296792e-94
292.0 -0.00246196791053 1.06282377012e-92
290.0 -0.00196640247422 2.66852674234e-91
288.0 -0.00197329187952 6.53653728209e-90
286.0 -0.000392869146861 1.56203239083e-88
284.0 0.000351729089046 3.64165529398e-87
282.0 0.000591647455429 8.28275526709e-86
280.0 0.0034156948112 1.83788868159e-84
278.0 0.00390017668277 3.97863384722e-83
276.0 0.00307058361861 8.40277128365e-82
274.0 0.00209842752136 1.73137286053e-80
272.0 6.430256892e-05 3.4805477607e-79
270.0 -0.000858165144432 6.8266715775e-78
268.0 0.000256292465749 1.30647179016e-76
266.0 0.000486827072798 2.4398394762e-75
264.0 -0.00136290211922 4.44689990483e-74
262.0 -0.00243034690742 7.91207479021e-73
260.0 -0.00511968317254 1.37473648272e-71
258.0 -0.00679456783849 2.33393886543e-70
256.0 -0.00410642367072 3.87500006937e-69
254.0 -0.000557381033258 6.29968430026e-68
252.0 0.00209607568773 1.00469496237e-66
250.0 0.00128379800158 1.57598123389e-65
248.0 0.00073896924689 2.44006593811e-64
246.0 -0.00241530578802 3.745775673e-63
244.0 -0.00143752181078 5.73155798835e-62
242.0 -0.00101027595225 8.79019560822e-61
240.0 4.28198730492e-05 1.35770967892e-59
238.0 0.00103435106266 2.11818413283e-58
236.0 0.00480520634777 3.33830389577e-57
234.0 0.00499047849906 5.29996445594e-56
232.0 0.00394053423076 8.43330767664e-55
230.0 -0.000700227806605 1.33660041072e-53
228.0 -0.00667315073719 2.09685552208e-52
226.0 -0.00946612977608 3.2380563116e-51
224.0 -0.00831069882219 4.89975084311e-50
222.0 -0.00478838927005 7.2395239685e-49
220.0 -0.00130868550521 1.04173039245e-47
218.0 -0.000974123501674 1.45708176716e-46
216.0 -0.00074709657047 1.97835746967e-45
214.0 -0.00065408369711 2.60494563396e-44
212.0 -0.00193967725462 3.32406484545e-43
210.0 -0.00270279834326 4.10873599825e-42
208.0 -0.00311238383265 4.91775862609e-41
206.0 -0.00217142133049 5.69825287361e-40
204.0 0.000428535569421 6.39083020444e-39
202.0 0.00142184657749 6.93682351253e-38
200.0 0.00157844523314 7.28640919462e-37
198.0 0.00129123528944 7.40607953306e-36
196.0 -0.00015318070395 7.28391724517e-35
194.0 7.20222238222e-05 6.93152462282e-34
192.0 -0.000105089530518 6.3821775142e-33
190.0 -0.00219403950133 5.68561367365e-32
188.0 -0.00288194545305 4.90058844981e-31
186.0 -0.00505757231465 4.08674075477e-30
184.0 -0.0046629072703 3.297315995e-29
182.0 -0.00243540702749 2.57392648291e-28
180.0 -0.000741571162493 1.94393556208e-27
178.0 -0.00161281677203 1.42041833435e-26
176.0 -0.00356917339606 1.00414912222e-25
174.0 -0.00524777998358 6.86794507163e-25
172.0 -0.00560097506608 4.54465984521e-24
170.0 -0.00601152856531 2.90952025943e-23
168.0 -0.00642400070782 1.80213117023e-22
166.0 -0.0063832069662 1.07993119958e-21
164.0 -0.00616006512167 6.26109352469e-21
162.0 -0.00755205876699 3.51195139759e-20
160.0 -0.00708630434158 1.90585931424e-19
158.0 -0.00687956863579 1.00063821248e-18
156.0 -0.00382453721425 5.08284803345e-18
154.0 -0.00317443516375 2.49793354318e-17
152.0 -0.0031224699106 1.18767682246e-16
150.0 -0.00608630893142 5.46335320518e-16
148.0 -0.00607991607124 2.4314415462e-15
146.0 -0.0071446020585 1.0469161952e-14
144.0 -0.00620035806017 4.36117501845e-14
142.0 -0.00631379501784 1.75767516941e-13
140.0 -0.00561319621539 6.85357585475e-13
138.0 -0.00648507093827 2.58546905308e-12
136.0 -0.00767129517878 9.43637074596e-12
134.0 -0.00955900103484 3.33207069572e-11
132.0 -0.0100457701186 1.13832694957e-10
130.0 -0.00995104721025 3.76238712374e-10
128.0 -0.00875004663047 1.20310535346e-09
126.0 -0.00672299526216 3.72209662155e-09
124.0 -0.00465050685095 1.11407784451e-08
122.0 -0.00225153075286 3.2261717136e-08
120.0 0.000121060211543 9.03865140244e-08
118.0 0.00252973010271 2.44998951022e-07
116.0 0.00319775757114 6.42494643005e-07
114.0 0.00403100173829 1.63012096953e-06
112.0 0.00206352300906 4.00143368595e-06
110.0 0.00075699042329 9.50292774074e-06
108.0 -0.000653064847312 2.18346352936e-05
106.0 -0.0029179094747 4.85380213236e-05
104.0 -0.00330174075952 0.000104391939173
102.0 -0.00315957011894 0.000217221165861
100.0 -0.0024893141266 0.000437310154837
98.0 -0.0018328736075 0.000851788586376
96.0 -0.00284661504581 0.00160521170539
94.0 -0.00475579570215 0.00292681724351
92.0 -0.00563598510019 0.00516330456036
90.0 -0.00747832880662 0.00881326617548
88.0 -0.00714080090235 0.0145557325479
86.0 -0.00567208775196 0.0232613166317
84.0 -0.00548715979828 0.0359714635206
82.0 -0.00598767290823 0.0538311670308
80.0 -0.00798337962323 0.0779651498761
78.0 -0.0081196109792 0.109298147233
76.0 -0.00645987854624 0.148336128772
74.0 -0.00294460510263 0.194944149577
72.0 0.00106705070169 0.248172685458
70.0 0.00472248399847 0.306191057061
68.0 0.00976387251087 0.366377949321
66.0 0.0141692241244 0.425592631516
64.0 0.0176392483907 0.480609425142
62.0 0.0223277130476 0.528651434715
60.0 0.0252962151377 0.56792083643
58.0 0.02674804346 0.598005482096
56.0 0.0270391977484 0.620053876712
54.0 0.0277649080154 0.63665297383
52.0 0.0301305214961 0.651406597435
50.0 0.0351989301938 0.668280593684
48.0 0.0380931486123 0.69083601873
46.0 0.0392413486189 0.721499436712
44.0 0.0380718522791 0.761013286284
42.0 0.0400463006954 0.808172076589
40.0 0.0436732403516 0.859892270121
38.0 0.0491128944357 0.911599342666
36.0 0.0537827734672 0.957858628708
34.0 0.054931281215 0.993137603553
32.0 0.0552562884795 1.01257157193
30.0 0.0558626289474 1.01261257076
28.0 0.0540767278176 0.991468773364
26.0 0.0506324945953 0.949282183546
24.0 0.0472204964219 0.888037957097
22.0 0.044651341064 0.811241245797
20.0 0.0413206156267 0.72343011308
18.0 0.0340607281704 0.629611103007
16.0 0.0238142207505 0.534705691279
14.0 0.0140812092328 0.44308253459
12.0 0.00568857826428 0.358226332635
10.0 0.00258761195989 0.28256506975
8.0 -0.00199186036066 0.217449506903
6.0 -0.00588620798908 0.163257024068
4.0 -0.0088951194595 0.119579171187
2.0 -0.0102085807025 0.085449096437
0.0 -0.0139237270307 0.0595698550736
-2.0 -0.0138370361171 0.0405146491968
-4.0 -0.0157947705983 0.0268821321076
-6.0 -0.0143738310486 0.0174012805974
-8.0 -0.0123410904504 0.0109891589905
-10.0 -0.00906599332705 0.00677038525189
-12.0 -0.00745282467162 0.00406937719397
-14.0 -0.00706346195361 0.00238620708363
-16.0 -0.0055631097253 0.00136506685446
-18.0 -0.00490431544534 0.000761842705242
-20.0 -0.00574619666351 0.000414803395657
-22.0 -0.00858289629597 0.00022033570943
-24.0 -0.00969797783889 0.000114180796529
-26.0 -0.0143689694221 5.77253856222e-05
-28.0 -0.0135075437265 2.8471228798e-05
-30.0 -0.0132666852983 1.36997036905e-05
-32.0 -0.0124460236166 6.43104769395e-06
-34.0 -0.0106788151575 2.94522094796e-06
-36.0 -0.00986123448298 1.31589011631e-06
-38.0 -0.00972410487206 5.73570706649e-07
-40.0 -0.00913982225252 2.43904545945e-07
-42.0 -0.00791283899789 1.01185532276e-07
-44.0 -0.00931228282116 4.09527000193e-08
-46.0 -0.00907822170659 1.61700831656e-08
-48.0 -0.0116171292328 6.2288455291e-09
-50.0 -0.00989172408476 2.340822385e-09
-52.0 -0.00907914315371 8.58212739162e-10
-54.0 -0.00819846623331 3.06963717387e-10
-56.0 -0.00816740764914 1.07113627718e-10
-58.0 -0.00823648230715 3.6464310393e-11
-60.0 -0.00829686232779 1.21103550232e-11
-62.0 -0.00634066765392 3.92384044258e-12
-64.0 -0.00511077905569 1.24031328961e-12
-66.0 -0.00566934842786 3.82487325844e-13
-68.0 -0.0059677859051 1.15071637837e-13
-70.0 -0.00751457168632 3.3774204917e-14
-72.0 -0.00852059805428 9.67091502624e-15
-74.0 -0.00903508338703 2.7015660784e-15
-76.0 -0.00964364165018 7.36256624773e-16
-78.0 -0.00854738913672 1.95753001749e-16
-80.0 -0.00654547837951 5.0775386639e-17
-82.0 -0.00343590329288 1.28488317321e-17
-84.0 -0.00376634488231 3.17204717835e-18
-86.0 -0.00467572175867 7.63978660916e-19
-88.0 -0.00669572323143 1.79509903023e-19
-90.0 -0.00758665175578 4.11491804703e-20
-92.0 -0.0073962421788 9.20236726582e-21
-94.0 -0.00583563852728 2.00772176715e-21
-96.0 -0.00339746529974 4.27339548607e-22
-98.0 -0.000904706257133 8.87377147493e-23
-100.0 0.00351713542638 1.79766592875e-23
-102.0 0.00345264436109 3.55283736988e-24
-104.0 0.00294470447461 6.85026327563e-25
-106.0 7.0538707811e-05 1.28856043308e-25
-108.0 -0.00123108218104 2.36465569362e-26
-110.0 -0.0040100389339 4.23347140239e-27
-112.0 -0.00370375610001 7.39419569686e-28
-114.0 -0.00415490430529 1.25994284483e-28
-116.0 -0.00268581575059 2.09448060129e-29
-118.0 -0.00187610825349 3.39678011174e-30
-120.0 -0.000557372833465 5.37432739663e-31
-122.0 -0.000332412777225 8.29557318065e-32
-124.0 -0.00195947336557 1.24920660564e-32
-126.0 -0.00238079228696 1.83521833342e-33
-128.0 -0.00269926437702 2.63030917554e-34
-130.0 -0.000997021454867 3.67782833716e-35
-132.0 0.00197542338258 5.01697230024e-36
-134.0 0.00285722734179 6.67663362916e-37
-136.0 -0.00109869985174 8.66840076558e-38
-138.0 -0.0015534313752 1.09795871913e-38
-140.0 -0.00343642506394 1.35674626849e-39
-142.0 -0.00317857523982 1.63559906474e-40
-144.0 -0.000994498009417 1.9236261183e-41
-146.0 -0.000709187898205 2.20714096059e-42
-148.0 -0.000562958083495 2.47061497716e-43
-150.0 0.00103140686264 2.6980230953e-44
-152.0 0.000249723051179 2.87443074798e-45
-154.0 -0.000299550491045 2.98760811695e-46
-156.0 -0.00120159991575 3.02943058224e-47
-158.0 -0.00262096428356 2.99684287769e-48
-160.0 -0.00216603603992 2.89222806561e-49
-162.0 -0.00114460882667 2.72311945075e-50
-164.0 -0.00129136174186 2.50130379635e-51
-166.0 0.000305407187261 2.24146409294e-52
-168.0 0.00128419629565 1.95957876136e-53
-170.0 0.00488293605687 1.67131863402e-54
-172.0 0.0071534178267 1.39066133706e-55
-174.0 0.00627812789441 1.12888343368e-56
-176.0 0.00242186027426 8.94010074561e-58
-178.0 -0.0010171170819 6.90718868297e-59
-180.0 -0.00221227181362 5.20625961081e-60
-182.0 -0.00146287280984 3.82838772451e-61
-184.0 -0.000393271462137 2.74644940846e-62
-186.0 0.000323116436671 1.9221748282e-63
-188.0 0.000988327005547 1.31244091741e-64
-190.0 0.00188554457946 8.74243136937e-66
-192.0 0.0033417174797 5.68133365525e-67
-194.0 0.00237517936196 3.60191908993e-68
-196.0 0.00129088427898 2.22783593305e-69
-198.0 -0.00155466857706 1.34430572986e-70
-200.0 -0.0030015985869 7.91368006998e-72
-202.0 -0.00298915165845 4.5449019863e-73
-204.0 -0.00192570574315 2.54645583691e-74
-206.0 0.000190416668529 1.39191709678e-75
-208.0 0.000587906103681 7.42260216148e-77
-210.0 0.000326961370904 3.86157604828e-78
-212.0 0.000379254695361 1.95992112618e-79
-214.0 -0.000885603548042 9.70461230601e-81
-216.0 -0.001861168455 4.6879544158e-82
-218.0 -0.00151174764508 2.20929731002e-83
-220.0 -0.000838209998554 1.01575867787e-84
-222.0 0.00217766897404 4.55609228924e-86
-224.0 0.00604181482006 1.99370123491e-87
-226.0 0.00456407844233 8.51124783897e-89
-228.0 0.00355295256429 3.54480206326e-90
-230.0 -0.000366531695062 1.44031119574e-91
-232.0 -0.00199928459241 5.70934486961e-93
-234.0 -0.00410233793427 2.20791226251e-94
-236.0 -0.00316365565206 8.32996045658e-96
-238.0 -0.00433427917373 3.06598243072e-97
-240.0 -0.00493189576873 1.10093575824e-98
-242.0 -0.00565675695357 3.85673578549e-100
-244.0 -0.00428468184237 1.31808491937e-101
-246.0 -0.00170256629741 4.39473293688e-103
-248.0 0.000481012098856 1.42950994119e-104
-250.0 0.00113042010534 4.53635950594e-106
-252.0 -0.00140227662924 1.40440815946e-107
-254.0 -0.000737892103484 4.2417475417e-109
-256.0 -0.000669876648277 1.24986147974e-110
-258.0 0.00136615829329 3.59289515344e-112
-260.0 0.002618914692 1.00761076403e-113
-262.0 0.00321850174096 2.75680880037e-115
-264.0 0.00263385217081 7.35844568378e-117
-266.0 0.00249642166447 1.91615715133e-118
-268.0 0.000142192263026 4.867901188e-120
-270.0 -0.00136212723623 1.20647402903e-121
-272.0 -0.00167339573967 2.91715694411e-123
-274.0 -0.000498262674449 6.88124793788e-125
-276.0 0.0020432873766 1.58358074051e-126
-278.0 0.0048663989059 3.55532093495e-128
-280.0 0.00515426806288 7.78723001539e-130
-282.0 0.00482924062623 1.66399795968e-131
-284.0 0.00327092453394 3.46887116146e-133
-286.0 0.00192086534757 7.05487209058e-135
-288.0 0.00189953169315 1.39976687613e-136
-290.0 0.00130919849692 2.70949200687e-138
-292.0 0.000802326312295 5.11664905147e-140
-294.0 -0.00131032379932 9.42646760919e-142
-296.0 -0.00245156146175 1.69425167247e-143
-298.0 -0.00276261683088 2.97079346788e-145
-300.0 -0.00259282708721 5.08197578629e-147
-302.0 -0.00219852851345 8.48121975868e-149
-304.0 0.000316692155479 1.38085995512e-150
-306.0 0.003904872573 2.19334297467e-152
-308.0 0.00670868634555 3.39882695968e-154
-310.0 0.00950393244382 5.13827276192e-156
-312.0 0.00782880574946 7.57828351706e-158
-314.0 0.00642304434803 1.09041078159e-159
-316.0 0.00641286319177 1.53064690918e-161
-318.0 0.00561039590436 2.09616514163e-163
-320.0 0.00457738866977 2.80053860749e-165
-322.0 0.00490901444553 3.65025519319e-167
-324.0 0.00555531157508 4.64162963993e-169
-326.0 0.00486663547084 5.75815479595e-171
-328.0 0.00473699610334 6.96886065471e-173
-330.0 0.00201805386466 8.22821856834e-175
-332.0 0.000161577988779 9.47797266954e-177
-334.0 -0.00136573883376 1.06510072051e-178
-336.0 0.000574461227305 1.16770058758e-180
-338.0 0.00115636303424 1.24892946834e-182
-340.0 0.00174046537129 1.30319654768e-184
-342.0 0.00235302477792 1.32662300029e-186
-344.0 0.00211260601093 1.3175002862e-188
-346.0 0.00348957423009 1.27649614535e-190
-348.0 0.00643531163815 1.20657380101e-192
-350.0 0.00655259454867 1.1126379483e-194
-352.0 0.00673777134921 1.00096626088e-196
-354.0 0.00850101718664 8.78517878198e-199
-356.0 0.00854522424377 7.52224306615e-201
-358.0 0.00841538437967 6.28361713297e-203
-360.0 0.00740873974082 5.12079820006e-205
-362.0 0.00444741309379 4.0712821558e-207
-364.0 0.00539422638718 3.15784155729e-209
-366.0 0.0064464978461 2.38954417501e-211
-368.0 0.00889389656726 1.76402763872e-213
-370.0 0.0101336145728 1.27046089202e-215
-372.0 0.010343365754 8.92653290692e-218
-374.0 0.0108797238309 6.11885150328e-220
-376.0 0.0109385551714 4.09187737775e-222
-378.0 0.00967329818023 2.66956746977e-224
-380.0 0.00949779515228 1.69912287323e-226
-382.0 0.00936785911465 1.0550529713e-228
-384.0 0.00774329517895 6.39130197283e-231
-386.0 0.00906180908346 3.77720019668e-233
-388.0 0.00954460499704 2.1777913262e-235
-390.0 0.00891882826006 1.2249775167e-237
-392.0 0.0117178170612 6.72210923482e-240
-394.0 0.0106870213137 3.59872455468e-242
-396.0 0.011944856802 1.87956453844e-244
-398.0 0.0 9.57704376287e-247
-400.0 0.0 4.76070526459e-249
