# # timestamp: 2456818.76389
# # Gaussian 1 [amp, RV +/- err, wid]: 1.00 89.73 0.16 13.79
# # Gaussian 2 [amp, RV +/- err, wid]: 0.39 59.62 0.32 10.49
# # Uncorrected_RV, BF_amp, Gaussian_fit
# 
###
###
400.0 0.0 1.23379787828e-110
398.0 0.0 3.18884665832e-109
396.0 0.0216631439163 8.07029495116e-108
394.0 0.0177630740272 1.99991406139e-106
392.0 0.0202339679443 4.85287846665e-105
390.0 0.0149750326798 1.15306463204e-103
388.0 0.015381866297 2.68271193935e-102
386.0 0.0164147724718 6.11167972861e-101
384.0 0.0167619421475 1.36336860245e-99
382.0 0.0170641172806 2.9780510866e-98
380.0 0.0160868652986 6.36967323624e-97
378.0 0.0145902804472 1.33403836226e-95
376.0 0.0141948571255 2.73580814548e-94
374.0 0.0154456773382 5.49375278779e-93
372.0 0.0156987854501 1.08023623788e-91
370.0 0.0159566829823 2.07986202901e-90
368.0 0.0149196092527 3.92117716862e-89
366.0 0.0120499495454 7.23876635266e-88
364.0 0.0127772674978 1.30851530771e-86
362.0 0.0137511544653 2.31611015642e-85
360.0 0.0137224580664 4.01426250756e-84
358.0 0.0120287470714 6.81268772034e-83
356.0 0.00978377295821 1.13213274044e-81
354.0 0.00850560201562 1.84222373194e-80
352.0 0.00926700133786 2.93530713426e-79
350.0 0.00791184655987 4.57963517465e-78
348.0 0.00829732782554 6.9963957846e-77
346.0 0.00856057593098 1.04660790667e-75
344.0 0.0101305197588 1.53306231447e-74
342.0 0.0105007410445 2.19888116629e-73
340.0 0.0115105596607 3.08823162331e-72
338.0 0.00985015100718 4.24701824713e-71
336.0 0.00864844267541 5.71905855134e-70
334.0 0.00577008544588 7.54103772805e-69
332.0 0.00340937461065 9.73652176769e-68
330.0 0.00243395448578 1.23095653838e-66
328.0 0.00149523194716 1.52386942225e-65
326.0 0.00268867478936 1.84722137193e-64
324.0 0.00276140515573 2.19258424646e-63
322.0 0.00361363610365 2.54835418731e-62
320.0 0.00126622243862 2.90020998495e-61
318.0 -0.00126828295568 3.23195460835e-60
316.0 -0.00435382353165 3.52668943389e-59
314.0 -0.00490610774817 3.76821206279e-58
312.0 -0.00334794593692 3.94248100122e-57
310.0 -0.000723698810374 4.03896451484e-56
308.0 0.000979620150473 4.05169383753e-55
306.0 0.00277963795341 3.97987433095e-54
304.0 0.0036331348769 3.82796758761e-53
302.0 0.00252363136418 3.60523268345e-52
300.0 0.000600930625359 3.32479216191e-51
298.0 -0.00151428325916 3.00235373637e-50
296.0 -0.00255813747389 2.6547606486e-49
294.0 -0.00361174318973 2.29855573243e-48
292.0 -0.00425737437226 1.94872636168e-47
290.0 -0.00445909084814 1.61775532022e-46
288.0 -0.00373322248292 1.31504607114e-45
286.0 -0.00319240104814 1.04673140456e-44
284.0 -0.00128367426243 8.15822530979e-44
282.0 -0.00142953458472 6.22618887438e-43
280.0 -0.0022585612456 4.65280703705e-42
278.0 -0.00278031033866 3.40466155768e-41
276.0 -0.00279737674452 2.43948980424e-40
274.0 -0.0027245957702 1.71155248892e-39
272.0 -0.0004412970946 1.17583827315e-38
270.0 0.000417657321485 7.9099022561e-38
268.0 -3.25145658993e-05 5.21027680255e-37
266.0 -0.000633594668201 3.36059851108e-36
264.0 -0.000758704962024 2.12245562833e-35
262.0 -0.00178015365641 1.31258296514e-34
260.0 -0.00193599403211 7.94842466474e-34
258.0 -0.00217390167698 4.71304423442e-33
256.0 -0.000937433959694 2.7364538247e-32
254.0 0.000619401654573 1.55575386052e-31
252.0 0.00290216967235 8.66083580718e-31
250.0 0.00314390938045 4.72111824669e-30
248.0 0.00296211229369 2.51997426506e-29
246.0 0.00191896008071 1.31708404261e-28
244.0 -0.000935468587638 6.74057624008e-28
242.0 -0.0012994610778 3.37789944554e-27
240.0 -0.00119456727126 1.65753445198e-26
238.0 -0.000656827542047 7.96424415822e-26
236.0 7.18343294941e-05 3.74707790089e-25
234.0 0.000493179605203 1.72626328287e-24
232.0 -0.000929599538839 7.78731064154e-24
230.0 -0.000292836619899 3.43980735075e-23
228.0 -0.00177741850527 1.48780802161e-22
226.0 -0.00332990204662 6.30123717308e-22
224.0 -0.00514463967282 2.61318954327e-21
222.0 -0.00564608257152 1.06116312934e-20
220.0 -0.00610958685963 4.21948596543e-20
218.0 -0.00395205915493 1.64286961141e-19
216.0 -0.00398801093249 6.26343826161e-19
214.0 -0.00382500186758 2.33823770987e-18
212.0 -0.00577438752149 8.54733398933e-18
210.0 -0.00723311656737 3.05941818252e-17
208.0 -0.00912424215641 1.07229225017e-16
206.0 -0.00962606155618 3.68004937647e-16
204.0 -0.0113650858711 1.23668837725e-15
202.0 -0.0107506283769 4.06942517428e-15
200.0 -0.0119279720598 1.31120926835e-14
198.0 -0.0125872508215 4.13691986348e-14
196.0 -0.0112790068235 1.27805151909e-13
194.0 -0.0100334942846 3.86621292451e-13
192.0 -0.00987329155834 1.14522107241e-12
190.0 -0.00882011574079 3.32168960682e-12
188.0 -0.0103076436013 9.43397931156e-12
186.0 -0.00953910695295 2.62359591608e-11
184.0 -0.00830872474468 7.14438956869e-11
182.0 -0.00737101869745 1.90501966881e-10
180.0 -0.00675185722543 4.97393327712e-10
178.0 -0.00588751251526 1.27164708789e-09
176.0 -0.00500408860128 3.18346003257e-09
174.0 -0.00550433038007 7.80366032543e-09
172.0 -0.00473700704791 1.87311079901e-08
170.0 -0.00578096558629 4.40245304736e-08
168.0 -0.00667105947674 1.01319293512e-07
166.0 -0.00871514591828 2.28326188861e-07
164.0 -0.00937095791391 5.03831663273e-07
162.0 -0.0100811044586 1.08863261544e-06
160.0 -0.00867642377441 2.30326220336e-06
158.0 -0.00782211181406 4.77168289751e-06
156.0 -0.00636669936797 9.67978973701e-06
154.0 -0.00637287795006 1.92276597088e-05
152.0 -0.00659194826877 3.73984054663e-05
150.0 -0.00662699798572 7.12272044123e-05
148.0 -0.00678198259903 0.000132832659274
146.0 -0.00785999092006 0.00024256603546
144.0 -0.0066865384672 0.000433731803208
142.0 -0.00790351788842 0.000759414176761
140.0 -0.00609532652043 0.00130197392816
138.0 -0.00474199023681 0.00218570743607
136.0 -0.00551914217899 0.00359292313976
134.0 -0.00784887713204 0.00578322353054
132.0 -0.0101046213868 0.0091150317517
130.0 -0.0120469382782 0.0140673582722
128.0 -0.0110858646875 0.0212585220153
126.0 -0.010111215785 0.0314571768733
124.0 -0.00850144003692 0.0455798176739
122.0 -0.00685439031517 0.0646683222969
120.0 -0.00551444081908 0.0898414586412
118.0 -0.00443532068707 0.122216044351
116.0 -0.0019160125707 0.162796835902
114.0 -0.000408127939446 0.212339193288
112.0 0.00514054024164 0.271194668651
110.0 0.010416975808 0.339156015395
108.0 0.016862364902 0.41532345717
106.0 0.0228535707077 0.498016978212
104.0 0.0288673129096 0.584758627905
102.0 0.0352278335879 0.672343604212
100.0 0.0424986387135 0.757009230305
98.0 0.0492210993748 0.834697858641
96.0 0.0552135385659 0.901395088383
94.0 0.0584002048096 0.953510862237
92.0 0.0605248898221 0.988260443176
90.0 0.0609481201648 1.00399688789
88.0 0.0602020941499 1.0004474969
86.0 0.0589636710193 0.978813961103
84.0 0.0576459305477 0.941708958888
82.0 0.0533463101787 0.892919844114
80.0 0.0490327137731 0.837011709016
78.0 0.0438062409851 0.778806083001
76.0 0.0387072084975 0.722795517191
74.0 0.0354692409568 0.672574457334
72.0 0.0333732762238 0.630377674326
70.0 0.0313842209561 0.596813097587
68.0 0.0297783552451 0.570851897412
66.0 0.0272716862025 0.550095346348
64.0 0.0247073192234 0.531282159875
62.0 0.0233977572108 0.510944736728
60.0 0.0223258026515 0.486084042627
58.0 0.0211072741814 0.454724332028
56.0 0.0192668460617 0.41623583509
54.0 0.0143966121151 0.371370017326
52.0 0.0105469646982 0.322022025687
50.0 0.00528588480202 0.270797762594
48.0 0.000151647043487 0.220500748865
46.0 -0.00287416208054 0.173657708702
44.0 -0.00510312145173 0.132174401055
42.0 -0.00819988723061 0.0971668860756
40.0 -0.00807422350842 0.0689644420805
38.0 -0.00932780732611 0.0472428915226
36.0 -0.00991562389743 0.0312288524159
34.0 -0.00868853353296 0.0199165251109
32.0 -0.00950935891084 0.0122534209342
30.0 -0.00984956741986 0.00727192166393
28.0 -0.00977839945129 0.00416256383831
26.0 -0.00993703452374 0.00229811530836
24.0 -0.0102433203275 0.00122367745168
22.0 -0.00960960740702 0.000628399538543
20.0 -0.0104306544412 0.000311223001251
18.0 -0.0105866523993 0.000148651989989
16.0 -0.0111920963128 6.84750076181e-05
14.0 -0.0118295453097 3.04198899725e-05
12.0 -0.0128047449413 1.30332325435e-05
10.0 -0.0125115592247 5.38547038518e-06
8.0 -0.011796722646 2.14626860109e-06
6.0 -0.0112529933526 8.24992961304e-07
4.0 -0.0118037674065 3.05875886254e-07
2.0 -0.0135040507702 1.09395745536e-07
0.0 -0.014053465177 3.77449024798e-08
-2.0 -0.0118492838271 1.25654048657e-08
-4.0 -0.00975019052155 4.03676422607e-09
-6.0 -0.0074719988597 1.25180370041e-09
-8.0 -0.00626484572181 3.74828343035e-10
-10.0 -0.00409975179792 1.08424039865e-10
-12.0 -0.000219252368155 3.03178344558e-11
-14.0 0.00249373887162 8.20243892159e-12
-16.0 0.00333955585404 2.14984089528e-12
-18.0 0.000514805146611 5.46820642912e-13
-20.0 -0.00294484652736 1.35299924088e-13
-22.0 -0.00532112073724 3.26712743234e-14
-24.0 -0.00442974050608 7.73195969154e-15
-26.0 -0.0039736621458 1.80292512584e-15
-28.0 -0.00356418265188 4.16818327441e-16
-30.0 -0.00517814320679 9.61826810013e-17
-32.0 -0.00730141366321 2.22897058676e-17
-34.0 -0.0068880980004 5.21084579373e-18
-36.0 -0.00549677062419 1.23107304858e-18
-38.0 -0.00499192200368 2.93573100377e-19
-40.0 -0.00546154773267 7.0411145538e-20
-42.0 -0.00445024646313 1.69012373119e-20
-44.0 -0.00377843865507 4.0393419876e-21
-46.0 -0.0035227724695 9.5679238614e-22
-48.0 -0.00465209068906 2.23783831481e-22
-50.0 -0.00650532799684 5.15393217142e-23
-52.0 -0.00666185365161 1.16652613281e-23
-54.0 -0.00493423311467 2.59129293673e-24
-56.0 -0.00352562547171 5.64448085582e-25
-58.0 -0.00299225722744 1.2049623531e-25
-60.0 -0.00264737074105 2.52007181828e-26
-62.0 -0.00268772051249 5.16237342476e-27
-64.0 -0.00321864540062 1.03568410321e-27
-66.0 -0.00368442495038 2.03476318975e-28
-68.0 -0.0040138036558 3.91462539782e-29
-70.0 -0.00324838094634 7.37472121666e-30
-72.0 -0.00309656299763 1.36042340968e-30
-74.0 -0.00350209774287 2.45738049631e-31
-76.0 -0.00312163109857 4.34649094569e-32
-78.0 -0.00366613621357 7.52787296909e-33
-80.0 -0.00366304796896 1.27665170723e-33
-82.0 -0.00364540415648 2.12001521012e-34
-84.0 -0.00477410724936 3.4472421918e-35
-86.0 -0.00529792310427 5.48871686054e-36
-88.0 -0.00462784821969 8.55728587842e-37
-90.0 -0.00544543248434 1.30637367792e-37
-92.0 -0.00747538303435 1.95283235511e-38
-94.0 -0.00797333418986 2.85843723244e-39
-96.0 -0.00722589161802 4.09692972172e-40
-98.0 -0.00521214589228 5.74982363255e-41
-100.0 -0.00101949264536 7.90162996889e-42
-102.0 -4.84933514516e-05 1.06327354197e-42
-104.0 -0.000726036752281 1.40100434232e-43
-106.0 -0.000146289989551 1.80759075029e-44
-108.0 0.000486880426944 2.28363607014e-45
-110.0 -0.00039098787085 2.82500898005e-46
-112.0 -0.000369104064346 3.4219914971e-47
-114.0 -0.00148631905733 4.05886095882e-48
-116.0 -0.0013581760372 4.71406511724e-49
-118.0 0.000331174927024 5.36109045772e-50
-120.0 0.0020011089841 5.9700345951e-51
-122.0 0.00218250443868 6.50978604867e-52
-124.0 0.00235676345517 6.95060706551e-53
-126.0 0.00185276969823 7.26682856312e-54
-128.0 0.00194961014897 7.43932010788e-55
-130.0 0.00183136131807 7.45740506104e-56
-132.0 0.0027601500368 7.3199543837e-57
-134.0 0.00296320127694 7.03550329794e-58
-136.0 0.00282882647447 6.62137404456e-59
-138.0 0.00230686033733 6.1019300956e-60
-140.0 0.00080063690093 5.50620642372e-61
-142.0 -4.45517018642e-05 4.86523591808e-62
-144.0 -0.000297377449918 4.20941238647e-63
-146.0 -0.00146294220581 3.56619592849e-64
-148.0 -0.00166820387748 2.95838764317e-65
-150.0 -0.000590736429228 2.40309596717e-66
-152.0 -0.00098302997748 1.91140758122e-67
-154.0 -0.000722949635806 1.48868101069e-68
-156.0 -0.000520052459663 1.13531440393e-69
-158.0 -0.00141302936953 8.47806617085e-71
-160.0 -0.0012074054436 6.19931366424e-72
-162.0 -0.00178147485982 4.43870798412e-73
-164.0 -0.00162004371416 3.11197208661e-74
-166.0 0.000384575346709 2.13639211364e-75
-168.0 0.003012866668 1.43612550186e-76
-170.0 0.00395262529278 9.45300694811e-78
-172.0 0.00471437318877 6.09275500075e-79
-174.0 0.00394668718204 3.84524138059e-80
-176.0 0.00412145514643 2.37629117232e-81
-178.0 0.00192421733791 1.43794361523e-82
-180.0 8.27242275121e-05 8.52020832571e-84
-182.0 -0.0014567825747 4.94338830153e-85
-184.0 -0.000685318340969 2.8084415655e-86
-186.0 0.00064926538683 1.56232798987e-87
-188.0 0.00364569270049 8.51030626621e-89
-190.0 0.00379113217445 4.53925228238e-90
-192.0 0.00468444642634 2.37077100134e-91
-194.0 0.00440475024731 1.21244220871e-92
-196.0 0.00363064404583 6.0715369512e-94
-198.0 0.00192645577902 2.97716149004e-95
-200.0 0.00176040751763 1.4294609564e-96
-202.0 9.55554808936e-05 6.72060479703e-98
-204.0 0.000162233785411 3.09393063182e-99
-206.0 -0.000252351685751 1.39469402951e-100
-208.0 -0.000576336807768 6.15621056727e-102
-210.0 -0.00118906083365 2.66081172204e-103
-212.0 -0.00198318851412 1.12611042516e-104
-214.0 -0.00195015599198 4.66674389238e-106
-216.0 -0.000443655815914 1.89370842484e-107
-218.0 0.000700011093569 7.52451322133e-109
-220.0 9.87427777767e-05 2.9275873558e-110
-222.0 -0.0015986737286 1.11534049549e-111
-224.0 -0.00335982928596 4.16074627946e-113
-226.0 -0.00287530988913 1.51985148125e-114
-228.0 0.000425987628199 5.43622249681e-116
-230.0 0.00148669572824 1.90396714842e-117
-232.0 0.000134700661126 6.52961887275e-119
-234.0 -0.00308751433351 2.19271591867e-120
-236.0 -0.00399462791123 7.21012943444e-122
-238.0 -0.00313342303532 2.32150651918e-123
-240.0 -0.000642162529297 7.31918810576e-125
-242.0 -0.00161192745699 2.25955056666e-126
-244.0 -0.00264987589564 6.83041947543e-128
-246.0 -0.00491355260299 2.0218030224e-129
-248.0 -0.00354485135967 5.85998442772e-131
-250.0 -0.00170765887099 1.66310717511e-132
-252.0 0.000288463222599 4.62178956114e-134
-254.0 -0.000146906269921 1.25766869894e-135
-256.0 0.000937973477308 3.35110852028e-137
-258.0 -5.14017655239e-05 8.74333032687e-139
-260.0 -3.16352819593e-05 2.23373390314e-140
-262.0 -1.29922395054e-05 5.58794522105e-142
-264.0 -0.000488030776107 1.36879685607e-143
-266.0 -0.00233236704046 3.28315973429e-145
-268.0 -0.00177788009181 7.71100849182e-147
-270.0 -0.00254191512761 1.7733583525e-148
-272.0 -0.000989521205891 3.99344753378e-150
-274.0 4.92122978842e-05 8.80573508887e-152
-276.0 0.000265538645574 1.90129455244e-153
-278.0 0.000377647094395 4.01975280109e-155
-280.0 0.00325079876919 8.32176493224e-157
-282.0 0.00518852880893 1.68693246471e-158
-284.0 0.00647287247808 3.34846761752e-160
-286.0 0.0034318214886 6.5081966229e-162
-288.0 7.85669555862e-05 1.23862939346e-163
-290.0 -0.00204046415485 2.3082787495e-165
-292.0 -0.00232657540482 4.21212527903e-167
-294.0 -0.00270024905649 7.52628155089e-169
-296.0 -0.000285580900052 1.31681812838e-170
-298.0 0.00177993503303 2.25599060912e-172
-300.0 0.00216326913383 3.78455597551e-174
-302.0 0.0017724120763 6.21668315684e-176
-304.0 -0.000133338845097 9.9992790543e-178
-306.0 -0.000392901058076 1.5748703208e-179
-308.0 0.00196652826854 2.42877376655e-181
-310.0 0.00358887959251 3.66771416859e-183
-312.0 0.00264948915659 5.42338027704e-185
-314.0 0.00337090292142 7.85255137848e-187
-316.0 0.00246729724202 1.11331400071e-188
-318.0 0.00334984680361 1.54557722492e-190
-320.0 0.00576125695945 2.10101862902e-192
-322.0 0.00514523691599 2.79663154244e-194
-324.0 0.00585868253883 3.64507740249e-196
-326.0 0.00317026297669 4.65205041925e-198
-328.0 0.000880542450596 5.81364121268e-200
-330.0 -0.000224238598455 7.11407097337e-202
-332.0 0.00145738073832 8.52421345034e-204
-334.0 0.00193535651564 1.00013031971e-205
-336.0 0.00373516249519 1.14901322021e-207
-338.0 0.00474013349673 1.29258649038e-209
-340.0 0.00452067081788 1.42383726199e-211
-342.0 0.00593769496962 1.53577378769e-213
-344.0 0.00552483788389 1.622035303e-215
-346.0 0.00603389588203 1.67748833342e-217
-348.0 0.00545991015434 1.69873200588e-219
-350.0 0.00584224593959 1.68444325518e-221
-352.0 0.00419645086831 1.63551320846e-223
-354.0 0.005279589123 1.55495520089e-225
-356.0 0.0066835639937 1.44759762369e-227
-358.0 0.00901849991426 1.31960513414e-229
-360.0 0.0120702835703 1.17789420848e-231
-362.0 0.0110815362078 1.02951986542e-233
-364.0 0.00906649405886 8.81108377669e-236
-366.0 0.0073321357202 7.38397274284e-238
-368.0 0.00647263960047 6.05922380454e-240
-370.0 0.0074932009458 4.86866684933e-242
-372.0 0.00880332758672 3.83062180619e-244
-374.0 0.00722501737806 2.95117287233e-246
-376.0 0.00693975710052 2.22631277547e-248
-378.0 0.00767780176532 1.64453780512e-250
-380.0 0.00775288487235 1.18950891033e-252
-382.0 0.00929888182578 8.42476299868e-255
-384.0 0.00946169058423 5.84270339551e-257
-386.0 0.00888104710197 3.96767546865e-259
-388.0 0.0100325262178 2.63830256402e-261
-390.0 0.00916557385345 1.71782615767e-263
-392.0 0.0108279967182 1.0952165008e-265
-394.0 0.00680186975388 6.8373356457e-268
-396.0 0.00756458795041 4.1796505828e-270
-398.0 0.0 2.50183813267e-272
-400.0 0.0 1.46637346694e-274
