# # timestamp: 2456787.80865
# # Gaussian 1 [amp, RV +/- err, wid]: 1.00 6.89 0.05 12.76
# # Gaussian 2 [amp, RV +/- err, wid]: 0.51 58.22 0.10 11.00
# # Uncorrected_RV, BF_amp, Gaussian_fit
# 
###
###
400.0 0.0 9.12675359225e-207
398.0 0.0 1.12614054607e-204
396.0 0.0239313638611 1.35609548279e-202
394.0 0.0184599803993 1.59409526433e-200
392.0 0.023338083745 1.83016691328e-198
390.0 0.0154967701925 2.05447506925e-196
388.0 0.0167769429938 2.26023297769e-194
386.0 0.0141013967417 2.44855757719e-192
384.0 0.0141351458207 2.63647691254e-190
382.0 0.0127851249793 2.87006190908e-188
380.0 0.0115881517571 3.24563509767e-186
378.0 0.0106579468326 3.94301256572e-184
376.0 0.0120774333684 5.27532659434e-182
374.0 0.0108852603512 7.75942133366e-180
372.0 0.0102877463452 1.22081217442e-177
370.0 0.00852482433116 1.983982146e-175
368.0 0.00709143209055 3.23912227336e-173
366.0 0.00587921281771 5.22062075048e-171
364.0 0.0063432775 8.22600686793e-169
362.0 0.00638735045115 1.26068248712e-166
360.0 0.00876656947236 1.87428682811e-164
358.0 0.00769672333893 2.69963385269e-162
356.0 0.00655512195043 3.76462024914e-160
354.0 0.00433252456963 5.0808603408e-158
352.0 0.00522118822307 6.63556172203e-156
350.0 0.0058337704062 8.38501236536e-154
348.0 0.00642618136501 1.02516841919e-151
346.0 0.0052792743283 1.21266752656e-149
344.0 0.0054369458954 1.38783482629e-147
342.0 0.00766814074045 1.53666923649e-145
340.0 0.00938242478881 1.64614479312e-143
338.0 0.00722458388505 1.70608178887e-141
336.0 0.00632594809986 1.71070602138e-139
334.0 0.00305787593666 1.65956548153e-137
332.0 0.00121807661873 1.55760286184e-135
330.0 0.000977918739742 1.41436772542e-133
328.0 0.000560480016051 1.24254221726e-131
326.0 0.000563666347574 1.05609542162e-129
324.0 0.00309692966937 8.68437049122e-128
322.0 0.00237981161277 6.90902389759e-126
320.0 0.00290184346306 5.31787605553e-124
318.0 0.00227159140589 3.96007023517e-122
316.0 -0.00142360144837 2.85305882515e-120
314.0 -0.00280797587968 1.98866542329e-118
312.0 -0.00274407127082 1.34108368115e-116
310.0 -0.00162526180293 8.74970057325e-115
308.0 0.00242271941069 5.52298243889e-113
306.0 0.00468338284773 3.3728520504e-111
304.0 0.00284986364458 1.99280166842e-109
302.0 0.00185553364425 1.1391319228e-107
300.0 0.000921052450081 6.29980526066e-106
298.0 -0.00134082460754 3.3707254847e-104
296.0 -0.00245659866937 1.7448689002e-102
294.0 -0.00344383684962 8.73867076088e-101
292.0 -0.00377383283607 4.23419748496e-99
290.0 -0.00307684984096 1.9849062545e-97
288.0 -0.00232899696697 9.00227028698e-96
286.0 -0.00202800413205 3.95009239181e-94
284.0 -0.00231791037779 1.67689402404e-92
282.0 -0.0019690510842 6.88727046033e-91
280.0 -0.000903886594142 2.73672913935e-89
278.0 -0.000497049413322 1.05210637586e-87
276.0 -0.000717998153891 3.91318739751e-86
274.0 -0.00220815683885 1.4081366351e-84
272.0 -0.00226092173147 4.90232507984e-83
270.0 -0.00195614822565 1.65121099999e-81
268.0 0.00101638724456 5.38079191417e-80
266.0 0.00171702500595 1.69641841896e-78
264.0 -0.000639795018114 5.1744347956e-77
262.0 -0.00347385219739 1.52698937698e-75
260.0 -0.00365753229808 4.35965648166e-74
258.0 -0.00421932858154 1.20423621276e-72
256.0 -0.00302853828259 3.21820905715e-71
254.0 -0.00239170508847 8.32070222988e-70
252.0 -0.00287983601525 2.08136796325e-68
250.0 -0.00169407780029 5.03710389143e-67
248.0 -0.00196787487506 1.17938638204e-65
246.0 -0.002973978973 2.67161865234e-64
244.0 -0.00215391932436 5.85512245754e-63
242.0 -0.00314639378703 1.24148265386e-61
240.0 -0.00201094435309 2.54676273706e-60
238.0 -0.00265767025082 5.05451483375e-59
236.0 -0.00289733799939 9.70540407707e-58
234.0 -0.00184297753109 1.80298006726e-56
232.0 -0.00155591974495 3.24049523267e-55
230.0 -0.00396501669483 5.63475458901e-54
228.0 -0.00288838476712 9.47942036763e-53
226.0 -0.00205900040165 1.54287846348e-51
224.0 -0.00268228182663 2.42954422448e-50
222.0 -0.00129350018956 3.70135770816e-49
220.0 -0.00141426510389 5.45557418338e-48
218.0 -0.00121869873497 7.77970322926e-47
216.0 0.000241496726015 1.07331884042e-45
214.0 0.000568432484007 1.43264184772e-44
212.0 -0.00200491926647 1.85007643098e-43
210.0 -0.00383702445394 2.3114519284e-42
208.0 -0.00361522706275 2.79397952195e-41
206.0 -0.00335430770763 3.26741824084e-40
204.0 -0.00257113482653 3.69682929805e-39
202.0 -0.00185763638732 4.04666472064e-38
200.0 -0.00215034062217 4.2855661847e-37
198.0 -0.00280483729262 4.39098898442e-36
196.0 -0.00337060737104 4.35270912874e-35
194.0 -0.00449715633109 4.17445806374e-34
192.0 -0.00615645223931 3.87332301521e-33
190.0 -0.00443619331697 3.47704641367e-32
188.0 -0.0024662227054 3.01981554983e-31
186.0 0.000317633880769 2.5374266909e-30
184.0 0.00200279345645 2.06276497311e-29
182.0 0.00337202806427 1.6223671731e-28
180.0 0.00399459134194 1.23450174992e-27
178.0 0.00659875806715 9.08819061125e-27
176.0 0.00846947157152 6.4730103588e-26
174.0 0.00984766703513 4.46044649851e-25
172.0 0.00961405952472 2.97367515713e-24
170.0 0.00854619298214 1.91801443964e-23
168.0 0.00736143193577 1.19688762798e-22
166.0 0.00754074795844 7.22600138998e-22
164.0 0.00738289564212 4.22071338276e-21
162.0 0.00698048018264 2.38515627736e-20
160.0 0.0064201055943 1.30404018734e-19
158.0 0.00548137604218 6.89776300965e-19
156.0 0.00425072709024 3.52995135114e-18
154.0 0.00373939776959 1.74772190238e-17
152.0 0.00284299024735 8.37180483026e-17
150.0 0.00200729160776 3.87979714541e-16
148.0 0.000746748889145 1.73957076666e-15
146.0 -0.00174419121144 7.54602674297e-15
144.0 -0.0028864912814 3.16692469692e-14
142.0 -0.00277959518678 1.28587955519e-13
140.0 -0.0022486466583 5.05133304515e-13
138.0 -0.00361737748379 1.91979507467e-12
136.0 -0.00535462797242 7.05906044191e-12
134.0 -0.00752353544732 2.51120452607e-11
132.0 -0.00806232779825 8.64291870447e-11
130.0 -0.00813570908251 2.87794127782e-10
128.0 -0.00792469118637 9.27142706206e-10
126.0 -0.00727447969078 2.88971093618e-09
124.0 -0.00592677195374 8.71375559566e-09
122.0 -0.00565924754875 2.54214024075e-08
120.0 -0.00547076846933 7.17524597425e-08
118.0 -0.00497020884446 1.95937354342e-07
116.0 -0.00513312615267 5.17655512627e-07
114.0 -0.00436675370619 1.32314550125e-06
112.0 -0.00543805030659 3.2720318573e-06
110.0 -0.00776367608869 7.82835658942e-06
108.0 -0.00920205265776 1.81203605263e-05
106.0 -0.0101030020357 4.05794565185e-05
104.0 -0.0101262710138 8.79202219955e-05
102.0 -0.00937542622322 0.000184295395021
100.0 -0.00906864727792 0.000373751848598
98.0 -0.0091404128826 0.000733323113089
96.0 -0.00808093544254 0.00139203628645
94.0 -0.00839148533334 0.00255651825743
92.0 -0.0081521990196 0.00454245257427
90.0 -0.00896178022192 0.00780863400689
88.0 -0.00921915275668 0.0129868223707
86.0 -0.00728818596814 0.0208965170683
84.0 -0.00489811839308 0.032530302025
82.0 -0.00379666185474 0.0489942922086
80.0 -0.00378629200282 0.0713914360077
78.0 -0.00389383184832 0.100644499561
76.0 -0.00296303696568 0.137270551157
74.0 -0.00125876796608 0.181137475746
72.0 0.00131776269514 0.231250778034
70.0 0.0046826426944 0.285629266875
68.0 0.00909165780581 0.341324945204
66.0 0.0136430377377 0.394622125721
64.0 0.0179561382633 0.441415070152
62.0 0.0195599750224 0.477719802274
60.0 0.0223887937669 0.500236127274
58.0 0.0242095744619 0.506853147025
56.0 0.0230278630322 0.49699481616
54.0 0.021736885515 0.471732909306
52.0 0.0190666592123 0.433645866511
50.0 0.0134075783567 0.386459170318
48.0 0.0108933737911 0.334549809265
46.0 0.0079943085338 0.282421009043
44.0 0.00442663933099 0.234248414811
42.0 0.000457444498298 0.193568903612
40.0 -0.00283674735681 0.16313886612
38.0 -0.00644185752067 0.144943729128
36.0 -0.00500154995518 0.140306701446
34.0 -0.00300486287984 0.150029354213
32.0 -0.00127105692458 0.174500846748
30.0 0.00216018133148 0.213732472356
28.0 0.00692564408329 0.267302864413
26.0 0.0104553204895 0.334229126357
24.0 0.0153144516522 0.412803791272
22.0 0.0217358759194 0.50045223107
20.0 0.0275608712724 0.593667437062
18.0 0.0371144406784 0.688068650797
16.0 0.0436637730292 0.778608894756
14.0 0.0487476689527 0.859927767802
12.0 0.0531541342598 0.92681528505
10.0 0.0570997201123 0.97472627193
8.0 0.0554316662525 1.0002687499
6.0 0.0575537492836 1.00158801823
4.0 0.0552564328011 0.978581937654
2.0 0.0525593003613 0.932909940549
0.0 0.0480351217779 0.867793055073
-2.0 0.0422505941403 0.787637374973
-4.0 0.0343342225727 0.697541515873
-6.0 0.0296258163432 0.602764078387
-8.0 0.0236716981356 0.50822755085
-10.0 0.0171536341346 0.418121575611
-12.0 0.0116329340483 0.33564523152
-14.0 0.00645976652654 0.26290080322
-16.0 0.00194784394955 0.200926339343
-18.0 -0.00238948967371 0.149835719727
-20.0 -0.00529894564662 0.109025320476
-22.0 -0.00798525487377 0.0774056947273
-24.0 -0.00897904296592 0.0536231078623
-26.0 -0.00949108250548 0.0362463747599
-28.0 -0.0108100216798 0.0239062082873
-30.0 -0.0120283477256 0.0153847466534
-32.0 -0.0114358640356 0.00966058722477
-34.0 -0.0120895598657 0.00591902576538
-36.0 -0.011586359806 0.00353859176157
-38.0 -0.0124492202439 0.00206416410192
-40.0 -0.0129540888082 0.0011748745791
-42.0 -0.0120037130396 0.000652487686676
-44.0 -0.0103186379603 0.000353579160996
-46.0 -0.0107395433526 0.000186953899775
-48.0 -0.0119131058846 9.64530407959e-05
-50.0 -0.0126712230186 4.85546520391e-05
-52.0 -0.0127240165766 2.38495009407e-05
-54.0 -0.0102568714265 1.14303958932e-05
-56.0 -0.00746422787122 5.34535774864e-06
-58.0 -0.00621720341685 2.43907866746e-06
-60.0 -0.00651534585939 1.08594634099e-06
-62.0 -0.00592628414154 4.71763625243e-07
-64.0 -0.00637202779306 1.99974244682e-07
-66.0 -0.0055245962152 8.2709844695e-08
-68.0 -0.00505936507009 3.33790423724e-08
-70.0 -0.00624126849153 1.31438945911e-08
-72.0 -0.00725051196218 5.05019083652e-09
-74.0 -0.00892394400041 1.8933244301e-09
-76.0 -0.00995781638833 6.92589359772e-10
-78.0 -0.00902660642644 2.47206632678e-10
-80.0 -0.00620096222009 8.60950038628e-11
-82.0 -0.0044866704045 2.92569674168e-11
-84.0 -0.00541386416014 9.70094837571e-12
-86.0 -0.00776165535999 3.13857568679e-12
-88.0 -0.00837053768585 9.90796687699e-13
-90.0 -0.00838393161045 3.05189799002e-13
-92.0 -0.00726843590999 9.17252718541e-14
-94.0 -0.00771644001558 2.68993341098e-14
-96.0 -0.00823043343681 7.69710796111e-15
-98.0 -0.00826844100668 2.14905313863e-15
-100.0 -0.00688951922816 5.85464083562e-16
-102.0 -0.00728356365896 1.55627696081e-16
-104.0 -0.00664768326858 4.036519418e-17
-106.0 -0.00654890193899 1.02155259446e-17
-108.0 -0.00432842491819 2.52259739812e-18
-110.0 -0.00289055388017 6.07811178392e-19
-112.0 -0.00241571752709 1.42896946892e-19
-114.0 -0.00174859727371 3.27801354591e-20
-116.0 -0.000505795740649 7.33722885264e-21
-118.0 6.94945637988e-05 1.60245895248e-21
-120.0 0.00106616641587 3.41487876145e-22
-122.0 0.00124227782724 7.10063506102e-23
-124.0 0.000168593959172 1.44063055872e-23
-126.0 0.00112905397305 2.85194785308e-24
-128.0 0.00190316494724 5.50888954952e-25
-130.0 0.000902875409095 1.03829336097e-25
-132.0 -0.000470239584595 1.90945582861e-26
-134.0 -0.00160285262129 3.42635756532e-27
-136.0 -0.00213941308928 5.99914386025e-28
-138.0 -0.000129401962048 1.0248950544e-28
-140.0 0.000288006236973 1.70845303904e-29
-142.0 -0.000539345416094 2.77881875327e-30
-144.0 -0.0021260410243 4.41012524953e-31
-146.0 -0.00171381765725 6.82928368915e-32
-148.0 -0.000801991520319 1.031888829e-32
-150.0 0.000577060590162 1.5213326828e-33
-152.0 6.55179226221e-05 2.18851237646e-34
-154.0 0.00010930524835 3.07190192347e-35
-156.0 -0.000132766943936 4.20725865016e-36
-158.0 -0.00115496298991 5.62243709809e-37
-160.0 -0.00200163912451 7.3313427871e-38
-162.0 -0.00330064482768 9.32773015803e-39
-164.0 -0.00247310143489 1.15798237422e-39
-166.0 -0.000987773499796 1.40268919417e-40
-168.0 8.65640836699e-06 1.65788530055e-41
-170.0 -0.000481967141743 1.9119698421e-42
-172.0 -0.00149331271587 2.15149886769e-43
-174.0 -0.00133237000001 2.36229827691e-44
-176.0 -0.00214668358674 2.5308235774e-45
-178.0 -0.00299074126399 2.645589983e-46
-180.0 -0.00344452685609 2.69846463399e-47
-182.0 -0.00219553684538 2.68561930988e-48
-184.0 -0.00319830777171 2.60798865837e-49
-186.0 -0.00204195799737 2.47115776741e-50
-188.0 -0.00351216594927 2.2846978615e-51
-190.0 -0.00326741522347 2.06105985589e-52
-192.0 -0.0017105311596 1.81420333493e-53
-194.0 -2.32028443059e-05 1.55817002231e-54
-196.0 0.000209384553163 1.30580177817e-55
-198.0 0.000611403136953 1.06775888485e-56
-200.0 -0.0013150514708 8.51927543105e-58
-202.0 -0.00014705884543 6.63232274778e-59
-204.0 -0.000191579331092 5.03804650464e-60
-206.0 0.000427412260263 3.73415395287e-61
-208.0 2.78454799456e-05 2.70057220608e-62
-210.0 -0.000636101596518 1.90569280956e-63
-212.0 -0.00207338108513 1.31215011925e-64
-214.0 -0.000905023403382 8.81551483073e-66
-216.0 -0.00300429978359 5.77890245438e-67
-218.0 -0.00288107224903 3.69637968262e-68
-220.0 -0.00236976481782 2.30696662889e-69
-222.0 -0.00155341162638 1.40488112437e-70
-224.0 9.91870720827e-05 8.34778720478e-72
-226.0 -0.00113465747491 4.83990335365e-73
-228.0 -0.00284927356577 2.73801319224e-74
-230.0 -0.00408666017562 1.51135995306e-75
-232.0 -0.00379611796187 8.14017631509e-77
-234.0 -0.00255688250462 4.27792572913e-78
-236.0 -0.00226944631743 2.19364424026e-79
-238.0 -0.00123136264297 1.09757114059e-80
-240.0 0.000776136259298 5.35836988674e-82
-242.0 0.00225540191872 2.55250279951e-83
-244.0 0.00174176746405 1.18640588388e-84
-246.0 0.00220798851976 5.38063935613e-86
-248.0 -0.00208929233041 2.38104719224e-87
-250.0 -0.00144338159477 1.02810068783e-88
-252.0 -0.00227518737563 4.33148508673e-90
-254.0 -0.0011549074578 1.78062113729e-91
-256.0 0.000339342230317 7.14232737701e-93
-258.0 0.00158230403725 2.79538421332e-94
-260.0 0.000706130903004 1.06752189429e-95
-262.0 0.000928542317728 3.9778243405e-97
-264.0 -0.00113690219843 1.4462652059e-98
-266.0 -0.00241770200459 5.13078483667e-100
-268.0 -0.00273582607394 1.77604184652e-101
-270.0 -0.00315419160877 5.9986857753e-103
-272.0 -0.0018756662355 1.9769357697e-104
-274.0 7.20039890976e-05 6.35715108139e-106
-276.0 0.000855900293094 1.99464693269e-107
-278.0 0.00197988602619 6.10665045106e-109
-280.0 0.00192083079691 1.82420489406e-110
-282.0 0.00222231215223 5.31713514578e-112
-284.0 0.00196353927514 1.51222115255e-113
-286.0 0.00118453309163 4.19649244362e-115
-288.0 -4.96711364125e-05 1.13629503634e-116
-290.0 -0.00142010940291 3.00212866261e-118
-292.0 -0.00258585567783 7.73928820104e-120
-294.0 -0.0021295303652 1.94673243742e-121
-296.0 0.000804608778045 4.77798782153e-123
-298.0 0.00218070150315 1.14424056159e-124
-300.0 0.00152406657162 2.67376458349e-126
-302.0 0.000430388790353 6.09624652677e-128
-304.0 -0.000966027206505 1.35623642188e-129
-306.0 -0.00134534619316 2.94402716184e-131
-308.0 0.000430344657945 6.23565026302e-133
-310.0 0.00106858669067 1.28871004248e-134
-312.0 0.000716042792975 2.59873624633e-136
-314.0 0.000691295330983 5.11331705287e-138
-316.0 0.000107103145704 9.81695426321e-140
-318.0 0.00135423629605 1.83901105683e-141
-320.0 0.00480361892962 3.36144059333e-143
-322.0 0.00562580934367 5.99515019186e-145
-324.0 0.00475755961599 1.04329763305e-146
-326.0 0.00288999154894 1.7715356802e-148
-328.0 0.0037960527031 2.9351149383e-150
-330.0 0.00575985999363 4.74497413013e-152
-332.0 0.00653330470634 7.4847295511e-154
-334.0 0.00374020934318 1.15199847216e-155
-336.0 0.00289561243818 1.73006022279e-157
-338.0 0.00436008188803 2.53515236645e-159
-340.0 0.0070441453934 3.62476986494e-161
-342.0 0.00813793473091 5.05696954636e-163
-344.0 0.00642336408427 6.88388751451e-165
-346.0 0.00454890734788 9.14346315779e-167
-348.0 0.00456070250595 1.18500777736e-168
-350.0 0.00526477513238 1.49852919787e-170
-352.0 0.00700578527631 1.84902483838e-172
-354.0 0.00624776547496 2.22614684319e-174
-356.0 0.00667805761463 2.61516080528e-176
-358.0 0.00417793991856 2.99761957575e-178
-360.0 0.00474579930656 3.35264956344e-180
-362.0 0.0046122666582 3.65875503531e-182
-364.0 0.00714541734021 3.89593796015e-184
-366.0 0.00796169803372 4.04784858707e-186
-368.0 0.0106213373823 4.10364716601e-188
-370.0 0.00984494599148 4.05928266247e-190
-372.0 0.00992446228376 3.91797898428e-192
-374.0 0.0103287336585 3.68984767307e-194
-376.0 0.00975483662978 3.39069167869e-196
-378.0 0.013261417593 3.04019675033e-198
-380.0 0.0149108495126 2.65979770964e-200
-382.0 0.0150119408402 2.27053945082e-202
-384.0 0.0134075246295 1.89122423267e-204
-386.0 0.0114820171632 1.53705894591e-206
-388.0 0.0106572227571 1.21890974492e-208
-390.0 0.0107675983545 9.43161582818e-211
-392.0 0.0139278284362 7.12088846313e-213
-394.0 0.0127937435449 5.24584907076e-215
-396.0 0.0159914788436 3.77077766891e-217
-398.0 0.0 2.64471932661e-219
-400.0 0.0 1.80992999978e-221
