###
# timestamp: 2456816.76558
# Gaussian 1 [amp, RV +/- err, wid]: [1.01, 103.88 +/- 0.06, 15.35]
# Gaussian 2 [amp, RV +/- err, wid]: [0.52, 58.67 +/- 0.11, 11.00]
# Uncorrected_RV, BF_amp, Gaussian_fit
###
400.0 0.0 4.33908230364e-151
398.0 0.0 1.50454029499e-149
396.0 0.022520506094 5.12249726817e-148
394.0 0.0156943856359 1.7125041138e-146
392.0 0.0197648152531 5.62151647159e-145
390.0 0.013316892608 1.81195466621e-143
388.0 0.0122989453511 5.73473222667e-142
386.0 0.00877806660184 1.78217741857e-140
384.0 0.0102254807487 5.43826924168e-139
382.0 0.0112319622438 1.62945529499e-137
380.0 0.0155743329012 4.79397947925e-136
378.0 0.0188046784017 1.3849110092e-134
376.0 0.0193126668895 3.92843472004e-133
374.0 0.0179984966081 1.09418105238e-131
372.0 0.0137168645809 2.99247695974e-130
370.0 0.00903658954978 8.03608305684e-129
368.0 0.00919583656488 2.11899530436e-127
366.0 0.0113816603363 5.48640101395e-126
364.0 0.0123523094199 1.39481650526e-124
362.0 0.0143266689601 3.48191835802e-123
360.0 0.0141699275518 8.53477479337e-122
358.0 0.0124700252289 2.0541754006e-120
356.0 0.0096817718068 4.85461684403e-119
354.0 0.00686189770053 1.12653416899e-117
352.0 0.00512297027504 2.56688111883e-116
350.0 0.00601061931561 5.74300399187e-115
348.0 0.00721392079004 1.26166616658e-113
346.0 0.00500174749319 2.72158418069e-112
344.0 0.00241429155635 5.76462502841e-111
342.0 0.00208641774472 1.19892586679e-109
340.0 0.00591969089817 2.44841805567e-108
338.0 0.00706907842745 4.90965293688e-107
336.0 0.00754137716348 9.66691697235e-106
334.0 0.00335352613974 1.86894775084e-104
332.0 -0.000766186927648 3.54795667595e-103
330.0 -0.00297990449452 6.6135011282e-102
328.0 -0.000818124284153 1.21047697243e-100
326.0 0.00220029323712 2.17547255232e-99
324.0 0.00658626100861 3.8390402065e-98
322.0 0.00756578384248 6.65217535545e-97
320.0 0.00444613546456 1.13181825285e-95
318.0 0.000282221450861 1.89087001178e-94
316.0 -0.00316437038588 3.10183456382e-93
314.0 -0.00107126556714 4.99628914566e-92
312.0 0.00133192328798 7.90220829335e-91
310.0 0.00543799098865 1.22721698726e-89
308.0 0.00856346463044 1.87139825206e-88
306.0 0.0109492657487 2.80209630172e-87
304.0 0.0112306659685 4.11975956261e-86
302.0 0.0104449549748 5.94747547911e-85
300.0 0.00777685250963 8.43073475639e-84
298.0 0.00398811995026 1.17346507325e-82
296.0 0.00395143392969 1.60378772782e-81
294.0 0.00497292093965 2.15226419138e-80
292.0 0.00503196846855 2.83606545809e-79
290.0 0.000948407148537 3.66951693918e-78
288.0 0.000222845008046 4.66201342033e-77
286.0 -0.000114250819744 5.81580877028e-76
284.0 0.00250918006799 7.12391440715e-75
282.0 0.00510998582709 8.56839035656e-74
280.0 0.00510849425019 1.01193302782e-72
278.0 0.00486203536299 1.173481572e-71
276.0 0.00456910979805 1.33620395615e-70
274.0 0.00497493524903 1.49396770225e-69
272.0 0.00315716023467 1.64014271845e-68
270.0 0.00546712354144 1.76804798596e-67
268.0 0.00732607379383 1.87145087568e-66
266.0 0.00740339912957 1.94506801182e-65
264.0 0.00713710873031 1.98501195951e-64
262.0 0.00228369637628 1.98913124836e-63
260.0 -0.00128365822349 1.95720235091e-62
258.0 -0.00167189735406 1.89094977723e-61
256.0 0.0011029498055 1.79389177223e-60
254.0 -0.000185288057369 1.67103083011e-59
252.0 0.000505425020041 1.52842691073e-58
250.0 -0.00477870767136 1.37270398728e-57
248.0 -0.00745988906923 1.21054563194e-56
246.0 -0.00727399813951 1.04823242323e-55
244.0 -0.0056281494106 8.91264092445e-55
242.0 -0.00457577871592 7.44094659149e-54
240.0 -0.000120258696459 6.09992070112e-53
238.0 0.00200798635737 4.91017809538e-52
236.0 -0.000844103644532 3.88108868094e-51
234.0 -0.00188313445991 3.01235799841e-50
232.0 -0.00224616998495 2.29606860825e-49
230.0 -0.000389126313077 1.71889034355e-48
228.0 2.77292705263e-05 1.26421082223e-47
226.0 -0.00410472551567 9.14002576769e-47
224.0 -0.00981766704765 6.50315855525e-46
222.0 -0.00945746987922 4.56354819012e-45
220.0 -0.00695634241927 3.17151300773e-44
218.0 -0.00337788315667 2.19890262549e-43
216.0 -0.00395629935961 1.53963761303e-42
214.0 -0.00818481236569 1.10837420572e-41
212.0 -0.00962944053781 8.38083199352e-41
210.0 -0.0118533923232 6.77197560332e-40
208.0 -0.00936423825339 5.8680356314e-39
206.0 -0.00680223765227 5.38160437945e-38
204.0 -0.00680316648411 5.10662659365e-37
202.0 -0.00750604575259 4.90228442996e-36
200.0 -0.00790290476188 4.68019503043e-35
198.0 -0.0084988469763 4.39371690962e-34
196.0 -0.00749893042935 4.02834441239e-33
194.0 -0.00457954524518 3.59261895609e-32
192.0 -0.00610577591987 3.10949959735e-31
190.0 -0.00524556316076 2.60853558015e-30
188.0 -0.0048224574292 2.11936126387e-29
186.0 -0.00293830277091 1.66697059983e-28
184.0 0.000132494316288 1.26898560327e-27
182.0 0.0037959599003 9.34818348664e-27
180.0 0.00559832776369 6.66348568044e-26
178.0 0.00747312742644 4.59575124192e-25
176.0 0.00656918487806 3.06675030949e-24
174.0 0.00659973744616 1.97996991555e-23
172.0 0.00518850008155 1.23677779071e-22
170.0 0.00342367180001 7.47436491673e-22
168.0 0.00157620816215 4.37022998464e-21
166.0 0.000294605668589 2.4721810306e-20
164.0 -0.0050173161454 1.35301097286e-19
162.0 -0.00463823933479 7.16418575697e-19
160.0 -0.00264439342992 3.67008755798e-18
158.0 0.00300160470167 1.81898789768e-17
156.0 0.00735979009204 8.72221534631e-17
154.0 0.00735797256639 4.04638575908e-16
152.0 0.00266864759966 1.8161476626e-15
150.0 -0.000220291754441 7.88639199118e-15
148.0 -0.00117302652049 3.31320913297e-14
146.0 -0.00256728825496 1.34667436852e-13
144.0 -0.00234491817959 5.29565360488e-13
142.0 -0.00361695974193 2.01474348084e-12
140.0 -0.00416386586922 7.41588779953e-12
138.0 -0.00416219271809 2.64088648573e-11
136.0 -0.00564958167565 9.09870330579e-11
134.0 -0.010004833246 3.03286063205e-10
132.0 -0.00933556621401 9.78066943735e-10
130.0 -0.0105542754845 3.0516019438e-09
128.0 -0.0100623015177 9.21150002153e-09
126.0 -0.0095670338276 2.69014694843e-08
124.0 -0.00886634256126 7.60089654954e-08
122.0 -0.00808704849623 2.07776684176e-07
120.0 -0.00479676997494 5.49505411194e-07
118.0 -0.00645664118984 1.40601615228e-06
116.0 -0.00731767873761 3.4805816242e-06
114.0 -0.00781776161919 8.33597716475e-06
112.0 -0.00850237344744 1.93154306067e-05
110.0 -0.0104681209505 4.33007545325e-05
108.0 -0.00907870190714 9.39138693083e-05
106.0 -0.00995614995154 0.000197063964794
104.0 -0.0085268841595 0.000400062575814
102.0 -0.0071316334524 0.000785763566704
100.0 -0.00946415510452 0.00149313518939
98.0 -0.0109178536772 0.00274504644916
96.0 -0.00823183416746 0.00488251570009
94.0 -0.00576366523897 0.00840196887784
92.0 -0.00281112818646 0.0139882079363
90.0 0.000965196490054 0.0225313315214
88.0 -0.00062088057376 0.0351120075201
86.0 -0.00173338569528 0.0529381633539
84.0 -0.00543854337536 0.0772195121464
82.0 -0.00747784035536 0.108976052519
80.0 -0.00624432906087 0.148792910901
78.0 -0.00215591729771 0.196554317985
76.0 0.000947207844175 0.251209058828
74.0 0.00397501073047 0.310631426089
72.0 0.00486758390655 0.371638691881
70.0 0.00891693877937 0.430204491311
68.0 0.0153761001917 0.481868834194
66.0 0.0226925057477 0.522297714098
64.0 0.0211604428962 0.547901416745
62.0 0.0198346119864 0.556394720647
60.0 0.0164148954779 0.547184411555
58.0 0.0160269073126 0.521501946285
56.0 0.0162751091459 0.482254081635
54.0 0.0154479716342 0.433626618782
52.0 0.00823199276386 0.380528358519
50.0 0.00582589591092 0.32798972515
48.0 0.0041649533036 0.28062733451
46.0 0.00446039306328 0.242255803844
44.0 0.00355202053907 0.215682698793
42.0 0.00116742312463 0.2026761351
40.0 -0.000362933962115 0.204059721699
38.0 -0.000943908851817 0.219873274175
36.0 -0.00200684347817 0.249540478288
34.0 0.00232488326497 0.292001551932
32.0 0.00314174617339 0.345792379999
30.0 0.00847647791354 0.409074146174
28.0 0.0147564661555 0.479633827166
26.0 0.0206768199352 0.554883592523
24.0 0.0258615690889 0.63188631669
22.0 0.0306266901113 0.707426965127
20.0 0.0336091994515 0.778138271664
18.0 0.0387198681828 0.840676645256
16.0 0.0425276940966 0.891933006854
14.0 0.0465022634054 0.929255044804
12.0 0.0492360084313 0.950653310757
10.0 0.0481699066863 0.954964095057
8.0 0.0485641251454 0.941946878134
6.0 0.046295640854 0.912302475771
4.0 0.0422226392664 0.867608392789
2.0 0.0372761037372 0.810178682753
0.0 0.0278467705988 0.742865071769
-2.0 0.0203789616933 0.66882281072
-4.0 0.0170989248331 0.591267767245
-6.0 0.0121496576682 0.513250420074
-8.0 0.0148382777858 0.437468111204
-10.0 0.0115256416215 0.366130126433
-12.0 0.00749125552105 0.300882207367
-14.0 0.00498321246589 0.242789289259
-16.0 0.000621577110776 0.192368747415
-18.0 -0.00230333982521 0.149661980036
-20.0 -0.00420017007289 0.114330060238
-22.0 -0.010741450457 0.0857593250004
-24.0 -0.0140970129491 0.0631646729752
-26.0 -0.0139339531184 0.0456813706254
-28.0 -0.0150684572547 0.0324396362803
-30.0 -0.0114513088567 0.0226195938414
-32.0 -0.00981553446281 0.0154869396094
-34.0 -0.00842573275311 0.0104116217832
-36.0 -0.00342261172651 0.00687294926473
-38.0 -0.00527459476285 0.00445491958209
-40.0 -0.009768353765 0.00283536239892
-42.0 -0.0109563951741 0.00177194100624
-44.0 -0.00978984674444 0.00108733137009
-46.0 -0.0098810653775 0.000655158761275
-48.0 -0.00701451687806 0.000387617311074
-50.0 -0.0053584942515 0.000225181004442
-52.0 -0.0035895143931 0.000128449469706
-54.0 -0.00102746724165 7.19457021496e-05
-56.0 -0.00202917973442 3.95684803541e-05
-58.0 -0.00403491713167 2.1368097828e-05
-60.0 -0.00279552106173 1.13306371354e-05
-62.0 -0.00352191865963 5.89949416219e-06
-64.0 -0.00376315480949 3.01611013566e-06
-66.0 -0.00542867025974 1.51408965658e-06
-68.0 -0.00740653868875 7.46324958079e-07
-70.0 -0.00763176844652 3.61223764227e-07
-72.0 -0.00839162000375 1.71670882171e-07
-74.0 -0.00879645426958 8.01104073148e-08
-76.0 -0.00603818237979 3.67073655714e-08
-78.0 -0.00119502050028 1.65154142061e-08
-80.0 -0.000263802528309 7.29621628732e-09
-82.0 0.00251404815546 3.16503054123e-09
-84.0 0.00279429304642 1.34812476506e-09
-86.0 0.00339476971228 5.63837873552e-10
-88.0 0.00203572229025 2.31552982031e-10
-90.0 -0.000417484649873 9.33723928037e-11
-92.0 -0.00315643957786 3.69707766968e-11
-94.0 -0.00244959322789 1.43737681954e-11
-96.0 -0.00321077634659 5.48724908954e-12
-98.0 -0.0026188064816 2.0568882137e-12
-100.0 -0.00447812587839 7.57074607776e-13
-102.0 -0.00689297040518 2.73614209051e-13
-104.0 -0.00982571080976 9.70980682623e-14
-106.0 -0.0111930058626 3.38340906706e-14
-108.0 -0.011104590964 1.15763168177e-14
-110.0 -0.00769624295685 3.88918207254e-15
-112.0 -0.00283496011004 1.28297478944e-15
-114.0 -0.00224425020037 4.15575509519e-16
-116.0 -0.00159769106946 1.32176347203e-16
-118.0 -0.00151535374323 4.12790336066e-17
-120.0 -0.00204283928266 1.26583550597e-17
-122.0 -0.00311908489539 3.81150945296e-18
-124.0 -0.00298943489095 1.12690863138e-18
-126.0 -0.00373729994162 3.27154113677e-19
-128.0 -0.0031816042985 9.32584175535e-20
-130.0 -0.00322300382222 2.610331561e-20
-132.0 -0.00506054320259 7.17422978997e-21
-134.0 -0.00141571580889 1.93609591085e-21
-136.0 -0.0013630916645 5.13039056892e-22
-138.0 -0.00129519178929 1.33489149341e-22
-140.0 -0.00258020261365 3.410464071e-23
-142.0 -0.00270646792949 8.55564917233e-24
-144.0 -0.0043969336708 2.10748471359e-24
-146.0 -0.00342125551056 5.09739014146e-25
-148.0 -0.00250526366731 1.2106073108e-25
-150.0 0.000316847010608 2.82312875781e-26
-152.0 0.00392883164826 6.46442730235e-27
-154.0 0.00649076187812 1.45345436931e-27
-156.0 0.000731805645446 3.20881533062e-28
-158.0 -0.000930192134737 6.95600718792e-29
-160.0 -0.00331161326563 1.48063256306e-29
-162.0 -0.00488035048774 3.09461443437e-30
-164.0 -0.00555625564646 6.35093654446e-31
-166.0 -0.00359200093446 1.27979667117e-31
-168.0 -0.00539929387607 2.53230583117e-32
-170.0 -0.00181889471339 4.91997969034e-33
-172.0 -0.00354664191888 9.3860408731e-34
-174.0 -0.000268741996091 1.75822134567e-34
-176.0 0.00020611119841 3.23397480138e-35
-178.0 0.00276085310394 5.84079133423e-36
-180.0 0.00106571143648 1.03580672574e-36
-182.0 -0.00142383806249 1.8036727267e-37
-184.0 -0.00435303526772 3.08395992708e-38
-186.0 -0.00423869558448 5.17763808522e-39
-188.0 -0.00489737539279 8.53545408024e-40
-190.0 -0.000624764811745 1.38163570006e-40
-192.0 0.00121881336176 2.19600052071e-41
-194.0 0.00269209989851 3.42723044566e-42
-196.0 0.00206746378788 5.25201734602e-43
-198.0 -0.00174370694106 7.90279965971e-44
-200.0 -0.00269761911243 1.16763678725e-44
-202.0 -0.00102091453359 1.69397322761e-45
-204.0 -0.00127606461692 2.41311095531e-46
-206.0 -0.000266585053678 3.37535935543e-47
-208.0 -0.00402201970924 4.63590702925e-48
-210.0 -0.00249304481124 6.25203492305e-49
-212.0 -0.00304010955402 8.27904129535e-50
-214.0 -8.98724604048e-05 1.0764916823e-50
-216.0 -0.000876748881526 1.37440043625e-51
-218.0 0.00231571286732 1.72301027082e-52
-220.0 0.00065793099583 2.120969505e-53
-222.0 0.0055810271253 2.56361591199e-54
-224.0 0.000625278675557 3.04259024719e-55
-226.0 -0.000176278603421 3.54573239518e-56
-228.0 -0.00646249186906 4.05733080025e-57
-230.0 -0.00645047396321 4.55876133865e-58
-232.0 -0.00675565188114 5.02950531366e-59
-234.0 -0.00238390423455 5.44848377869e-60
-236.0 -0.00293374653579 5.79559500303e-61
-238.0 -0.000359850578909 6.05330243238e-62
-240.0 -0.00157237435383 6.20809982657e-63
-242.0 -0.000551556118461 6.25168355841e-64
-244.0 0.00116611699245 6.18169051998e-65
-246.0 0.00172738576326 6.00191038204e-66
-248.0 -0.000472605284097 5.72194567506e-67
-250.0 0.00213142530475 5.35636212117e-68
-252.0 0.00204930042731 4.92343383847e-69
-254.0 0.00289143869141 4.44363376785e-70
-256.0 0.00686398496958 3.93804239002e-71
-258.0 0.0075974540552 3.42684523547e-72
-260.0 0.00516288658785 2.92806404437e-73
-262.0 0.0058463210596 2.45662364891e-74
-264.0 0.00291341709282 2.02380498397e-75
-266.0 -7.8398090769e-05 1.63708289198e-76
-268.0 -0.00267762689773 1.30030327103e-77
-270.0 -0.00560097538869 1.014122962e-78
-272.0 -0.00680814784489 7.7661996948e-80
-274.0 -0.000987310608889 5.83980663137e-81
-276.0 0.00522777367163 4.3118173574e-82
-278.0 0.0129513599684 3.12603777784e-83
-280.0 0.0138461245458 2.22535890549e-84
-282.0 0.0152757511426 1.55552817499e-85
-284.0 0.00991422995562 1.06764697979e-86
-286.0 0.00639661262669 7.19530894541e-88
-288.0 0.00190069886152 4.76149346139e-89
-290.0 0.00072631263935 3.09391882313e-90
-292.0 -0.00212135721009 1.97399756773e-91
-294.0 0.00296570675212 1.23667701171e-92
-296.0 0.00409881307732 7.60742954057e-94
-298.0 0.00505628589422 4.5950640099e-95
-300.0 0.00365416194326 2.72531789926e-96
-302.0 -0.000129840117406 1.5871382115e-97
-304.0 -0.0057597937317 9.07578717008e-99
-306.0 -0.00236408993788 5.09595793467e-100
-308.0 -8.73685627117e-05 2.80956666814e-101
-310.0 0.00349710370831 1.52098463057e-102
-312.0 0.00271497978155 8.08504209347e-104
-314.0 0.00179944620027 4.21999290924e-105
-316.0 -0.00144875743167 2.16278392622e-106
-318.0 0.000149081214886 1.08839495837e-107
-320.0 0.00128997041045 5.37813730491e-109
-322.0 0.00387273237438 2.60945148015e-110
-324.0 0.00701014097345 1.24319296124e-111
-326.0 0.00734768835655 5.81567107029e-113
-328.0 0.00667526166779 2.67136421497e-114
-330.0 0.00444141160678 1.20486488919e-115
-332.0 0.00518099328891 5.33599691543e-117
-334.0 0.00367217568028 2.32041020604e-118
-336.0 0.00376023351505 9.90799868447e-120
-338.0 0.00168920506928 4.15412049543e-121
-340.0 7.40471194862e-05 1.71018941911e-122
-342.0 -0.00192266109951 6.91323494853e-124
-344.0 -0.000264318557889 2.74403972651e-125
-346.0 0.000556452185051 1.06947699819e-126
-348.0 0.00110730133212 4.09283727793e-128
-350.0 0.00527019367726 1.53797573848e-129
-352.0 0.00436376056837 5.67474651463e-131
-354.0 0.00515914968655 2.0559636179e-132
-356.0 0.00686222585893 7.31402363927e-134
-358.0 0.00280790130836 2.55487272701e-135
-360.0 -0.00106062003081 8.76302714577e-137
-362.0 -0.000407769929612 2.95128411242e-138
-364.0 0.000454469416904 9.75977619701e-140
-366.0 0.00255551295887 3.16913451985e-141
-368.0 0.00353246641177 1.01044682887e-142
-370.0 0.00380887401791 3.16343002733e-144
-372.0 0.00583258995026 9.72467231458e-146
-374.0 0.00817658475224 2.93537570721e-147
-376.0 0.0101040075689 8.70010294493e-149
-378.0 0.0126480750303 2.53196129983e-150
-380.0 0.0116517877891 7.23538610208e-152
-382.0 0.0115649711524 2.03019771881e-153
-384.0 0.00619605686871 5.5935424159e-155
-386.0 0.0045769617948 1.51323895267e-156
-388.0 0.00432629352975 4.019759447e-158
-390.0 0.00480885355639 1.04849072528e-159
-392.0 0.00780079195301 2.68535123411e-161
-394.0 0.0104132340375 6.75319948589e-163
-396.0 0.0119093577848 1.66759289357e-164
-398.0 0.0 4.04336054388e-166
-400.0 0.0 9.62646592869e-168
