# # timestamp: 2456784.82126
# # Gaussian 1 [amp, RV +/- err, wid]: 1.00 101.86 0.06 13.70
# # Gaussian 2 [amp, RV +/- err, wid]: 0.49 56.08 0.11 11.00
# # Uncorrected_RV, BF_amp, Gaussian_fit
# 
###
###
400.0 0.0 1.54442203136e-103
398.0 0.0 3.6601764644e-102
396.0 0.0195821809817 8.49151223003e-101
394.0 0.0150120919119 1.928479534e-99
392.0 0.021085367255 4.28738030509e-98
390.0 0.0161738944639 9.33073730151e-97
388.0 0.017358166799 1.987865039e-95
386.0 0.0142121211166 4.14576622013e-94
384.0 0.0143242316618 8.46388396657e-93
382.0 0.0154806573753 1.69153727608e-91
380.0 0.0147635083507 3.30933264926e-90
378.0 0.0148108732049 6.33791272895e-89
376.0 0.0136269637193 1.18822603829e-87
374.0 0.0146218059622 2.18071471888e-86
372.0 0.0127973949981 3.91783033142e-85
370.0 0.0117790507742 6.89031970003e-84
368.0 0.0106084214881 1.18626058657e-82
366.0 0.0103195909072 1.99925324231e-81
364.0 0.0108427749365 3.29839373038e-80
362.0 0.0114725252529 5.32701798504e-79
360.0 0.0117708162269 8.42195291987e-78
358.0 0.0101061080842 1.30343216838e-76
356.0 0.010069818718 1.97474507933e-75
354.0 0.00696188389708 2.928738694e-74
352.0 0.00517089628001 4.25203851114e-73
350.0 0.00572357253874 6.04311324872e-72
348.0 0.00749443329902 8.40758479876e-71
346.0 0.00813577988919 1.14506135827e-69
344.0 0.00662411787623 1.52662806225e-68
342.0 0.00327431717194 1.99243748125e-67
340.0 0.00330595167675 2.545558864e-66
338.0 0.00547657663948 3.18367381092e-65
336.0 0.00621278346173 3.8978126894e-64
334.0 0.00522153115945 4.67154293648e-63
332.0 0.00143164176444 5.48083469914e-62
330.0 -0.00317053389076 6.29477255634e-61
328.0 -0.00337577501399 7.07718194569e-60
326.0 -0.00292243595274 7.78910679871e-59
324.0 -0.000750601313036 8.39193160777e-58
322.0 0.00237589644967 8.85081355871e-57
320.0 0.00259898341805 9.13800578508e-56
318.0 7.40151560342e-05 9.23563252107e-55
316.0 -0.00197911432153 9.13753049815e-54
314.0 -0.00241848243431 8.84989288373e-53
312.0 -0.00150293740828 8.39062222974e-52
310.0 0.000470051386149 7.78748641371e-51
308.0 -0.00214373620751 7.07534164141e-50
306.0 -0.0030610414391 6.29280838545e-49
304.0 -0.00305816302509 5.47883952215e-48
302.0 -0.00136831279879 4.66959947597e-47
300.0 -0.000553510630013 3.8959884679e-46
298.0 0.000607673989887 3.1820183026e-45
296.0 -0.00116596163465 2.54410284401e-44
294.0 -0.00203410071396 1.99119426648e-43
292.0 -0.000651152336884 1.52559614348e-42
290.0 -0.000601925421845 1.14422784134e-41
288.0 0.000806670705962 8.4010277434e-41
286.0 0.00271966207547 6.03808616916e-40
284.0 0.00390787721942 4.24828039792e-39
282.0 0.00226691578389 2.92599796821e-38
280.0 -0.000252836982497 1.97279449017e-37
278.0 -0.00263347120391 1.30207695306e-36
276.0 -0.00247241887631 8.41275878897e-36
274.0 -0.000384658019581 5.32092578536e-35
272.0 0.00192176414891 3.29445018969e-34
270.0 0.00200338724882 1.99675908552e-33
268.0 -7.06520326605e-05 1.18471905111e-32
266.0 -0.00011329546552 6.88100787433e-32
264.0 -0.00030337494969 3.91233213547e-31
262.0 -0.00193500722388 2.17754108795e-30
260.0 -0.00228572097664 1.18643508069e-29
258.0 -0.00287206398163 6.32803073783e-29
256.0 -0.00324570279547 3.30400092383e-28
254.0 -0.0023350149642 1.68872417124e-27
252.0 -0.0020258979418 8.44936864317e-27
250.0 -0.00256216915908 4.13844108721e-26
248.0 -0.00169708221068 1.98424948017e-25
246.0 -0.000553744230143 9.31328198754e-25
244.0 -0.000615574948759 4.27913718469e-24
242.0 0.000107389958376 1.92467163649e-23
240.0 0.00242220827285 8.47430444485e-23
238.0 0.00230442877348 3.65256924304e-22
236.0 0.00234688189794 1.54113198064e-21
234.0 0.00108966959335 6.36543645843e-21
232.0 -0.00144467285545 2.57373317898e-20
230.0 -0.00251912231077 1.01869889419e-19
228.0 -0.00222175275865 3.94707271901e-19
226.0 -0.00358310545055 1.49710203323e-18
224.0 -0.00181132147469 5.55871812549e-18
222.0 -0.000823888216055 2.02043500202e-17
220.0 -0.00288390017387 7.18889424146e-17
218.0 -0.00340405220636 2.50395364736e-16
216.0 -0.0062399720268 8.53763246496e-16
214.0 -0.00928084032802 2.84967678529e-15
212.0 -0.00972903603484 9.31109447851e-15
210.0 -0.0120871326692 2.9781930228e-14
208.0 -0.0137871327475 9.32506633254e-14
206.0 -0.0118305052003 2.85823542267e-13
204.0 -0.00961936522639 8.57612384993e-13
202.0 -0.00662914790291 2.51901683851e-12
200.0 -0.00302560979002 7.24299318378e-12
198.0 -0.0043311585592 2.03869408049e-11
196.0 -0.00593321962552 5.61736995188e-11
194.0 -0.00958150401913 1.51516863384e-10
192.0 -0.01205410272 4.00069916104e-10
190.0 -0.0109276747656 1.03408871461e-09
188.0 -0.0091310967477 2.61653580127e-09
186.0 -0.00683891069544 6.48100779543e-09
184.0 -0.00700832093847 1.57146743503e-08
182.0 -0.00974720371874 3.73005475549e-08
180.0 -0.0103744707346 8.66706408883e-08
178.0 -0.00911671829403 1.97140470335e-07
176.0 -0.0091030482192 4.38961618237e-07
174.0 -0.00748592562028 9.5680687582e-07
172.0 -0.00896338022182 2.04159224066e-06
170.0 -0.0113593432218 4.2644272004e-06
168.0 -0.0111612020681 8.71965661811e-06
166.0 -0.0107129010978 1.74536008595e-05
164.0 -0.00991680908336 3.41993362204e-05
162.0 -0.00806994557158 6.55990112099e-05
160.0 -0.00810045754494 0.000123175373838
158.0 -0.00842977711351 0.000226410969493
156.0 -0.00727007782883 0.000407397180659
154.0 -0.00637970576334 0.000717605161057
152.0 -0.00554794917085 0.00123737138179
150.0 -0.00670822274553 0.00208863023545
148.0 -0.00736957619841 0.00345119925066
146.0 -0.0075242928983 0.00558245827582
144.0 -0.00970658097836 0.00883950442533
142.0 -0.0104983051089 0.0137017906889
140.0 -0.0097362844509 0.0207909205908
138.0 -0.00867395873871 0.0308828299409
136.0 -0.00909662127437 0.0449063172042
134.0 -0.00891250439069 0.0639211778664
132.0 -0.0102334806098 0.0890695130304
130.0 -0.00875577127864 0.12149554859
128.0 -0.00547686697915 0.162232789062
126.0 -0.000492615651044 0.212062502832
124.0 0.00417536746493 0.271353927604
122.0 0.0116632925084 0.339903255425
120.0 0.0164616812037 0.41679406255
118.0 0.0211130537455 0.500304859238
116.0 0.0269313698739 0.587888466519
114.0 0.0341970311282 0.67624214557
112.0 0.0410628057034 0.761476876829
110.0 0.0481399749184 0.839380073667
108.0 0.0528618175958 0.905750522737
106.0 0.0570164251467 0.956770365886
104.0 0.0596615530918 0.989369474177
102.0 0.0584040685326 1.00153500429
100.0 0.0583332903861 0.992524412551
98.0 0.056054987308 0.962953225994
96.0 0.0547916770023 0.914747258736
94.0 0.0506703779079 0.850969256903
92.0 0.0442116329544 0.775548134613
90.0 0.0352877796888 0.69295132675
88.0 0.0286415236747 0.607844811347
86.0 0.0238583474581 0.524780337894
84.0 0.0198603523138 0.447936715587
82.0 0.0150029700714 0.380924962925
80.0 0.00768425937705 0.326650288732
78.0 0.00196769336975 0.287212127496
76.0 -0.000318570880345 0.263820630362
74.0 0.00261992519046 0.256715634768
72.0 0.00511437326187 0.265090461871
70.0 0.00662720303101 0.287042807993
68.0 0.00963017311321 0.319591042036
66.0 0.0118260842199 0.358798757654
64.0 0.016193470143 0.400038463315
62.0 0.0210400632923 0.438396968734
60.0 0.0217557052454 0.46918665214
58.0 0.0202048642105 0.488489617258
56.0 0.0201337878097 0.493638521756
54.0 0.0186296284525 0.483538252819
52.0 0.0171375602959 0.458759285837
50.0 0.0134980264346 0.421380518853
48.0 0.00899856990231 0.374613681756
46.0 0.00659738005291 0.322287518631
44.0 0.00551285839886 0.268295057821
42.0 0.00530773346948 0.216105672865
40.0 0.000435358534537 0.168418065041
38.0 -0.0052318588769 0.126990358112
36.0 -0.00832614048145 0.0926416975748
34.0 -0.00898145226661 0.0653871242944
32.0 -0.0121281541027 0.0446504244435
30.0 -0.0113010057704 0.0294988478732
28.0 -0.0111699779654 0.0188551349582
26.0 -0.00999633510263 0.0116600046431
24.0 -0.00706630997221 0.00697608662368
22.0 -0.00906498307407 0.00403802298459
20.0 -0.014458370441 0.00226135788096
18.0 -0.0157840326629 0.00122521772862
16.0 -0.0137737715594 0.000642244831838
14.0 -0.0109829457108 0.000325710136967
12.0 -0.00788668980829 0.000159810459614
10.0 -0.00866836128226 7.58616639198e-05
8.0 -0.0111488636294 3.48403688777e-05
6.0 -0.0125796047914 1.54805478607e-05
4.0 -0.0141059998722 6.65477074496e-06
2.0 -0.0119181718059 2.76772574452e-06
0.0 -0.0129229856952 1.11366913781e-06
-2.0 -0.0136691280289 4.33543308798e-07
-4.0 -0.0140991513778 1.63287131543e-07
-6.0 -0.0151217054478 5.9499675657e-08
-8.0 -0.0141184585599 2.09758902149e-08
-10.0 -0.0110361165577 7.15433657201e-09
-12.0 -0.0109082610283 2.36081249825e-09
-14.0 -0.00898536638713 7.53696997479e-10
-16.0 -0.00473146896801 2.32795850716e-10
-18.0 -0.00272998963956 6.95659700803e-11
-20.0 -0.00190099456949 2.01122943204e-11
-22.0 -0.00234209703034 5.62560902147e-12
-24.0 -0.00451519880309 1.52237146354e-12
-26.0 -0.00615626417679 3.98579431145e-13
-28.0 -0.00505259027004 1.00960685482e-13
-30.0 -0.00475257549756 2.47418891838e-14
-32.0 -0.00360798271178 5.86619619005e-15
-34.0 -0.00350393563821 1.34562320859e-15
-36.0 -0.00488129365302 2.98630054879e-16
-38.0 -0.00678888985384 6.411899683e-17
-40.0 -0.00737845538122 1.33193516219e-17
-42.0 -0.00759833305906 2.67684121217e-18
-44.0 -0.00174421376976 5.20481499527e-19
-46.0 0.0031865744962 9.79109234134e-20
-48.0 0.00609846129581 1.78196905947e-20
-50.0 0.00654512964241 3.13770663668e-21
-52.0 0.00578403911362 5.34524578983e-22
-54.0 0.00479303529917 8.80980291716e-23
-56.0 0.00569761194969 1.40477858557e-23
-58.0 0.00697472466877 2.16716880336e-24
-60.0 0.00661310990813 3.23460151333e-25
-62.0 0.0076083790185 4.67080806729e-26
-64.0 0.00807239018312 6.52538981011e-27
-66.0 0.00905668028547 8.81990926836e-28
-68.0 0.00826856934281 1.1533603437e-28
-70.0 0.00755701575127 1.45918105853e-29
-72.0 0.00349898622263 1.78606256275e-30
-74.0 -0.000906769626951 2.11508356093e-31
-76.0 -0.0042563579431 2.4232703132e-32
-78.0 -0.00408878416565 2.6860852815e-33
-80.0 -0.00304228754739 2.8805905508e-34
-82.0 -0.00297273352204 2.98873464341e-35
-84.0 -0.000193833376152 3.00011369103e-36
-86.0 -0.00035072106839 2.91362235647e-37
-88.0 -0.00118370100244 2.73763166902e-38
-90.0 -0.00286005693652 2.4886541429e-39
-92.0 -0.00324107542983 2.18879098176e-40
-94.0 -0.0049976056285 1.86250778554e-41
-96.0 -0.00271403553517 1.53338805596e-42
-98.0 -0.00290538018376 1.22145097702e-43
-100.0 -0.00277503348763 9.41425378758e-45
-102.0 -0.0020951385811 7.02114116026e-46
-104.0 -0.00203301554647 5.06739206576e-47
-106.0 -0.00407308189541 3.53987687132e-48
-108.0 -0.00285591206873 2.39408524448e-49
-110.0 -0.00271224163585 1.56835421436e-50
-112.0 -0.00115765881075 9.95984299743e-52
-114.0 -0.000566133651114 6.13996827401e-53
-116.0 -0.000219715558943 3.68312280788e-54
-118.0 -0.00219411611076 2.15851823338e-55
-120.0 -0.000877177876552 1.24423023561e-56
-122.0 -0.0016735340708 7.13000613037e-58
-124.0 0.000121132313952 4.12584805993e-59
-126.0 -0.000184043129911 2.45897318541e-60
-128.0 -0.000563197497048 1.53884130196e-61
-130.0 -0.00312347114569 1.02236663635e-62
-132.0 -0.00402798146282 7.19005421148e-64
-134.0 -0.00555438644819 5.27496680702e-65
-136.0 -0.00306468794355 3.96224386316e-66
-138.0 -0.000301469692509 2.99766791933e-67
-140.0 0.00289177454489 2.25775798512e-68
-142.0 0.00191386936462 1.68044709438e-69
-144.0 0.00206213442099 1.23070152539e-70
-146.0 0.001523958588 8.84736180138e-72
-148.0 0.00302040363072 6.2350547122e-73
-150.0 0.00274814999237 4.30458425243e-74
-152.0 0.00262700620493 2.910247041e-75
-154.0 8.15572465888e-05 1.92644129939e-76
-156.0 0.000106664771437 1.24844179033e-77
-158.0 -0.000296600710498 7.92039964472e-79
-160.0 0.000719602137998 4.91906046741e-80
-162.0 0.000855197028258 2.9906708762e-81
-164.0 0.00198392208038 1.7799349662e-82
-166.0 0.00093748968085 1.03702109114e-83
-168.0 0.000855840014591 5.91450582794e-85
-170.0 0.000318077008536 3.30214787679e-86
-172.0 0.00276315418488 1.80476907456e-87
-174.0 0.00313226592953 9.65592273847e-89
-176.0 0.00459847317181 5.05723250156e-90
-178.0 0.00304699172495 2.59285986653e-91
-180.0 -0.00158663355297 1.30134411793e-92
-182.0 -0.0057191450036 6.39369981275e-94
-184.0 -0.00723084832709 3.07510047812e-95
-186.0 -0.00589807223191 1.44781595829e-96
-188.0 -0.000612587369124 6.6728964771e-98
-190.0 0.00184655290354 3.01066473016e-99
-192.0 0.00127900012368 1.32971136885e-100
-194.0 0.000437454896088 5.74909319138e-102
-196.0 0.00169600732654 2.43325875456e-103
-198.0 0.000947441946854 1.00814783117e-104
-200.0 0.00143381299274 4.08890598655e-106
-202.0 -0.00106953705122 1.62344286876e-107
-204.0 -0.00277529983104 6.309775012e-109
-206.0 -0.00326990106476 2.40069903235e-110
-208.0 -0.00221177906826 8.94146210852e-112
-210.0 -0.000961825796966 3.26006562897e-113
-212.0 -0.00101307223429 1.16356627491e-114
-214.0 -0.00193185273801 4.06539629091e-116
-216.0 -0.00327333941735 1.39047001418e-117
-218.0 -0.00202483941375 4.65551090391e-119
-220.0 -0.00271360887246 1.52587883183e-120
-222.0 -0.0016637434293 4.89575558157e-122
-224.0 -0.00153876433639 1.53768149073e-123
-226.0 -0.00304551204688 4.72781011259e-125
-228.0 -0.00228454697013 1.42298605226e-126
-230.0 -0.00412037643628 4.19264644257e-128
-232.0 -0.00485084015058 1.20926871608e-129
-234.0 -0.00451482756022 3.41432119688e-131
-236.0 -0.000748072379815 9.43697729734e-133
-238.0 0.000795626677042 2.5533386884e-134
-240.0 0.00195586199921 6.76286815475e-136
-242.0 0.000655922197006 1.75347829812e-137
-244.0 -0.00218146781293 4.45058243106e-139
-246.0 -0.00237663692556 1.10580941349e-140
-248.0 -0.00141180818874 2.6896185763e-142
-250.0 0.00132610529385 6.40395229543e-144
-252.0 0.00279435653468 1.49263101013e-145
-254.0 0.00483560398672 3.4056797849e-147
-256.0 0.00219908858395 7.60680253344e-149
-258.0 0.00168401940547 1.66321139934e-150
-260.0 0.000646530209474 3.55991593767e-152
-262.0 0.000167696852144 7.45897260829e-154
-264.0 -0.00137675214551 1.52990780846e-155
-266.0 -0.00219364384495 3.07183928126e-157
-268.0 -0.00333911318162 6.03779964552e-159
-270.0 -0.000372315058266 1.16173182024e-160
-272.0 0.00118758416868 2.18816492322e-162
-274.0 0.00228905613706 4.03460663437e-164
-276.0 0.00256826051554 7.28231271309e-166
-278.0 0.00428327361993 1.28672112057e-167
-280.0 0.0050353666427 2.22559693491e-169
-282.0 0.00517957015727 3.76838771167e-171
-284.0 0.0027267309077 6.24613868565e-173
-286.0 -0.000588921605995 1.01347874792e-174
-288.0 0.000613293925404 1.60977303782e-176
-290.0 0.00281594769673 2.50300450618e-178
-292.0 0.00511568632313 3.80982996555e-180
-294.0 0.0053647538213 5.67670772904e-182
-296.0 0.00299580765337 8.28007852691e-184
-298.0 0.00165094471935 1.18227731316e-185
-300.0 0.00320818425667 1.65253716651e-187
-302.0 0.00421423655204 2.26115375731e-189
-304.0 0.00587663050165 3.02869774361e-191
-306.0 0.00370284378096 3.97126394037e-193
-308.0 -0.00094752295943 5.0973980701e-195
-310.0 -0.00322661057344 6.4049438609e-197
-312.0 -0.00254667438223 7.87823777747e-199
-314.0 -0.00127572363373 9.48614635267e-201
-316.0 0.00276161811375 1.118143482e-202
-318.0 0.00325088488884 1.29018572322e-204
-320.0 0.00321938547617 1.45731658237e-206
-322.0 0.0025382976468 1.61139703778e-208
-324.0 0.00321873111655 1.74420768134e-210
-326.0 0.00513829395493 1.84816528346e-212
-328.0 0.00609911667712 1.91703658393e-214
-330.0 0.00851231150203 1.94655631733e-216
-332.0 0.00914583636024 1.93486435958e-218
-334.0 0.00685450600668 1.88269971221e-220
-336.0 0.0051978268524 1.79332320027e-222
-338.0 0.00590362171003 1.67218012513e-224
-340.0 0.00571270268185 1.52635139185e-226
-342.0 0.00587710166247 1.36386999897e-228
-344.0 0.00694898425227 1.19299440004e-230
-346.0 0.00645050322697 1.021529266e-232
-348.0 0.00981846830262 8.56268960174e-235
-350.0 0.0117019507128 7.02613626649e-237
-352.0 0.0102153590056 5.64377790642e-239
-354.0 0.00853773767136 4.43782570457e-241
-356.0 0.00694249277155 3.41599752275e-243
-358.0 0.00451069119727 2.57401949786e-245
-360.0 0.00310066832082 1.89868577663e-247
-362.0 0.000627977201268 1.37101226903e-249
-364.0 -0.000277361220511 9.69117787846e-252
-366.0 0.00264954073698 6.70592617793e-254
-368.0 0.00550335531665 4.54242694028e-256
-370.0 0.00807191362582 3.01206342885e-258
-372.0 0.00972699849161 1.95518229032e-260
-374.0 0.00744998177785 1.24238836631e-262
-376.0 0.0069414960924 7.72813102659e-265
-378.0 0.00756422484663 4.70585516943e-267
-380.0 0.00959691274092 2.80510819263e-269
-382.0 0.00983137873094 1.6368453756e-271
-384.0 0.00726978873405 9.35002289805e-274
-386.0 0.00582676821424 5.22835023944e-276
-388.0 0.00523604604427 2.86196059784e-278
-390.0 0.00580387095237 1.53359119873e-280
-392.0 0.0100483673527 8.04456461094e-283
-394.0 0.00991740754043 4.13087886962e-285
-396.0 0.0129451950189 2.07648766657e-287
-398.0 0.0 1.02179372453e-289
-400.0 0.0 4.92202806546e-292
