2456557.73275   -10.8910460
2456559.72268   -11.1899091
2456560.72041   -11.3393234
2456584.63158   -13.8215932
2456585.63008   -13.8810828
2456757.89224   13.30974517
2456760.90501   13.5109538
2456761.87212   13.60498123
2456762.86790   13.66886847
2456763.88043   13.71522991
2456783.83491   14.05764913
2456784.82126   14.042744
2456785.82474   14.00654697
2456786.79775   13.99504467
2456787.80865   13.94577903
2456788.84238   13.86391135
2456812.75128   11.8206673
2456814.75478   11.54487469
2456815.78483   11.36302526
2456816.76558   11.24672342
2456817.76129   11.10610881
2456818.76389   10.95333534
2456819.76152   10.80480264
2456820.75532   10.65909538
