# # timestamp: 2456816.76558
# # Gaussian 1 [amp, RV +/- err, wid]: 0.96 10.50 0.06 14.80
# # Gaussian 2 [amp, RV +/- err, wid]: 0.55 62.16 0.09 11.00
# # Uncorrected_RV, BF_amp, Gaussian_fit
# 
###
###
400.0 0.0 4.33908408869e-151
398.0 0.0 1.50454090763e-149
396.0 0.022520506094 5.12249933265e-148
394.0 0.0156943856359 1.71250479687e-146
392.0 0.0197648152531 5.62151869063e-145
390.0 0.013316892608 1.81195537402e-143
388.0 0.0122989453511 5.7347344434e-142
386.0 0.00877806660184 1.78217810021e-140
384.0 0.0102254807487 5.43827129971e-139
382.0 0.0112319622438 1.62945590508e-137
380.0 0.0155743329012 4.79398125501e-136
378.0 0.0188046784017 1.38491151667e-134
376.0 0.0193126668895 3.92843614401e-133
374.0 0.0179984966081 1.09418144468e-131
372.0 0.0137168645809 2.99247802094e-130
370.0 0.00903658954978 8.03608587534e-129
368.0 0.00919583656489 2.11899603936e-127
366.0 0.0113816603363 5.48640289583e-126
364.0 0.0123523094199 1.39481697835e-124
362.0 0.0143266689601 3.48191952576e-123
360.0 0.0141699275518 8.53477762338e-122
358.0 0.0124700252289 2.054176074e-120
356.0 0.0096817718068 4.85461841731e-119
354.0 0.00686189770053 1.12653452989e-117
352.0 0.00512297027504 2.56688193165e-116
350.0 0.00601061931561 5.74300578931e-115
348.0 0.00721392079004 1.26166655684e-113
346.0 0.00500174749319 2.72158501264e-112
344.0 0.00241429155635 5.76462676974e-111
342.0 0.00208641774471 1.19892622465e-109
340.0 0.00591969089817 2.44841877772e-108
338.0 0.00706907842745 4.90965436735e-107
336.0 0.00754137716348 9.66691975477e-106
334.0 0.00335352613974 1.86894828222e-104
332.0 -0.000766186927648 3.54795767235e-103
330.0 -0.00297990449452 6.61350296261e-102
328.0 -0.000818124284152 1.21047730402e-100
326.0 0.00220029323712 2.17547314081e-99
324.0 0.00658626100861 3.83904123194e-98
322.0 0.00756578384248 6.65217710985e-97
320.0 0.00444613546456 1.13181854755e-95
318.0 0.000282221450862 1.89087049781e-94
316.0 -0.00316437038588 3.10183535085e-93
314.0 -0.00107126556714 4.99629039691e-92
312.0 0.00133192328798 7.90221024651e-91
310.0 0.00543799098865 1.2272172866e-89
308.0 0.00856346463043 1.87139870249e-88
306.0 0.0109492657487 2.80209696717e-87
304.0 0.0112306659685 4.11976052786e-86
302.0 0.0104449549748 5.94747685378e-85
300.0 0.00777685250963 8.43073667855e-84
298.0 0.00398811995026 1.17346533713e-82
296.0 0.00395143392969 1.6037880835e-81
294.0 0.00497292093965 2.15226466208e-80
292.0 0.00503196846855 2.83606606967e-79
290.0 0.000948407148537 3.66951771935e-78
288.0 0.000222845008048 4.66201439747e-77
286.0 -0.000114250819746 5.81580997185e-76
284.0 0.00250918006799 7.12391585783e-75
282.0 0.00510998582709 8.56839207612e-74
280.0 0.00510849425019 1.01193322794e-72
278.0 0.00486203536299 1.17348180066e-71
276.0 0.00456910979805 1.33620421266e-70
274.0 0.00497493524903 1.49396798477e-69
272.0 0.00315716023467 1.64014302395e-68
270.0 0.00546712354144 1.76804831031e-67
268.0 0.00732607379383 1.87145121376e-66
266.0 0.00740339912957 1.9450683578e-65
264.0 0.00713710873031 1.98501230713e-64
262.0 0.00228369637628 1.98913159125e-63
260.0 -0.00128365822349 1.95720268299e-62
258.0 -0.00167189735406 1.89095009299e-61
256.0 0.0011029498055 1.79389206699e-60
254.0 -0.00018528805737 1.67103110026e-59
252.0 0.000505425020042 1.52842715381e-58
250.0 -0.00477870767136 1.37270420202e-57
248.0 -0.00745988906923 1.21054581819e-56
246.0 -0.00727399813951 1.04823258182e-55
244.0 -0.00562814941059 8.91264225022e-55
242.0 -0.00457577871592 7.4409476796e-54
240.0 -0.000120258696459 6.09992157789e-53
238.0 0.00200798635737 4.91017878897e-52
236.0 -0.000844103644533 3.88108921962e-51
234.0 -0.00188313445991 3.01235840915e-50
232.0 -0.00224616998496 2.29606891571e-49
230.0 -0.000389126313076 1.71889056951e-48
228.0 2.7729270525e-05 1.26421098527e-47
226.0 -0.00410472551567 9.14002692256e-47
224.0 -0.00981766704766 6.50315935843e-46
222.0 -0.00945746987922 4.56354873856e-45
220.0 -0.00695634241927 3.17151337545e-44
218.0 -0.00337788315667 2.19890286763e-43
216.0 -0.00395629935962 1.53963776967e-42
214.0 -0.00818481236569 1.10837430534e-41
212.0 -0.00962944053782 8.38083261699e-41
210.0 -0.0118533923232 6.77197598808e-40
208.0 -0.00936423825339 5.86803586631e-39
206.0 -0.00680223765227 5.38160452211e-38
204.0 -0.00680316648411 5.10662668052e-37
202.0 -0.00750604575259 4.9022844836e-36
200.0 -0.00790290476188 4.68019506445e-35
198.0 -0.00849884697631 4.39371693204e-34
196.0 -0.00749893042935 4.02834442783e-33
194.0 -0.00457954524519 3.59261896716e-32
192.0 -0.00610577591987 3.10949960551e-31
190.0 -0.00524556316076 2.60853558626e-30
188.0 -0.0048224574292 2.11936126844e-29
186.0 -0.00293830277091 1.66697060321e-28
184.0 0.00013249431629 1.26898560573e-27
182.0 0.00379595990029 9.34818350405e-27
180.0 0.00559832776369 6.66348569245e-26
178.0 0.00747312742644 4.59575124995e-25
176.0 0.00656918487806 3.0667503147e-24
174.0 0.00659973744615 1.97996991882e-23
172.0 0.00518850008155 1.2367777927e-22
170.0 0.00342367180001 7.47436492841e-22
168.0 0.00157620816216 4.37022999128e-21
166.0 0.000294605668586 2.47218103425e-20
164.0 -0.0050173161454 1.3530109748e-19
162.0 -0.0046382393348 7.16418576695e-19
160.0 -0.00264439342992 3.67008756294e-18
158.0 0.00300160470166 1.81898790007e-17
156.0 0.00735979009204 8.72221535738e-17
154.0 0.00735797256639 4.04638576404e-16
152.0 0.00266864759967 1.81614766476e-15
150.0 -0.000220291754443 7.8863920002e-15
148.0 -0.00117302652049 3.31320913662e-14
146.0 -0.00256728825496 1.34667436994e-13
144.0 -0.00234491817959 5.29565361028e-13
142.0 -0.00361695974193 2.01474348281e-12
140.0 -0.00416386586923 7.41588780647e-12
138.0 -0.00416219271808 2.6408864881e-11
136.0 -0.00564958167565 9.09870331356e-11
134.0 -0.010004833246 3.03286063451e-10
132.0 -0.00933556621401 9.78066944489e-10
130.0 -0.0105542754845 3.05160194603e-09
128.0 -0.0100623015177 9.21150002787e-09
126.0 -0.0095670338276 2.69014695017e-08
124.0 -0.00886634256126 7.60089655414e-08
122.0 -0.00808704849623 2.07776684294e-07
120.0 -0.00479676997494 5.49505411482e-07
118.0 -0.00645664118984 1.40601615295e-06
116.0 -0.00731767873761 3.48058162573e-06
114.0 -0.00781776161919 8.33597716807e-06
112.0 -0.00850237344744 1.93154306136e-05
110.0 -0.0104681209505 4.33007545462e-05
108.0 -0.00907870190713 9.39138693341e-05
106.0 -0.00995614995154 0.00019706396484
104.0 -0.0085268841595 0.00040006257589
102.0 -0.0071316334524 0.000785763566822
100.0 -0.00946415510452 0.00149313518955
98.0 -0.0109178536772 0.00274504644935
96.0 -0.00823183416746 0.00488251570022
94.0 -0.00576366523897 0.00840196887771
92.0 -0.00281112818646 0.0139882079355
90.0 0.000965196490053 0.0225313315192
88.0 -0.000620880573759 0.0351120075152
86.0 -0.00173338569528 0.0529381633444
84.0 -0.00543854337536 0.0772195121293
82.0 -0.00747784035537 0.10897605249
80.0 -0.00624432906087 0.148792910856
78.0 -0.00215591729771 0.196554317918
76.0 0.000947207844175 0.251209058732
74.0 0.00397501073047 0.310631425957
72.0 0.00486758390655 0.371638691708
70.0 0.00891693877937 0.430204491094
68.0 0.0153761001917 0.481868833932
66.0 0.0226925057477 0.522297713796
64.0 0.0211604428962 0.547901416409
62.0 0.0198346119864 0.556394720289
60.0 0.0164148954779 0.547184411189
58.0 0.0160269073126 0.521501945928
56.0 0.0162751091459 0.482254081306
54.0 0.0154479716342 0.433626618497
52.0 0.00823199276386 0.380528358292
50.0 0.00582589591092 0.327989724993
48.0 0.0041649533036 0.280627334432
46.0 0.00446039306328 0.242255803849
44.0 0.00355202053907 0.215682698883
42.0 0.00116742312463 0.202676135272
40.0 -0.000362933962116 0.204059721947
38.0 -0.000943908851816 0.219873274489
36.0 -0.00200684347817 0.249540478657
34.0 0.00232488326497 0.292001552339
32.0 0.00314174617339 0.345792380427
30.0 0.00847647791354 0.409074146603
28.0 0.0147564661555 0.479633827575
26.0 0.0206768199351 0.554883592893
24.0 0.0258615690889 0.631886317002
22.0 0.0306266901113 0.707426965368
20.0 0.0336091994515 0.778138271827
18.0 0.0387198681828 0.840676645337
16.0 0.0425276940966 0.891933006859
14.0 0.0465022634054 0.929255044745
12.0 0.0492360084313 0.95065331065
10.0 0.0481699066863 0.954964094924
8.0 0.0485641251454 0.941946877999
6.0 0.046295640854 0.912302475655
4.0 0.0422226392664 0.867608392711
2.0 0.0372761037372 0.810178682729
0.0 0.0278467705988 0.742865071807
-2.0 0.0203789616933 0.668822810822
-4.0 0.0170989248331 0.591267767409
-6.0 0.0121496576682 0.513250420291
-8.0 0.0148382777858 0.437468111462
-10.0 0.0115256416215 0.366130126717
-12.0 0.00749125552105 0.300882207664
-14.0 0.00498321246589 0.242789289555
-16.0 0.000621577110776 0.192368747698
-18.0 -0.00230333982521 0.149661980297
-20.0 -0.00420017007289 0.114330060472
-22.0 -0.010741450457 0.0857593252026
-24.0 -0.0140970129491 0.0631646731456
-26.0 -0.0139339531184 0.045681370765
-28.0 -0.0150684572547 0.0324396363918
-30.0 -0.0114513088567 0.0226195939282
-32.0 -0.00981553446281 0.0154869396755
-34.0 -0.00842573275311 0.0104116218323
-36.0 -0.00342261172651 0.00687294930033
-38.0 -0.00527459476285 0.00445491960734
-40.0 -0.009768353765 0.00283536241644
-42.0 -0.0109563951741 0.00177194101814
-44.0 -0.00978984674444 0.00108733137799
-46.0 -0.0098810653775 0.000655158766411
-48.0 -0.00701451687806 0.000387617314344
-50.0 -0.00535849425151 0.000225181006481
-52.0 -0.0035895143931 0.000128449470951
-54.0 -0.00102746724166 7.19457028946e-05
-56.0 -0.00202917973442 3.95684807908e-05
-58.0 -0.00403491713167 2.13680980789e-05
-60.0 -0.00279552106173 1.13306372766e-05
-62.0 -0.00352191865963 5.89949424014e-06
-64.0 -0.00376315480949 3.01611017783e-06
-66.0 -0.00542867025974 1.51408967894e-06
-68.0 -0.00740653868874 7.46324969708e-07
-70.0 -0.00763176844653 3.61223770156e-07
-72.0 -0.00839162000374 1.71670885136e-07
-74.0 -0.00879645426958 8.01104087684e-08
-76.0 -0.00603818237979 3.67073662703e-08
-78.0 -0.00119502050028 1.65154145358e-08
-80.0 -0.000263802528308 7.29621643981e-09
-82.0 0.00251404815546 3.16503061043e-09
-84.0 0.00279429304641 1.34812479585e-09
-86.0 0.00339476971228 5.63837887e-10
-88.0 0.00203572229025 2.31552987791e-10
-90.0 -0.000417484649872 9.33723952242e-11
-92.0 -0.00315643957786 3.69707776947e-11
-94.0 -0.00244959322789 1.43737685991e-11
-96.0 -0.00321077634659 5.48724924974e-12
-98.0 -0.0026188064816 2.05688827608e-12
-100.0 -0.00447812587839 7.57074631611e-13
-102.0 -0.00689297040518 2.73614217987e-13
-104.0 -0.00982571080976 9.70980715498e-14
-106.0 -0.0111930058626 3.38340918574e-14
-108.0 -0.011104590964 1.15763172381e-14
-110.0 -0.00769624295685 3.8891822187e-15
-112.0 -0.00283496011004 1.2829748393e-15
-114.0 -0.00224425020037 4.15575526212e-16
-116.0 -0.00159769106946 1.32176352688e-16
-118.0 -0.00151535374323 4.12790353752e-17
-120.0 -0.00204283928266 1.26583556194e-17
-122.0 -0.00311908489539 3.81150962679e-18
-124.0 -0.00298943489095 1.12690868436e-18
-126.0 -0.00373729994161 3.27154129529e-19
-128.0 -0.0031816042985 9.3258422208e-20
-130.0 -0.00322300382222 2.61033169514e-20
-132.0 -0.00506054320259 7.17423016938e-21
-134.0 -0.00141571580889 1.93609601619e-21
-136.0 -0.0013630916645 5.13039085594e-22
-138.0 -0.00129519178929 1.33489157018e-22
-140.0 -0.00258020261366 3.41046427254e-23
-142.0 -0.00270646792949 8.55564969166e-24
-144.0 -0.00439693367081 2.10748484494e-24
-146.0 -0.00342125551056 5.09739046758e-25
-148.0 -0.00250526366732 1.21060739027e-25
-150.0 0.000316847010611 2.82312894792e-26
-152.0 0.00392883164825 6.46442774874e-27
-154.0 0.00649076187813 1.4534544722e-27
-156.0 0.000731805645445 3.2088155634e-28
-158.0 -0.000930192134736 6.95600770491e-29
-160.0 -0.00331161326563 1.48063267577e-29
-162.0 -0.00488035048774 3.09461467558e-30
-164.0 -0.00555625564646 6.35093705117e-31
-166.0 -0.00359200093446 1.27979677567e-31
-168.0 -0.00539929387607 2.5323060427e-32
-170.0 -0.00181889471339 4.91998011071e-33
-172.0 -0.00354664191888 9.38604169316e-34
-174.0 -0.000268741996093 1.75822150271e-34
-176.0 0.000206111198412 3.23397509662e-35
-178.0 0.00276085310394 5.84079187909e-36
-180.0 0.00106571143648 1.03580682445e-36
-182.0 -0.00142383806249 1.80367290226e-37
-184.0 -0.00435303526772 3.0839602336e-38
-186.0 -0.00423869558448 5.1776386106e-39
-188.0 -0.00489737539279 8.53545496426e-40
-190.0 -0.000624764811745 1.38163584609e-40
-192.0 0.00121881336176 2.19600075752e-41
-194.0 0.00269209989851 3.42723082266e-42
-196.0 0.00206746378788 5.25201793522e-43
-198.0 -0.00174370694106 7.90280056375e-44
-200.0 -0.00269761911243 1.16763692343e-44
-202.0 -0.00102091453359 1.69397342898e-45
-204.0 -0.00127606461692 2.41311124765e-46
-206.0 -0.000266585053675 3.37535977208e-47
-208.0 -0.00402201970924 4.63590761223e-48
-210.0 -0.00249304481124 6.25203572388e-49
-212.0 -0.00304010955402 8.27904237534e-50
-214.0 -8.98724604045e-05 1.07649182529e-50
-216.0 -0.000876748881526 1.37440062211e-51
-218.0 0.00231571286732 1.723010508e-52
-220.0 0.000657930995828 2.12096980214e-53
-222.0 0.0055810271253 2.56361627746e-54
-224.0 0.000625278675556 3.04259068852e-55
-226.0 -0.00017627860342 3.54573291837e-56
-228.0 -0.00646249186906 4.0573314092e-57
-230.0 -0.00645047396321 4.55876203448e-58
-232.0 -0.00675565188114 5.0295060943e-59
-234.0 -0.00238390423455 5.44848463849e-60
-236.0 -0.00293374653579 5.79559593276e-61
-238.0 -0.000359850578908 6.05330341942e-62
-240.0 -0.00157237435383 6.20810085535e-63
-242.0 -0.00055155611846 6.25168461117e-64
-244.0 0.00116611699245 6.18169157766e-65
-246.0 0.00172738576326 6.0019114253e-66
-248.0 -0.000472605284098 5.72194668536e-67
-250.0 0.00213142530475 5.35636308174e-68
-252.0 0.0020493004273 4.92343473513e-69
-254.0 0.00289143869141 4.44363458961e-70
-256.0 0.00686398496958 3.93804312942e-71
-258.0 0.0075974540552 3.42684588867e-72
-260.0 0.00516288658785 2.92806461091e-73
-262.0 0.0058463210596 2.45662413134e-74
-264.0 0.00291341709282 2.02380538731e-75
-266.0 -7.83980907702e-05 1.63708322306e-76
-268.0 -0.00267762689772 1.30030353784e-77
-270.0 -0.00560097538869 1.01412317311e-78
-272.0 -0.00680814784489 7.76620133486e-80
-274.0 -0.000987310608889 5.83980788227e-81
-276.0 0.00522777367163 4.31181829414e-82
-278.0 0.0129513599684 3.12603846655e-83
-280.0 0.0138461245458 2.22535940264e-84
-282.0 0.0152757511426 1.55552852734e-85
-284.0 0.00991422995562 1.06764722497e-86
-286.0 0.00639661262669 7.19531062046e-88
-288.0 0.00190069886153 4.76149458497e-89
-290.0 0.000726312639349 3.0939195631e-90
-292.0 -0.00212135721009 1.9739980462e-91
-294.0 0.00296570675211 1.23667731547e-92
-296.0 0.00409881307732 7.60743143394e-94
-298.0 0.00505628589422 4.59506516861e-95
-300.0 0.00365416194326 2.7253185955e-96
-302.0 -0.000129840117407 1.58713862224e-97
-304.0 -0.0057597937317 9.07578954921e-99
-306.0 -0.00236408993788 5.09595928769e-100
-308.0 -8.73685627119e-05 2.80956742362e-101
-310.0 0.00349710370831 1.52098504474e-102
-312.0 0.00271497978155 8.08504432283e-104
-314.0 0.00179944620027 4.21999408743e-105
-316.0 -0.00144875743167 2.16278453757e-106
-318.0 0.000149081214886 1.08839526983e-107
-320.0 0.00128997041045 5.37813886287e-109
-322.0 0.00387273237438 2.6094522453e-110
-324.0 0.00701014097345 1.2431933302e-111
-326.0 0.00734768835655 5.81567281712e-113
-328.0 0.00667526166779 2.67136502699e-114
-330.0 0.00444141160678 1.2048652598e-115
-332.0 0.00518099328891 5.33599857622e-117
-334.0 0.00367217568028 2.32041093677e-118
-336.0 0.00376023351505 9.90800184117e-120
-338.0 0.00168920506928 4.15412183436e-121
-340.0 7.40471194866e-05 1.71018997671e-122
-342.0 -0.00192266109951 6.91323722851e-124
-344.0 -0.00026431855789 2.74404064186e-125
-346.0 0.000556452185051 1.069477359e-126
-348.0 0.00110730133212 4.09283867437e-128
-350.0 0.00527019367726 1.53797626913e-129
-352.0 0.00436376056837 5.67474849451e-131
-354.0 0.00515914968655 2.0559643432e-132
-356.0 0.00686222585893 7.31402624805e-134
-358.0 0.00280790130836 2.55487364831e-135
-360.0 -0.00106062003081 8.76303034039e-137
-362.0 -0.000407769929612 2.95128520004e-138
-364.0 0.000454469416903 9.75977983268e-140
-366.0 0.00255551295887 3.16913571312e-141
-368.0 0.00353246641177 1.01044721341e-142
-370.0 0.00380887401791 3.16343124404e-144
-372.0 0.00583258995026 9.7246760945e-146
-374.0 0.00817658475224 2.9353768602e-147
-376.0 0.0101040075689 8.7001063981e-149
-378.0 0.0126480750303 2.53196231527e-150
-380.0 0.0116517877891 7.23538903396e-152
-382.0 0.0115649711524 2.03019854997e-153
-384.0 0.00619605686872 5.59354472941e-155
-386.0 0.00457696179479 1.51323958495e-156
-388.0 0.00432629352975 4.01976114366e-158
-390.0 0.00480885355639 1.04849117231e-159
-392.0 0.00780079195301 2.68535239053e-161
-394.0 0.0104132340375 6.75320242322e-163
-396.0 0.0119093577848 1.66759362613e-164
-398.0 0.0 4.0433623377e-166
-400.0 0.0 9.62647024155e-168
