# # timestamp: 2456761.87212
# # Gaussian 1 [amp, RV +/- err, wid]: 0.96 103.14 0.07 15.73
# # Gaussian 2 [amp, RV +/- err, wid]: 0.53 57.31 0.11 11.00
# # Uncorrected_RV, BF_amp, Gaussian_fit
# 
###
###
400.0 0.0 4.19734061759e-78
398.0 0.0 4.59014384335e-77
396.0 0.0155017492374 4.93919126383e-76
394.0 0.010584504302 5.22953241936e-75
392.0 0.017165481624 5.44812850149e-74
390.0 0.00833269014577 5.58482144145e-73
388.0 0.00722451718551 5.63311619261e-72
386.0 0.00271260449231 5.59069234224e-71
384.0 0.00363604227581 5.45958893374e-70
382.0 0.0043611929392 5.24604199935e-69
380.0 0.00517246148164 4.95999283008e-68
378.0 0.00466141082445 4.6143209781e-67
376.0 0.00611521159938 4.22388437295e-66
374.0 0.00844892790325 3.80446600611e-65
372.0 0.0103805025808 3.3717305575e-64
370.0 0.00771742970761 2.94028536999e-63
368.0 0.00415579803292 2.52292053239e-62
366.0 0.00423254721548 2.13007613454e-61
364.0 0.00820004714352 1.76955533981e-60
362.0 0.00847648801352 1.44647402282e-59
360.0 0.0107957397029 1.16341482955e-58
358.0 0.0111720612514 9.20737897555e-58
356.0 0.010825946846 7.16992990634e-57
354.0 0.0133178205601 5.49378005137e-56
352.0 0.0129493002296 4.1419523009e-55
350.0 0.0108018708791 3.07267329196e-54
348.0 0.0125035453863 2.24287538608e-53
346.0 0.012571263872 1.61091034844e-52
344.0 0.0111797933294 1.13845289302e-51
342.0 0.0103256444754 7.91655486247e-51
340.0 0.00882854986549 5.4167008796e-50
338.0 0.00715712348507 3.64679162444e-49
336.0 0.0082775920123 2.41581965753e-48
334.0 0.0092460777051 1.57469170599e-47
332.0 0.0108326225077 1.00995968076e-46
330.0 0.00942026577914 6.37367625124e-46
328.0 0.00580068542329 3.95779622966e-45
326.0 0.00214134702721 2.41821175608e-44
324.0 -0.000476290719932 1.45382687549e-43
322.0 0.00233272820859 8.60019948359e-43
320.0 0.00154935951984 5.00589601501e-42
318.0 0.00366895193639 2.86703232922e-41
316.0 0.0032059003002 1.6157003664e-40
314.0 0.00328264727993 8.95914414103e-40
312.0 0.000922463115915 4.88820815716e-39
310.0 -0.000522851688864 2.6242809393e-38
308.0 0.0012248901075 1.38627192476e-37
306.0 0.00356264396192 7.20549791332e-37
304.0 0.00569911565637 3.6851658059e-36
302.0 0.00902059860561 1.85450298151e-35
300.0 0.00978793110581 9.18280804713e-35
298.0 0.00916327668379 4.4740511356e-34
296.0 0.00712611335331 2.14488418977e-33
294.0 0.00422933389553 1.01177564158e-32
292.0 0.00137731170776 4.69615106004e-32
290.0 0.00227762780028 2.144753396e-31
288.0 0.000274231248082 9.63807135201e-31
286.0 -0.00314402456362 4.2616754939e-30
284.0 -0.00374858251632 1.8541637427e-29
282.0 -0.00258023156878 7.93767400433e-29
280.0 -0.00201341207119 3.34361219197e-28
278.0 0.000499421341083 1.38584930607e-27
276.0 0.00503037773452 5.65188848493e-27
274.0 0.00211677347136 2.26802912447e-26
272.0 0.00267694286801 8.9553205772e-26
270.0 -0.00298604247443 3.47929388757e-25
268.0 -0.00982086787465 1.33008243508e-24
266.0 -0.0122812854808 5.0031493757e-24
264.0 -0.0137493008027 1.85176490029e-23
262.0 -0.0147170453304 6.7438157054e-23
260.0 -0.0140293192427 2.41659017813e-22
258.0 -0.0139184712863 8.52074926493e-22
256.0 -0.0146490732913 2.95617426979e-21
254.0 -0.0112162779331 1.00915934592e-20
252.0 -0.00955759539546 3.38974421084e-20
250.0 -0.00649885324698 1.12034447279e-19
248.0 -0.00792671601605 3.64345735981e-19
246.0 -0.00819536054723 1.16587844674e-18
244.0 -0.0090253919392 3.67088114525e-18
242.0 -0.0110983926703 1.13727329139e-17
240.0 -0.00767987708394 3.46686414777e-17
238.0 -0.00555197600321 1.03988730103e-16
236.0 -0.0046534992079 3.06911521871e-16
234.0 0.000427149411365 8.91287011897e-16
232.0 0.0043117160361 2.546826911e-15
230.0 0.00332745641916 7.16075392282e-15
228.0 0.007403571266 1.98105045253e-14
226.0 0.00441685543505 5.3927438192e-14
224.0 0.00237256261252 1.44444666495e-13
222.0 0.00357823824753 3.80689324597e-13
220.0 0.00322112304268 9.87227747531e-13
218.0 0.00188261944339 2.51907719028e-12
216.0 0.0023249804618 6.32474564543e-12
214.0 -0.00101675156415 1.56250753754e-11
212.0 -4.47187070402e-05 3.79820712849e-11
210.0 -0.00185563846807 9.08474277269e-11
208.0 -0.00380957496102 2.13808069787e-10
206.0 -0.00350252777666 4.95122904823e-10
204.0 -0.000867263452412 1.12818263191e-09
202.0 -0.000582816492145 2.5294335149e-09
200.0 0.00235094466891 5.5801335724e-09
198.0 -0.00170356650265 1.21127676936e-08
196.0 -0.00803480443724 2.58713831927e-08
194.0 -0.0126560111784 5.4371758103e-08
192.0 -0.0125616658407 1.12435788716e-07
190.0 -0.0122835402977 2.28777459248e-07
188.0 -0.00886316719083 4.58035734278e-07
186.0 -0.00653054081619 9.02324931899e-07
184.0 -0.00716446399423 1.74905723201e-06
182.0 -0.00479676002572 3.33597318286e-06
180.0 -0.000996126170972 6.26063735467e-06
178.0 0.00094562772437 1.15609097965e-05
176.0 -0.00138266700336 2.10059798349e-05
174.0 -0.00340466004668 3.75553092865e-05
172.0 -0.00179800582498 6.60658776601e-05
170.0 4.39423281852e-05 0.000114356417558
168.0 -1.01699593449e-05 0.000194769676014
166.0 -0.00364076950875 0.000326407109084
164.0 -0.010352955435 0.000538239223637
162.0 -0.011487248989 0.000873310224467
160.0 -0.00943572593627 0.00139424537762
158.0 -0.00812971756375 0.00219021802612
156.0 -0.00530282984067 0.00338542308882
154.0 -0.00619458462671 0.0051489185484
152.0 -0.00831245027806 0.00770542430972
150.0 -0.00549021334991 0.0113463078535
148.0 -0.0044831853202 0.0164395541155
146.0 -0.00432267607279 0.0234370514024
144.0 -0.00542446156691 0.0328770905682
142.0 -0.00812731695543 0.0453796613551
140.0 -0.0102560726433 0.0616320467288
138.0 -0.00810586859545 0.0823624766149
136.0 -0.0095986984429 0.108300302887
134.0 -0.0134522620748 0.140122350023
132.0 -0.0152084788039 0.178386761264
130.0 -0.0106784755129 0.223457685509
128.0 -0.00397814954954 0.275426319814
126.0 0.005240347641 0.334035827513
124.0 0.00818732710864 0.398619124141
122.0 0.00677104921303 0.468059089547
120.0 0.0110439899127 0.540780118789
118.0 0.016889736975 0.614777902552
116.0 0.0238150994515 0.687690970613
114.0 0.0339712181919 0.756913118813
112.0 0.0398167579719 0.819740881255
110.0 0.0425768056662 0.873545390044
108.0 0.0488581920338 0.915954044935
106.0 0.0507911628382 0.945025101641
104.0 0.0474320805195 0.959398097933
102.0 0.0475172071908 0.958405182783
100.0 0.045122299605 0.942132725485
98.0 0.0450709572464 0.911428488988
96.0 0.0455202488689 0.86785623243
94.0 0.0434942908341 0.813605702772
92.0 0.0361492906466 0.751370367883
90.0 0.025344437423 0.684206898549
88.0 0.0148773894615 0.615388753299
86.0 0.0127009167853 0.548261433548
84.0 0.0115516134326 0.486100186853
82.0 0.00908051826455 0.43196423468
80.0 0.00917252443205 0.388537723365
78.0 0.00420289691479 0.357949203102
76.0 0.000484136436322 0.341570071793
74.0 0.000853228955084 0.339807421438
72.0 0.00180209886437 0.351924592792
70.0 0.00300642611486 0.375937432857
68.0 0.0102681545689 0.408638687076
66.0 0.0174031283702 0.445791575299
64.0 0.0178660266959 0.482505070239
62.0 0.0203950786647 0.513762394281
60.0 0.0183217791469 0.535031155135
58.0 0.0168491233833 0.542851693528
56.0 0.0136600739428 0.535291414027
54.0 0.0108170960957 0.51217274653
52.0 0.00520358587853 0.475027644883
50.0 0.00529687139398 0.426790404874
48.0 0.0046487788688 0.371296583131
46.0 0.00134112906213 0.312693332869
44.0 -0.00434896063799 0.254876133
42.0 -0.00802159815914 0.201048278551
40.0 -0.00868890016909 0.153460652127
38.0 -0.00711136762088 0.11334315464
36.0 -0.00646553870566 0.0809988176718
34.0 -0.00622787590416 0.0560061545764
32.0 -0.00641958978753 0.0374678256002
30.0 -0.0105249788007 0.0242516443675
28.0 -0.0139838221421 0.015187272493
26.0 -0.016601276942 0.0092017692928
24.0 -0.0172281627326 0.00539403469973
22.0 -0.0132759572979 0.00305918286307
20.0 -0.0131778815455 0.00167859275367
18.0 -0.0193829321727 0.000891112793211
16.0 -0.0215049289412 0.000457685254036
14.0 -0.0218194685566 0.000227430002113
12.0 -0.0204564667011 0.000109338988246
10.0 -0.0143028351652 5.08567780784e-05
8.0 -0.0121609902802 2.28859708194e-05
6.0 -0.011246763763 9.96407390952e-06
4.0 -0.0139075455553 4.19712852163e-06
2.0 -0.0148670970715 1.71047302201e-06
0.0 -0.0131682355 6.74419462366e-07
-2.0 -0.00963487198643 2.57273840446e-07
-4.0 -0.0061328778946 9.49544385456e-08
-6.0 -0.00395507630667 3.39072361818e-08
-8.0 -0.00439124360512 1.17147140552e-08
-10.0 -0.0051181606953 3.91597371143e-09
-12.0 -0.00169864918251 1.26656054465e-09
-14.0 -0.00256582586052 3.96372583369e-10
-16.0 -0.00534521403578 1.20030611719e-10
-18.0 -0.00828396707786 3.51738069145e-11
-20.0 -0.0097234501589 9.97533055618e-12
-22.0 -0.00985957820892 2.73828046616e-12
-24.0 -0.0055923117971 7.27721284965e-13
-26.0 -0.00570526451682 1.87297430226e-13
-28.0 -0.00595217877252 4.67087753855e-14
-30.0 -0.00302526724391 1.12955443277e-14
-32.0 -0.00428315859023 2.65211400066e-15
-34.0 -0.00469058076155 6.05745091987e-16
-36.0 -0.00205011293844 1.34990850838e-16
-38.0 -0.00142202415734 2.94877243412e-17
-40.0 0.000228506281023 6.35766719514e-18
-42.0 -0.000646738681154 1.36622095852e-18
-44.0 -0.00370075130203 2.96352651644e-19
-46.0 -0.00415682586286 6.58103770409e-20
-48.0 -0.00109589853822 1.51458836462e-20
-50.0 0.0016442759526 3.63487784911e-21
-52.0 0.00457579798939 9.07675803823e-22
-54.0 0.00499555028077 2.33716554396e-22
-56.0 0.00697927556689 6.13180520473e-23
-58.0 0.0043138846552 1.62095236369e-23
-60.0 0.00592129395508 4.28020984683e-24
-62.0 0.0082257010925 1.12221357621e-24
-64.0 0.0100284197887 2.91036465695e-25
-66.0 0.00912658036932 7.44872996282e-26
-68.0 0.0104652815799 1.87888509793e-26
-70.0 0.00903351930986 4.6673967279e-27
-72.0 0.0140534348237 1.14136934503e-27
-74.0 0.0149685321149 2.74699706112e-28
-76.0 0.0106501260379 6.50608724043e-29
-78.0 0.0074211621613 1.51629964596e-29
-80.0 0.0055610311283 3.47728557697e-30
-82.0 0.00681138076675 7.84655915053e-31
-84.0 0.00650503125014 1.74220193291e-31
-86.0 0.00274167630235 3.80624316114e-32
-88.0 -0.000510454050246 8.18224806218e-33
-90.0 0.00246740895498 1.73071872565e-33
-92.0 0.00307820466745 3.60211795025e-34
-94.0 0.0022349552791 7.37678090928e-35
-96.0 -0.00126568288208 1.48646035092e-35
-98.0 -0.00640523086472 2.94725185842e-36
-100.0 -0.00815731906319 5.7498781554e-37
-102.0 -0.00606671945813 1.10376724477e-37
-104.0 -0.00337055264304 2.08484527495e-38
-106.0 0.00107728835388 3.87478513434e-39
-108.0 0.00244310031294 7.08596311409e-40
-110.0 0.0019952417998 1.27505117801e-40
-112.0 0.00324504728827 2.25753147217e-41
-114.0 0.00855900685076 3.93294141586e-42
-116.0 0.00890982027578 6.74184258894e-43
-118.0 0.00566642623417 1.1371485614e-43
-120.0 0.0014604146234 1.88726667565e-44
-122.0 0.00176699653261 3.08195862252e-45
-124.0 0.00345904847741 4.95219574997e-46
-126.0 0.0042717821414 7.8297206881e-47
-128.0 0.00146768200076 1.21806987722e-47
-130.0 -0.00383692971904 1.86455674072e-48
-132.0 -0.00405760427527 2.80838388219e-49
-134.0 0.000164484585298 4.16212200745e-50
-136.0 0.00170186731872 6.06946776156e-51
-138.0 0.00433221507074 8.70891151865e-52
-140.0 0.00276655974358 1.2295738396e-52
-142.0 -0.00354748221611 1.70813746394e-53
-144.0 -0.00502497055538 2.33490109367e-54
-146.0 -0.00348476059428 3.14044814177e-55
-148.0 -0.0025555633753 4.15615974007e-56
-150.0 0.000595523289187 5.41215596062e-57
-152.0 0.000961519248746 6.93467068613e-58
-154.0 0.00200968803456 8.74296718361e-59
-156.0 0.00621269238869 1.08459930442e-59
-158.0 0.00549056072694 1.32390634013e-60
-160.0 0.00474290073934 1.59009352655e-61
-162.0 0.00488978906838 1.87916772246e-62
-164.0 0.00538272827773 2.18517330294e-63
-166.0 0.00825876998441 2.50025149037e-64
-168.0 0.0122591234018 2.81487407256e-65
-170.0 0.0105223101252 3.11825562156e-66
-172.0 0.00704504078589 3.39892768104e-67
-174.0 0.00347436449151 3.64543703652e-68
-176.0 -0.00177721856279 3.84711125631e-69
-178.0 -0.00349853030438 3.9948213075e-70
-180.0 -0.00267968040912 4.08166574204e-71
-182.0 -0.00311280474751 4.10350514419e-72
-184.0 -0.000233326767782 4.05928921733e-73
-186.0 0.00114620156773 3.95114051853e-74
-188.0 -0.000274943002082 3.78418554476e-75
-190.0 -0.00199107381385 3.56615188972e-76
-192.0 -0.00329741222038 3.30677555245e-77
-194.0 -0.00505375874629 3.01708167252e-78
-196.0 -0.00361657306506 2.70861252499e-79
-198.0 -0.00712800905304 2.39267749734e-80
-200.0 -0.0062715447426 2.07969149167e-81
-202.0 -0.00555350013291 1.77865260223e-82
-204.0 -0.00230567907838 1.49678980433e-83
-206.0 -0.00203969422167 1.23938994222e-84
-208.0 -0.00504585632362 1.00979353494e-85
-210.0 -0.0100036338807 8.09533212909e-87
-212.0 -0.00904938405511 6.38578399396e-88
-214.0 -0.00889812358482 4.95645586923e-89
-216.0 -0.00438651314408 3.78534729146e-90
-218.0 9.87484605822e-05 2.84457693665e-91
-220.0 0.00232827945407 2.10332849554e-92
-222.0 0.00129309625799 1.53029089344e-93
-224.0 -0.00340864843076 1.09551505241e-94
-226.0 -0.00919335118859 7.71685200925e-96
-228.0 -0.0109617478548 5.34859188612e-97
-230.0 -0.00545047386082 3.64767568178e-98
-232.0 0.000138508760632 2.44776906386e-99
-234.0 -0.000535903475071 1.61622616244e-100
-236.0 -0.00532872950727 1.05005317061e-101
-238.0 -0.00852978050611 6.71271046996e-103
-240.0 -0.00782419486725 4.22242562032e-104
-242.0 -0.00649250403231 2.61338604331e-105
-244.0 -0.0040265165492 1.59155845451e-106
-246.0 -0.00318515638003 9.53716041622e-108
-248.0 -0.00240145773283 5.62332323975e-109
-250.0 0.000639378992187 3.2624545956e-110
-252.0 0.00940735869593 1.86240175059e-111
-254.0 0.0105213267614 1.04611573205e-112
-256.0 0.0121288968572 5.78180662645e-114
-258.0 0.00975981031575 3.14430639411e-115
-260.0 0.00566049078076 1.68253312167e-116
-262.0 0.00692554035731 8.8589010923e-118
-264.0 0.0129663026958 4.58958640683e-119
-266.0 0.00977243821392 2.33961671489e-120
-268.0 0.00774930437566 1.17352770595e-121
-270.0 0.00506219714791 5.79187854816e-123
-272.0 0.0060639596418 2.81269740557e-124
-274.0 0.00901146880095 1.34401478386e-125
-276.0 0.0134041710676 6.31920648194e-127
-278.0 0.0129295368526 2.92346914014e-128
-280.0 0.0121100640694 1.3307974146e-129
-282.0 0.0104469889825 5.96077666509e-131
-284.0 0.00822656064878 2.62706742387e-132
-286.0 0.00750875276858 1.13924480047e-133
-288.0 0.0100343286659 4.86116495408e-135
-290.0 0.00630356259367 2.04099118258e-136
-292.0 0.00152803900106 8.43178192884e-138
-294.0 -0.00276356790056 3.42748111323e-139
-296.0 -0.00129207936957 1.37090778266e-140
-298.0 0.0032777895713 5.39534077871e-142
-300.0 0.00643986124964 2.08932974157e-143
-302.0 0.00188572420647 7.96109047289e-145
-304.0 0.00262725915247 2.98480249808e-146
-306.0 0.000897894486582 1.10112369097e-147
-308.0 0.00260643491784 3.99699938105e-149
-310.0 0.00188346874309 1.42760980616e-150
-312.0 6.24287134983e-05 5.01721175337e-152
-314.0 -0.000489959308298 1.73497334375e-153
-316.0 0.00101982473678 5.90337877412e-155
-318.0 1.68430612413e-05 1.97645057909e-156
-320.0 0.00272614194788 6.51101560693e-158
-322.0 0.0045169341316 2.1105176113e-159
-324.0 0.00423114724838 6.73142004639e-161
-326.0 0.00412907445884 2.11252506303e-162
-328.0 0.0053921143231 6.52340760554e-164
-330.0 0.00507580782708 1.98209574051e-165
-332.0 0.00669756497681 5.92587120274e-167
-334.0 0.00715644033364 1.74324028998e-168
-336.0 0.00554555995006 5.04591312211e-170
-338.0 0.009519169261 1.43714222567e-171
-340.0 0.0139754588224 4.02751529225e-173
-342.0 0.0166009800344 1.11058579271e-174
-344.0 0.0172017203895 3.01331473902e-176
-346.0 0.0167719730206 8.04478321277e-178
-348.0 0.0121594890358 2.11330247713e-179
-350.0 0.0123556882662 5.46243705971e-181
-352.0 0.0114495339759 1.38927652321e-182
-354.0 0.0087936088003 3.47670958465e-184
-356.0 0.00494688555058 8.56102174209e-186
-358.0 -0.000380827076328 2.07424595712e-187
-360.0 -0.00133566485847 4.94506918066e-189
-362.0 -0.000558844480898 1.16001060115e-190
-364.0 0.000636034463931 2.67749711667e-192
-366.0 0.00155548387657 6.08097940529e-194
-368.0 0.000320806311607 1.3589251003e-195
-370.0 0.00172463402858 2.98809895353e-197
-372.0 0.00197518539928 6.46505014163e-199
-374.0 0.00619956710422 1.37634175879e-200
-376.0 0.00845474575321 2.88308962386e-202
-378.0 0.0115952762792 5.94247641251e-204
-380.0 0.0106383919151 1.20518649693e-205
-382.0 0.00799432315976 2.40501901729e-207
-384.0 0.00427594840846 4.72237248344e-209
-386.0 0.00213916698132 9.12387720408e-211
-388.0 0.0044436452771 1.73450713485e-212
-390.0 0.00438350601284 3.24451821608e-214
-392.0 0.00687162432591 5.97175263839e-216
-394.0 0.00190758329377 1.0815108245e-217
-396.0 -0.000708908199722 1.92724708756e-219
-398.0 0.0 3.37925832743e-221
-400.0 0.0 5.83019196329e-223
