# # timestamp: 2456559.72268
# # Gaussian 1 [amp, RV +/- err, wid]: 0.97 126.72 0.07 14.11
# # Gaussian 2 [amp, RV +/- err, wid]: 0.51 83.20 0.11 10.54
# # Uncorrected_RV, BF_amp, Gaussian_fit
# 
###
###
400.0 0.0 3.74994694853e-82
398.0 0.0 5.77115430966e-81
396.0 0.020974528185 8.70521807562e-80
394.0 0.0189789372616 1.28699253889e-78
392.0 0.0246585620226 1.86488393904e-77
390.0 0.0210887300838 2.64854278949e-76
388.0 0.0214487874937 3.68673213367e-75
386.0 0.0205546501378 5.02985633078e-74
384.0 0.0201694271796 6.72587794604e-73
382.0 0.0198851703826 8.81498929139e-72
380.0 0.0172650531075 1.13233257596e-70
378.0 0.0155580184309 1.42562604118e-69
376.0 0.0130736179284 1.75920578077e-68
374.0 0.0118219350947 2.12768372998e-67
372.0 0.0114603560574 2.52218481874e-66
370.0 0.0100152556006 2.93039488437e-65
368.0 0.00715986064742 3.33698913956e-64
366.0 0.00523964779751 3.72445596981e-63
364.0 0.00587333328752 4.07427464456e-62
362.0 0.00534325947688 4.36834734377e-61
360.0 0.00789672029099 4.59053635585e-60
358.0 0.00542679693802 4.72812668566e-59
356.0 0.00315793945317 4.77303021206e-58
354.0 0.00224644906057 4.72257286785e-57
352.0 0.00289306381293 4.57975829063e-56
350.0 0.00278163120054 4.35297179216e-55
348.0 0.00482225574022 4.05516522322e-54
346.0 0.00546998777997 3.70263293733e-53
344.0 0.00529948662459 3.31353965233e-52
342.0 0.00721733509918 2.90638463885e-51
340.0 0.0064775691953 2.49858088079e-50
338.0 0.00597566471522 2.10529588152e-49
336.0 0.00500687406831 1.73865044022e-48
334.0 0.0039299838539 1.40731337224e-47
332.0 0.00378899687443 1.11647437402e-46
330.0 0.00396118107452 8.68132689482e-46
328.0 0.00254198914987 6.61611226495e-45
326.0 0.000372747877722 4.94195774154e-44
324.0 -0.00147030069845 3.61805025139e-43
322.0 -0.00183719210498 2.59614871859e-42
320.0 0.00178477857606 1.8258451625e-41
318.0 0.00280368710297 1.25857102407e-40
316.0 0.00165859893009 8.50297530861e-40
314.0 -4.34853130629e-05 5.63045526923e-39
312.0 -0.00209804972887 3.65422692095e-38
310.0 -0.00156410713248 2.32448591223e-37
308.0 -0.000350567311587 1.44923138154e-36
306.0 -0.000226928665396 8.8558029875e-36
304.0 -8.44026111792e-05 5.30392737258e-35
302.0 0.0022116991815 3.11348369945e-34
300.0 0.00240535804256 1.79132765038e-33
298.0 0.00296018627828 1.0101430226e-32
296.0 0.00111060537785 5.58303194312e-32
294.0 0.00104598223786 3.02438282055e-31
292.0 0.000902823910215 1.60576806957e-30
290.0 0.00236183716341 8.35618946862e-30
288.0 0.00216626335756 4.2619970521e-29
286.0 0.00226431681059 2.13057789506e-28
284.0 0.000973587665481 1.04390528007e-27
282.0 0.00012958044269 5.01307471222e-27
280.0 -0.00188769635571 2.35953631357e-26
278.0 -0.00140232862312 1.08850031615e-25
276.0 -0.00122982235822 4.92164017561e-25
274.0 -0.00105542977605 2.18107481992e-24
272.0 -0.000120020356282 9.47350468926e-24
270.0 0.000981222528389 4.0330182794e-23
268.0 0.00185237165986 1.68278685908e-22
266.0 0.00196395679945 6.88188544249e-22
264.0 -0.00198111429058 2.75845035083e-21
262.0 -0.00497612601953 1.0836831224e-20
260.0 -0.00632194695358 4.17271625031e-20
258.0 -0.00682093220765 1.57476154974e-19
256.0 -0.00376149907773 5.8249225723e-19
254.0 -0.00276653871176 2.11176173884e-18
252.0 -0.00294345581891 7.50376254895e-18
250.0 -0.0016834147508 2.61332037097e-17
248.0 -0.00227106268571 8.92042673221e-17
246.0 -0.0031437359072 2.98440674385e-16
244.0 -0.00354614928396 9.78610340444e-16
242.0 -0.00395087633468 3.14514732606e-15
240.0 -0.00338957668495 9.90721510256e-15
238.0 -0.00285271683642 3.05873319726e-14
236.0 -0.00219245811281 9.25573701444e-14
234.0 -0.0018615841101 2.7451104414e-13
232.0 -0.00258174298844 7.97972716251e-13
230.0 -0.00323760662029 2.27350371826e-12
228.0 -0.00453904170084 6.34866923049e-12
226.0 -0.00596708993707 1.73759731977e-11
224.0 -0.00656559686543 4.66117041082e-11
222.0 -0.00813977444812 1.22551950931e-10
220.0 -0.00905547012801 3.15809276833e-10
218.0 -0.00952569262517 7.9764370591e-10
216.0 -0.00798354151731 1.97456942308e-09
214.0 -0.00649213454938 4.79087983465e-09
212.0 -0.00693049450803 1.13929857438e-08
210.0 -0.00848525461656 2.65545676871e-08
208.0 -0.00938061055121 6.06625025281e-08
206.0 -0.0108306623945 1.35825344409e-07
204.0 -0.00956987121967 2.98071678352e-07
202.0 -0.0106893512319 6.41121020706e-07
200.0 -0.01137194769 1.35157056685e-06
198.0 -0.0119237597784 2.79265212671e-06
196.0 -0.0131352967373 5.65554367071e-06
194.0 -0.0132757604228 1.12256445321e-05
192.0 -0.0128758890582 2.18387419676e-05
190.0 -0.013032289768 4.16412112452e-05
188.0 -0.0118072350767 7.78213025802e-05
186.0 -0.0106690810363 0.000142545346322
184.0 -0.00972762319243 0.000255909846701
182.0 -0.00802655078683 0.000450298349746
180.0 -0.00817380578125 0.000776592370513
178.0 -0.00848241378418 0.00131269940782
176.0 -0.00763478536936 0.00217478768244
174.0 -0.00689511792863 0.00353140758389
172.0 -0.00539434131307 0.00562028361267
170.0 -0.00493980562212 0.00876693978083
168.0 -0.00698047567929 0.0134034692016
166.0 -0.00696692961513 0.0200847219407
164.0 -0.0067824859404 0.0294980856264
162.0 -0.00686818687043 0.0424620782014
160.0 -0.00667051947358 0.0599084475023
158.0 -0.00652390074546 0.0828427086221
156.0 -0.00566073826749 0.112279357968
154.0 -0.00190812699337 0.149150583485
152.0 0.000915355243323 0.194191134305
150.0 0.00353400904818 0.247806815406
148.0 0.00725923504712 0.309939195764
146.0 0.0108146250589 0.37994362921
144.0 0.0167230289479 0.456500489752
142.0 0.0234397892255 0.537579575448
140.0 0.0279788767743 0.620474216227
138.0 0.0336393827718 0.701914588347
136.0 0.0397297661035 0.778259695928
134.0 0.0459551730889 0.845755798166
132.0 0.0540209130866 0.90083770205
130.0 0.0598864991294 0.940440508576
128.0 0.0606504941101 0.962285073658
126.0 0.0605518567923 0.965101895845
124.0 0.0582106662835 0.948765566999
122.0 0.0538124979323 0.914324274093
120.0 0.0517171984041 0.863923937932
118.0 0.047379906751 0.800641468306
116.0 0.0400913779982 0.728253171712
114.0 0.0338589212338 0.650969955598
112.0 0.0261297268879 0.573169250588
110.0 0.0194898326947 0.499144936495
108.0 0.0162856516929 0.432883479979
106.0 0.0118998741326 0.377861243929
104.0 0.00752651593645 0.336849672263
102.0 0.00557974173069 0.311716269249
100.0 0.00477102688969 0.303221852015
98.0 0.00694055870293 0.310836092747
96.0 0.00985897252816 0.332616823572
94.0 0.0130289743025 0.365213647092
92.0 0.0160155712178 0.404052962478
90.0 0.0186840887668 0.443734149041
88.0 0.0211518921305 0.478618328405
86.0 0.0232592353972 0.503534168616
84.0 0.0241784511354 0.514478169765
82.0 0.0236341529608 0.509168094471
80.0 0.0205506064837 0.48732820961
78.0 0.0171343455332 0.450641354517
76.0 0.013108463812 0.402379960362
74.0 0.00865738986141 0.346802579653
72.0 0.0051911447179 0.288451647332
70.0 0.000638044528439 0.231498651661
68.0 -0.00284683586855 0.179254764229
66.0 -0.00486837262053 0.133910759154
64.0 -0.00742778754593 0.0965088285378
62.0 -0.00976511651045 0.0670988577197
60.0 -0.0108151385375 0.0450041845008
58.0 -0.0120452057649 0.0291189544583
56.0 -0.0111360017728 0.0181752614176
54.0 -0.011644889807 0.0109437316541
52.0 -0.0115688743593 0.00635665454351
50.0 -0.0106592203719 0.00356179694361
48.0 -0.00925697048333 0.00192524651048
46.0 -0.0093564530542 0.00100387503016
44.0 -0.00935309261964 0.000504950378468
42.0 -0.0117980614865 0.000245015309932
40.0 -0.0139714302598 0.000114686688778
38.0 -0.0145194626278 5.17854711256e-05
36.0 -0.0150058488354 2.25568197658e-05
34.0 -0.0145693748273 9.47813196787e-06
32.0 -0.0127074908973 3.84186875e-06
30.0 -0.0132144645277 1.5022324976e-06
28.0 -0.0142160610031 5.66639203841e-07
26.0 -0.0152012811708 2.06182079823e-07
24.0 -0.016300185047 7.237191325e-08
22.0 -0.0157768844274 2.45055274471e-08
20.0 -0.0134926411112 8.00447691904e-09
18.0 -0.013611377975 2.52218430261e-09
16.0 -0.0122410113933 7.6664749721e-10
14.0 -0.0115350270153 2.24796622668e-10
12.0 -0.0126944808431 6.35856557715e-11
10.0 -0.0116745999241 1.73501827593e-11
8.0 -0.0110287082403 4.56693440355e-12
6.0 -0.0101509498679 1.15963608271e-12
4.0 -0.0087050525058 2.84050434414e-13
2.0 -0.00732881402159 6.71192011228e-14
0.0 -0.00812742478982 1.52994847542e-14
-2.0 -0.00686259024032 3.36424133996e-15
-4.0 -0.00723014060974 7.13641529191e-16
-6.0 -0.00575691895456 1.46035726971e-16
-8.0 -0.00492523606325 2.88289728458e-17
-10.0 -0.00344446458237 5.49032154094e-18
-12.0 -0.00162854239925 1.008733183e-18
-14.0 0.000810241756555 1.78806021228e-19
-16.0 0.00325019791875 3.05803326239e-20
-18.0 0.00386597231535 5.04659795582e-21
-20.0 0.003604977947 8.0374551279e-22
-22.0 0.00316611780757 1.23568867927e-22
-24.0 0.00421685027873 1.83461161566e-23
-26.0 0.00552088021704 2.63213615512e-24
-28.0 0.00767749646664 3.65317864322e-25
-30.0 0.0061238508103 4.91370099224e-26
-32.0 0.00544384278005 6.42401202719e-27
-34.0 0.00505959098681 8.20284292405e-28
-36.0 0.00460445990144 1.03092343027e-28
-38.0 0.0046487383012 1.29014073721e-29
-40.0 0.00607483015871 1.63345856309e-30
-42.0 0.00463751824666 2.13136637179e-31
-44.0 0.00376926631695 2.91220866688e-32
-46.0 0.00164408833262 4.19552729542e-33
-48.0 -0.000317341617617 6.33944941163e-34
-50.0 -0.0025951426627 9.90631859178e-35
-52.0 -0.000413232413515 1.57508683558e-35
-54.0 -0.00144292636545 2.51343590203e-36
-56.0 -0.00100550910891 3.98657026715e-37
-58.0 0.000555116880354 6.24661969503e-38
-60.0 0.00202482133351 9.63477905101e-39
-62.0 0.00391228420928 1.45985922365e-39
-64.0 0.00520581223159 2.17057621516e-40
-66.0 0.00243769118392 3.16505184426e-41
-68.0 -0.000675744516 4.52477627144e-42
-70.0 -0.00197835791354 6.34099144678e-43
-72.0 -0.00333372135081 8.71019145265e-44
-74.0 -0.00206419383249 1.1727147471e-44
-76.0 -0.0026610083119 1.54754526052e-45
-78.0 -0.00228802086567 2.00159817619e-46
-80.0 -0.00397903632253 2.53741360968e-47
-82.0 -0.00277188846482 3.15272195872e-48
-84.0 -0.00172988309401 3.83936817103e-49
-86.0 -0.00106291477646 4.58261500671e-50
-88.0 -0.00175353900168 5.36100782792e-51
-90.0 -0.002499757099 6.14693946362e-52
-92.0 -0.0035438643959 6.90797639518e-53
-94.0 -0.00284060957979 7.60890501418e-54
-96.0 -0.00214981322622 8.21434401773e-55
-98.0 -0.00309106583878 8.6916657752e-56
-100.0 -0.00311285196229 9.01389623241e-57
-102.0 -0.00414299567287 9.16223646465e-58
-104.0 -0.00400307437954 9.12787835283e-59
-106.0 -0.00331526431327 8.91287050317e-60
-108.0 -0.00248696984073 8.52991601495e-61
-110.0 -0.00291021721411 8.00112986078e-62
-112.0 -0.00279974466806 7.35592493532e-63
-114.0 -0.00275225761661 6.62830774219e-64
-116.0 -0.00134283885938 5.85392891505e-65
-118.0 0.000511508521382 5.06724182319e-66
-120.0 0.00116297321028 4.2990769844e-67
-122.0 0.00161933094462 3.57485325731e-68
-124.0 0.0030592666311 2.91353756536e-69
-126.0 0.00385875704665 2.32735391371e-70
-128.0 0.00312821252078 1.82214797971e-71
-130.0 0.000936735055312 1.39824818115e-72
-132.0 -0.00034920384557 1.05163319876e-73
-134.0 0.000909186593778 7.75217767717e-75
-136.0 0.00185331869137 5.60096106632e-76
-138.0 0.00248609354024 3.96625648376e-77
-140.0 0.000326439926611 2.75282397404e-78
-142.0 -0.000638762696884 1.87264516734e-79
-144.0 -0.000495323757292 1.24856728682e-80
-146.0 -0.000493674392361 8.15920444393e-82
-148.0 0.000111184815146 5.22592393533e-83
-150.0 0.00145572623349 3.28063382621e-84
-152.0 0.00145204675733 2.01851433692e-85
-154.0 0.00299409586665 1.21726552943e-86
-156.0 0.00305781752606 7.19479153043e-88
-158.0 0.0016037258495 4.16802688067e-89
-160.0 0.00030163337357 2.36658557546e-90
-162.0 -0.000272663814416 1.31702288236e-91
-164.0 -0.00230344315404 7.18362798378e-93
-166.0 -0.00200502070008 3.84037604525e-94
-168.0 -0.00105759097039 2.01225528216e-95
-170.0 0.000443711684092 1.03340796753e-96
-172.0 0.001808741674 5.20163579387e-98
-174.0 0.00291851525124 2.56618215864e-99
-176.0 0.000641088859592 1.24083612073e-100
-178.0 -0.00084714189501 5.88058834584e-102
-180.0 -0.00279983266913 2.73153353056e-103
-182.0 -0.00349478307104 1.2435741866e-104
-184.0 -0.00441630566484 5.5490197017e-106
-186.0 -0.00279826484187 2.42683494795e-107
-188.0 -0.00235847097268 1.04026412051e-108
-190.0 -0.000425137115391 4.37045249799e-110
-192.0 -0.000546045472032 1.79965225325e-111
-194.0 0.000279237670817 7.263236578e-113
-196.0 -0.000491690994451 2.87310297251e-114
-198.0 0.0013293304141 1.11391383558e-115
-200.0 0.00281718701086 4.23283569103e-117
-202.0 0.00442452801602 1.57648785104e-118
-204.0 0.00470977304787 5.75478696962e-120
-206.0 0.0036203192741 2.05895701727e-121
-208.0 0.00168350858956 7.22012497131e-123
-210.0 0.00142370291197 2.48154156897e-124
-212.0 0.00134123976536 8.35945183728e-126
-214.0 0.00130139063077 2.76002776421e-127
-216.0 0.00123812253964 8.931584415e-129
-218.0 0.00182946789665 2.83284602102e-130
-220.0 0.000709082087993 8.8063681378e-132
-222.0 0.00227747121263 2.68318186217e-133
-224.0 0.00180360369154 8.01277205033e-135
-226.0 0.00118352705577 2.34528092855e-136
-228.0 -0.00052389395035 6.7280058662e-138
-230.0 -0.000812013590672 1.89172174699e-139
-232.0 -0.00392933241586 5.21323805718e-141
-234.0 -0.00326017030421 1.40811220573e-142
-236.0 -0.00252389272359 3.72774652983e-144
-238.0 -0.00188320770593 9.6724143271e-146
-240.0 -0.0011332607981 2.45981708854e-147
-242.0 0.000659731803681 6.13126577861e-149
-244.0 -0.000733040560879 1.49787949633e-150
-246.0 -9.88558052641e-05 3.58660058621e-152
-248.0 0.00209113774029 8.41721770044e-154
-250.0 0.00398170091237 1.93612552241e-155
-252.0 0.0048879113223 4.36493585238e-157
-254.0 0.00550254351735 9.64498656097e-159
-256.0 0.00331388738746 2.08883816365e-160
-258.0 0.0030579553917 4.43391502604e-162
-260.0 0.00289057512272 9.22463823982e-164
-262.0 0.00253692617796 1.88100836467e-165
-264.0 0.00344386193041 3.75933922017e-167
-266.0 0.00367472605783 7.36396490191e-169
-268.0 0.00279912477128 1.4138108483e-170
-270.0 0.00248217812148 2.6604206801e-172
-272.0 0.00188129754191 4.90669119041e-174
-274.0 0.00209967624149 8.8696512158e-176
-276.0 0.00233980111362 1.57146156749e-177
-278.0 0.00188347582056 2.72885457183e-179
-280.0 0.00108830626149 4.64447280686e-181
-282.0 0.00103319624095 7.74768335369e-183
-284.0 0.00160133073608 1.26673773159e-184
-286.0 0.00134200536406 2.02992950595e-186
-288.0 0.000770127237991 3.18826646566e-188
-290.0 0.000480823916434 4.90803523348e-190
-292.0 -0.00030763086458 7.40525704122e-192
-294.0 -0.000610425612882 1.09509553766e-193
-296.0 0.00126422072205 1.58724250983e-195
-298.0 0.0027569263992 2.25483085409e-197
-300.0 0.00367564338046 3.13952580432e-199
-302.0 0.00425860068357 4.28443492196e-201
-304.0 0.0036950783044 5.73063106416e-203
-306.0 0.00304350558204 7.51260844741e-205
-308.0 0.00275569917151 9.6529146095e-207
-310.0 0.00284750370332 1.21564167437e-208
-312.0 0.00271136380951 1.5004865305e-210
-314.0 0.00515074373933 1.8152566144e-212
-316.0 0.00607273432153 2.15240186712e-214
-318.0 0.00546113097269 2.50142852394e-216
-320.0 0.00498233933217 2.84926104886e-218
-322.0 0.00333735317585 3.18094228839e-220
-324.0 0.00287209427701 3.48063709249e-222
-326.0 0.0032152018201 3.73285485771e-224
-328.0 0.00357260716549 3.92376391754e-226
-330.0 0.00211176088035 4.04244425713e-228
-332.0 0.00158593990984 4.08192119741e-230
-334.0 -0.000333564973182 4.03984402915e-232
-336.0 0.000101337385392 3.91871776293e-234
-338.0 -0.000987317690704 3.72565621924e-236
-340.0 -0.00129494282653 3.47169030604e-238
-342.0 -0.00174885864084 3.17072502765e-240
-344.0 -0.000465654052661 2.83828230798e-242
-346.0 0.00176099017532 2.4901872493e-244
-348.0 0.00406272706103 2.14135082692e-246
-350.0 0.00482658593868 1.80477493781e-248
-352.0 0.00477267391429 1.49086281577e-250
-354.0 0.0051467197939 1.20706795348e-252
-356.0 0.00430435893194 9.57866892118e-255
-358.0 0.00397281323334 7.45002981031e-257
-360.0 0.00327575971849 5.67924055027e-259
-362.0 0.00269257071186 4.24328227437e-261
-364.0 0.00315025762079 3.10737013732e-263
-366.0 0.00411951378792 2.23030089074e-265
-368.0 0.00432840650613 1.56896528131e-267
-370.0 0.00517060061532 1.08178913329e-269
-372.0 0.0051653157022 7.31057103223e-272
-374.0 0.00460241208372 4.84216287232e-274
-376.0 0.00528021214675 3.14345241945e-276
-378.0 0.0068500517124 2.00010959968e-278
-380.0 0.00731226414213 1.24732636724e-280
-382.0 0.00892615456943 7.62405142891e-283
-384.0 0.00827885188468 4.56741987066e-285
-386.0 0.00693244527912 2.68185604425e-287
-388.0 0.00773928070034 1.54340318811e-289
-390.0 0.00804878466169 8.70568059767e-292
-392.0 0.0105437741959 4.81288484959e-294
-394.0 0.00912776909747 2.60788008835e-296
-396.0 0.0106451571404 1.38499807979e-298
-398.0 0.0 7.20925072265e-301
-400.0 0.0 3.6779895715e-303
