# # timestamp: 2456763.88043
# # Gaussian 1 [amp, RV +/- err, wid]: 1.00 23.16 0.08 12.77
# # Gaussian 2 [amp, RV +/- err, wid]: 0.49 59.80 0.15 10.73
# # Uncorrected_RV, BF_amp, Gaussian_fit
# 
###
###
400.0 0.0 7.54776842294e-190
398.0 0.0 7.58473949311e-188
396.0 0.0215908910497 7.43718664034e-186
394.0 0.0164586987417 7.11578145546e-184
392.0 0.0217089466735 6.64327807252e-182
390.0 0.0149793256648 6.05185021887e-180
388.0 0.0170346620933 5.37947408421e-178
386.0 0.0142913679553 4.66592096102e-176
384.0 0.0126496595829 3.94894281899e-174
382.0 0.0117313710679 3.26114584619e-172
380.0 0.0105916179228 2.62787986913e-170
378.0 0.010818081732 2.06626825469e-168
376.0 0.0121671392443 1.58530857287e-166
374.0 0.0111367876934 1.18682537233e-164
372.0 0.010738892265 8.66973345561e-163
370.0 0.00964220335191 6.17974533508e-161
368.0 0.00756594606111 4.29814755203e-159
366.0 0.0083517181098 2.91701036149e-157
364.0 0.0100532902304 1.93170379261e-155
362.0 0.00973379687298 1.24821386545e-153
360.0 0.00981700630053 7.87015674245e-152
358.0 0.00864472025262 4.84198757386e-150
356.0 0.00721614236524 2.90676464067e-148
354.0 0.00814332057138 1.70271505479e-146
352.0 0.00733923544613 9.73240095321e-145
350.0 0.00495657718703 5.42805098885e-143
348.0 0.00316999734101 2.95402219405e-141
346.0 0.00183168119572 1.56866244225e-139
344.0 0.00122660551805 8.12813957334e-138
342.0 0.00235753448618 4.109592081e-136
340.0 0.00385417463928 2.02745950406e-134
338.0 0.00436400817875 9.76003939072e-133
336.0 0.0071499152313 4.58455156386e-131
334.0 0.00887394725124 2.10130000888e-129
332.0 0.00969724259298 9.39777779779e-128
330.0 0.00691999691569 4.10117396347e-126
328.0 0.00304955868793 1.74637344986e-124
326.0 0.000425906220997 7.2562453386e-123
324.0 0.00168216526506 2.94193250907e-121
322.0 0.00275800447088 1.16385630039e-119
320.0 0.00229857323679 4.49274663772e-118
318.0 0.000663369659297 1.69227291311e-116
316.0 0.000562806796271 6.21977662234e-115
314.0 0.00316830503387 2.23061737956e-113
312.0 0.00472420758302 7.80586947463e-112
310.0 0.00570808927408 2.66540616461e-110
308.0 0.00523927701617 8.88078631479e-109
306.0 0.00537390654333 2.88725640317e-107
304.0 0.00602425596107 9.15936144022e-106
302.0 0.00579455566614 2.83524735969e-104
300.0 0.00396100944826 8.56372337902e-103
298.0 0.00395973844026 2.52394702217e-101
296.0 0.00184583884195 7.25844831772e-100
294.0 0.00212201028377 2.03682321717e-98
292.0 0.00149206677019 5.57710689344e-97
290.0 -0.000204488536691 1.49008439424e-95
288.0 -0.00164757049119 3.88471708278e-94
286.0 -0.000455892734446 9.88223730325e-93
284.0 -0.00177625871819 2.45301346265e-91
282.0 -0.00265014828885 5.9414999712e-90
280.0 -0.00443619163559 1.40426490035e-88
278.0 -0.0040548963807 3.23868511501e-87
276.0 -0.00264168270071 7.28909885399e-86
274.0 0.000709263811867 1.60102834086e-84
272.0 0.00226010014182 3.43247759597e-83
270.0 0.000603418155673 7.18480088569e-82
268.0 0.000881986156393 1.46901144584e-80
266.0 -0.000431147432146 2.93629669239e-79
264.0 -0.00281449530527 5.74596351392e-78
262.0 -0.00322382454278 1.10348852378e-76
260.0 -0.00471872569689 2.08804133384e-75
258.0 -0.00680802729962 3.91713666277e-74
256.0 -0.00442412739784 7.3513970135e-73
254.0 -0.00483168738524 1.39646792836e-71
252.0 -0.00375574166733 2.71948740549e-70
250.0 -0.00252523385308 5.48447206206e-69
248.0 -0.00413303810777 1.14920690897e-67
246.0 -0.00480609939314 2.48851053569e-66
244.0 -0.00409293072953 5.5029821291e-65
242.0 -0.00578789244528 1.22537271648e-63
240.0 -0.00552639821479 2.7129190584e-62
238.0 -0.0050768192243 5.91360826556e-61
236.0 -0.00586496208974 1.26048257646e-59
234.0 -0.00389554224416 2.61528591824e-58
232.0 -0.00266390055994 5.26668816534e-57
230.0 -0.00226782254148 1.02753722821e-55
228.0 -0.00227493085424 1.94000272353e-54
226.0 -0.00317380625079 3.54194460126e-53
224.0 -0.00499846563686 6.2505993807e-52
222.0 -0.00516625102006 1.06590840093e-50
220.0 -0.00545625957842 1.75613982845e-49
218.0 -0.00680077425217 2.7950525551e-48
216.0 -0.00628696163083 4.29715342338e-47
214.0 -0.00661910466059 6.38133018971e-46
212.0 -0.0047586540571 9.1530882618e-45
210.0 -0.00339243582713 1.268064479e-43
208.0 -0.0029361608371 1.69678345591e-42
206.0 -0.00397176167996 2.19290077355e-41
204.0 -0.00261325773568 2.73726201038e-40
202.0 -0.0018305876524 3.30002164066e-39
200.0 -0.00191071110333 3.84254532278e-38
198.0 -0.00295678437126 4.32137691761e-37
196.0 -0.00373830824106 4.69381144315e-36
194.0 -0.00303615319206 4.92412483621e-35
192.0 -0.00104955456109 4.98921359229e-34
190.0 0.000704981780385 4.88241346128e-33
188.0 0.00175258870117 4.6146235153e-32
186.0 -0.00023903805694 4.21247317142e-31
184.0 -0.00137562535489 3.71395889741e-30
182.0 -0.00187522006157 3.16254017311e-29
180.0 -0.0028920732784 2.60096182359e-28
178.0 -0.00221635606439 2.0660024903e-27
176.0 0.000146473727951 1.58499032343e-26
174.0 0.000982854733103 1.17441416987e-25
172.0 0.00254417900719 8.40455703715e-25
170.0 0.00331773883298 5.80907847162e-24
168.0 -0.000119950001438 3.87791706829e-23
166.0 -0.00223793044272 2.50027998595e-22
164.0 -0.0029652016698 1.55696059116e-21
162.0 -0.00238355928042 9.3640870037e-21
160.0 -0.000723797126439 5.43941383627e-20
158.0 -0.000226709759421 3.05167023842e-19
156.0 -7.58080506751e-05 1.65356754658e-18
154.0 0.000432781966296 8.65376532933e-18
152.0 0.00075889053672 4.37408403749e-17
150.0 0.00130764558075 2.13534457377e-16
148.0 0.0014488117204 1.00681028316e-15
146.0 0.000894773217859 4.58486078391e-15
144.0 0.00156651478839 2.01652447476e-14
142.0 0.000367891793895 8.56603167162e-14
140.0 -0.00143122156175 3.51442831097e-13
138.0 -0.00484448025011 1.39260688276e-12
136.0 -0.00503379503248 5.32968108244e-12
134.0 -0.00366134902647 1.97002957479e-11
132.0 -0.000142606456516 7.03304036405e-11
130.0 0.000129175343056 2.42500320536e-10
128.0 -0.000496696422873 8.07570359796e-10
126.0 -0.00264023388196 2.59745047376e-09
124.0 -0.00261622689312 8.06887592284e-09
122.0 -0.00307088605863 2.42090453195e-08
120.0 -0.00386692955158 7.01521787626e-08
118.0 -0.00652947130657 1.9633763297e-07
116.0 -0.0077293020417 5.30719251228e-07
114.0 -0.00603041914562 1.38555910762e-06
112.0 -0.00457781072404 3.49368888279e-06
110.0 -0.0033110341836 8.50829211179e-06
108.0 -0.00404534603111 2.00124196831e-05
106.0 -0.00743821846665 4.54627737452e-05
104.0 -0.0100637891032 9.97496706692e-05
102.0 -0.0107791225177 0.0002113812004
100.0 -0.0103676989172 0.000432634134949
98.0 -0.0099348251675 0.000855214384275
96.0 -0.00883179310338 0.00163278637393
94.0 -0.00721141147711 0.00301081735343
92.0 -0.00681052357314 0.00536217353174
90.0 -0.00711097667382 0.00922358583803
88.0 -0.00770473379354 0.0153236683549
86.0 -0.0110422247077 0.0245884968248
84.0 -0.0105336099778 0.0381075338487
82.0 -0.00811083670909 0.0570432570961
80.0 -0.00663614189202 0.0824745332556
78.0 -0.00477390340697 0.115177808402
76.0 -0.00272043231105 0.155370446778
74.0 -0.0026340990397 0.20246280583
72.0 0.00336569922236 0.25488280922
70.0 0.00699752749164 0.310040732465
68.0 0.0124748752851 0.364486470285
66.0 0.0154359471098 0.414275762921
64.0 0.0177036759731 0.455512008167
62.0 0.0202620216628 0.484979292895
60.0 0.0221635321095 0.500746067124
58.0 0.0215986509992 0.502610771398
56.0 0.0230647567055 0.492286010975
54.0 0.0211077695963 0.473271083633
52.0 0.01840190777 0.450428995851
50.0 0.0185351826629 0.429344589697
48.0 0.0167640224345 0.415578827086
46.0 0.0159906139284 0.413942731203
44.0 0.0152379411014 0.427895349571
42.0 0.0148218290618 0.459133833244
40.0 0.0175624025643 0.507403764643
38.0 0.0248794829311 0.5705251834
36.0 0.0327224061223 0.644609366864
34.0 0.0400434536589 0.72443202209
32.0 0.0459879876524 0.803924920548
30.0 0.0516114296876 0.876744612983
28.0 0.0561749871468 0.936870845513
26.0 0.05754104432 0.979179694803
24.0 0.0572096684028 0.99993132901
22.0 0.0545663592539 0.997114576647
20.0 0.0528585530805 0.970603372743
18.0 0.0496369409449 0.922103523503
16.0 0.0462788193499 0.854898319629
14.0 0.0403333218924 0.773432025499
12.0 0.0344475593744 0.68279430039
10.0 0.0291827671853 0.58818082071
8.0 0.0233064399834 0.494403453464
6.0 0.01864473535 0.405508485368
4.0 0.0117416491069 0.324537780785
2.0 0.00429428564497 0.253441051434
0.0 -0.00212531070502 0.193123357698
-2.0 -0.00669294437798 0.143594785141
-4.0 -0.00921881309642 0.104180993936
-6.0 -0.00875164903761 0.0737537760232
-8.0 -0.00932273541136 0.0509478598228
-10.0 -0.0105402692807 0.0343410480634
-12.0 -0.0105955381479 0.0225864022019
-14.0 -0.0125583060558 0.0144952757012
-16.0 -0.011047926944 0.00907719807934
-18.0 -0.00927013085564 0.00554655156166
-20.0 -0.00786009434016 0.00330704577341
-22.0 -0.00748815114883 0.00192399202243
-24.0 -0.00899214852936 0.00109222531252
-26.0 -0.0138736122162 0.00060501635766
-28.0 -0.0136651812033 0.000327015174403
-30.0 -0.013961137133 0.00017247041318
-32.0 -0.0111343589306 8.87579394411e-05
-34.0 -0.00842010320468 4.4570317536e-05
-36.0 -0.00909121226871 2.18388695613e-05
-38.0 -0.0104119719209 1.04414422276e-05
-40.0 -0.00938621097478 4.87120867777e-06
-42.0 -0.00960582480808 2.21747579972e-06
-44.0 -0.00733111119906 9.84978957026e-07
-46.0 -0.00778327307613 4.2691451916e-07
-48.0 -0.00898846730697 1.80551377986e-07
-50.0 -0.00793430086123 7.4508633567e-08
-52.0 -0.00730919850621 3.00025590814e-08
-54.0 -0.00836895169223 1.17884283927e-08
-56.0 -0.00993569921684 4.51959406044e-09
-58.0 -0.0119910983676 1.69078683656e-09
-60.0 -0.00952638716304 6.17197553829e-10
-62.0 -0.00619632945743 2.19839356213e-10
-64.0 -0.00467018651053 7.64069036258e-11
-66.0 -0.00744784303393 2.59122823009e-11
-68.0 -0.00977033222596 8.57481268737e-12
-70.0 -0.0123771367627 2.76878686883e-12
-72.0 -0.0114807524511 8.72369193546e-13
-74.0 -0.0107731482634 2.68198919647e-13
-76.0 -0.00841630172165 8.04562222561e-14
-78.0 -0.00851880546411 2.35509352759e-14
-80.0 -0.00612703860408 6.72670822469e-15
-82.0 -0.00585194717391 1.87474813832e-15
-84.0 -0.00528761222209 5.09834453793e-16
-86.0 -0.00561447698528 1.35288642927e-16
-88.0 -0.00515229273856 3.50299412638e-17
-90.0 -0.00642133708997 8.85040993997e-18
-92.0 -0.00417209812987 2.1818921234e-18
-94.0 -0.00305633621424 5.2486676189e-19
-96.0 -0.00139794185965 1.23200019675e-19
-98.0 -0.00246616932301 2.82174908261e-20
-100.0 -0.00325489279781 6.30626065242e-21
-102.0 -0.00609580279039 1.37521737635e-21
-104.0 -0.00622931185404 2.92628549425e-22
-106.0 -0.00597374305365 6.07586264201e-23
-108.0 -0.00431582745858 1.23096331151e-23
-110.0 -0.00293419185403 2.43348223652e-24
-112.0 -0.000980208709341 4.69415213814e-25
-114.0 0.00101865883658 8.83551871238e-26
-116.0 0.00242884923385 1.62275460516e-26
-118.0 0.00230152240969 2.90816845204e-27
-120.0 0.00118643147765 5.08548264813e-28
-122.0 -0.000448736480259 8.67742171087e-29
-124.0 -0.00206677332979 1.44475810888e-29
-126.0 -0.00118117216362 2.34717508532e-30
-128.0 -0.000285701345208 3.72084639598e-31
-130.0 5.05919797945e-06 5.75551124031e-32
-132.0 0.000723068352623 8.68704318172e-33
-134.0 0.00157612800112 1.2793988722e-33
-136.0 0.000381073116908 1.83859407443e-34
-138.0 0.00211167274845 2.57817063763e-35
-140.0 0.00100467789423 3.527632777e-36
-142.0 -0.000994865191514 4.70978399732e-37
-144.0 -0.00130216847943 6.1357056881e-38
-146.0 -0.00201297361003 7.79962924106e-39
-148.0 -0.00304391931788 9.67451733912e-40
-150.0 -0.00375118077356 1.1709290081e-40
-152.0 -0.00451592017963 1.38285846442e-41
-154.0 -0.00558303362337 1.5935687655e-42
-156.0 -0.00318599211078 1.79188360006e-43
-158.0 -0.00391856704035 1.96605059459e-44
-160.0 -0.00337004252244 2.10487104691e-45
-162.0 -0.00278993043924 2.19888343773e-46
-164.0 -0.00182505388837 2.24142819825e-47
-166.0 -0.00103586365237 2.22942755074e-48
-168.0 -0.000903603662022 2.16375361034e-49
-170.0 -0.00149579107949 2.04912360698e-50
-172.0 -0.00053288439368 1.89353970924e-51
-174.0 0.00120393717649 1.70736583536e-52
-176.0 -0.000431250313896 1.50218930615e-53
-178.0 -0.000407723729551 1.2896404736e-54
-180.0 -0.00145589597139 1.08033526333e-55
-182.0 -0.00241192580633 8.83068430796e-57
-184.0 -0.00455576913624 7.04329819479e-58
-186.0 -0.00420730995812 5.48155405827e-59
-188.0 -0.00463751425347 4.16272035341e-60
-190.0 -0.0020695020683 3.08458456354e-61
-192.0 0.000212632072556 2.2302935818e-62
-194.0 0.000588946530877 1.57352373306e-63
-196.0 0.0015396363332 1.08325442067e-64
-198.0 0.00309528045251 7.2766846072e-66
-200.0 0.00362964585914 4.76960641462e-67
-202.0 0.00194839272519 3.0505450511e-68
-204.0 0.000603271384526 1.90378654367e-69
-206.0 0.000154462007896 1.15932438769e-70
-208.0 0.000553952006705 6.8887052083e-72
-210.0 -0.000327456209715 3.99407428388e-73
-212.0 -0.000817333197002 2.25964692448e-74
-214.0 -0.00110740963893 1.24741493993e-75
-216.0 3.20189842209e-06 6.71934912505e-77
-218.0 0.00325965302181 3.53174534813e-78
-220.0 0.00358043054478 1.81132952438e-79
-222.0 0.00274365763261 9.0646587613e-81
-224.0 0.00117384116022 4.42640719055e-82
-226.0 -0.000784797211511 2.10910001605e-83
-228.0 -0.000740565372787 9.80593243663e-85
-230.0 -7.71486261372e-05 4.44863247174e-86
-232.0 0.000987528945229 1.96929177865e-87
-234.0 0.00174123334191 8.50627692888e-89
-236.0 0.000918345516361 3.58521228875e-90
-238.0 0.00106706738174 1.47447069229e-91
-240.0 0.00151058712191 5.91702388236e-93
-242.0 0.00244795854207 2.31694865195e-94
-244.0 0.00177391752158 8.85269303308e-96
-246.0 0.00207485894676 3.30050436074e-97
-248.0 0.00149122622493 1.20069064189e-98
-250.0 0.00313618004426 4.26214136381e-100
-252.0 0.0029943685777 1.47628593983e-101
-254.0 0.00272210509984 4.98952297133e-103
-256.0 0.00028891925515 1.64548329856e-104
-258.0 -0.000131660588745 5.29509602295e-106
-260.0 0.000599536506003 1.66264722186e-107
-262.0 0.00362382086719 5.09415659603e-109
-264.0 0.00435293189538 1.52296660602e-110
-266.0 0.00401042200933 4.44277561538e-112
-268.0 0.00122743111482 1.2646323517e-113
-270.0 -0.000542744007288 3.51253050967e-115
-272.0 -0.00129277281084 9.51966864562e-117
-274.0 -8.95338121128e-05 2.51749993584e-118
-276.0 0.000768965685081 6.49625424514e-120
-278.0 0.00148301073373 1.63569553597e-121
-280.0 0.00196049373637 4.01872078023e-123
-282.0 0.00145133073719 9.63427649509e-125
-284.0 0.001112924904 2.25370095541e-126
-286.0 -6.99344204987e-05 5.1442181921e-128
-288.0 0.000935650969166 1.14574608609e-129
-290.0 0.00101746944346 2.49002262438e-131
-292.0 0.00110542024486 5.28036706045e-133
-294.0 -0.000328453633583 1.09262426887e-134
-296.0 -0.00151060329237 2.20609129721e-136
-298.0 -0.00420968728609 4.34632331404e-138
-300.0 -0.0034838508751 8.35538539864e-140
-302.0 -0.00215881259395 1.56731703382e-141
-304.0 -0.000744759954085 2.86875281904e-143
-306.0 0.00212991133813 5.12360115682e-145
-308.0 0.0042949553289 8.92901206416e-147
-310.0 0.0031370313056 1.51836929875e-148
-312.0 0.00345279234636 2.51940117261e-150
-314.0 0.00225396726985 4.07908870634e-152
-316.0 0.00169631607839 6.44428712084e-154
-318.0 0.00340172447814 9.93419140052e-156
-320.0 0.00196909742811 1.49429407314e-157
-322.0 0.00131734114677 2.19323684883e-159
-324.0 0.000255933594392 3.14109378303e-161
-326.0 -3.32110410739e-05 4.38957205012e-163
-328.0 0.00300349078242 5.98562314103e-165
-330.0 0.00526068899831 7.96420567641e-167
-332.0 0.00365827345889 1.03400222632e-168
-334.0 0.00452619162565 1.3099248765e-170
-336.0 0.0026807280803 1.61926233894e-172
-338.0 0.00236450521082 1.95314258745e-174
-340.0 0.00364416977561 2.29877567912e-176
-342.0 0.00515922951812 2.64000741672e-178
-344.0 0.00653849625852 2.95841849967e-180
-346.0 0.00793600559175 3.23489345691e-182
-348.0 0.00710501812054 3.4514871653e-184
-350.0 0.00674962344017 3.59334117058e-186
-352.0 0.00760948063228 3.65036719824e-188
-354.0 0.00901684298762 3.61843322495e-190
-356.0 0.00961362758478 3.49985845961e-192
-358.0 0.00853329646953 3.30313488737e-194
-360.0 0.00701812069892 3.04192180656e-196
-362.0 0.00602955200276 2.73347869152e-198
-364.0 0.00493280905196 2.39678594144e-200
-366.0 0.00491793804458 2.05063664437e-202
-368.0 0.00678402004419 1.71196187329e-204
-370.0 0.00884782302133 1.39458622848e-206
-372.0 0.00881012965277 1.10851753007e-208
-374.0 0.00946392219246 8.59776692897e-211
-376.0 0.00958615671525 6.50690820114e-213
-378.0 0.00954180329462 4.80517933798e-215
-380.0 0.00968320643869 3.46250517739e-217
-382.0 0.0111315979017 2.43454143955e-219
-384.0 0.00972195240603 1.67028207512e-221
-386.0 0.0104368543224 1.11817139747e-223
-388.0 0.0118916540384 7.30420320237e-226
-390.0 0.0116841049218 4.65568108993e-228
-392.0 0.0151694219342 2.89560628318e-230
-394.0 0.0114046670504 1.75728299372e-232
-396.0 0.0116427315919 1.0406143518e-234
-398.0 0.0 6.01289784702e-237
-400.0 0.0 3.39018774364e-239
