# # timestamp: 2456819.76152
# # Gaussian 1 [amp, RV +/- err, wid]: 1.01 103.88 0.06 15.35
# # Gaussian 2 [amp, RV +/- err, wid]: 0.52 58.67 0.11 11.00
# # Uncorrected_RV, BF_amp, Gaussian_fit
# 
###
###
400.0 0.0 1.4104510583e-81
398.0 0.0 1.72938255329e-80
396.0 0.0195915076007 2.08471710961e-79
394.0 0.0140040746134 2.47073514711e-78
392.0 0.0196647520838 2.87891114464e-77
390.0 0.0159728654775 3.29802036987e-76
388.0 0.0185292890819 3.71450897112e-75
386.0 0.0155967223401 4.11313055401e-74
384.0 0.0122027924646 4.47781949406e-73
382.0 0.00990041692202 4.79273786153e-72
380.0 0.00949022290503 5.04340418277e-71
378.0 0.0122937618325 5.217793384e-70
376.0 0.0155870636657 5.30729204607e-69
374.0 0.015769384924 5.30740342121e-68
372.0 0.0147984809773 5.21812188185e-67
370.0 0.0141298258311 5.04393339185e-66
368.0 0.0138648703132 4.79344194531e-65
366.0 0.0124841696925 4.47866528072e-64
364.0 0.0116554119979 4.11408012193e-63
362.0 0.010636508699 3.71552245007e-62
360.0 0.0095462437279 3.29905867183e-61
358.0 0.00985304064625 2.87993836916e-60
356.0 0.00709938292295 2.47172046667e-59
354.0 0.00483462156922 2.08563601934e-58
352.0 0.00407466136916 1.73021745327e-57
350.0 0.00427457024535 1.4111912133e-56
348.0 0.0039513812489 1.13160287955e-55
346.0 0.00584761694107 8.92124012971e-55
344.0 0.00736840497711 6.9147967585e-54
342.0 0.00759733167109 5.26934477239e-53
340.0 0.00667656277295 3.94781521072e-52
338.0 0.00393827116357 2.90790371199e-51
336.0 0.00387143337034 2.10584417981e-50
334.0 0.00335176196015 1.49932384789e-49
332.0 0.00334653797104 1.04951263166e-48
330.0 0.00185131596417 7.22275521121e-48
328.0 0.00119280030994 4.88698636924e-47
326.0 0.00133359794861 3.25089067107e-46
324.0 0.00307191829949 2.12611428705e-45
322.0 0.00431506021055 1.36707975723e-44
320.0 0.00463249256659 8.64219585793e-44
318.0 0.00336384649336 5.37127467121e-43
316.0 0.000193978735359 3.28211371251e-42
314.0 -0.00294421884145 1.97175472776e-41
312.0 -0.00299398878373 1.16459564885e-40
310.0 -0.000923295322283 6.76270495971e-40
308.0 0.00187494415 3.86090151105e-39
306.0 0.00395370357552 2.16710528321e-38
304.0 0.00304633108286 1.19589845199e-37
302.0 0.000930763541668 6.48831015136e-37
300.0 -0.00047459035939 3.46092274227e-36
298.0 -0.00141331409732 1.81499408017e-35
296.0 -0.0017871551852 9.35796736184e-35
294.0 -0.00139114406075 4.74363041024e-34
292.0 -0.00218020449045 2.36408543901e-33
290.0 -0.00157045277402 1.15834651586e-32
288.0 -0.000429055349461 5.58003381103e-32
286.0 0.000862645560268 2.64276270482e-31
284.0 0.00125987556773 1.23055920467e-30
282.0 0.000514692209948 5.63339056957e-30
280.0 -0.000391536347697 2.53548016048e-29
278.0 -0.00164743251611 1.12195018881e-28
276.0 -0.000894709811699 4.88101273132e-28
274.0 2.71766159755e-05 2.08770585893e-27
272.0 0.0017212384 8.7791341374e-27
270.0 0.00283883400765 3.62958577782e-26
268.0 0.00212553092301 1.47531734871e-25
266.0 0.00164133523118 5.89571986015e-25
264.0 0.00189747313557 2.31638761725e-24
262.0 0.00158663637928 8.94764273174e-24
260.0 0.00181247408706 3.39804433051e-23
258.0 0.000188649766018 1.26873947009e-22
256.0 -0.00148744836702 4.6573498935e-22
254.0 -0.00187577485708 1.68084740201e-21
252.0 -0.00221757767161 5.96404227334e-21
250.0 -0.00280507765578 2.08054035551e-20
248.0 -0.00253556033962 7.135667091e-20
246.0 -0.00509220793587 2.4061130101e-19
244.0 -0.00342996077631 7.97664873739e-19
242.0 -0.0017344611727 2.59984776934e-18
240.0 -2.67119153012e-06 8.3310238112e-18
238.0 0.00162012055698 2.624652656e-17
236.0 0.00105264611089 8.12958365207e-17
234.0 -0.00186706220192 2.47564162458e-16
232.0 -0.00138358838269 7.41191197957e-16
230.0 -0.00232343835553 2.18170353519e-15
228.0 -0.00179096180197 6.31370407636e-15
226.0 -0.0041479407816 1.79636967504e-14
224.0 -0.00667901226676 5.02493227185e-14
222.0 -0.00840951730896 1.38193531468e-13
220.0 -0.00568562315244 3.73652784401e-13
218.0 -0.0045207521708 9.93280102583e-13
216.0 -0.00113300031919 2.59596153864e-12
214.0 -0.00127946169094 6.67033701314e-12
212.0 -0.00354315239481 1.68507915029e-11
210.0 -0.00598328244312 4.18519635468e-11
208.0 -0.00769802393554 1.02196112759e-10
206.0 -0.00948698554354 2.45344270493e-10
204.0 -0.00729652638885 5.79082537886e-10
202.0 -0.00557529177505 1.34377953539e-09
200.0 -0.00592894916107 3.06576302312e-09
198.0 -0.00482462178629 6.8765743951e-09
196.0 -0.0052731501028 1.51645216327e-08
194.0 -0.00573134281618 3.2878219401e-08
192.0 -0.00567414920945 7.00827070287e-08
190.0 -0.00680779309704 1.46871135704e-07
188.0 -0.00801141733097 3.02611231366e-07
186.0 -0.00720831278322 6.12994584122e-07
184.0 -0.00809591439765 1.22081888087e-06
182.0 -0.00752881109397 2.39039043493e-06
180.0 -0.00650687107353 4.6016062307e-06
178.0 -0.00573089558396 8.70909579614e-06
176.0 -0.00470857946199 1.62053974887e-05
174.0 -0.0059833511435 2.9646219063e-05
172.0 -0.00643700701399 5.33214491449e-05
170.0 -0.00893635294339 9.42882509483e-05
168.0 -0.00914674011432 0.000163921613574
166.0 -0.0110090749734 0.000280180474425
164.0 -0.0105785107674 0.000470828254837
162.0 -0.00975612223427 0.000777875643944
160.0 -0.00640625141146 0.00126351625888
158.0 -0.0040891059084 0.00201778319706
156.0 -0.00250006345073 0.00316804376594
154.0 -0.00398583026709 0.00489024760747
152.0 -0.00619319229217 0.00742153142984
150.0 -0.00742949530313 0.0110733548649
148.0 -0.00685609550841 0.0162438103299
146.0 -0.00586635138309 0.0234271580183
144.0 -0.00630563582098 0.0332180633587
142.0 -0.00768810955239 0.0463075726173
140.0 -0.00807460692066 0.0634676954167
138.0 -0.00814419738966 0.0855217238773
136.0 -0.00715915206675 0.113298241474
134.0 -0.00736678461819 0.147568239788
132.0 -0.00867921129827 0.188966852806
130.0 -0.00635895980331 0.237903794256
128.0 -0.00342093839905 0.294469360218
126.0 0.0027878668874 0.358345424684
124.0 0.00932863875495 0.42873271491
122.0 0.0162930441212 0.50430630671
120.0 0.0227684193384 0.583210323864
118.0 0.0297171722652 0.66310005913
116.0 0.0358407100598 0.741235242857
114.0 0.0445663879811 0.814622385475
112.0 0.050560979511 0.880197738418
110.0 0.0545187079523 0.935036401655
108.0 0.0553745318162 0.976568472593
106.0 0.0527258765945 1.00278078229
104.0 0.0535225000999 1.01238329748
102.0 0.0549907718223 1.00492282121
100.0 0.0546683253652 0.980832805326
98.0 0.0516497889035 0.941415971458
96.0 0.0475781627264 0.888764691738
94.0 0.0414450615024 0.825631163802
92.0 0.0389265105468 0.75526387091
90.0 0.0336098260706 0.681227605932
88.0 0.0276284079598 0.60722117898
86.0 0.0195198996233 0.536900570522
84.0 0.014158516033 0.473707594307
82.0 0.00906817841602 0.42069783785
80.0 0.00729420855109 0.380359745992
78.0 0.00692117100155 0.354421453405
76.0 0.00640128081134 0.343653718295
74.0 0.00649122814398 0.347693682229
72.0 0.00840636268825 0.364929997698
70.0 0.0095505392605 0.392498250729
68.0 0.0134600223687 0.426430235397
66.0 0.0185160913708 0.461978495004
64.0 0.0198234699021 0.49410111588
62.0 0.0200306199716 0.518049488805
60.0 0.0197877936137 0.529966117324
58.0 0.0181801134123 0.527383069161
56.0 0.0167877770687 0.509522193411
54.0 0.0164650309208 0.477335471981
52.0 0.0125728970649 0.433278754886
50.0 0.0088785015884 0.380869479499
48.0 0.00608684117545 0.324122674122
46.0 0.000415273371979 0.266978041506
44.0 -0.00606462117005 0.212820921527
42.0 -0.00874456756298 0.164166934869
40.0 -0.0117446230791 0.122535727213
38.0 -0.0110087468415 0.0884967161271
36.0 -0.00986542735406 0.0618395604462
34.0 -0.0102751632299 0.041809187306
32.0 -0.0110996117139 0.0273487217972
30.0 -0.0123214176149 0.0173084422822
28.0 -0.0123235960736 0.0105981846257
26.0 -0.0103552506518 0.00627849122329
24.0 -0.00916217518414 0.00359855211537
22.0 -0.0089855766804 0.00199548200757
20.0 -0.0107858494014 0.00107056857162
18.0 -0.0139664433035 0.000555683105351
16.0 -0.0136972036255 0.000279052219193
14.0 -0.0126211127916 0.000135577945089
12.0 -0.0127789590916 6.37290875332e-05
10.0 -0.0131050439727 2.89821997559e-05
8.0 -0.0151712860726 1.27517555116e-05
6.0 -0.0149426871008 5.42817300106e-06
4.0 -0.0150541368513 2.23554097973e-06
2.0 -0.0162311582106 8.90752670974e-07
0.0 -0.0182952527616 3.43382060272e-07
-2.0 -0.0191628256438 1.28069184137e-07
-4.0 -0.016949789401 4.62124597985e-08
-6.0 -0.0132256938781 1.61332576363e-08
-8.0 -0.00939572769594 5.44923020156e-09
-10.0 -0.00849877287564 1.78073991815e-09
-12.0 -0.00842857459896 5.6301643103e-10
-14.0 -0.00813204936836 1.72226925556e-10
-16.0 -0.00749558441019 5.09737179609e-11
-18.0 -0.00783698152196 1.45970545064e-11
-20.0 -0.00763031097223 4.0445466547e-12
-22.0 -0.00746487425933 1.08437048326e-12
-24.0 -0.0074725708782 2.81328992576e-13
-26.0 -0.00454734532752 7.06347673852e-14
-28.0 -0.00321543626729 1.71651358477e-14
-30.0 -0.000526982765597 4.03820096977e-15
-32.0 0.00147372928095 9.19971608949e-16
-34.0 0.001417421627 2.03055151468e-16
-36.0 0.000579907088099 4.34540532577e-17
-38.0 0.00168611261063 9.02675130043e-18
-40.0 0.00213903105958 1.82354953967e-18
-42.0 0.00331914835898 3.59288645585e-19
-44.0 0.00409935811431 6.93509976238e-20
-46.0 0.0030697026823 1.32029987419e-20
-48.0 0.00211703646534 2.50318079885e-21
-50.0 0.00350067758333 4.78632904911e-22
-52.0 0.0040085760616 9.36329143759e-23
-54.0 0.0050820112215 1.89798790422e-23
-56.0 0.00486660974311 4.013555933e-24
-58.0 0.00399679005014 8.83804365133e-25
-60.0 0.00145325031883 2.00842078535e-25
-62.0 0.000733965900733 4.6529390769e-26
-64.0 -0.00169192454239 1.086306985e-26
-66.0 -0.00235705350818 2.53287597894e-27
-68.0 -0.001795922133 5.86148653238e-28
-70.0 -0.00297296161823 1.34094381287e-28
-72.0 -0.00396036827949 3.0253899965e-29
-74.0 -0.00561433498931 6.7222577995e-30
-76.0 -0.00759500470564 1.46984186264e-30
-78.0 -0.0063815903334 3.16125633128e-31
-80.0 -0.00314285081306 6.68622682791e-32
-82.0 -0.00259900055287 1.39053271541e-32
-84.0 -0.00126328809278 2.84336247026e-33
-86.0 0.000101271022093 5.71636548456e-34
-88.0 -0.00170934617617 1.12989322925e-34
-90.0 -0.00219389048252 2.19574041019e-35
-92.0 -0.00258982329322 4.19516521927e-36
-94.0 -0.00386787884073 7.88026515365e-37
-96.0 -0.00154871839409 1.45531131361e-37
-98.0 0.000699954466249 2.64237299738e-38
-100.0 0.00135514583079 4.71688626766e-39
-102.0 0.00143879218061 8.27827249384e-40
-104.0 0.00121752864588 1.42839080878e-40
-106.0 -0.000576239796539 2.42313374537e-41
-108.0 0.000708464239787 4.04138971173e-42
-110.0 0.00186613369513 6.62684912714e-43
-112.0 0.002152172398 1.06833249958e-43
-114.0 0.00171097273618 1.69328009237e-44
-116.0 0.00040125734689 2.6386037171e-45
-118.0 -4.94407369732e-05 4.04243031847e-46
-120.0 0.000852570497898 6.08883100156e-47
-122.0 0.00224887801924 9.01671417477e-48
-124.0 0.00031840102149 1.31276107514e-48
-126.0 -0.000595272907173 1.8790835211e-49
-128.0 -0.00161323438539 2.64441420943e-50
-130.0 -0.00137457509414 3.65877653721e-51
-132.0 0.000320453916454 4.97697310421e-52
-134.0 0.00185945459707 6.65606734338e-53
-136.0 0.00146246433077 8.75171418495e-54
-138.0 -0.000294996149831 1.13133585091e-54
-140.0 -0.00255587017506 1.43784800301e-55
-142.0 -0.00140284538569 1.79662489234e-56
-144.0 0.00207192093665 2.20711443761e-57
-146.0 0.00302693596315 2.66572469884e-58
-148.0 0.00257152455138 3.16540107288e-59
-150.0 0.000915043027504 3.69543186799e-60
-152.0 -0.000815418701159 4.24155066763e-61
-154.0 0.000913222116007 4.78637943589e-62
-156.0 0.00122458079043 5.31022097419e-63
-158.0 0.000789174436483 5.79216691611e-64
-160.0 0.000312713304792 6.21144363637e-65
-162.0 -0.000527282058812 6.54888001927e-66
-164.0 -0.00183834856703 6.78835466075e-67
-166.0 -0.000715432919 6.91807107479e-68
-168.0 0.000812582598595 6.93152062862e-69
-170.0 0.00235713528738 6.82802379142e-70
-172.0 0.00376039627827 6.61278703463e-71
-174.0 0.0025639542811 6.2964687507e-72
-176.0 0.000108078949561 5.89430457493e-73
-178.0 -0.000940545136026 5.42489203511e-74
-180.0 -0.00200282514507 4.90876939929e-75
-182.0 -0.00300509034781 4.36693941681e-76
-184.0 -0.00232771754685 3.81948411694e-77
-186.0 -0.00114255280079 3.28439403684e-78
-188.0 -0.00163336064539 2.7766990177e-79
-190.0 -0.0002444511847 2.30794451314e-80
-192.0 -0.000575261098585 1.88601405712e-81
-194.0 -0.000830140856569 1.51526116383e-82
-196.0 0.000171882025182 1.19688676476e-83
-198.0 5.37069711794e-06 9.29483408304e-85
-200.0 -0.00194606488563 7.09664734379e-86
-202.0 -0.00180999234451 5.32706273954e-87
-204.0 -0.00128810585642 3.9313834434e-88
-206.0 -0.00102294678176 2.85250229227e-89
-208.0 -0.00122895685419 2.03483690171e-90
-210.0 -0.00138338848213 1.42710593714e-91
-212.0 -0.00278130441673 9.84024306265e-93
-214.0 -0.000424252529637 6.67080805091e-94
-216.0 -0.000352445012984 4.44604718594e-95
-218.0 0.00123956960884 2.91335022523e-96
-220.0 -0.000298745530474 1.87687059202e-97
-222.0 -0.000396612800878 1.18877309753e-98
-224.0 -0.00261523755714 7.40263970097e-100
-226.0 -0.0015049150082 4.53207680219e-101
-228.0 -0.00097741023027 2.72791550957e-102
-230.0 0.00107901802819 1.61431236813e-103
-232.0 0.000383067333828 9.39219797642e-105
-234.0 0.000834225367762 5.37241938902e-106
-236.0 0.00196475084411 3.02131204652e-107
-238.0 0.00205220879541 1.67049146835e-108
-240.0 0.00252556738011 9.08062929778e-110
-242.0 0.00171982140113 4.85300385739e-111
-244.0 -0.000608526600831 2.54993042875e-112
-246.0 0.000202891590731 1.31725250026e-113
-248.0 0.00185002566035 6.69010196199e-115
-250.0 0.00381965250959 3.34056131189e-116
-252.0 0.00445241156173 1.63994454496e-117
-254.0 0.00428403825248 7.91519981927e-119
-256.0 0.00023960146535 3.75593103038e-120
-258.0 0.000360873913828 1.75225109307e-121
-260.0 -0.000407124993798 8.03707600688e-123
-262.0 2.92418755491e-05 3.62428896312e-124
-264.0 0.00119459735385 1.60683233503e-125
-266.0 0.00158176490021 7.00392221051e-127
-268.0 -0.000361059289594 3.00147734935e-128
-270.0 -0.00174411771984 1.26459608159e-129
-272.0 -0.00223909069382 5.23831485216e-131
-274.0 -0.00111884862841 2.13331196978e-132
-276.0 0.00217759827153 8.54161804085e-134
-278.0 0.00411207745413 3.36239653121e-135
-280.0 0.00585909915259 1.30130984683e-136
-282.0 0.00691030923856 4.95148546185e-138
-284.0 0.00694269870125 1.85230843993e-139
-286.0 0.00576434025005 6.81261910316e-141
-288.0 0.00223062289754 2.46341689449e-142
-290.0 -0.000425473663302 8.75759240082e-144
-292.0 -0.00203351900865 3.06093809208e-145
-294.0 -0.00296002204757 1.05183439688e-146
-296.0 -0.00439783571821 3.55355627105e-148
-298.0 -0.00392631687119 1.18032615301e-149
-300.0 -0.00522762497337 3.85446288661e-151
-302.0 -0.00497002252548 1.23750998484e-152
-304.0 -0.00306031250821 3.90621874905e-154
-306.0 -0.000191834411379 1.21223666051e-155
-308.0 0.00195659576628 3.69863327538e-157
-310.0 0.00364083221221 1.10947657304e-158
-312.0 0.0018191164055 3.2720354883e-160
-314.0 0.00111589408658 9.48726167722e-162
-316.0 0.00202923738421 2.70449858549e-163
-318.0 0.00332447179547 7.57976328609e-165
-320.0 0.00474320221089 2.08856277109e-166
-322.0 0.00366909847303 5.65799327503e-168
-324.0 0.00285370879714 1.50695514847e-169
-326.0 0.00125669139563 3.94603771128e-171
-328.0 0.00176412030354 1.0158863882e-172
-330.0 0.00261305243176 2.5712958939e-174
-332.0 0.0046585596505 6.39855601765e-176
-334.0 0.00270408487415 1.56543450307e-177
-336.0 0.00379361635624 3.76539751849e-179
-338.0 0.00413180572859 8.90450470137e-181
-340.0 0.00505668397784 2.07029249681e-182
-342.0 0.00559594558842 4.73234778506e-184
-344.0 0.00534619985833 1.06351741227e-185
-346.0 0.00432626787458 2.34982522011e-187
-348.0 0.00486130364839 5.10445667184e-189
-350.0 0.00545577239801 1.09015057436e-190
-352.0 0.00325380954307 2.28900351325e-192
-354.0 0.00177256050752 4.72530053804e-194
-356.0 0.00154314765795 9.59037120312e-196
-358.0 0.00160887858547 1.91365834625e-197
-360.0 0.00275933736116 3.75419127177e-199
-362.0 0.0027126728359 7.24088070676e-201
-364.0 0.003000064426 1.37305961779e-202
-366.0 0.00428638765503 2.55982573973e-204
-368.0 0.00522828405131 4.69196122021e-206
-370.0 0.00733368110138 8.45515223183e-208
-372.0 0.00826457189895 1.49799875975e-209
-374.0 0.00791147115624 2.60930280657e-211
-376.0 0.00672097583718 4.46848715761e-213
-378.0 0.00803804011308 7.52349353212e-215
-380.0 0.00837283846701 1.24537916252e-216
-382.0 0.01100238163 2.02678015351e-218
-384.0 0.00941995935987 3.24290850829e-220
-386.0 0.00799289285543 5.10135743863e-222
-388.0 0.00676108355833 7.88968779358e-224
-390.0 0.00779933783879 1.19965643086e-225
-392.0 0.0113097594529 1.79339915205e-227
-394.0 0.010185739203 2.63584603619e-229
-396.0 0.0114058719767 3.80878205891e-231
-398.0 0.0 5.41097106741e-233
-400.0 0.0 7.55765922858e-235
