# # timestamp: 2456760.90501
# # Gaussian 1 [amp, RV +/- err, wid]: 1.00 82.85 0.22 13.62
# # Gaussian 2 [amp, RV +/- err, wid]: 0.41 56.03 0.37 10.11
# # Uncorrected_RV, BF_amp, Gaussian_fit
# 
###
###
400.0 0.0 1.95333623742e-118
398.0 0.0 5.8977195467e-117
396.0 0.0238525143255 1.74272595175e-115
394.0 0.0191497617243 5.03978433438e-114
392.0 0.0237978040645 1.42637158276e-112
390.0 0.0171504892113 3.95085667918e-111
388.0 0.020200639036 1.07099574435e-109
386.0 0.0187445879227 2.84133268157e-108
384.0 0.0183192144514 7.37724658826e-107
382.0 0.016081051963 1.87458175457e-105
380.0 0.0149846285997 4.66178610565e-104
378.0 0.014526709206 1.13458796499e-102
376.0 0.0143055025959 2.70247617485e-101
374.0 0.0113017283205 6.2997519147e-100
372.0 0.00783616042427 1.43721880986e-98
370.0 0.00458776562891 3.20892975077e-97
368.0 0.00322527535185 7.01189491617e-96
366.0 0.00478666957037 1.49950687085e-94
364.0 0.00562653794328 3.13833567144e-93
362.0 0.00797062509195 6.42818250173e-92
360.0 0.00945027372585 1.28859035187e-90
358.0 0.00915334861958 2.52801370656e-89
356.0 0.0086352757034 4.85379964157e-88
354.0 0.00758904406779 9.1205733034e-87
352.0 0.00674165036622 1.67725966477e-85
350.0 0.00733295404209 3.01867487396e-84
348.0 0.00706935193247 5.31704393227e-83
346.0 0.00706440154813 9.16562383509e-82
344.0 0.00727261759741 1.54629261663e-80
342.0 0.00678697560331 2.55304933321e-79
340.0 0.00850738559446 4.12538612431e-78
338.0 0.00785595060562 6.52390866257e-77
336.0 0.00812884153902 1.00969222645e-75
334.0 0.00569366960872 1.52935400661e-74
332.0 0.00471609384345 2.26706989398e-73
330.0 0.0026779144393 3.28896813692e-72
328.0 0.00327368093759 4.66973563194e-71
326.0 0.00126847175823 6.48877619137e-70
324.0 0.00115654552104 8.82411515862e-69
322.0 -0.000411358851098 1.17440370177e-67
320.0 0.00187300106718 1.52968330824e-66
318.0 0.00228435391285 1.94995018172e-65
316.0 0.00330494888151 2.4326709898e-64
314.0 0.00255675137443 2.97016863911e-63
312.0 0.00129245126718 3.54908754606e-62
310.0 0.00111076313049 4.15040223578e-61
308.0 0.00248428758051 4.7500866977e-60
306.0 0.00251070054641 5.32047928128e-59
304.0 0.00347776569681 5.83227305087e-58
302.0 0.00312379895674 6.25695183896e-57
300.0 0.000839735335097 6.56939912009e-56
298.0 -0.000177801806441 6.75035100361e-55
296.0 -0.000963340396376 6.78836109125e-54
294.0 -0.000487553063168 6.68099870053e-53
292.0 0.000217406548761 6.43510608755e-52
290.0 0.000789740019678 6.06607683061e-51
288.0 -0.00116630789792 5.59626116989e-50
286.0 -0.00132007031685 5.05272793018e-49
284.0 -0.00179600939563 4.46469427382e-48
282.0 -0.00282187947846 3.86096094684e-47
280.0 -0.00247768411705 3.26766077035e-46
278.0 -0.00237117245254 2.70655210107e-45
276.0 -0.00314966564677 2.19398518694e-44
274.0 -0.0021554379182 1.74055945347e-43
272.0 -0.00113175885542 1.35139374879e-42
270.0 -0.000808282898152 1.0268637455e-41
268.0 0.00076534472393 7.63627584678e-41
266.0 0.00035783356273 5.55761255908e-40
264.0 -0.000603988817115 3.958519589e-39
262.0 -0.000609032630726 2.75940344087e-38
260.0 -0.00248187656542 1.88250213127e-37
258.0 -0.00168351721811 1.25687944421e-36
256.0 0.000134386874396 8.21276966024e-36
254.0 0.000704687231493 5.25198568237e-35
252.0 -0.000574093096796 3.28696663994e-34
250.0 -0.00256884309336 2.01328348589e-33
248.0 -0.00523327343695 1.20684761923e-32
246.0 -0.0034395959692 7.08007432443e-32
244.0 -0.00194152506407 4.0650048448e-31
242.0 -0.00201901571227 2.2841372176e-30
240.0 -0.00172069310503 1.25609123433e-29
238.0 -0.00134187863131 6.76017675692e-29
236.0 -0.00090871866424 3.56067872832e-28
234.0 -0.000296928308313 1.83546201256e-27
232.0 -0.00205841269252 9.25967796796e-27
230.0 -0.00143177299497 4.5717685693e-26
228.0 -0.00208276446921 2.20907501615e-25
226.0 -0.0022362077129 1.04465902928e-24
224.0 -0.00201828053698 4.83477794921e-24
222.0 -0.00169471544513 2.18986012173e-23
220.0 -0.00201228574878 9.70720249517e-23
218.0 -0.00236175603734 4.21123692355e-22
216.0 -0.00549783758322 1.7879819641e-21
214.0 -0.00864435478249 7.42941235635e-21
212.0 -0.0080863703686 3.02122914702e-20
210.0 -0.00824077915192 1.20240490695e-19
208.0 -0.00618443798485 4.68333998059e-19
206.0 -0.00610565728401 1.78524778913e-18
204.0 -0.00395553529597 6.66007613487e-18
202.0 -0.00411730565107 2.43163147219e-17
200.0 -0.00709686002788 8.68868774151e-17
198.0 -0.0107563453274 3.03842482276e-16
196.0 -0.014364627341 1.03987388876e-15
194.0 -0.0145455679807 3.48297793319e-15
192.0 -0.0109870282157 1.14171746521e-14
190.0 -0.00845556058501 3.66272605889e-14
188.0 -0.0083828660697 1.14997421849e-13
186.0 -0.00929595835147 3.53353698609e-13
184.0 -0.0115373222125 1.06259813919e-12
182.0 -0.0111144879602 3.12727686869e-12
180.0 -0.00868390910317 9.00744224218e-12
178.0 -0.00862113667794 2.53906904855e-11
176.0 -0.00794835425469 7.00463337048e-11
174.0 -0.00894923575815 1.89118571223e-10
172.0 -0.00880508913677 4.99713197588e-10
170.0 -0.0069571618524 1.29224640521e-09
168.0 -0.00582447481387 3.27045153692e-09
166.0 -0.00668372053884 8.10042816678e-09
164.0 -0.00789155823301 1.96356871624e-08
162.0 -0.00895574883427 4.65824262833e-08
160.0 -0.00815501681751 1.08152354467e-07
158.0 -0.00564750581069 2.45746716306e-07
156.0 -0.00276483313187 5.46483860669e-07
154.0 -0.00177068272858 1.18933672474e-06
152.0 -0.003025853383 2.5332041468e-06
150.0 -0.00487896880263 5.28048025649e-06
148.0 -0.00614982645287 1.07724510164e-05
146.0 -0.0073138831238 2.15076769552e-05
144.0 -0.0076193359846 4.20252546308e-05
142.0 -0.00797824416355 8.03646530687e-05
140.0 -0.00969294209312 0.00015040340447
138.0 -0.0111963963532 0.00027547876765
136.0 -0.0129725692682 0.000493806120035
134.0 -0.0136665025475 0.000866288754316
132.0 -0.0129371960906 0.00148732801128
130.0 -0.00958882542711 0.00249912920528
128.0 -0.00735165928893 0.00410968499259
126.0 -0.00721816130306 0.00661403108201
124.0 -0.00818842889255 0.0104174590369
122.0 -0.00962143241081 0.0160581402041
120.0 -0.0105140628452 0.0242251551041
118.0 -0.0100247649453 0.0357664445642
116.0 -0.00895332481107 0.0516800435649
114.0 -0.00893352956529 0.0730815748685
112.0 -0.00631229026529 0.101141854191
110.0 -0.0044818839384 0.136991000635
108.0 0.000601476898868 0.181589834872
106.0 0.00286428153407 0.235575383006
104.0 0.00820545679697 0.299094304054
102.0 0.0122294901481 0.371644858904
100.0 0.0187853570746 0.451953128882
98.0 0.0245679512858 0.537910998547
96.0 0.0336819194034 0.626600677618
94.0 0.0418534321609 0.714422680429
92.0 0.0512199490287 0.797331595476
90.0 0.0574319992457 0.871168059691
88.0 0.0607385168965 0.93205831105
86.0 0.0621199766804 0.976837162091
84.0 0.0632960654342 1.0034388407
82.0 0.0637978736551 1.0111951839
80.0 0.0621690667364 1.00098399487
78.0 0.0592974091032 0.975183345042
76.0 0.055798895 0.937410883209
74.0 0.0548545288972 0.892060117219
72.0 0.0545098843352 0.84368505107
70.0 0.0514350028114 0.79632394289
68.0 0.0469427430412 0.752882299512
66.0 0.0421811052388 0.714703000632
64.0 0.0365643106754 0.68142857856
62.0 0.0346586348162 0.651205546907
60.0 0.0324348067217 0.621202697071
58.0 0.0296669355372 0.58833458659
56.0 0.0286242842887 0.550023353149
54.0 0.0258556615849 0.504817747555
52.0 0.0225354903409 0.452725793379
50.0 0.0189071205082 0.395196650319
48.0 0.0132440850417 0.334782756915
46.0 0.0073164719362 0.274594122426
44.0 0.00157204847149 0.21769807266
42.0 -0.00372405140893 0.166610666445
40.0 -0.00733528040399 0.122978862954
38.0 -0.00978164347586 0.0874862066044
36.0 -0.0118707837775 0.0599530447804
34.0 -0.0117438008363 0.0395625999047
32.0 -0.0102846708459 0.0251329138727
30.0 -0.00883589506676 0.0153673897534
28.0 -0.00971423145127 0.00904265627442
26.0 -0.0113405250546 0.0051202277085
24.0 -0.0110689632698 0.00278967920315
22.0 -0.0112042041594 0.00146244300046
20.0 -0.00973943918021 0.000737672907999
18.0 -0.0114831886789 0.00035803214656
16.0 -0.0133390813313 0.000167216951892
14.0 -0.0127668642965 7.51590733508e-05
12.0 -0.011774257769 3.25152983904e-05
10.0 -0.0110449505075 1.35421243595e-05
8.0 -0.0114586243535 5.4312417994e-06
6.0 -0.0124509555724 2.09840603695e-06
4.0 -0.0137609513148 7.81416306347e-07
2.0 -0.0126869686027 2.80661991295e-07
0.0 -0.0125329242017 9.7321471547e-08
-2.0 -0.0105859249962 3.26228454413e-08
-4.0 -0.00966097359955 1.05897204098e-08
-6.0 -0.00852211805468 3.33667091969e-09
-8.0 -0.00664437314017 1.02362817144e-09
-10.0 -0.00446028013528 3.06953139367e-10
-12.0 -0.00282806309929 9.0402891054e-11
-14.0 -0.00216203690868 2.62943238892e-11
-16.0 -0.00295100698919 7.59662566938e-12
-18.0 -0.00395556228243 2.19164137511e-12
-20.0 -0.00325244225169 6.33915697261e-13
-22.0 -0.0021871384585 1.8416932976e-13
-24.0 -0.00263734037086 5.37167739514e-14
-26.0 -0.00346121966545 1.56897214352e-14
-28.0 -0.00607816753413 4.57192149879e-15
-30.0 -0.00791297529125 1.32360408929e-15
-32.0 -0.00796036088818 3.79235381872e-16
-34.0 -0.00650720350618 1.0718661281e-16
-36.0 -0.00718032126424 2.98099671343e-17
-38.0 -0.00677557001841 8.14282542143e-18
-40.0 -0.00663576935887 2.1818568008e-18
-42.0 -0.0068078174407 5.7298333394e-19
-44.0 -0.00642075887824 1.47393939817e-19
-46.0 -0.00802238267489 3.71266179293e-20
-48.0 -0.0102847559371 9.15512426813e-21
-50.0 -0.0119320472433 2.20982967587e-21
-52.0 -0.0103825516171 5.22077713944e-22
-54.0 -0.00947472224983 1.20718461308e-22
-56.0 -0.0060862321077 2.73189057178e-23
-58.0 -0.00498151263871 6.05059118947e-24
-60.0 -0.0019384850664 1.31151683306e-24
-62.0 -0.0014076803466 2.78220857233e-25
-64.0 -0.000397794877354 5.77622790848e-26
-66.0 -0.00266889743443 1.17364647145e-26
-68.0 -0.00198067059118 2.33382546113e-27
-70.0 -0.00334973553996 4.54189855406e-28
-72.0 -0.00344527606562 8.65056370098e-29
-74.0 -0.00350987676397 1.61246123437e-29
-76.0 -0.00400408887999 2.94152157914e-30
-78.0 -0.00333262206257 5.25161247874e-31
-80.0 -0.00175468487228 9.17595295876e-32
-82.0 -0.00307782395074 1.56908892878e-32
-84.0 -0.00333623567751 2.62592192957e-33
-86.0 -0.00395686663408 4.30084641656e-34
-88.0 -0.00496911241238 6.89388334563e-35
-90.0 -0.00622826572331 1.08146333064e-35
-92.0 -0.00426023511646 1.66034194046e-36
-94.0 -0.00497705764117 2.4947162181e-37
-96.0 -0.00287830010189 3.66845025538e-38
-98.0 -0.00294266912308 5.27936866388e-39
-100.0 -0.00231307123833 7.43565477833e-40
-102.0 -0.00402202385955 1.02493026623e-40
-104.0 -0.00428956869053 1.38263418327e-41
-106.0 -0.00563081195835 1.82540036757e-42
-108.0 -0.0041526537209 2.35855956844e-43
-110.0 -0.00134787956601 2.98245182335e-44
-112.0 -3.39656107732e-05 3.69094774559e-45
-114.0 2.9601458524e-05 4.47033663299e-46
-116.0 -0.000365784316947 5.29883543519e-47
-118.0 0.00149517126983 6.14693339662e-48
-120.0 0.00220727355832 6.97869880559e-49
-122.0 0.00282624356225 7.75404423858e-50
-124.0 0.00193134093105 8.43179357757e-51
-126.0 0.000735948587855 8.97324507438e-52
-128.0 0.000648920930342 9.34581036534e-53
-130.0 5.34969394794e-05 9.5262565197e-54
-132.0 -0.000708363702321 9.50310332173e-55
-134.0 -0.000634927476487 9.27783196055e-56
-136.0 0.000180579110455 8.86472822479e-57
-138.0 0.00223905537658 8.28938327791e-58
-140.0 0.00447672700223 7.58607073281e-59
-142.0 0.00310786962236 6.79437365046e-60
-144.0 0.000973243572264 5.95552206249e-61
-146.0 -0.00116948689131 5.1089084558e-62
-148.0 -0.00289494980613 4.28918003474e-63
-150.0 -0.00235968380225 3.52418178901e-64
-152.0 -0.00172654528656 2.83387181299e-65
-154.0 -0.00107359856571 2.23018028532e-66
-156.0 0.000475427936077 1.71766163343e-67
-158.0 0.00105039664935 1.29471187066e-68
-160.0 0.000937317032562 9.55094879221e-70
-162.0 0.00186091010086 6.8953731789e-71
-164.0 0.00330146435781 4.87199580716e-72
-166.0 0.00276756617296 3.36894490325e-73
-168.0 0.00175010354402 2.27991566726e-74
-170.0 0.000766472809751 1.51001593199e-75
-172.0 0.00212031902916 9.78773377224e-77
-174.0 0.00445583283974 6.20898539656e-78
-176.0 0.00638469159019 3.85475695576e-79
-178.0 0.00552253962042 2.34213128455e-80
-180.0 0.00304619760428 1.39271849006e-81
-182.0 0.000439744186386 8.10500560827e-83
-184.0 -0.00125510917397 4.61616336411e-84
-186.0 -0.0017009717705 2.5730420996e-85
-188.0 -0.00135771205945 1.40362303307e-86
-190.0 -0.00151365651847 7.49362493542e-88
-192.0 -0.000812597425942 3.91535631039e-89
-194.0 0.000132906624166 2.00211260759e-90
-196.0 0.00360393574865 1.00194430808e-91
-198.0 0.00433516772864 4.90723138661e-93
-200.0 0.00558926899897 2.35216271917e-94
-202.0 0.00322128116169 1.10340782669e-95
-204.0 0.00335955225838 5.06573689976e-97
-206.0 0.001021747815 2.27607763714e-98
-208.0 -0.000146639598066 1.00085090344e-99
-210.0 -0.00315117944874 4.30714578066e-101
-212.0 -0.00222943040893 1.8140432154e-102
-214.0 -0.000691706949282 7.47727853079e-104
-216.0 0.00202659746177 3.01631962766e-105
-218.0 0.00358723471917 1.19082798903e-106
-220.0 0.000647587210474 4.6010672305e-108
-222.0 -0.00125750965032 1.73982672111e-109
-224.0 -0.00206935095616 6.43859764045e-111
-226.0 -0.00252663822047 2.33192429699e-112
-228.0 -0.00320235491435 8.26562086596e-114
-230.0 -0.00390480750543 2.8673082623e-115
-232.0 -0.0052041960741 9.73444427697e-117
-234.0 -0.00487402600398 3.23434104873e-118
-236.0 -0.00297783962638 1.05171564367e-119
-238.0 -0.00374567963869 3.34694616602e-121
-240.0 -0.0031074599974 1.04240621516e-122
-242.0 -0.00185685859444 3.17733589566e-124
-244.0 0.000108818722101 9.47822771022e-126
-246.0 0.00106783735114 2.76712653645e-127
-248.0 0.00214168000495 7.90621776504e-129
-250.0 0.00180726338506 2.21078442893e-130
-252.0 -5.42644449149e-05 6.05009081878e-132
-254.0 0.000817434317998 1.62037398797e-133
-256.0 0.000680885672932 4.24723707689e-135
-258.0 0.0012354634225 1.08952102724e-136
-260.0 0.00240916691737 2.73528510831e-138
-262.0 0.00355637514995 6.72059087174e-140
-264.0 0.00417002609876 1.61603285631e-141
-266.0 0.00478651510316 3.80303906884e-143
-268.0 0.0039582673281 8.75889377763e-145
-270.0 0.00269343951411 1.97426571678e-146
-272.0 0.00148392213286 4.355116937e-148
-274.0 0.00169304402226 9.40225247513e-150
-276.0 0.00262284716463 1.98656083609e-151
-278.0 0.00389447223214 4.10780388879e-153
-280.0 0.00363478142267 8.31295454939e-155
-282.0 0.0044729190533 1.64641374192e-156
-284.0 0.00306191486304 3.19124708083e-158
-286.0 0.00406494108524 6.05368404931e-160
-288.0 0.00138897162856 1.12387223681e-161
-290.0 -0.000748309823444 2.04198245864e-163
-292.0 -0.00283556507684 3.63098908253e-165
-294.0 -0.00336074402192 6.31881661077e-167
-296.0 -0.000229841823097 1.07617879667e-168
-298.0 0.00312683630437 1.79378745783e-170
-300.0 0.00506052292022 2.92614206233e-172
-302.0 0.00435685395534 4.67151451831e-174
-304.0 0.00421518025892 7.29890768367e-176
-306.0 0.00233809212111 1.11608150296e-177
-308.0 0.00173207696046 1.67021285632e-179
-310.0 0.00122278477101 2.44616420064e-181
-312.0 0.00193137803462 3.50620465267e-183
-314.0 0.000758798665921 4.91843333572e-185
-316.0 0.00146346242587 6.75233823989e-187
-318.0 0.000652780389564 9.07234298317e-189
-320.0 9.26889855312e-05 1.19295099583e-190
-322.0 0.000180395732426 1.53519525541e-192
-324.0 0.00191541611479 1.93349256758e-194
-326.0 0.00255682305394 2.38319328418e-196
-328.0 0.00270879720706 2.87484144845e-198
-330.0 0.00199787829569 3.39395751086e-200
-332.0 0.00122417392413 3.92136055854e-202
-334.0 3.33911133583e-05 4.43409530628e-204
-336.0 0.00149743480179 4.90694446467e-206
-338.0 0.00468168415705 5.31441094619e-208
-340.0 0.00505419602074 5.6329642775e-210
-342.0 0.00689853973222 5.84328046702e-212
-344.0 0.00794372430231 5.93218025778e-214
-346.0 0.00613018002492 5.89399574818e-216
-348.0 0.00576649264671 5.73116839455e-218
-350.0 0.00495278426586 5.45399068815e-220
-352.0 0.00541373889079 5.07952950135e-222
-354.0 0.00883433743232 4.62988766494e-224
-356.0 0.01156062501 4.13004984052e-226
-358.0 0.00864614486154 3.60560380541e-228
-360.0 0.00517666474253 3.08062323129e-230
-362.0 0.00400291401164 2.57594769783e-232
-364.0 0.00536235963321 2.10801340127e-234
-366.0 0.00845998173102 1.68829201374e-236
-368.0 0.00917122762882 1.32330403476e-238
-370.0 0.00792261902091 1.01510175634e-240
-372.0 0.00608209521005 7.62074436604e-243
-374.0 0.00777063907913 5.59916260671e-245
-376.0 0.00852071294346 4.02611929073e-247
-378.0 0.00864983738283 2.83327069014e-249
-380.0 0.0079680427301 1.95131494701e-251
-382.0 0.00560143215017 1.31523859804e-253
-384.0 0.00445288040871 8.6760009678e-256
-386.0 0.00655340947555 5.60108946992e-258
-388.0 0.010855525005 3.53885933356e-260
-390.0 0.0110585604099 2.18822493377e-262
-392.0 0.0151859461221 1.32421497977e-264
-394.0 0.0116356978716 7.84265123877e-267
-396.0 0.0128602554446 4.54574615921e-269
-398.0 0.0 2.57860802805e-271
-400.0 0.0 1.43153955437e-273
