# # timestamp: 2456757.89224
# # Gaussian 1 [amp, RV +/- err, wid]: 0.98 33.89 0.10 13.97
# # Gaussian 2 [amp, RV +/- err, wid]: 0.39 64.83 0.21 11.00
# # Uncorrected_RV, BF_amp, Gaussian_fit
# 
###
###
400.0 0.0 8.2086813105e-150
398.0 0.0 3.45592104043e-148
396.0 0.019072697978 1.4254656601e-146
394.0 0.0143253407792 5.76039466722e-145
392.0 0.0184731584103 2.2806059437e-143
390.0 0.0136404603177 8.8460786439e-142
388.0 0.0150238660882 3.36166066325e-140
386.0 0.0138477033045 1.25158249534e-138
384.0 0.0124866252633 4.56528211965e-137
382.0 0.011469024503 1.63146699729e-135
380.0 0.0110118409574 5.71204338212e-134
378.0 0.0121329396752 1.95932839965e-132
376.0 0.0130358510721 6.58454093151e-131
374.0 0.0114882717349 2.1679352254e-129
372.0 0.00876084737289 6.99309832028e-128
370.0 0.00615603824354 2.21001641075e-126
368.0 0.00625575499301 6.84264320014e-125
366.0 0.00600694113081 2.07565334293e-123
364.0 0.00846627023484 6.16862377788e-122
362.0 0.0079580883919 1.7960742063e-120
360.0 0.00895144131189 5.12345351603e-119
358.0 0.00971633806437 1.4318708792e-117
356.0 0.010652869012 3.92055404552e-116
354.0 0.00969418891543 1.05170409628e-114
352.0 0.00931124325383 2.76402659773e-113
350.0 0.0072074531854 7.11694160258e-112
348.0 0.00683392029469 1.79534170183e-110
346.0 0.00736040254657 4.43714240522e-109
344.0 0.00847045534314 1.07439047043e-107
342.0 0.00987450280893 2.54872782382e-106
340.0 0.00990062370644 5.92362155168e-105
338.0 0.0096945796405 1.34881901878e-103
336.0 0.0102679977745 3.00900278365e-102
334.0 0.00962980087223 6.57648796991e-101
332.0 0.00948903464774 1.40821187587e-99
330.0 0.00725465785094 2.9542313809e-98
328.0 0.00441214371461 6.07188508479e-97
326.0 0.00310174851019 1.22265833306e-95
324.0 0.00287926908374 2.41206614289e-94
322.0 0.00165928664501 4.66203838835e-93
320.0 0.000229890921758 8.82805458646e-92
318.0 4.71051153722e-05 1.63778431081e-90
316.0 -0.00177112944368 2.97680876024e-89
314.0 -0.001034216101 5.30087661656e-88
312.0 -0.000158467186098 9.24798226693e-87
310.0 4.41831278228e-05 1.58069766936e-85
308.0 0.000252136330363 2.64699529655e-84
306.0 0.00167360518481 4.34270229546e-83
304.0 0.00146441470123 6.98022591737e-82
302.0 0.0028608314813 1.09921192591e-80
300.0 0.00342288571297 1.6958831156e-79
298.0 0.00229725431091 2.5633796546e-78
296.0 0.00175206899812 3.79605487383e-77
294.0 0.00247952618544 5.50750071834e-76
292.0 0.00317364070053 7.82851116329e-75
290.0 0.00394038240076 1.09020035712e-73
288.0 0.00221890563506 1.48742815117e-72
286.0 0.00111562835451 1.98823724709e-71
284.0 -0.000326667930212 2.60377196299e-70
282.0 -0.000370316588678 3.34072109214e-69
280.0 -0.00130753539973 4.19933018674e-68
278.0 -0.00116293222373 5.17156944295e-67
276.0 -0.00233981266561 6.23975057188e-66
274.0 -0.00242852628097 7.37589338136e-65
272.0 -0.000732021178887 8.54209826761e-64
270.0 -0.000708237933151 9.69208084474e-63
268.0 -0.00142074738595 1.07738772934e-61
266.0 -0.00315675850591 1.17335533906e-60
264.0 -0.00742540439368 1.25195758222e-59
262.0 -0.0104454980627 1.30873647827e-58
260.0 -0.0109461617846 1.34034726515e-57
258.0 -0.0112314416751 1.34488450361e-56
256.0 -0.00769109451252 1.322072216e-55
254.0 -0.004028622778 1.27329167433e-54
252.0 -0.00297509650129 1.20144294722e-53
250.0 -0.00163877025276 1.11065950422e-52
248.0 -0.00206756688137 1.00591493068e-51
246.0 -0.00369175510647 8.92573735874e-51
244.0 -0.00415236912665 7.75942401862e-50
242.0 -0.00668417501681 6.60872070813e-49
240.0 -0.00709550989828 5.51452163558e-48
238.0 -0.00670806244983 4.50817561051e-47
236.0 -0.00622430330525 3.61074102805e-46
234.0 -0.00425688457815 2.83331196574e-45
232.0 -0.00327245907281 2.17818617696e-44
230.0 -0.00370628735385 1.64058282869e-43
228.0 -0.00420991288895 1.21060905451e-42
226.0 -0.00347312803007 8.75210107085e-42
224.0 -0.00301906598893 6.1990264988e-41
222.0 -0.00100503996612 4.30167538377e-40
220.0 -0.00311014302415 2.92452367774e-39
218.0 -0.00448878839436 1.94794521793e-38
216.0 -0.00645008908182 1.27117030073e-37
214.0 -0.00614934107054 8.12715390149e-37
212.0 -0.00585563882456 5.09078923238e-36
210.0 -0.00500265642198 3.12428637051e-35
208.0 -0.00413375303086 1.87865908706e-34
206.0 -0.00186991521898 1.10687200753e-33
204.0 -7.69182699876e-05 6.39048547623e-33
202.0 0.000457736463891 3.61588249464e-32
200.0 0.000752056421313 2.00553762321e-31
198.0 0.00100734224276 1.09076093533e-30
196.0 0.000929145947004 5.82021091297e-30
194.0 0.00188350437388 3.04934890409e-29
192.0 0.00170892190893 1.57056506752e-28
190.0 7.16317578338e-05 7.96603089914e-28
188.0 0.000639488405865 3.9886474874e-27
186.0 -0.00134092147546 1.97799262778e-26
184.0 -0.0023730930015 9.75480507859e-26
182.0 -0.00260781289494 4.80677694126e-25
180.0 -0.00300927200758 2.37795920669e-24
178.0 -0.00460920945047 1.18573433836e-23
176.0 -0.00395466208084 5.97216037738e-23
174.0 -0.00558232187752 3.03716373445e-22
172.0 -0.00563892825685 1.55491013353e-21
170.0 -0.00472954985698 7.97438640593e-21
168.0 -0.00589724184519 4.0726597371e-20
166.0 -0.00484561749957 2.05908173745e-19
164.0 -0.00485734902273 1.02513046092e-18
162.0 -0.00455194086392 5.00363772908e-18
160.0 -0.00461380868666 2.38613058556e-17
158.0 -0.0043095945018 1.10883609674e-16
156.0 -0.00383495015163 5.0114452267e-16
154.0 -0.0023078735667 2.19971097554e-15
152.0 -0.00235133163814 9.36761135837e-15
150.0 -0.0036341870892 3.86749628687e-14
148.0 -0.00420381215149 1.54716003448e-13
146.0 -0.00511908082836 5.99481154607e-13
144.0 -0.0060357651382 2.24919708935e-12
142.0 -0.00726912570865 8.16960318031e-12
140.0 -0.00872605209509 2.87229803928e-11
138.0 -0.00969523676436 9.77381227573e-11
136.0 -0.011425930987 3.2186062125e-10
134.0 -0.00950061177364 1.02568416926e-09
132.0 -0.00802198772781 3.1628659444e-09
130.0 -0.00417696580252 9.43742793716e-09
128.0 -0.00304230435159 2.72471087777e-08
126.0 -0.00323360880912 7.61153350174e-08
124.0 -0.00409118826354 2.0573212317e-07
122.0 -0.00343720625766 5.38028429785e-07
120.0 -0.00325209936373 1.36137524493e-06
118.0 -0.00415983464694 3.33286286523e-06
116.0 -0.00412902922828 7.89446011683e-06
114.0 -0.00308382386948 1.80922302608e-05
112.0 0.000204903501441 4.01168255564e-05
110.0 0.00321660657601 8.60650289901e-05
108.0 0.00420551176899 0.000178646449328
106.0 0.00078883463456 0.000358783423146
104.0 -0.00122056075803 0.000697179551903
102.0 -0.00430102391466 0.00131080060178
100.0 -0.00465300190863 0.00238460030527
98.0 -0.0031009768923 0.00419750410266
96.0 -0.00270272101925 0.00714950376501
94.0 -0.00325433753969 0.0117838342511
92.0 -0.00289316220768 0.0187951348875
90.0 -0.00413131725386 0.0290122766337
88.0 -0.00501036085857 0.0433446085591
86.0 -0.00590910905306 0.0626842194129
84.0 -0.00628669082044 0.0877653031358
82.0 -0.00522787476877 0.118994388847
80.0 -0.00391507960776 0.156279679333
78.0 -0.00248855538509 0.198899819483
76.0 -0.000574647588193 0.245456925156
74.0 0.00342321308859 0.293951257337
72.0 0.00975052047391 0.341993963938
70.0 0.0126997257844 0.387142634438
68.0 0.0159445285595 0.427309352497
66.0 0.018916357524 0.461162686125
64.0 0.0204123988591 0.488433494549
62.0 0.0232659397124 0.510045461057
60.0 0.0253329800817 0.528024209821
58.0 0.0261265061581 0.545186107528
56.0 0.0289080837331 0.564657007052
54.0 0.0315603766273 0.589309129681
52.0 0.0334337382953 0.62122138035
50.0 0.0365663393469 0.661261389236
48.0 0.0390397529871 0.708860047641
46.0 0.0418064494079 0.762009790794
44.0 0.0454198652488 0.817476646911
42.0 0.0484957321861 0.87118193782
40.0 0.0517686221152 0.918687806565
38.0 0.0539122088597 0.955712848158
36.0 0.056393492641 0.978608339704
34.0 0.0586314033636 0.984738591821
32.0 0.0603218106879 0.972727162797
30.0 0.0583516448495 0.942550956617
28.0 0.0557741952486 0.895484103924
26.0 0.048907184009 0.833911067865
24.0 0.0427704426289 0.761042043123
22.0 0.036349399417 0.68057218307
20.0 0.0304960670524 0.596328758229
18.0 0.0228431736609 0.511947011651
16.0 0.0162165354612 0.430607084693
14.0 0.00872652705124 0.35485256948
12.0 0.00432385819374 0.286498113605
10.0 0.000949424304003 0.226621221956
8.0 -0.00247359549642 0.175623752793
6.0 -0.00467011310048 0.133342678071
4.0 -0.00856239955581 0.0991877413016
2.0 -0.0105643531948 0.0722852279647
0.0 -0.0134629939281 0.0516111743906
-2.0 -0.0155805595751 0.0361027688193
-4.0 -0.015463836129 0.0247422868023
-6.0 -0.0132751913868 0.0166127568099
-8.0 -0.0121451238672 0.0109281366381
-10.0 -0.010554873349 0.00704292494681
-12.0 -0.0116381121169 0.00444695298134
-14.0 -0.0114140151131 0.00275089837942
-16.0 -0.0104503949962 0.00166720532856
-18.0 -0.0101684870719 0.000989933825296
-20.0 -0.00846126524211 0.00057587174492
-22.0 -0.00961673750177 0.000328207052489
-24.0 -0.0116533272569 0.000183262066475
-26.0 -0.0129389893124 0.000100253555047
-28.0 -0.0131599724737 5.37315682503e-05
-30.0 -0.0127477111637 2.82138129608e-05
-32.0 -0.0113246656292 1.45143162448e-05
-34.0 -0.0114406751275 7.31532982751e-06
-36.0 -0.0104145609304 3.61221652073e-06
-38.0 -0.00897495805105 1.74749591477e-06
-40.0 -0.00854819336247 8.28249334737e-07
-42.0 -0.00750217630325 3.84599357439e-07
-44.0 -0.00935760342455 1.74967966699e-07
-46.0 -0.0111007285351 7.79849983917e-08
-48.0 -0.00990982427096 3.40538424282e-08
-50.0 -0.00862485648652 1.45687975657e-08
-52.0 -0.00808392167393 6.10638000697e-09
-54.0 -0.00828619504418 2.50753196595e-09
-56.0 -0.00987766345609 1.0088153012e-09
-58.0 -0.0109309604 3.97630212657e-10
-60.0 -0.00861867228294 1.53549929771e-10
-62.0 -0.00745833736183 5.80928122286e-11
-64.0 -0.00702406492957 2.15326614183e-11
-66.0 -0.00863618648159 7.81943824838e-12
-68.0 -0.0113723330118 2.78199233464e-12
-70.0 -0.0127518980535 9.69703215625e-13
-72.0 -0.0129028152003 3.31149630301e-13
-74.0 -0.0113934020108 1.10792980396e-13
-76.0 -0.0104129159023 3.63163964191e-14
-78.0 -0.00863843225091 1.16626108029e-14
-80.0 -0.00721624086508 3.66936867975e-15
-82.0 -0.00566320128624 1.13106990882e-15
-84.0 -0.00541523296787 3.41578147854e-16
-86.0 -0.00341128594749 1.010632458e-16
-88.0 -0.00299742593722 2.9295366593e-17
-90.0 -0.000372997924714 8.31969037388e-18
-92.0 -3.5351577518e-06 2.31482371361e-18
-94.0 -0.00279875199737 6.31002694274e-19
-96.0 -0.00488604386331 1.68518287256e-19
-98.0 -0.00522180819005 4.40925678022e-20
-100.0 -0.00450519287795 1.13028061258e-20
-102.0 -0.00272714953718 2.83863594113e-21
-104.0 -0.00258171327975 6.98450525084e-22
-106.0 -0.00317903198693 1.68369774845e-22
-108.0 -0.00113306559522 3.97644652157e-23
-110.0 -0.0002125690091 9.20086573112e-24
-112.0 0.00089246584565 2.08576210159e-24
-114.0 0.00070023313662 4.6323715215e-25
-116.0 0.000351960518997 1.00796285049e-25
-118.0 -0.000284753313577 2.14876143587e-26
-120.0 -0.000239044808133 4.48780944325e-27
-122.0 -0.000847478309277 9.18296961082e-28
-124.0 -0.000629887674736 1.84091788978e-28
-126.0 -0.00238532756436 3.61566529946e-29
-128.0 -0.000720357509158 6.95736128663e-30
-130.0 -0.00111849370865 1.31160608657e-30
-132.0 -5.32043962302e-05 2.42250578293e-31
-134.0 -0.000299199319348 4.38357815042e-32
-136.0 -0.00113612890055 7.77132759395e-33
-138.0 -0.002696981091 1.34978380103e-33
-140.0 -0.000860498135968 2.29686642257e-34
-142.0 0.000691431842027 3.82921541085e-35
-144.0 0.000433969255453 6.25441060156e-36
-146.0 -0.00107428964768 1.00084197769e-36
-148.0 -0.00293731044737 1.56908751786e-37
-150.0 -0.00267147344162 2.41007942304e-38
-152.0 -0.0037176431436 3.62675379352e-39
-154.0 -0.00175395318652 5.34696480155e-40
-156.0 -0.00104829123357 7.72323248931e-41
-158.0 -0.000864981614932 1.09293270914e-41
-160.0 -0.000370499065663 1.51527085812e-42
-162.0 -0.00036130063093 2.05820983999e-43
-164.0 -0.00119274746199 2.73899703065e-44
-166.0 -0.000723065008851 3.57105060612e-45
-168.0 0.0020763644829 4.56145064351e-46
-170.0 0.00293538270964 5.70837489279e-47
-172.0 0.00395297678529 6.99881520441e-48
-174.0 0.00393774633098 8.40696226259e-49
-176.0 0.00329521155082 9.89364222449e-50
-178.0 0.00244913856039 1.140711544e-50
-180.0 0.00267313623822 1.28854029414e-51
-182.0 0.000713072835899 1.42601043444e-52
-184.0 -0.000727257153944 1.54614398323e-53
-186.0 -0.000920119165524 1.64240288083e-54
-188.0 -0.000395729894852 1.70927520815e-55
-190.0 -0.000839708730883 1.74279706928e-56
-192.0 -0.000422706201859 1.74094150959e-57
-194.0 -3.22140343968e-05 1.70382141226e-58
-196.0 0.00276811236325 1.63367813021e-59
-198.0 0.00482938428947 1.53465744541e-60
-200.0 0.00558357736215 1.41240399787e-61
-202.0 0.00373869053494 1.27352934828e-62
-204.0 -0.000344431000138 1.12502327947e-63
-206.0 -0.00397368090393 9.73680769535e-65
-208.0 -0.00562508005377 8.25608600014e-66
-210.0 -0.00473996366012 6.85858232122e-67
-212.0 -0.0015932580273 5.58209258211e-68
-214.0 0.00241291856884 4.45104768275e-69
-216.0 0.00341501881731 3.47720255713e-70
-218.0 0.00387314749689 2.66133941436e-71
-220.0 0.0036604729268 1.99559806188e-72
-222.0 0.00136599754426 1.46604875367e-73
-224.0 0.00131596918574 1.05517935305e-74
-226.0 0.000627156318772 7.44057824857e-76
-228.0 0.00026515344845 5.14031370289e-77
-230.0 -0.000136671967 3.4791655273e-78
-232.0 -0.00127874873616 2.30708232079e-79
-234.0 -0.00292474215798 1.49883429906e-80
-236.0 -0.00185485770783 9.53996291634e-82
-238.0 -0.00202795908277 5.94897689518e-83
-240.0 -0.000800176492669 3.6344643217e-84
-242.0 -5.90201636085e-05 2.17540974461e-85
-244.0 0.000328226261408 1.27568738619e-86
-246.0 0.000230174989774 7.32908882279e-88
-248.0 0.000653980546473 4.12532568476e-89
-250.0 9.55190905745e-05 2.27493518916e-90
-252.0 0.00156833165245 1.22908621632e-91
-254.0 0.00209894216033 6.50576242813e-93
-256.0 0.00276824817822 3.37377863623e-94
-258.0 0.00252313634333 1.71410530733e-95
-260.0 0.00278855298244 8.53219843592e-97
-262.0 0.00310261409793 4.16089663542e-98
-264.0 0.00304006541125 1.98799569249e-99
-266.0 0.0017592803839 9.30564504765e-101
-268.0 0.000865254714842 4.26756415574e-102
-270.0 -0.000110234782738 1.91741520327e-103
-272.0 -0.000872010469549 8.44024020216e-105
-274.0 -0.000866793263365 3.63995469615e-106
-276.0 0.000214780844665 1.53794102576e-107
-278.0 0.00314846525651 6.36628267383e-109
-280.0 0.0024514145268 2.58187187129e-110
-282.0 0.00110117374529 1.02585501519e-111
-284.0 -0.00150993109534 3.99337245424e-113
-286.0 -0.00165781025109 1.52298694941e-114
-288.0 -0.000696335035876 5.69056093031e-116
-290.0 0.000603712471863 2.08313063488e-117
-292.0 -0.000893665746794 7.47102974932e-119
-294.0 -0.00145205214799 2.62510668383e-120
-296.0 -0.0018803638608 9.03682728031e-122
-298.0 -0.00306228600067 3.04780753041e-123
-300.0 -0.0016473990118 1.00707456119e-124
-302.0 -0.000272136627563 3.26015497951e-126
-304.0 0.00354369488221 1.03399252196e-127
-306.0 0.00571046246556 3.21291385919e-129
-308.0 0.00604265155398 9.78100088024e-131
-310.0 0.0040005101311 2.9172258017e-132
-312.0 0.00332435881961 8.52431178665e-134
-314.0 0.00104495695439 2.44034449356e-135
-316.0 0.00192689084887 6.84455917207e-137
-318.0 0.00265483720469 1.88079888433e-138
-320.0 0.00436653312242 5.06339451291e-140
-322.0 0.00457478069844 1.33549942933e-141
-324.0 0.00557811946403 3.45102558411e-143
-326.0 0.00418892206391 8.73685610728e-145
-328.0 0.00354320867201 2.1670289802e-146
-330.0 0.000977103993503 5.26595068259e-148
-332.0 -0.000553940149911 1.25369353893e-149
-334.0 -0.000706197909419 2.92420974375e-151
-336.0 0.00249884235968 6.6823340789e-153
-338.0 0.00524265780814 1.49606471574e-154
-340.0 0.0074151447244 3.28152040108e-156
-342.0 0.00935072143448 7.05183868262e-158
-344.0 0.00836119347395 1.48467761687e-159
-346.0 0.00785426587054 3.06241811731e-161
-348.0 0.00637985920576 6.18869873323e-163
-350.0 0.00482715614805 1.22528390843e-164
-352.0 0.00411062464611 2.37671250003e-166
-354.0 0.00553118723692 4.51667771289e-168
-356.0 0.00639130318119 8.40938211632e-170
-358.0 0.00806969396192 1.53395141121e-171
-360.0 0.00843884962612 2.74133210076e-173
-362.0 0.00777732565356 4.79970153517e-175
-364.0 0.00653802965202 8.23321287292e-177
-366.0 0.00563000135164 1.383652362e-178
-368.0 0.00507191168899 2.27817543784e-180
-370.0 0.00577875595693 3.67493679103e-182
-372.0 0.00555285176505 5.80784629262e-184
-374.0 0.0080565983864 8.99255052237e-186
-376.0 0.0110564753587 1.36412193031e-187
-378.0 0.0107677889098 2.02733737725e-189
-380.0 0.0106189611715 2.95189833346e-191
-382.0 0.0104444638074 4.2109423556e-193
-384.0 0.00990139391635 5.8851797073e-195
-386.0 0.0122194167718 8.05828630167e-197
-388.0 0.014385954208 1.08100621247e-198
-390.0 0.0122039692995 1.42074526836e-200
-392.0 0.0147037388484 1.82939201396e-202
-394.0 0.0110833600654 2.30780904647e-204
-396.0 0.0133751984999 2.85230193126e-206
-398.0 0.0 3.45377190638e-208
-400.0 0.0 4.09726771027e-210
