# # timestamp: 2456584.63158
# # Gaussian 1 [amp, RV +/- err, wid]: 1.01 57.83 0.08 13.30
# # Gaussian 2 [amp, RV +/- err, wid]: 0.49 89.32 0.16 11.00
# # Uncorrected_RV, BF_amp, Gaussian_fit
# 
###
###
400.0 0.0 1.6562099602e-144
398.0 0.0 7.85316843625e-143
396.0 0.0244081374711 3.64040719037e-141
394.0 0.0198087593742 1.64979713634e-139
392.0 0.0241903191706 7.30948296333e-138
390.0 0.0205531895909 3.16605388269e-136
388.0 0.0217168414517 1.34068106659e-134
386.0 0.019957088515 5.55019422826e-133
384.0 0.018898192081 2.24629307134e-131
382.0 0.0169406988203 8.88792097341e-130
380.0 0.0144739401562 3.43802857646e-128
378.0 0.0126591025563 1.30015254586e-126
376.0 0.0102535585656 4.80678469958e-125
374.0 0.00918235805817 1.73736296821e-123
372.0 0.00867155566686 6.13906146135e-122
370.0 0.00939414274118 2.12074735106e-120
368.0 0.00868931863024 7.16228199089e-119
366.0 0.00825777749307 2.36477284358e-117
364.0 0.00766658953771 7.63313553366e-116
362.0 0.00677262468081 2.4087517819e-114
360.0 0.00590807656765 7.43116073155e-113
358.0 0.00418545441095 2.24128348882e-111
356.0 0.00345948001001 6.60864554991e-110
354.0 0.00368939105324 1.90503806525e-108
352.0 0.00357077844937 5.36871546098e-107
350.0 0.00486846465305 1.47915146274e-105
348.0 0.00620420786533 3.9841019055e-104
346.0 0.00585401666338 1.04911660297e-102
344.0 0.00658320390155 2.70080116758e-101
342.0 0.00610457033643 6.79730873551e-100
340.0 0.0076570979396 1.67246450875e-98
338.0 0.00840257704784 4.02302151805e-97
336.0 0.00902624522874 9.4607013126e-96
334.0 0.00688463276479 2.17505297097e-94
332.0 0.00544126396008 4.88868298657e-93
330.0 0.00310099396829 1.07421062622e-91
328.0 0.00279756733011 2.3076106965e-90
326.0 0.000839894890629 4.84630980567e-89
324.0 0.000281368869998 9.9502807423e-88
322.0 -5.49433465752e-07 1.99726193957e-86
320.0 0.00211623438503 3.91931571233e-85
318.0 0.00340170848526 7.51901587821e-84
316.0 0.00297327245466 1.41022135248e-82
314.0 0.000525470666175 2.58576528859e-81
312.0 -0.000784604795385 4.63517832528e-80
310.0 -0.00270181238084 8.12305369049e-79
308.0 -0.0020934024627 1.39170674282e-77
306.0 -0.00253614733101 2.33105043452e-76
304.0 -0.00203433394655 3.81707892388e-75
302.0 -0.0013218387783 6.1106321536e-74
300.0 -0.000339683174104 9.563495863e-73
298.0 -0.00149584330441 1.46326417967e-71
296.0 -0.00130219193739 2.18879125419e-70
294.0 -0.00169160844359 3.20082175551e-69
292.0 -0.00312655243372 4.57608611784e-68
290.0 -0.00416103192074 6.39591174329e-67
288.0 -0.00460515250427 8.73949527517e-66
286.0 -0.00326962992481 1.1674705561e-64
284.0 -0.00191182143733 1.5246893386e-63
282.0 -0.00233310247631 1.94667256341e-62
280.0 -0.00474707526207 2.42985900544e-61
278.0 -0.00583998085965 2.96515074836e-60
276.0 -0.00625084469306 3.53746102845e-59
274.0 -0.00366480851172 4.12589957086e-58
272.0 -0.000358016673798 4.70471010062e-57
270.0 0.00199254536574 5.24497231412e-56
268.0 0.00245587825064 5.71695658372e-55
266.0 0.000847100004498 6.09289625422e-54
264.0 -0.00298814606164 6.34984492191e-53
262.0 -0.00592640353904 6.47223701392e-52
260.0 -0.00759529997055 6.45378297975e-51
258.0 -0.00729266714071 6.29840647156e-50
256.0 -0.00651412362072 6.02005778914e-49
254.0 -0.00401496527742 5.64139319247e-48
252.0 -0.0020542326426 5.19146656625e-47
250.0 -0.00109607658577 4.70271342127e-46
248.0 -0.000116991566671 4.20759925691e-45
246.0 -0.000201863711181 3.73534561163e-44
244.0 -0.000148837710237 3.30913612646e-43
242.0 -0.00135116802673 2.94414499003e-42
240.0 -0.00109505660804 2.64662712808e-41
238.0 -0.00171357558197 2.41417164029e-40
236.0 0.000527552040771 2.23705975441e-39
234.0 0.000662841851905 2.10050529631e-38
232.0 0.00107482065924 1.9874159554e-37
230.0 4.48538289392e-05 1.88122737061e-36
228.0 -0.00121004480798 1.76835419814e-35
226.0 -0.00141507447616 1.63988285809e-34
224.0 -0.00221087367156 1.49228762462e-33
222.0 -0.0037009232986 1.32715112424e-32
220.0 -0.00532470082354 1.15006443682e-31
218.0 -0.0037519029111 9.69023760941e-31
216.0 -0.00362130779756 7.92698426992e-30
214.0 -0.00303939601624 6.28912411986e-29
212.0 -0.00522631217847 4.83577544689e-28
210.0 -0.00724641382581 3.60177740899e-27
208.0 -0.00714101356794 2.59770375693e-26
206.0 -0.00561694104557 1.81374969727e-25
204.0 -0.00468684920405 1.22575783221e-24
202.0 -0.00503063974215 8.01711620224e-24
200.0 -0.00579530373045 5.07434231785e-23
198.0 -0.00685088804878 3.10786447543e-22
196.0 -0.00881106137753 1.84181214466e-21
194.0 -0.00951675007076 1.05612455672e-20
192.0 -0.0096713194523 5.8595051219e-20
190.0 -0.0107051458554 3.14539308236e-19
188.0 -0.0102076062358 1.63362101263e-18
186.0 -0.00988511253817 8.20891482961e-18
184.0 -0.00771650376514 3.99093793746e-17
182.0 -0.00550396646962 1.87722576093e-16
180.0 -0.0031485388571 8.54296156622e-16
178.0 -0.00425094533712 3.76139866248e-15
176.0 -0.00427352067697 1.60227895284e-14
174.0 -0.00537986801787 6.60349532698e-14
172.0 -0.00505829086355 2.63303078318e-13
170.0 -0.00763501693387 1.01574289547e-12
168.0 -0.00746188867351 3.79102844794e-12
166.0 -0.00705136825452 1.36891151927e-11
164.0 -0.00661310301826 4.78231924545e-11
162.0 -0.00564040837075 1.61639102736e-10
160.0 -0.00443966078753 5.28565557609e-10
158.0 -0.00416971868107 1.67222911344e-09
156.0 -0.0010475353115 5.11843463962e-09
154.0 0.000905578648364 1.51573408627e-08
152.0 0.00108473433668 4.34263571749e-08
150.0 0.00192205364303 1.20372812674e-07
148.0 0.00269993969082 3.22810900119e-07
146.0 0.0030537976586 8.37554261905e-07
144.0 0.00300935750259 2.10243689966e-06
142.0 0.00255110616301 5.10597405262e-06
140.0 0.000318822540491 1.19972116403e-05
138.0 -0.00191000439602 2.7272736941e-05
136.0 -0.00434749685979 5.99825039022e-05
134.0 -0.00513359290216 0.000127634748379
132.0 -0.00457580737106 0.000262762285802
130.0 -0.0018543211252 0.000523369726247
128.0 -0.00324390132951 0.00100857416775
126.0 -0.00460651201101 0.00188045815121
124.0 -0.00387000362295 0.00339218829271
122.0 -0.0036005905023 0.00592054672212
120.0 -0.00370631827177 0.0099980694441
118.0 -0.00456995991131 0.016336246018
116.0 -0.00744211899139 0.0258275264585
114.0 -0.00758189172561 0.0395116464531
112.0 -0.00393242748907 0.0584928924571
110.0 -0.00267873139011 0.0838011371498
108.0 -0.00201583756868 0.116201563483
106.0 -0.00215250669223 0.155974854411
104.0 -0.000607494853086 0.202707711303
102.0 0.00183055369155 0.255147184505
100.0 0.00616024487637 0.311175002465
98.0 0.00996437097633 0.367944966319
96.0 0.0129918649239 0.422196676042
94.0 0.0168672076773 0.470717162323
92.0 0.0204706188236 0.510878562018
90.0 0.0225089047851 0.541147742125
88.0 0.024343752181 0.561454293846
86.0 0.0260853925101 0.573322382809
84.0 0.0277959137265 0.579716922728
82.0 0.0298438017217 0.584614638006
80.0 0.0301563603217 0.592370119469
78.0 0.0306728185745 0.606990499666
76.0 0.031063175519 0.631449539599
74.0 0.0317378340268 0.667160331138
72.0 0.0356893888731 0.713690886676
70.0 0.0392608701982 0.768759119262
68.0 0.0432411188732 0.828494844524
66.0 0.0484384389031 0.887915990895
64.0 0.0523936015491 0.941539669721
62.0 0.0542925041823 0.984037520422
60.0 0.0562822235794 1.01084729088
58.0 0.0563321042072 1.01866603113
56.0 0.0556842108245 1.0057713706
54.0 0.054039704139 0.972143042612
52.0 0.05092593926 0.919384079952
50.0 0.0465152827995 0.850466765576
48.0 0.0413429675411 0.769349265697
46.0 0.0364639196797 0.680522083737
44.0 0.0298131183496 0.588547282631
42.0 0.0227376874231 0.497647649744
40.0 0.0155372508712 0.411389201733
38.0 0.0080504843007 0.332481667603
36.0 0.00155986268984 0.262701598169
34.0 -0.00363906799177 0.202925129245
32.0 -0.0074339046865 0.153244848602
30.0 -0.00880716455696 0.113138971845
28.0 -0.00959389448399 0.0816609649608
26.0 -0.0110966817218 0.0576225578322
24.0 -0.0129496906794 0.0397508299108
22.0 -0.0130223790176 0.0268086815978
20.0 -0.0130477867887 0.0176758486243
18.0 -0.0121605564483 0.0113935912878
16.0 -0.0116423300955 0.00717986928055
14.0 -0.0120702175497 0.00442331606776
12.0 -0.0130936185629 0.00266412710551
10.0 -0.0116565614367 0.00156869113083
8.0 -0.0113295226427 0.00090301605594
6.0 -0.0104710951857 0.000508193416386
4.0 -0.00836481357207 0.000279600618401
2.0 -0.00896991832286 0.000150391313218
0.0 -0.0112599533193 7.90829582297e-05
-2.0 -0.0118940307516 4.0655433118e-05
-4.0 -0.0144475697277 2.04328905479e-05
-6.0 -0.0137439110244 1.0039603377e-05
-8.0 -0.0101808817829 4.82257326426e-06
-10.0 -0.00753659701086 2.26473109549e-06
-12.0 -0.00662447831527 1.0397525232e-06
-14.0 -0.00659217205629 4.66679639382e-07
-16.0 -0.00810341680915 2.04777980199e-07
-18.0 -0.00938397289324 8.78462419917e-08
-20.0 -0.00848841654412 3.68416142112e-08
-22.0 -0.0086705746136 1.51053100666e-08
-24.0 -0.00939877486409 6.05474934986e-09
-26.0 -0.00964387489701 2.3726748392e-09
-28.0 -0.00953287522496 9.08983105195e-10
-30.0 -0.0100604041493 3.4044654298e-10
-32.0 -0.00995943849771 1.24657259968e-10
-34.0 -0.00972509818326 4.46233073263e-11
-36.0 -0.00912407736245 1.56164194452e-11
-38.0 -0.0089172811076 5.34289581782e-12
-40.0 -0.00895227868606 1.78709433146e-12
-42.0 -0.00971144643136 5.84377894709e-13
-44.0 -0.00944275088178 1.86816663985e-13
-46.0 -0.0104860771662 5.83865718359e-14
-48.0 -0.010077823135 1.78396311671e-14
-50.0 -0.0116593181516 5.32885982912e-15
-52.0 -0.0109469407013 1.55617435123e-15
-54.0 -0.0108869018426 4.4428099948e-16
-56.0 -0.00885279236269 1.24003161627e-16
-58.0 -0.00697983130264 3.38363342973e-17
-60.0 -0.00501714634546 9.02629216464e-18
-62.0 -0.0028334330068 2.35402460129e-18
-64.0 -0.00195155485615 6.00189147799e-19
-66.0 -0.0024758480509 1.49603175042e-19
-68.0 -0.00288271283325 3.64559998405e-20
-70.0 -0.00339317596196 8.6850584881e-21
-72.0 -0.00435639426396 2.02279565508e-21
-74.0 -0.00388479233054 4.60581836957e-22
-76.0 -0.00359895186578 1.02526736538e-22
-78.0 -0.00254860195345 2.23122306608e-23
-80.0 -0.00109745353367 4.74705626091e-24
-82.0 0.000819643334699 9.87373114867e-25
-84.0 0.000325826710515 2.00776901305e-25
-86.0 0.000718897667546 3.99136760059e-26
-88.0 0.00138999358283 7.75720446778e-27
-90.0 0.00117497437482 1.47388731457e-27
-92.0 0.000787488842703 2.73778193738e-28
-94.0 -3.32511483137e-05 4.97174628183e-29
-96.0 -0.000420709551389 8.82662329755e-30
-98.0 0.000853213489888 1.53198939004e-30
-100.0 0.00347328340756 2.59951575401e-31
-102.0 0.00267100353176 4.31225744636e-32
-104.0 0.0018730015641 6.99346553038e-33
-106.0 -0.000247933477019 1.10880640851e-33
-108.0 0.00148291857955 1.718678115e-34
-110.0 0.00130550193847 2.60440725938e-35
-112.0 0.00241986529083 3.85832474597e-36
-114.0 0.0020158002388 5.58810027131e-37
-116.0 0.000710741320556 7.91234350167e-38
-118.0 0.000401233970177 1.0952710455e-38
-120.0 0.000560772184188 1.48222321601e-39
-122.0 0.000719660065961 1.96101604299e-40
-124.0 0.00153248626729 2.53643777662e-41
-126.0 0.00266255180676 3.20732382032e-42
-128.0 0.00200159768753 3.9649429016e-43
-130.0 0.00157731002209 4.7918873083e-44
-132.0 -1.26514624385e-05 5.66176429855e-45
-134.0 5.16727280598e-05 6.53992105416e-46
-136.0 -0.000224094143963 7.38531046393e-47
-138.0 -0.000984499137997 8.15343360185e-48
-140.0 -0.00136128017391 8.80010495024e-49
-142.0 -0.0021000291126 9.28561547396e-50
-144.0 -0.0017682039002 9.57875509487e-51
-146.0 -0.000756591636544 9.66013008614e-52
-148.0 0.000172384808534 9.52428562078e-53
-150.0 0.00124291371407 9.18031065654e-54
-152.0 0.00152604647699 8.65083194785e-55
-154.0 0.00135936437708 7.96955191381e-56
-156.0 0.00104419149883 7.17770265738e-57
-158.0 9.60442887228e-05 6.31993415464e-58
-160.0 -0.000902194920685 5.44020386363e-59
-162.0 -0.000322768158734 4.57818487649e-60
-164.0 0.000968405584955 3.76657837846e-61
-166.0 0.00194206892735 3.02953673229e-62
-168.0 0.00262613820239 2.38221506565e-63
-170.0 0.00148943569086 1.8313073651e-64
-172.0 0.000427305446592 1.37631248023e-65
-174.0 -0.000148881628403 1.0112263666e-66
-176.0 -0.000593739405111 7.26365573651e-68
-178.0 -0.00242611185054 5.10079243085e-69
-180.0 -0.0030203827822 3.50183420283e-70
-182.0 -0.00378271177554 2.35033106236e-71
-184.0 -0.00393967395489 1.54219052754e-72
-186.0 -0.00178376227967 9.89287571504e-74
-188.0 -0.000718356272841 6.20415451807e-75
-190.0 2.83748466911e-05 3.80380451031e-76
-192.0 0.00116241472971 2.27997089637e-77
-194.0 -0.000459474332749 1.33602919471e-78
-196.0 -0.00215365427302 7.65381788288e-80
-198.0 0.00047491875882 4.28662834147e-81
-200.0 0.0011249084508 2.34708635464e-82
-202.0 0.00194516148833 1.25637080807e-83
-204.0 0.00280126825853 6.57479378827e-85
-206.0 3.54264244552e-05 3.36373648783e-86
-208.0 -0.00146560961706 1.68243125233e-87
-210.0 -0.000510908260761 8.22674846359e-89
-212.0 -0.00137750429489 3.93273461979e-90
-214.0 0.000599005411402 1.83796228169e-91
-216.0 0.00407912455621 8.39757862604e-93
-218.0 0.00605365113324 3.75100025615e-94
-220.0 0.0065260509482 1.638006571e-95
-222.0 0.00607226577731 6.99293862033e-97
-224.0 0.00305338550983 2.9186318924e-98
-226.0 0.0017576649418 1.1908977153e-99
-228.0 0.000205173661046 4.75056353945e-101
-230.0 -5.98430035946e-05 1.85264125669e-102
-232.0 -0.000463160096926 7.06338797996e-104
-234.0 0.00136434237163 2.6327542565e-105
-236.0 0.000352170878936 9.59363333833e-107
-238.0 -0.00087167381822 3.41768033317e-108
-240.0 0.00021085519503 1.19029687498e-109
-242.0 0.00110967638705 4.05279538887e-111
-244.0 -7.38678066226e-05 1.34905480793e-112
-246.0 -0.00191931344922 4.39015688851e-114
-248.0 -0.00270674883684 1.39670927796e-115
-250.0 -0.00136057455088 4.34417714373e-117
-252.0 0.00276307916817 1.32094448298e-118
-254.0 0.00407343986041 3.92678510742e-120
-256.0 0.003011118136 1.14120912598e-121
-258.0 0.00036312044269 3.24241699809e-123
-260.0 -0.00051494094448 9.0063336084e-125
-262.0 -0.00212114352505 2.44569740673e-126
-264.0 -0.00327525889143 6.49281377995e-128
-266.0 -0.00345137040571 1.68515053239e-129
-268.0 -0.00417344625435 4.27582564394e-131
-270.0 -0.00467442460356 1.06066149763e-132
-272.0 -0.00294779127277 2.57222616392e-134
-274.0 -0.00134031261572 6.09841576683e-136
-276.0 -0.000640769958917 1.41351505551e-137
-278.0 0.00106533191146 3.20301799341e-139
-280.0 7.96369056845e-05 7.09567718173e-141
-282.0 -0.000264575275097 1.53675222462e-142
-284.0 0.00106808954579 3.25378897124e-144
-286.0 0.00256681449924 6.73519921501e-146
-288.0 0.0020730439395 1.36297233195e-147
-290.0 0.00374412368283 2.6964921767e-149
-292.0 0.00382653252035 5.21539036345e-151
-294.0 0.00457195751437 9.86165957619e-153
-296.0 0.00609627460185 1.82300862711e-154
-298.0 0.00663791585037 3.29460210802e-156
-300.0 0.00591560316319 5.8209350155e-158
-302.0 0.0061434791834 1.0054444024e-159
-304.0 0.00549055427286 1.69784836663e-161
-306.0 0.00353707477879 2.8029494955e-163
-308.0 0.00148557311374 4.52383935898e-165
-310.0 0.000903477702326 7.1379681836e-167
-312.0 0.000564586935915 1.10107669774e-168
-314.0 0.00104061743802 1.6604892426e-170
-316.0 0.00109318707565 2.44810528755e-172
-318.0 0.00150562909128 3.52857740047e-174
-320.0 0.000524766357429 4.97215587852e-176
-322.0 0.000356315964021 6.84960225465e-178
-324.0 0.000237581751881 9.22489650095e-180
-326.0 0.000736791953824 1.21459973473e-181
-328.0 0.000609192439683 1.56343702429e-183
-330.0 0.000337635916097 1.96744741574e-185
-332.0 -0.00044223229068 2.42047948379e-187
-334.0 0.00063285770217 2.91122122443e-189
-336.0 0.00311580003262 3.42313906442e-191
-338.0 0.00486782287738 3.93504231862e-193
-340.0 0.0045930133699 4.42231631059e-195
-342.0 0.00512158955724 4.85876314931e-197
-344.0 0.00424433750055 5.21887849825e-199
-346.0 0.00528112214802 5.48029799267e-201
-348.0 0.00504856965244 5.62609022684e-203
-350.0 0.00512535364081 5.64657033707e-205
-352.0 0.00459657645756 5.54036430731e-207
-354.0 0.00650748256186 5.31456146236e-209
-356.0 0.0073470481319 4.98393163057e-211
-358.0 0.00832999630927 4.56932710374e-213
-360.0 0.00771359618196 4.09550964141e-215
-362.0 0.00642006178918 3.58871679533e-217
-364.0 0.006216525568 3.07429792947e-219
-366.0 0.0072411224675 2.574709579e-221
-368.0 0.00824658110803 2.1080750868e-223
-370.0 0.0078199097715 1.68740539635e-225
-372.0 0.00771917939201 1.32046934171e-227
-374.0 0.00642676704974 1.01021250891e-229
-376.0 0.00679305922341 7.55566496638e-232
-378.0 0.00744173739938 5.52469329875e-234
-380.0 0.00833837495936 3.94929145287e-236
-382.0 0.00998237962381 2.7599786854e-238
-384.0 0.0107919258691 1.88567916166e-240
-386.0 0.0113249877137 1.25952098073e-242
-388.0 0.0116822940565 8.22467113342e-245
-390.0 0.0105369746577 5.25057912598e-247
-392.0 0.012046825637 3.27696199491e-249
-394.0 0.00903780592058 1.99945268929e-251
-396.0 0.00988240917282 1.19268674025e-253
-398.0 0.0 6.95532103517e-256
-400.0 0.0 3.96536802841e-258
