# # timestamp: 2456815.78483
# # Gaussian 1 [amp, RV +/- err, wid]: 1.01 29.21 0.07 12.32
# # Gaussian 2 [amp, RV +/- err, wid]: 0.47 61.52 0.15 11.00
# # Uncorrected_RV, BF_amp, Gaussian_fit
# 
###
###
400.0 0.0 2.29340530637e-197
398.0 0.0 2.9933577028e-195
396.0 0.0189892164247 3.80534194282e-193
394.0 0.0135762047055 4.71179106472e-191
392.0 0.0172414480755 5.68245005078e-189
390.0 0.0115956254036 6.67486515929e-187
388.0 0.0116896616123 7.63671592154e-185
386.0 0.0113170165308 8.50997033589e-183
384.0 0.0108333432175 9.23648511321e-181
382.0 0.0127940353089 9.76433591348e-179
380.0 0.0129758059665 1.00539332538e-176
378.0 0.0117644957899 1.0082927177e-174
376.0 0.0117705911147 9.84905765169e-173
374.0 0.0134498913062 9.37044620382e-171
372.0 0.0130119991209 8.68327662818e-169
370.0 0.0135684672776 7.83727686247e-167
368.0 0.0125365750922 6.88978498877e-165
366.0 0.0120434872484 5.89938026586e-163
364.0 0.0143041753155 4.9200517705e-161
362.0 0.0145495399231 3.99668176292e-159
360.0 0.0129175949224 3.16230042179e-157
358.0 0.0107655566347 2.43720745857e-155
356.0 0.00776682298477 1.82973627337e-153
354.0 0.00562939220371 1.33821683587e-151
352.0 0.00611987593437 9.53599689032e-150
350.0 0.00492294090513 6.62227220978e-148
348.0 0.00512274653981 4.48347176825e-146
346.0 0.00560640529467 2.96114102526e-144
344.0 0.00571260620461 1.90976176025e-142
342.0 0.0053873228242 1.20468192038e-140
340.0 0.00686189192128 7.45117631133e-139
338.0 0.00585139037742 4.53601797525e-137
336.0 0.00646073563821 2.73263175564e-135
334.0 0.00505999497503 1.64101947047e-133
332.0 0.00373029855081 9.91083130241e-132
330.0 0.00340489420906 6.07464951265e-130
328.0 0.00476609422661 3.80565071726e-128
326.0 0.00627433200997 2.44337114427e-126
324.0 0.00652663927384 1.60300309215e-124
322.0 0.00489555556418 1.06656697315e-122
320.0 0.0028625149917 7.12696146585e-121
318.0 0.00223979831995 4.73683742179e-119
316.0 4.36611910488e-05 3.10603629635e-117
314.0 -0.000666249136941 1.99695487291e-115
312.0 -0.00125398024798 1.25329692696e-113
310.0 -0.000252849401876 7.65505592763e-112
308.0 0.00140095017712 4.54121418763e-110
306.0 0.00193983809045 2.61303320051e-108
304.0 0.00115875133833 1.4570936262e-106
302.0 0.000722322433623 7.86957947327e-105
300.0 0.000941317517456 4.11504907961e-103
298.0 0.00181715616321 2.08282003292e-101
296.0 0.00268271030606 1.02026242444e-99
294.0 0.00236715781182 4.83625686848e-98
292.0 0.00171604815528 2.21826568393e-96
290.0 0.00118623922438 9.84473645432e-95
288.0 0.000417034520841 4.22734097061e-93
286.0 0.000907162730258 1.75628053198e-91
284.0 0.00211497709337 7.05956047856e-90
282.0 0.00178334199586 2.74545505814e-88
280.0 0.00128369696304 1.03300158402e-86
278.0 0.000415685786347 3.7604133829e-85
276.0 -0.000131599509102 1.32439259677e-83
274.0 -5.16100556717e-05 4.51277285519e-82
272.0 0.00251999776432 1.4876990773e-80
270.0 0.00138487915161 4.74494429422e-79
268.0 0.000661017658638 1.46416898957e-77
266.0 -0.000764070159501 4.37114393542e-76
264.0 -0.00252876032789 1.26253274606e-74
262.0 -0.00457926996644 3.52804169245e-73
260.0 -0.00628378071376 9.53823873114e-72
258.0 -0.00663181409818 2.49485909279e-70
256.0 -0.00636745532311 6.31345604891e-69
254.0 -0.00284941463852 1.54572264651e-67
252.0 -0.00201431739882 3.66133291878e-66
250.0 -0.00134885380094 8.39054349137e-65
248.0 -0.00325350046509 1.86030508151e-63
246.0 -0.00246260684389 3.99044608627e-62
244.0 -0.0038645243766 8.28136468229e-61
242.0 -0.00388568540477 1.66274462566e-59
240.0 -0.004792881097 3.22992450409e-58
238.0 -0.00425596776342 6.07019107174e-57
236.0 -0.00404086075159 1.10371138075e-55
234.0 -0.00206136411957 1.94156460616e-54
232.0 -0.00225620042108 3.30439028626e-53
230.0 -0.00369171250771 5.44094067446e-52
228.0 -0.00651162925251 8.66761887384e-51
226.0 -0.0080770707782 1.33588410973e-49
224.0 -0.00888320037404 1.9919614164e-48
222.0 -0.00617194298649 2.87366554086e-47
220.0 -0.00360298860306 4.01083391042e-46
218.0 -0.00106979384001 5.41597056477e-45
216.0 -0.000785820884079 7.07556413039e-44
214.0 -0.00136093780348 8.94311893919e-43
212.0 -0.00325841651676 1.0936040261e-41
210.0 -0.00328190183029 1.2938214669e-40
208.0 -0.00329156573415 1.48092056197e-39
206.0 -0.00250985096469 1.63995651309e-38
204.0 -0.00138545082492 1.75701738599e-37
202.0 -0.000204732041732 1.82122223545e-36
200.0 0.000404960665874 1.82638775648e-35
198.0 3.51969260184e-05 1.77201008089e-34
196.0 -0.00172738968755 1.66334580537e-33
194.0 -0.00301750637583 1.51057420524e-32
192.0 -0.00324122429601 1.32722556755e-31
190.0 -0.00311203406433 1.12821162971e-30
188.0 -0.00264903636459 9.27853826049e-30
186.0 -0.000866028758499 7.38264034273e-29
184.0 0.000442776814432 5.68312250988e-28
182.0 0.00103869989934 4.2325829935e-27
180.0 -0.000732555671777 3.04977011925e-26
178.0 -0.00135672982174 2.12604222325e-25
176.0 -0.00163363289509 1.43390316617e-24
174.0 0.000194116606752 9.3564460995e-24
172.0 -0.000657846525191 5.90670354674e-23
170.0 -0.00205096738881 3.60763496154e-22
168.0 -0.00406323941156 2.13178380094e-21
166.0 -0.00412665412828 1.21872827422e-20
164.0 -0.00345105553745 6.74083620231e-20
162.0 -0.00266487878742 3.60714682503e-19
160.0 -0.00234095951513 1.86748458143e-18
158.0 -0.0016445778404 9.35391433812e-18
156.0 -0.00245731210442 4.53286631728e-17
154.0 -0.00293692994219 2.1251793792e-16
152.0 -0.00344980968228 9.63965376487e-16
150.0 -0.00459123095379 4.23029289247e-15
148.0 -0.00391722168978 1.79606727903e-14
146.0 -0.00319306511239 7.37764792194e-14
144.0 -0.00342867458533 2.93194901215e-13
142.0 -0.0032916575669 1.12729625677e-12
140.0 -0.00359869841605 4.1933670828e-12
138.0 -0.00416434697301 1.50914464112e-11
136.0 -0.00405347128863 5.25462853554e-11
134.0 -0.00304508602326 1.77009406993e-10
132.0 -0.00222550798011 5.76891116953e-10
130.0 -0.000522521344934 1.81900770694e-09
128.0 -0.000172908936616 5.54904717147e-09
126.0 -0.000565768333794 1.63774202725e-08
124.0 -0.00104799479643 4.6764444879e-08
122.0 -0.00104535937212 1.29190120082e-07
120.0 -0.00035760876935 3.45291646632e-07
118.0 0.00204070761403 8.92865667201e-07
116.0 0.00270882657718 2.23372393497e-06
114.0 0.000806831712757 5.40650053035e-06
112.0 -0.000631213951997 1.26603716785e-05
110.0 -0.00380410482205 2.8682712465e-05
108.0 -0.00465748404853 6.28691638459e-05
106.0 -0.0064018419539 0.000133321149796
104.0 -0.00745825146213 0.000273529767635
102.0 -0.00888990259441 0.000542943594771
100.0 -0.00841011837276 0.00104267738913
98.0 -0.00840477234484 0.001937274255
96.0 -0.00775843986863 0.00348240509164
94.0 -0.00749552522062 0.00605642178236
92.0 -0.00573380343047 0.0101906973672
90.0 -0.00446407338974 0.0165899869582
88.0 -0.00551423478592 0.0261304850573
86.0 -0.00624978158584 0.0398213007772
84.0 -0.00583846141264 0.0587165704199
82.0 -0.00477542061191 0.0837720463144
80.0 -0.00406417249833 0.11565238311
78.0 -0.00275105993796 0.154512223792
76.0 -0.00178196092832 0.199791918077
74.0 0.00054545157099 0.250081613475
72.0 0.00426216961271 0.303109279229
70.0 0.0084474187178 0.35589437061
68.0 0.0136514612015 0.405078784895
66.0 0.0177801816771 0.447405446628
64.0 0.0205904553296 0.480272263793
62.0 0.0210502223138 0.502257742062
60.0 0.0212728977552 0.513505071407
58.0 0.0212182376811 0.515869263027
56.0 0.0219822346843 0.512774291146
54.0 0.0217330827351 0.508784178478
52.0 0.0222433218559 0.508949363793
50.0 0.0229607537639 0.518033739869
48.0 0.0244395984178 0.539749265839
46.0 0.0262901748244 0.576121547221
44.0 0.028485461243 0.62708494973
42.0 0.0337271684406 0.690367138101
40.0 0.038713935252 0.761678639503
38.0 0.0452587510667 0.835179945526
36.0 0.0495548880803 0.904161526533
34.0 0.0530377803135 0.961844156145
32.0 0.0539473270359 1.00219075029
30.0 0.0554909582499 1.0206189023
28.0 0.0548236185468 1.01451702728
26.0 0.053814215581 0.983496085683
24.0 0.0507095281102 0.929349732654
22.0 0.0471909525269 0.855741735452
20.0 0.0413728812939 0.767681891008
18.0 0.0343994521913 0.670881901549
16.0 0.0265216549803 0.571094751065
14.0 0.0183214659616 0.473533409883
12.0 0.0117160483029 0.382440236309
10.0 0.00776070492264 0.300843975383
8.0 0.00216832336246 0.230505118706
6.0 -0.00212257137135 0.172020211456
4.0 -0.00735562331276 0.125036547287
2.0 -0.0118903557279 0.0885222547971
0.0 -0.0139955190489 0.0610415609499
-2.0 -0.0133371757201 0.040997396619
-4.0 -0.0132038318252 0.0268191069709
-6.0 -0.0122660925108 0.0170879386116
-8.0 -0.0113240121467 0.0106045522796
-10.0 -0.0108114320272 0.00640991519111
-12.0 -0.00969822911226 0.00377371853111
-14.0 -0.0096715930792 0.00216393392703
-16.0 -0.00864368262349 0.001208580981
-18.0 -0.00967389400348 0.000657453106972
-20.0 -0.00993526199825 0.000348346197932
-22.0 -0.0115641081884 0.000179768929898
-24.0 -0.0125200259647 9.03598408631e-05
-26.0 -0.0132516986254 4.42378026798e-05
-28.0 -0.0113644235195 2.10944838071e-05
-30.0 -0.0114508881632 9.79718983558e-06
-32.0 -0.011668348466 4.43191486873e-06
-34.0 -0.0118032281024 1.9527136468e-06
-36.0 -0.0105745827731 8.37997993429e-07
-38.0 -0.00985936663345 3.50271386567e-07
-40.0 -0.00887970479583 1.42601341097e-07
-42.0 -0.00907499059482 5.65457311121e-08
-44.0 -0.00903198399238 2.18390278938e-08
-46.0 -0.00793452962228 8.21531173805e-09
-48.0 -0.00784375474189 3.01003855293e-09
-50.0 -0.00819262320212 1.07418067247e-09
-52.0 -0.00804817576994 3.73370391567e-10
-54.0 -0.00736485881935 1.26403669599e-10
-56.0 -0.00570838386955 4.16808679825e-11
-58.0 -0.0042496606876 1.33866248302e-11
-60.0 -0.00447863317293 4.18757593582e-12
-62.0 -0.00606016310598 1.27588509569e-12
-64.0 -0.00592152572134 3.78632333947e-13
-66.0 -0.00689497787347 1.09441263493e-13
-68.0 -0.00634896669076 3.08107140658e-14
-70.0 -0.00612428754583 8.44850167236e-15
-72.0 -0.00561965196033 2.2563937633e-15
-74.0 -0.0050358378805 5.86958440843e-16
-76.0 -0.00505432830392 1.48715789052e-16
-78.0 -0.00541036490009 3.66998316864e-17
-80.0 -0.00615703973147 8.82121344543e-18
-82.0 -0.00596758729453 2.06514169206e-18
-84.0 -0.0057272626024 4.70899949414e-19
-86.0 -0.00394153949305 1.04583867644e-19
-88.0 -0.00362896931209 2.26234075304e-20
-90.0 -0.00192437349374 4.76659885762e-21
-92.0 -0.000434927052405 9.78174767579e-22
-94.0 -0.000767439945912 1.95515670918e-22
-96.0 0.000875828333561 3.80630823734e-23
-98.0 0.0027174549237 7.21744698625e-24
-100.0 0.00460739888583 1.3329704315e-24
-102.0 0.00427670595304 2.39780959963e-25
-104.0 0.00236299451654 4.20113017628e-26
-106.0 -0.00143858427072 7.16926854722e-27
-108.0 -0.00228797986114 1.19162834127e-27
-110.0 7.23605091085e-05 1.92914141455e-28
-112.0 0.00139144644121 3.04189746351e-29
-114.0 0.00248599960807 4.67177956273e-30
-116.0 0.00258589020795 6.98839396e-31
-118.0 0.00144412612698 1.01819200463e-31
-120.0 -0.000193121220074 1.44490485596e-32
-122.0 -0.00114400581451 1.99712884505e-33
-124.0 -0.00201183309037 2.68862469657e-34
-126.0 -0.00157391747072 3.52542555487e-35
-128.0 -6.22659277677e-05 4.50246326838e-36
-130.0 -0.00100594940326 5.60074853804e-37
-132.0 -0.00097029549276 6.78577156263e-38
-134.0 -0.00134990065348 8.00773443749e-39
-136.0 -0.00071926828449 9.20401577387e-40
-138.0 -0.00180272360083 1.03039160577e-40
-140.0 -0.00229307011201 1.12352964282e-41
-142.0 -0.00306426152696 1.19322961558e-42
-144.0 -0.00217570096082 1.23430013946e-43
-146.0 -0.0025922185993 1.24358306076e-44
-148.0 -0.00323109969942 1.22035471357e-45
-150.0 -0.00298070045126 1.16641912968e-46
-152.0 -0.00333143270739 1.08587653838e-47
-154.0 -0.00225982386744 9.84608388472e-49
-156.0 -0.00255090357316 8.69568659254e-50
-158.0 -0.00254044742646 7.47999816484e-51
-160.0 -0.00396953237174 6.26695201629e-52
-162.0 -0.00344885995942 5.11409172496e-53
-164.0 -0.00459183635158 4.06478821081e-54
-166.0 -0.00417231379185 3.14676707157e-55
-168.0 -0.00205456614086 2.37273117879e-56
-170.0 0.00124616916209 1.74256803318e-57
-172.0 0.00273011703551 1.24648832161e-58
-174.0 0.00361642923127 8.68448262455e-60
-176.0 0.00406489997443 5.8932783318e-61
-178.0 0.00363128432732 3.89517720838e-62
-180.0 0.00353737438187 2.5075797471e-63
-182.0 0.000517344984822 1.57231498017e-64
-184.0 -0.00384573127067 9.60244031198e-66
-186.0 -0.00555013163498 5.71190460895e-67
-188.0 -0.00396566776882 3.30931068139e-68
-190.0 -0.000973573758003 1.86746040193e-69
-192.0 0.00198523452086 1.02641390728e-70
-194.0 0.00146484825853 5.49478772583e-72
-196.0 0.000415857890795 2.86507883593e-73
-198.0 -0.00194889566356 1.45505530005e-74
-200.0 -0.0021981366829 7.19746708251e-76
-202.0 -0.00142023247732 3.4676650471e-77
-204.0 0.00160599563286 1.62724093193e-78
-206.0 0.00197333549995 7.43744632753e-80
-208.0 0.000851524462948 3.31095360158e-81
-210.0 -0.000970140350864 1.43562036491e-82
-212.0 -0.00236728962494 6.06294169022e-84
-214.0 -0.0025239582818 2.49393102559e-85
-216.0 -0.00209784112054 9.99177740096e-87
-218.0 -0.00183021938864 3.89904572025e-88
-220.0 -0.000395992455669 1.48194187791e-89
-222.0 0.00224967637897 5.48606917534e-91
-224.0 0.00310891204575 1.97810187008e-92
-226.0 0.00238261471411 6.94693592389e-94
-228.0 0.00107870472742 2.37626678843e-95
-230.0 -0.00156983422205 7.91688558904e-97
-232.0 -0.00204557742107 2.56903963654e-98
-234.0 -0.00172954651448 8.11978456085e-100
-236.0 -0.000627754346934 2.49962853326e-101
-238.0 0.000743569836695 7.49486312698e-103
-240.0 0.000307269655674 2.18881574516e-104
-242.0 -0.000736219482436 6.22604087677e-106
-244.0 -0.00106567546858 1.7249320703e-107
-246.0 0.000467833971825 4.65467423227e-109
-248.0 0.000172391522293 1.22338697212e-110
-250.0 0.000992381437262 3.13181195013e-112
-252.0 -0.000420375519174 7.80880841867e-114
-254.0 -0.000397684465281 1.89640514336e-115
-256.0 -0.000417186579243 4.48574670272e-117
-258.0 0.000636453336855 1.03346466924e-118
-260.0 -0.000775114734822 2.31906962276e-120
-262.0 -0.00031557684548 5.06861384692e-122
-264.0 0.00119605758401 1.07900110572e-123
-266.0 0.000641780401089 2.23723620707e-125
-268.0 0.00151628508405 4.51813344967e-127
-270.0 0.00160479758556 8.88717096359e-129
-272.0 0.00135660057036 1.70264960058e-130
-274.0 -0.000551478908623 3.1771980869e-132
-276.0 0.000520522847211 5.77458222093e-134
-278.0 0.00107264623667 1.02224292136e-135
-280.0 0.00271987024867 1.76256409913e-137
-282.0 0.00238889836574 2.96000874028e-139
-284.0 0.000222356886303 4.84170508524e-141
-286.0 -0.002093413808 7.71366789825e-143
-288.0 -0.0033610650998 1.19696322345e-144
-290.0 -0.00166497361538 1.8090807085e-146
-292.0 -0.00322433481455 2.66312985614e-148
-294.0 -0.00279900728723 3.8184227596e-150
-296.0 -0.00250300969763 5.33252551288e-152
-298.0 -0.000949438521517 7.25335843806e-154
-300.0 -0.00124341619446 9.60954007882e-156
-302.0 -0.00145048771948 1.24000469902e-157
-304.0 -0.00124309262969 1.55848032862e-159
-306.0 0.00133239398395 1.90781642918e-161
-308.0 0.00284437811891 2.27472609309e-163
-310.0 0.00527848051091 2.64167204184e-165
-312.0 0.00541362401883 2.98803689618e-167
-314.0 0.0032983467765 3.29192761653e-169
-316.0 0.00324676697725 3.53241617119e-171
-318.0 0.00340554315628 3.6919066959e-173
-320.0 0.00311507141519 3.75826011246e-175
-322.0 0.00502439053879 3.72632060664e-177
-324.0 0.00336660320679 3.59857755727e-179
-326.0 0.00197170571014 3.3848449647e-181
-328.0 0.00218767139005 3.10101567518e-183
-330.0 0.00217853086094 2.76710989259e-185
-332.0 0.00242092510798 2.40495036722e-187
-334.0 0.00387127311855 2.03583742784e-189
-336.0 0.00391195161618 1.6785618036e-191
-338.0 0.00593238997643 1.34799674581e-193
-340.0 0.00582332886702 1.05438111022e-195
-342.0 0.0056179220527 8.0327389827e-198
-344.0 0.00457635110596 5.96055855981e-200
-346.0 0.00499573611629 4.30791899671e-202
-348.0 0.00568825063861 3.03253179821e-204
-350.0 0.00635926493681 2.07922009518e-206
-352.0 0.00575548145751 1.38852220657e-208
-354.0 0.00725237397264 9.03155354832e-211
-356.0 0.00960269548474 5.72175632188e-213
-358.0 0.0102773511207 3.53064067765e-215
-360.0 0.00970161325555 2.12194903335e-217
-362.0 0.006567603632 1.24214885072e-219
-364.0 0.00615352567136 7.08222305527e-222
-366.0 0.00691368105416 3.93298984616e-224
-368.0 0.00855866216111 2.12732240978e-226
-370.0 0.00853195307671 1.12073018862e-228
-372.0 0.00774624242572 5.75077123015e-231
-374.0 0.00699644542398 2.87414303693e-233
-376.0 0.0083707135785 1.39909733607e-235
-378.0 0.00808463520584 6.63353075615e-238
-380.0 0.00861768549149 3.06336559162e-240
-382.0 0.00820427499187 1.37787613558e-242
-384.0 0.00846299509581 6.03641086643e-245
-386.0 0.00749321669782 2.57575571211e-247
-388.0 0.00940967106404 1.07050282198e-249
-390.0 0.00925468124879 4.33339449087e-252
-392.0 0.011742240877 1.70854295789e-254
-394.0 0.00866494270615 6.56116325636e-257
-396.0 0.0117820961099 2.45410449537e-259
-398.0 0.0 8.94051473611e-262
-400.0 0.0 3.17240964222e-264
