# # timestamp: 2456557.73275
# # Gaussian 1 [amp, RV +/- err, wid]: 0.98 59.24 0.08 13.26
# # Gaussian 2 [amp, RV +/- err, wid]: 0.49 85.00 0.00 11.00
# # Uncorrected_RV, BF_amp, Gaussian_fit
# 
###
###
400.0 0.0 4.42606675556e-144
398.0 0.0 2.10719278294e-142
396.0 0.0217263608855 9.80652177439e-141
394.0 0.0181417113287 4.46118404406e-139
392.0 0.0238788267968 1.98385396554e-137
390.0 0.0202771672937 8.62370071773e-136
388.0 0.0220185402137 3.66439320108e-134
386.0 0.0193911687044 1.5220708819e-132
384.0 0.017308036661 6.18005162863e-131
382.0 0.01639753853 2.45286555848e-129
380.0 0.014320374183 9.51655591336e-128
378.0 0.0143123363082 3.60919442987e-126
376.0 0.0119850893932 1.33802790152e-124
374.0 0.00937337465496 4.8489139546e-123
372.0 0.00881762526403 1.71770350448e-121
370.0 0.00985847097989 5.94807371813e-120
368.0 0.00942748451189 2.01339459993e-118
366.0 0.00894845788645 6.66201909303e-117
364.0 0.00819416210702 2.15480146942e-115
362.0 0.00678553484629 6.81291655155e-114
360.0 0.00638195735993 2.10563597711e-112
358.0 0.00649320447054 6.36147656691e-111
356.0 0.00680618486899 1.87869806284e-109
354.0 0.00723782462844 5.4235101819e-108
352.0 0.00762652086865 1.53048243101e-106
350.0 0.00748009313021 4.22182914512e-105
348.0 0.00718248521809 1.13840652231e-103
346.0 0.00908730887711 3.00067191414e-102
344.0 0.0105922655211 7.73150547698e-101
342.0 0.0106658733301 1.94730526844e-99
340.0 0.00941901800498 4.7943355469e-98
338.0 0.00822611234206 1.15384435614e-96
336.0 0.00717344014001 2.71450377793e-95
334.0 0.006593135726 6.2424933329e-94
332.0 0.0068844457219 1.40329875661e-92
330.0 0.00533757129097 3.08366087155e-91
328.0 0.00306740291648 6.62380435228e-90
326.0 0.00122748720809 1.39082599357e-88
324.0 0.000611192845444 2.85471342727e-87
322.0 0.000448774099994 5.7276523949e-86
320.0 0.0002115928575 1.12335029877e-84
318.0 0.00018606657089 2.15366511547e-83
316.0 -0.000250915698116 4.03613383193e-82
314.0 0.00114382685969 7.39396447448e-81
312.0 0.000912447870229 1.32407802332e-79
310.0 0.000824451291254 2.3177906762e-78
308.0 -0.000834746301604 3.96605983587e-77
306.0 4.95527930858e-06 6.63389707546e-76
304.0 -0.000490893692438 1.08468244827e-74
302.0 0.000661296876189 1.73364795913e-73
300.0 -0.000536753099504 2.70859223501e-72
298.0 -0.00198392659336 4.13666890686e-71
296.0 -0.00430643805283 6.1756448319e-70
294.0 -0.00506445131167 9.01235472325e-69
292.0 -0.00639833926467 1.285637878e-67
290.0 -0.00542449012996 1.79276538428e-66
288.0 -0.00484689819429 2.44372692088e-65
286.0 -0.00485357794056 3.25616425804e-64
284.0 -0.00487243796746 4.24115703475e-63
282.0 -0.00384204876414 5.39991368701e-62
280.0 -0.0035990714491 6.72068746853e-61
278.0 -0.00243470891742 8.17645402615e-60
276.0 -0.0020846127696 9.72390521273e-59
274.0 -0.00180445357196 1.13042265942e-57
272.0 -0.0011527599068 1.28459259877e-56
270.0 -0.000349910250639 1.42696856587e-55
268.0 8.2698915852e-05 1.54948664952e-54
266.0 -0.000211882191335 1.64469637136e-53
264.0 -0.00263894090997 1.70650722967e-52
262.0 -0.00513502067434 1.73083275187e-51
260.0 -0.0071778635274 1.71603751182e-50
258.0 -0.00824752237827 1.66311918361e-49
256.0 -0.00559506869124 1.5755974915e-48
254.0 -0.00331449460565 1.45912725073e-47
252.0 -0.00210405901521 1.32089462772e-46
250.0 -0.000737315213431 1.16888614523e-45
248.0 -0.00119628759314 1.01113341695e-44
246.0 -0.0029078088193 8.550316015e-44
244.0 -0.00382758729359 7.06808600449e-43
242.0 -0.00338718876111 5.71190665113e-42
240.0 -0.00191459748596 4.51275409948e-41
238.0 0.00142070034769 3.48592070535e-40
236.0 0.00209497006343 2.63306261252e-39
234.0 0.00137391970412 1.94514970822e-38
232.0 -0.000231734928901 1.40576917686e-37
230.0 -0.000695746080103 9.9431415086e-37
228.0 -0.0015600449257 6.88721552493e-36
226.0 -0.000846015407495 4.67572344766e-35
224.0 -0.000446932715621 3.11503483043e-34
222.0 -2.76141537483e-05 2.03984921232e-33
220.0 0.000710024494777 1.3157954283e-32
218.0 -0.000759057144177 8.38308027639e-32
216.0 -0.00220684508607 5.29202016517e-31
214.0 -0.00370097009543 3.32149800409e-30
212.0 -0.0046781817437 2.07957405243e-29
210.0 -0.00575096632769 1.30220568696e-28
208.0 -0.00521256302932 8.16667259577e-28
206.0 -0.00559966821905 5.12812126431e-27
204.0 -0.00511596530622 3.21795022947e-26
202.0 -0.00507858939144 2.01131874659e-25
200.0 -0.00731096923513 1.24705884479e-24
198.0 -0.00926388552412 7.63702872191e-24
196.0 -0.00961723654229 4.60066527169e-23
194.0 -0.00944681819636 2.7165663817e-22
192.0 -0.00917741728363 1.56758347664e-21
190.0 -0.00818291051351 8.8189592582e-21
188.0 -0.00908150771015 4.82807876351e-20
186.0 -0.0100324489401 2.56853095532e-19
184.0 -0.0103412723052 1.32642236801e-18
182.0 -0.0106819932881 6.64376764672e-18
180.0 -0.0108447853285 3.22566688216e-17
178.0 -0.0100529714829 1.51739972986e-16
176.0 -0.00908153109514 6.91366098008e-16
174.0 -0.00803842210115 3.05022998876e-15
172.0 -0.00699867295453 1.3028356527e-14
170.0 -0.00554083142028 5.38661149629e-14
168.0 -0.00659707872411 2.15557060557e-13
166.0 -0.00828269081074 8.34819191168e-13
164.0 -0.00951321643359 3.12879951023e-12
162.0 -0.00947102479235 1.13473968578e-11
160.0 -0.00734426488951 3.98227231808e-11
158.0 -0.00478560198162 1.35228634466e-10
156.0 -0.00479934938557 4.44323302052e-10
154.0 -0.00620390641517 1.41258386753e-09
152.0 -0.00586108285624 4.34518149707e-09
150.0 -0.00683531695014 1.2932287942e-08
148.0 -0.00603228748051 3.72402833926e-08
146.0 -0.00578739909398 1.03757171809e-07
144.0 -0.00597437164471 2.79697770835e-07
142.0 -0.00560970989243 7.29498733289e-07
140.0 -0.00455103837664 1.84087515603e-06
138.0 -0.00428223915116 4.49457511567e-06
136.0 -0.00362714520493 1.06174049713e-05
134.0 -0.00300927634787 2.42669498163e-05
132.0 -0.00220824981148 5.36638106459e-05
130.0 -0.000127010689438 0.000114820834949
128.0 0.00189056004744 0.000237704417359
126.0 0.00407594633731 0.000476142574799
124.0 0.00512172030218 0.00092284242445
122.0 0.00272934918358 0.00173068719688
120.0 0.00199540192806 0.00314067209266
118.0 0.000372315146538 0.00551512886
116.0 -0.00122986895243 0.00937213455248
114.0 -0.00246590793529 0.0154133835479
112.0 -0.00218676966648 0.0245340345014
110.0 -0.00271335676321 0.037800457434
108.0 -0.00129666992023 0.0563822049758
106.0 -0.00179620187711 0.08142970022
104.0 -0.00278361085662 0.113900020774
102.0 -0.00232568477461 0.154348956548
100.0 -0.000874175508322 0.202725043993
98.0 0.00254758361428 0.258215134576
96.0 0.00636025780914 0.319194882915
94.0 0.0107799269987 0.3833262541
92.0 0.015877871024 0.447816479317
90.0 0.0206875138673 0.509813154939
88.0 0.0250564850654 0.566868239052
86.0 0.029642395991 0.617372556914
84.0 0.0324449943171 0.660854014923
82.0 0.0351484645201 0.698053292331
80.0 0.0387957137174 0.73073781137
78.0 0.0411498384311 0.761276900383
76.0 0.0442360222097 0.792061259918
74.0 0.0467147485105 0.824890968647
72.0 0.0493066395296 0.860466662554
70.0 0.0529433825695 0.898095667327
68.0 0.055307441259 0.935675778323
66.0 0.057040995656 0.969957842853
64.0 0.0572767135696 0.997030191757
62.0 0.0565301466363 1.01292658417
60.0 0.0574704181254 1.01424217292
58.0 0.0587041701391 0.998649803899
56.0 0.0563047463566 0.965236754101
54.0 0.0530884091028 0.914621375468
52.0 0.0474203391373 0.848850746574
50.0 0.0411212079845 0.771116259394
48.0 0.0356304548388 0.685348537184
46.0 0.0302828509972 0.595763683786
44.0 0.0236659427008 0.506429992679
42.0 0.0170501947428 0.420910584246
40.0 0.0107407125956 0.34201712007
38.0 0.00460843500924 0.271687367738
36.0 -0.00176784666652 0.21097913194
34.0 -0.00681995791854 0.160157969431
32.0 -0.0095511320633 0.118847696851
30.0 -0.0112067787935 0.0862109818433
28.0 -0.0116476332506 0.0611310525178
26.0 -0.0126054294353 0.0423728170869
24.0 -0.0130030218697 0.0287103332609
22.0 -0.015405704342 0.0190157789851
20.0 -0.0158484230372 0.0123116071191
18.0 -0.0154232360465 0.0077918390138
16.0 -0.0153287068104 0.00482047360413
14.0 -0.0148973555288 0.0029151702094
12.0 -0.0126431011593 0.00172330667637
10.0 -0.0130726708663 0.000995831032165
8.0 -0.0110179863331 0.000562513779229
6.0 -0.00920181459974 0.000310602606281
4.0 -0.00926300491462 0.000167649184217
2.0 -0.00845503661888 8.84549641738e-05
0.0 -0.00886200537778 4.56212724617e-05
-2.0 -0.0104971484713 2.30004850368e-05
-4.0 -0.0127497415566 1.13352476081e-05
-6.0 -0.0136740600303 5.46071416678e-06
-8.0 -0.013680246245 2.57153413961e-06
-10.0 -0.0106328525344 1.18374882413e-06
-12.0 -0.0103453401658 5.32661420952e-07
-14.0 -0.00908787073817 2.34297331583e-07
-16.0 -0.00895688807165 1.00741371257e-07
-18.0 -0.00978633940261 4.23421386648e-08
-20.0 -0.00970404370705 1.73965103011e-08
-22.0 -0.00988350702717 6.98676126e-09
-24.0 -0.00972565427468 2.7429259606e-09
-26.0 -0.00927340869838 1.05263227712e-09
-28.0 -0.00906657992257 3.94878689821e-10
-30.0 -0.0111409096089 1.44802189198e-10
-32.0 -0.0116269285094 5.19052126942e-11
-34.0 -0.0115873167913 1.81874259731e-11
-36.0 -0.0108840365084 6.22953913893e-12
-38.0 -0.0105128858486 2.08576326993e-12
-40.0 -0.00985121340472 6.82650681791e-13
-42.0 -0.00945512022897 2.18401922903e-13
-44.0 -0.00894188029226 6.83028465812e-14
-46.0 -0.00906143385791 2.08807246287e-14
-48.0 -0.00698620821521 6.23988728498e-15
-50.0 -0.00681255022211 1.82277196391e-15
-52.0 -0.00640621026064 5.20489954222e-16
-54.0 -0.0080326559223 1.45283662618e-16
-56.0 -0.00910424230447 3.96410933665e-17
-58.0 -0.00904776355596 1.05730159067e-17
-60.0 -0.00644013597694 2.7566178441e-18
-62.0 -0.00469133547718 7.02552295387e-19
-64.0 -0.0038686682121 1.75027047759e-19
-66.0 -0.00275052148806 4.2624185609e-20
-68.0 -0.00293641819132 1.01468546106e-20
-70.0 -0.00359375562699 2.36119142516e-21
-72.0 -0.00446753800691 5.37100273577e-22
-74.0 -0.00396773327642 1.19427396884e-22
-76.0 -0.00279883592909 2.59583435189e-23
-78.0 -0.00188085546873 5.51536680486e-24
-80.0 -0.000870743658494 1.14550303168e-24
-82.0 -0.00202809484228 2.32564006899e-25
-84.0 -0.0016636499455 4.61544070905e-26
-86.0 -0.00269064061538 8.95381810761e-27
-88.0 -0.00373612553752 1.69796125272e-27
-90.0 -0.00473703367366 3.14754320163e-28
-92.0 -0.0018478993671 5.70348154272e-29
-94.0 -2.89762502277e-05 1.01025916172e-29
-96.0 0.00206752037111 1.74924230145e-30
-98.0 0.00176183662745 2.96068062265e-31
-100.0 0.00144541207509 4.89843746189e-32
-102.0 0.00104749465484 7.92223992309e-33
-104.0 0.00117692118504 1.25245701676e-33
-106.0 0.00117071891576 1.93553971096e-34
-108.0 0.00203686723623 2.92392183427e-35
-110.0 0.00172500616095 4.31771375453e-36
-112.0 0.00231851776319 6.23255833907e-37
-114.0 0.000591975329013 8.79434044659e-38
-116.0 -0.000909822969911 1.21301064507e-38
-118.0 -0.00141669730218 1.63549931554e-39
-120.0 -0.00187378098016 2.15556209348e-40
-122.0 -0.00299373868633 2.77712306349e-41
-124.0 -0.00195831337296 3.49747105623e-42
-126.0 -0.00131266169534 4.30563835817e-43
-128.0 -0.00011567665834 5.18137930684e-44
-130.0 0.0015619048112 6.09505514966e-45
-132.0 0.00161556018333 7.00864897853e-46
-134.0 0.00322311279336 7.87798946089e-47
-136.0 0.00357925502963 8.65607275585e-48
-138.0 0.00464741286026 9.29717096357e-49
-140.0 0.00302868425282 9.76124363617e-50
-142.0 0.00283130495501 1.00180663722e-50
-144.0 0.00136022786462 1.00504862348e-51
-146.0 0.00199019039534 9.85631688881e-53
-148.0 0.00272174185543 9.44858249674e-54
-150.0 0.00260128563925 8.8540725668e-55
-152.0 0.00198052920916 8.11043057878e-56
-154.0 0.00259616921457 7.26221599996e-57
-156.0 0.00344198801194 6.35651138394e-58
-158.0 0.00383046342793 5.43867256203e-59
-160.0 0.00306792973667 4.54874313042e-60
-162.0 -0.000418938862255 3.71889853328e-61
-164.0 -0.00306868426921 2.97208798565e-62
-166.0 -0.00296259907883 2.32184600212e-63
-168.0 -0.000133483359683 1.77308508808e-64
-170.0 0.00276810179796 1.32357988877e-65
-172.0 0.00344307484619 9.65817695865e-67
-174.0 0.00293913128777 6.88913306838e-68
-176.0 0.00295839373135 4.80350674829e-69
-178.0 0.00139477120263 3.27398475815e-70
-180.0 0.000992456891018 2.18131968085e-71
-182.0 -0.00115682953016 1.42064772032e-72
-184.0 -0.00193571257252 9.04436115803e-74
-186.0 -0.00130108125308 5.62851477012e-75
-188.0 0.00135219035754 3.42400303075e-76
-190.0 0.00161969994209 2.03609898402e-77
-192.0 0.0016054916963 1.18355392618e-78
-194.0 0.000791063980392 6.7251446529e-80
-196.0 0.000686503643334 3.73542160439e-81
-198.0 0.00135354752599 2.02815918592e-82
-200.0 0.00319493534614 1.07643762135e-83
-202.0 0.00351036091379 5.58470340536e-85
-204.0 0.00280123480762 2.83227732423e-86
-206.0 0.00111728477686 1.40409293372e-87
-208.0 0.000552970318223 6.80425135647e-89
-210.0 2.20281800116e-05 3.22321488394e-90
-212.0 0.00165386702284 1.49252834466e-91
-214.0 0.00361604419305 6.75585518631e-93
-216.0 0.00561912112034 2.98925175171e-94
-218.0 0.00747846393996 1.29291230718e-95
-220.0 0.00663257013899 5.46638307492e-97
-222.0 0.00313531790472 2.25920412868e-98
-224.0 3.34180087181e-05 9.12715234312e-100
-226.0 -0.00164878397241 3.60445445603e-101
-228.0 -0.00254904043526 1.39145191146e-102
-230.0 -0.000847526413324 5.25074923198e-104
-232.0 0.000580938424595 1.93686240632e-105
-234.0 -0.000282208046521 6.98394287583e-107
-236.0 -0.000859195309379 2.46165396246e-108
-238.0 -0.00268638766097 8.48159918607e-110
-240.0 -0.00306127048818 2.85662283342e-111
-242.0 -0.000743988830542 9.40486309002e-113
-244.0 0.00076813578786 3.02674942583e-114
-246.0 0.000496070335645 9.52192762426e-116
-248.0 -0.000239879889505 2.9281795277e-117
-250.0 -0.00161515924134 8.80227515432e-119
-252.0 -0.00272387109975 2.58652450311e-120
-254.0 -0.00116562701778 7.42955274399e-122
-256.0 -0.00172148027734 2.08609056981e-123
-258.0 -0.000806838220917 5.72569310056e-125
-260.0 -0.00145754788208 1.53619868319e-126
-262.0 -0.00140888477799 4.02894304001e-128
-264.0 -0.00230757431953 1.03290239151e-129
-266.0 -0.00217957965644 2.58852196683e-131
-268.0 -0.00271737121958 6.34116192418e-133
-270.0 -0.00213141594171 1.5184840973e-134
-272.0 -0.000387542515173 3.55447995376e-136
-274.0 0.00210692880568 8.13329092201e-138
-276.0 0.00380141717315 1.81920215221e-139
-278.0 0.002974646276 3.97759015235e-141
-280.0 -2.83135629334e-05 8.50126430818e-143
-282.0 -0.00307103156941 1.77611639142e-144
-284.0 -0.0022777132485 3.62730222483e-146
-286.0 -0.00113620175495 7.24136566843e-148
-288.0 0.000553862375954 1.41312842253e-149
-290.0 0.00170996576031 2.69567295096e-151
-292.0 0.000816507532075 5.02663309877e-153
-294.0 0.00197659951066 9.16244939081e-155
-296.0 0.00406268214574 1.63256472144e-156
-298.0 0.00450078442084 2.8435026844e-158
-300.0 0.0039077445917 4.84129218358e-160
-302.0 0.00304103721596 8.0573710195e-162
-304.0 0.000878412802411 1.31084048687e-163
-306.0 0.000350516321496 2.08463846779e-165
-308.0 0.001462941599 3.2406793734e-167
-310.0 0.0021746372519 4.92454146633e-169
-312.0 0.00350858296448 7.31509463551e-171
-314.0 0.00453168116093 1.06218096839e-172
-316.0 0.00443215754636 1.50765335627e-174
-318.0 0.00321489709716 2.09184209612e-176
-320.0 0.00290312804148 2.83713965864e-178
-322.0 0.00196638836375 3.76146432389e-180
-324.0 0.00181544716839 4.87480890742e-182
-326.0 0.00167970755734 6.17564981089e-184
-328.0 0.00135784536926 7.647722892e-186
-330.0 0.0014091694372 9.25776263828e-188
-332.0 0.0025888591662 1.09547975599e-189
-334.0 0.00238276990558 1.26714725644e-191
-336.0 0.00231015535035 1.43276259624e-193
-338.0 0.00191338725396 1.58360111696e-195
-340.0 0.0026031685536 1.71096757808e-197
-342.0 0.00306972540159 1.80701674482e-199
-344.0 0.00357138289434 1.86555041702e-201
-346.0 0.00400494727109 1.88267874862e-203
-348.0 0.00524435776578 1.85724786064e-205
-350.0 0.00599681310806 1.79096842637e-207
-352.0 0.00558120757705 1.68822531738e-209
-354.0 0.00484292275768 1.55559774378e-211
-356.0 0.00415415915592 1.40116285873e-213
-358.0 0.00372375467916 1.23368517347e-215
-360.0 0.00474528075104 1.06180432611e-217
-362.0 0.00588145929856 8.93324103054e-220
-364.0 0.00793868696382 7.34679683043e-222
-366.0 0.00785467781346 5.90624454016e-224
-368.0 0.00790383787041 4.64140253653e-226
-370.0 0.00634389512567 3.56542629097e-228
-372.0 0.00669700712448 2.67730658622e-230
-374.0 0.00776793562661 1.9652109105e-232
-376.0 0.00833680112767 1.41008289129e-234
-378.0 0.00951319884398 9.89018775721e-237
-380.0 0.010321018949 6.78092351777e-239
-382.0 0.0128472797021 4.54461996468e-241
-384.0 0.0128514301474 2.97735564702e-243
-386.0 0.0128713845636 1.90672593329e-245
-388.0 0.0107321703718 1.19363143809e-247
-390.0 0.0103602959456 7.30426701069e-250
-392.0 0.011887898899 4.36925557374e-252
-394.0 0.00967702689571 2.55483392057e-254
-396.0 0.0103109141573 1.46030077213e-256
-398.0 0.0 8.15917733698e-259
-400.0 0.0 4.45630437656e-261
