# # timestamp: 2456585.63008
# # Gaussian 1 [amp, RV +/- err, wid]: 1.02 34.88 0.05 12.40
# # Gaussian 2 [amp, RV +/- err, wid]: 0.58 87.30 0.09 11.00
# # Uncorrected_RV, BF_amp, Gaussian_fit
# 
###
###
400.0 0.0 1.94882439698e-176
398.0 0.0 3.3671581803e-174
396.0 0.0198288585993 5.62856243087e-172
394.0 0.0155558992858 9.10279188877e-170
392.0 0.0198007568661 1.42427843199e-167
390.0 0.0165290044907 2.15604757308e-165
388.0 0.0199097699679 3.15765689389e-163
386.0 0.0196373415038 4.47419280679e-161
384.0 0.0199325019924 6.13348926736e-159
382.0 0.0183995943345 8.13474009335e-157
380.0 0.0166237163884 1.0438135046e-154
378.0 0.0146823162588 1.2958218498e-152
376.0 0.0134902287191 1.55636280619e-150
374.0 0.0113065594328 1.80850430146e-148
372.0 0.00913196854212 2.03315929454e-146
370.0 0.00601421474715 2.21139551254e-144
368.0 0.00451000059133 2.32704402309e-142
366.0 0.00400524744953 2.36911385394e-140
364.0 0.00496832293093 2.33351406567e-138
362.0 0.00543360406352 2.22370960157e-136
360.0 0.00395088590244 2.05016529317e-134
358.0 0.000944544114845 1.82870158231e-132
356.0 0.00103251162558 1.57811977466e-130
354.0 0.0022108206187 1.31758984985e-128
352.0 0.0030790934077 1.06429905597e-126
350.0 0.00324360135157 8.31745138134e-125
348.0 0.00277646654434 6.28868762203e-123
346.0 0.00523615217212 4.60015994161e-121
344.0 0.00803025233335 3.25558469906e-119
342.0 0.0110759111089 2.22909318017e-117
340.0 0.010872595088 1.47662632026e-115
338.0 0.00815779373223 9.46359497562e-114
336.0 0.00771090654507 5.86792889183e-112
334.0 0.00732695455485 3.52011374786e-110
332.0 0.00659834106969 2.04301572772e-108
330.0 0.00525747357262 1.14717554469e-106
328.0 0.00275081836609 6.23205400377e-105
326.0 -0.00174786713429 3.27548559279e-103
324.0 -0.000623670486807 1.66557171368e-101
322.0 0.000167964412524 8.19396561869e-100
320.0 0.00126104232801 3.90003132868e-98
318.0 -0.000215808551567 1.79591265882e-96
316.0 -0.00220237981545 8.00102238116e-95
314.0 -0.00346278647422 3.44864837988e-93
312.0 -0.00196174907722 1.43812125579e-91
310.0 7.35822783684e-06 5.80210056263e-90
308.0 0.0007111749299 2.26473898393e-88
306.0 -0.000984828978658 8.5525223456e-87
304.0 -2.0426950608e-05 3.12473676237e-85
302.0 0.00143820323925 1.10452567049e-83
300.0 0.00246055980642 3.77729886731e-82
298.0 0.00253364564605 1.24976984215e-80
296.0 0.000718496694464 4.00057015253e-79
294.0 -0.00233461642025 1.23895889466e-77
292.0 -0.00308197660494 3.71223159697e-76
290.0 -0.00182591839596 1.07610930236e-74
288.0 -0.0017737710394 3.01801133083e-73
286.0 -0.000536113790649 8.18895536418e-72
284.0 -6.9294677112e-05 2.14970714266e-70
282.0 0.00055659176508 5.45975623132e-69
280.0 -1.20718548469e-05 1.34156081117e-67
278.0 0.000239429324666 3.18926518405e-66
276.0 -0.000330001732109 7.33523543862e-65
274.0 4.60716610613e-05 1.63222731571e-63
272.0 0.00146835910612 3.51390796885e-62
270.0 0.00151025645911 7.3188573383e-61
268.0 0.000723884791744 1.47482108647e-59
266.0 -0.00105725173807 2.87526946709e-58
264.0 -0.0025019927405 5.42326622626e-57
262.0 -0.00562352451101 9.89660994455e-56
260.0 -0.00635427577229 1.74725036864e-54
258.0 -0.00627086575292 2.98446840383e-53
256.0 -0.00398762126092 4.93198773281e-52
254.0 -0.00273485813082 7.8853349824e-51
252.0 -0.00139927880851 1.21972370741e-49
250.0 -0.00168602669125 1.82534911797e-48
248.0 -0.00249732369036 2.64285644114e-47
246.0 -0.00358477882157 3.70206775975e-46
244.0 -0.00411216811547 5.01716416301e-45
242.0 -0.00614122478932 6.57832638273e-44
240.0 -0.00638152098431 8.34479515815e-43
238.0 -0.00451755393884 1.02413946356e-41
236.0 -0.00256105817459 1.21603389343e-40
234.0 -0.00032303154979 1.39693248232e-39
232.0 0.00108147332085 1.55255970276e-38
230.0 -0.000494609428428 1.669415191e-37
228.0 -0.00332342816491 1.73669506459e-36
226.0 -0.00531625266503 1.74793764877e-35
224.0 -0.0083118208046 1.70204665721e-34
222.0 -0.00774654316035 1.60346742993e-33
220.0 -0.00618751957682 1.46147699094e-32
218.0 -0.00217946969927 1.28874495881e-31
216.0 -0.000124902711956 1.09947443149e-30
214.0 0.000277742332148 9.07499608962e-30
212.0 -0.00127425499445 7.24687744031e-29
210.0 -0.00138407782291 5.59884628459e-28
208.0 -0.000543340526273 4.18494090165e-27
206.0 0.0017911986748 3.02637870409e-26
204.0 0.00396300274389 2.11738763581e-25
202.0 0.00244808053997 1.43324564511e-24
200.0 0.0029559094054 9.38607557132e-24
198.0 0.00226229352227 5.94689978424e-23
196.0 0.00371753696313 3.64535938799e-22
194.0 0.00620020503266 2.16188824198e-21
192.0 0.00706077758834 1.24042150156e-20
190.0 0.00463477766953 6.88570622095e-20
188.0 0.00374146121279 3.69803358492e-19
186.0 0.00270821856046 1.92148221976e-18
184.0 0.00283301932858 9.65928648106e-18
182.0 0.00514926713896 4.69782550245e-17
180.0 0.00450750738045 2.21050689109e-16
178.0 0.00104169685633 1.00630590864e-15
176.0 -0.00131613252276 4.43211815765e-15
174.0 -0.00294641251085 1.88858177652e-14
172.0 -0.00340361151453 7.78580311447e-14
170.0 -0.00261975357022 3.10537603601e-13
168.0 -0.00140652345414 1.19830710669e-12
166.0 -0.00251014984421 4.47368323721e-12
164.0 -0.00488640491094 1.61586652206e-11
162.0 -0.0070394218483 5.64662431312e-11
160.0 -0.0076265025243 1.90904190658e-10
158.0 -0.00734554486433 6.24432052792e-10
156.0 -0.00610605365104 1.97605064551e-09
154.0 -0.00549774886504 6.04998241427e-09
152.0 -0.00651284545228 1.79206315569e-08
150.0 -0.00681541745746 5.13565294235e-08
148.0 -0.00621639399074 1.42390554475e-07
146.0 -0.00707266907774 3.81952936018e-07
144.0 -0.00705257614031 9.9124653432e-07
142.0 -0.00739837751315 2.48883822739e-06
140.0 -0.007979747355 6.0458144343e-06
138.0 -0.00949657684303 1.42087579236e-05
136.0 -0.0100535252819 3.2307293334e-05
134.0 -0.0100454568891 7.10703071215e-05
132.0 -0.00764577966782 0.000151258213672
130.0 -0.00602504486911 0.000311453273465
128.0 -0.00494847911322 0.000620454573408
126.0 -0.00518469732681 0.00119583218559
124.0 -0.00657979506227 0.00222983970386
122.0 -0.00852594697799 0.00402272373589
120.0 -0.00691104841734 0.00702117714208
118.0 -0.00708354443927 0.0118561261453
116.0 -0.00810291362095 0.0193695197289
114.0 -0.00952788703181 0.0306152672751
112.0 -0.00943506267668 0.0468166596021
110.0 -0.00789129635383 0.0692637439613
108.0 -0.00366670391269 0.099141317676
106.0 -0.00130945748487 0.137292438068
104.0 0.000927412669705 0.18394237884
102.0 0.00290104375954 0.238429679291
100.0 0.0053918808299 0.299007668675
98.0 0.00907061098068 0.36278402046
96.0 0.0133331019735 0.425851710698
94.0 0.0194660400398 0.483631160588
92.0 0.0239842522966 0.531395874194
90.0 0.026669683553 0.564904296511
88.0 0.0289360189888 0.58102384276
86.0 0.0291463719639 0.578222210848
84.0 0.026460882303 0.556822415689
82.0 0.0237297047549 0.518967769542
80.0 0.0201231170954 0.468308144945
78.0 0.0163700849006 0.409480873706
76.0 0.0125769583313 0.347501074406
74.0 0.00687225547739 0.28718637854
72.0 0.000217163205901 0.232719255393
70.0 -0.00287042675165 0.187405181387
68.0 -0.00362317521477 0.153631220084
66.0 -0.00352954347946 0.132982146252
64.0 -0.00448149889997 0.126441040436
62.0 -0.0051199640139 0.134592936671
60.0 -0.00490249207626 0.157762068398
58.0 -0.00298222304461 0.196039708108
56.0 0.000495580139419 0.249192966759
54.0 0.00590450392455 0.316477927727
52.0 0.012234063031 0.39640722419
50.0 0.0211799356006 0.486538358564
48.0 0.0322736848608 0.583352032769
46.0 0.0397926714707 0.68227851577
44.0 0.0457673711403 0.777905673067
42.0 0.0500490396199 0.864368232201
40.0 0.0517056650955 0.935880146813
38.0 0.0525894784506 0.98733826829
36.0 0.0551569487501 1.01490381141
34.0 0.0561048963317 1.01646427369
32.0 0.0575543815558 0.991894704281
30.0 0.0558425362482 0.943070882422
28.0 0.0504201380074 0.873630978543
26.0 0.0433776465388 0.788526831352
24.0 0.0353311828139 0.693441162477
22.0 0.0276048905923 0.594165488277
20.0 0.0206419963094 0.496032209647
18.0 0.0143875588743 0.403475324656
16.0 0.00810941385568 0.319763379481
14.0 0.00311168335482 0.246913658127
12.0 -0.00153755507255 0.185765963778
10.0 -0.00408587940301 0.136173255105
8.0 -0.00476996656532 0.0972572835981
6.0 -0.00471276735377 0.0676794926761
4.0 -0.00591641350314 0.0458877428768
2.0 -0.00838090507407 0.0303138390419
0.0 -0.0107115771975 0.0195114626524
-2.0 -0.0120046270337 0.0122361095381
-4.0 -0.0137495039355 0.0074765549209
-6.0 -0.0134955890063 0.004451069158
-8.0 -0.0133876797065 0.00258185470752
-10.0 -0.0138188663729 0.00145916330084
-12.0 -0.0128349399271 0.000803490303576
-14.0 -0.0111573387428 0.000431084119626
-16.0 -0.0101382645679 0.00022534506493
-18.0 -0.00809788364745 0.000114772732364
-20.0 -0.00688982432316 5.69552854605e-05
-22.0 -0.00951062210936 2.75381009351e-05
-24.0 -0.0107996925395 1.29729452275e-05
-26.0 -0.0116646999462 5.95453461249e-06
-28.0 -0.0120816115097 2.66294199245e-06
-30.0 -0.0108596559872 1.16032655318e-06
-32.0 -0.00963688342567 4.92610197659e-07
-34.0 -0.00865408627632 2.03765759584e-07
-36.0 -0.00774514646612 8.21227833005e-08
-38.0 -0.0077895685807 3.22478492413e-08
-40.0 -0.00917204782314 1.23379354043e-08
-42.0 -0.00874802630773 4.5992696446e-09
-44.0 -0.00876521976052 1.67047466899e-09
-46.0 -0.00880582528942 5.91147094452e-10
-48.0 -0.00886476296701 2.03824256492e-10
-50.0 -0.00865990351044 6.84732303165e-11
-52.0 -0.00816399005935 2.2412505508e-11
-54.0 -0.00662851345644 7.14767248448e-12
-56.0 -0.00671770249227 2.22097424278e-12
-58.0 -0.00625090819294 6.72398973984e-13
-60.0 -0.00542730069915 1.98342235916e-13
-62.0 -0.00444692174745 5.70043515741e-14
-64.0 -0.00507563691742 1.59626671399e-14
-66.0 -0.00523700633861 4.35519442819e-15
-68.0 -0.00721576583281 1.15774864319e-15
-70.0 -0.00819660876543 2.99864915631e-16
-72.0 -0.0089901759314 7.56731258547e-17
-74.0 -0.00889089860984 1.86063991903e-17
-76.0 -0.00786141823536 4.45746187386e-18
-78.0 -0.00695708462251 1.04044129905e-18
-80.0 -0.00555009506351 2.36620392624e-19
-82.0 -0.00410945384913 5.24313935972e-20
-84.0 -0.00269984741043 1.13197093077e-20
-86.0 -0.00221744696477 2.38113374505e-21
-88.0 -0.002057592382 4.88019244142e-22
-90.0 -0.00316984710913 9.74528957895e-23
-92.0 -0.0016583541521 1.89608233364e-23
-94.0 -0.000752570244645 3.59438238728e-24
-96.0 0.00106611121222 6.63889814636e-25
-98.0 0.0017141992398 1.19473717312e-25
-100.0 0.00182302429289 2.09485221291e-26
-102.0 0.000221305123284 3.57881332551e-27
-104.0 -0.000296044989949 5.95702392213e-28
-106.0 -0.00154401226593 9.66104900535e-29
-108.0 -0.00230109283408 1.52659511564e-29
-110.0 -0.00181712521088 2.35032594374e-30
-112.0 -5.30095462933e-05 3.52563186756e-31
-114.0 0.00230916903423 5.15288528387e-32
-116.0 0.00312402470711 7.3378465869e-33
-118.0 0.00365957871519 1.01810231227e-33
-120.0 0.00220818810048 1.37631823032e-34
-122.0 0.00173231197241 1.81280438754e-35
-124.0 0.000658032455871 2.32641756046e-36
-126.0 -0.000122916631413 2.90890162074e-37
-128.0 -0.00129461075868 3.54384764279e-38
-130.0 -0.00231933034512 4.20654649692e-39
-132.0 -0.00231921490501 4.86497919767e-40
-134.0 -0.000732821240479 5.48202389217e-41
-136.0 0.00047790354267 6.0187388914e-42
-138.0 0.00015133895329 6.43835211047e-43
-140.0 -0.000670618851177 6.71040277451e-44
-142.0 -0.00252267733002 6.81439171755e-45
-144.0 -0.00132134099953 6.7423337088e-46
-146.0 -0.000640756124397 6.49977069578e-47
-148.0 -0.00133584577466 6.10506749443e-48
-150.0 -0.00327245669956 5.58711417316e-49
-152.0 -0.00301701361834 4.98183415138e-50
-154.0 -0.00314319404723 4.32808346368e-51
-156.0 -0.000585383588721 3.66358803066e-52
-158.0 -0.000676745667148 3.02149777135e-53
-160.0 -0.00144796806574 2.4279658142e-54
-162.0 -0.00158437949182 1.90093601742e-55
-164.0 -0.000510469193461 1.45009706594e-56
-166.0 0.000803592044853 1.07778290471e-57
-168.0 0.00313063967486 7.80495044855e-59
-170.0 0.00230673698466 5.50698193942e-60
-172.0 -1.59455295555e-05 3.78583600024e-61
-174.0 -0.00120024370722 2.53579758417e-62
-176.0 -0.00198452192559 1.65490098078e-63
-178.0 -0.00101886969888 1.05228671004e-64
-180.0 0.00087776475191 6.51929750214e-66
-182.0 -0.000293523650496 3.93524845704e-67
-184.0 -0.00184272282199 2.31445188681e-68
-186.0 -0.0020129974163 1.32626039023e-69
-188.0 -0.00292820400644 7.40481280703e-71
-190.0 -0.00173576229427 4.02813494626e-72
-192.0 -0.000717259793963 2.13500345049e-73
-194.0 -0.000297499382902 1.10254873076e-74
-196.0 0.00115702590889 5.54755540767e-76
-198.0 0.00383030157982 2.71963202154e-77
-200.0 0.00334406699617 1.29904227907e-78
-202.0 0.00251251796548 6.04562309846e-80
-204.0 0.00109114079042 2.7413437272e-81
-206.0 -0.00108166035461 1.21112944033e-82
-208.0 5.27783711257e-05 5.21341468936e-84
-210.0 -0.000319438069229 2.18654602809e-85
-212.0 0.000533125729808 8.93510414989e-87
-214.0 0.000162403588169 3.55750285131e-88
-216.0 0.00219251310398 1.38005227418e-89
-218.0 0.00247357845016 5.2161546606e-91
-220.0 0.00232354708288 1.9209233036e-92
-222.0 0.000415774489422 6.89245966152e-94
-224.0 0.00080217152411 2.40958961869e-95
-226.0 0.000213854260161 8.20760743772e-97
-228.0 0.00155361552918 2.72392227908e-98
-230.0 0.000973807034701 8.80800372842e-100
-232.0 -0.00123792997183 2.77501228648e-101
-234.0 -0.00171230086098 8.5183792856e-103
-236.0 -0.00176476331196 2.54773163056e-104
-238.0 -0.00254381835858 7.42429170217e-106
-240.0 -0.00103782862029 2.10795345788e-107
-242.0 0.000467408093015 5.83138413444e-109
-244.0 0.000701727561356 1.57176251346e-110
-246.0 0.000372205505804 4.12768782981e-112
-248.0 -0.00172394844634 1.05616411057e-113
-250.0 -0.00205718183166 2.63305911137e-115
-252.0 -0.000588169612497 6.39579381729e-117
-254.0 -0.000219451801619 1.51367606337e-118
-256.0 -0.00028418772363 3.49040702568e-120
-258.0 -0.0015670449705 7.84194600362e-122
-260.0 -0.00347022472353 1.71662828279e-123
-262.0 -0.00493940284267 3.66128319392e-125
-264.0 -0.00468575600179 7.60842954165e-127
-266.0 -0.00475084503293 1.54049880849e-128
-268.0 -0.00265012516596 3.03901156547e-130
-270.0 -0.00276898305618 5.84127942166e-132
-272.0 -0.00212767697251 1.09392677607e-133
-274.0 -0.000775659929869 1.99605804537e-135
-276.0 -0.000397913060337 3.54864636605e-137
-278.0 0.00178919898423 6.14691094847e-139
-280.0 0.00337362211592 1.03742273858e-140
-282.0 0.00352400036821 1.70592230096e-142
-284.0 0.00388473156686 2.73317458071e-144
-286.0 0.00256555204687 4.26658244323e-146
-288.0 0.000505477441553 6.48929553745e-148
-290.0 0.000536251926838 9.61655693872e-150
-292.0 -0.00025728036144 1.38850134214e-151
-294.0 -0.00120041328337 1.95333909777e-153
-296.0 0.000925627462941 2.67740225307e-155
-298.0 0.002877660903 3.57564380072e-157
-300.0 0.00608209951947 4.6526406982e-159
-302.0 0.00725875089397 5.89860649199e-161
-304.0 0.00657876829223 7.28624845414e-163
-306.0 0.00546197597416 8.7692645182e-165
-308.0 0.00387922766576 1.02831698025e-166
-310.0 0.00339472510198 1.17488534473e-168
-312.0 0.00335649190586 1.30788213745e-170
-314.0 0.00370812388844 1.41855563339e-172
-316.0 0.00429305942567 1.49909370229e-174
-318.0 0.00414102245645 1.54353268089e-176
-320.0 0.002778348531 1.54848684827e-178
-322.0 0.00411423283351 1.5135746858e-180
-324.0 0.00473722306875 1.44146742586e-182
-326.0 0.00419021237547 1.33755131378e-184
-328.0 0.00194101564967 1.20926285935e-186
-330.0 -0.00197543414334 1.06521094229e-188
-332.0 -0.00419857196798 9.14229364013e-191
-334.0 -0.00304451101103 7.64503285115e-193
-336.0 -1.16316084023e-05 6.2288545272e-195
-338.0 0.00182023269283 4.9447195301e-197
-340.0 0.00297723902634 3.82454504445e-199
-342.0 0.00434569794477 2.88218955613e-201
-344.0 0.00601750172977 2.11626447925e-203
-346.0 0.00651688446081 1.51398644701e-205
-348.0 0.00772757469598 1.0553066501e-207
-350.0 0.0082367431548 7.16704291359e-210
-352.0 0.0102625090901 4.74248512507e-212
-354.0 0.0110513096153 3.05757129456e-214
-356.0 0.00997304235382 1.9206660068e-216
-358.0 0.00686339546568 1.17552467626e-218
-360.0 0.00575738877269 7.00997215367e-221
-362.0 0.00558358901622 4.07291623161e-223
-364.0 0.00672758607831 2.30568145079e-225
-366.0 0.00748138339154 1.27173837356e-227
-368.0 0.00690180569638 6.83440779534e-230
-370.0 0.00441742366569 3.57856280825e-232
-372.0 0.00508859221636 1.8256647988e-234
-374.0 0.00671653175672 9.07482131101e-237
-376.0 0.00928065009468 4.39500896382e-239
-378.0 0.0123673880108 2.07389178177e-241
-380.0 0.0113180575273 9.53492011042e-244
-382.0 0.00960227909044 4.27122715662e-246
-384.0 0.011906101161 1.86420179653e-248
-386.0 0.0120909969306 7.92752860458e-251
-388.0 0.0124797191199 3.28463681207e-253
-390.0 0.0113867922808 1.32599393155e-255
-392.0 0.0118727884417 5.21555296e-258
-394.0 0.00688668926249 1.99877461622e-260
-396.0 0.0106736950376 7.46331777746e-263
-398.0 0.0 2.71521787737e-265
-400.0 0.0 9.62458644934e-268
