###
# timestamp: 2456815.78483
# Gaussian 1 [amp, RV +/- err, wid]: [1.01, 103.88 +/- 0.06, 15.35]
# Gaussian 2 [amp, RV +/- err, wid]: [0.52, 58.67 +/- 0.11, 11.00]
# Uncorrected_RV, BF_amp, Gaussian_fit
###
400.0 0.0 2.2934053216e-197
398.0 0.0 2.99335772234e-195
396.0 0.0189892164247 3.80534196724e-193
394.0 0.0135762047055 4.71179109444e-191
392.0 0.0172414480755 5.68245008601e-189
390.0 0.0115956254036 6.67486519996e-187
388.0 0.0116896616123 7.63671596726e-185
386.0 0.0113170165308 8.50997038594e-183
384.0 0.0108333432175 9.23648516656e-181
382.0 0.0127940353089 9.76433596886e-179
380.0 0.0129758059665 1.00539333098e-176
378.0 0.0117644957899 1.00829272321e-174
376.0 0.0117705911147 9.84905770452e-173
374.0 0.0134498913062 9.37044625313e-171
372.0 0.0130119991209 8.68327667301e-169
370.0 0.0135684672776 7.83727690215e-167
368.0 0.0125365750922 6.88978502297e-165
366.0 0.0120434872484 5.89938029457e-163
364.0 0.0143041753155 4.92005179397e-161
362.0 0.0145495399231 3.99668178159e-159
360.0 0.0129175949224 3.16230043626e-157
358.0 0.0107655566347 2.43720746949e-155
356.0 0.00776682298477 1.82973628139e-153
354.0 0.00562939220371 1.33821684161e-151
352.0 0.00611987593437 9.5359969303e-150
350.0 0.00492294090513 6.6222722369e-148
348.0 0.00512274653981 4.48347178614e-146
346.0 0.00560640529467 2.96114103675e-144
344.0 0.00571260620461 1.90976176743e-142
342.0 0.0053873228242 1.20468192474e-140
340.0 0.00686189192128 7.45117633695e-139
338.0 0.00585139037742 4.53601798986e-137
336.0 0.0064607356382 2.73263176366e-135
334.0 0.00505999497503 1.64101947469e-133
332.0 0.00373029855081 9.9108313234e-132
330.0 0.00340489420906 6.07464952226e-130
328.0 0.00476609422661 3.80565072106e-128
326.0 0.00627433200997 2.44337114531e-126
324.0 0.00652663927384 1.60300309201e-124
322.0 0.00489555556418 1.06656697262e-122
320.0 0.0028625149917 7.12696146009e-121
318.0 0.00223979831995 4.73683741694e-119
316.0 4.36611910487e-05 3.10603629272e-117
314.0 -0.000666249136941 1.99695487039e-115
312.0 -0.00125398024798 1.25329692531e-113
310.0 -0.000252849401876 7.65505591735e-112
308.0 0.00140095017712 4.54121418146e-110
306.0 0.00193983809045 2.61303319695e-108
304.0 0.00115875133833 1.45709362423e-106
302.0 0.000722322433625 7.86957946266e-105
300.0 0.000941317517454 4.11504907411e-103
298.0 0.00181715616321 2.08282003016e-101
296.0 0.00268271030606 1.0202624231e-99
294.0 0.00236715781182 4.8362568622e-98
292.0 0.00171604815528 2.21826568108e-96
290.0 0.00118623922438 9.84473644186e-95
288.0 0.00041703452084 4.22734096532e-93
286.0 0.000907162730258 1.75628052981e-91
284.0 0.00211497709336 7.05956046996e-90
282.0 0.00178334199586 2.74545505484e-88
280.0 0.00128369696304 1.03300158279e-86
278.0 0.000415685786348 3.7604133785e-85
276.0 -0.000131599509102 1.32439259524e-83
274.0 -5.16100556712e-05 4.51277285006e-82
272.0 0.00251999776432 1.48769907563e-80
270.0 0.00138487915161 4.74494428898e-79
268.0 0.000661017658637 1.46416898797e-77
266.0 -0.0007640701595 4.37114393074e-76
264.0 -0.00252876032789 1.26253274473e-74
262.0 -0.00457926996644 3.52804168878e-73
260.0 -0.00628378071376 9.53823872138e-72
258.0 -0.00663181409818 2.49485909028e-70
256.0 -0.00636745532311 6.31345604266e-69
254.0 -0.00284941463852 1.545722645e-67
252.0 -0.00201431739882 3.66133291527e-66
250.0 -0.00134885380094 8.39054348347e-65
248.0 -0.00325350046509 1.86030507979e-63
246.0 -0.00246260684389 3.99044608264e-62
244.0 -0.0038645243766 8.28136467489e-61
242.0 -0.00388568540477 1.6627446242e-59
240.0 -0.004792881097 3.22992450131e-58
238.0 -0.00425596776342 6.07019106662e-57
236.0 -0.00404086075159 1.10371137984e-55
234.0 -0.00206136411957 1.94156460458e-54
232.0 -0.00225620042108 3.30439028364e-53
230.0 -0.00369171250771 5.44094067023e-52
228.0 -0.00651162925251 8.66761886723e-51
226.0 -0.0080770707782 1.33588410873e-49
224.0 -0.00888320037404 1.99196141495e-48
222.0 -0.00617194298649 2.87366553881e-47
220.0 -0.00360298860306 4.01083390763e-46
218.0 -0.00106979384001 5.41597056108e-45
216.0 -0.000785820884078 7.07556412569e-44
214.0 -0.00136093780348 8.94311893339e-43
212.0 -0.00325841651676 1.09360402541e-41
210.0 -0.00328190183029 1.2938214661e-40
208.0 -0.00329156573415 1.48092056109e-39
206.0 -0.00250985096469 1.63995651214e-38
204.0 -0.00138545082492 1.75701738499e-37
202.0 -0.000204732041733 1.82122223445e-36
200.0 0.000404960665874 1.82638775551e-35
198.0 3.5196926019e-05 1.77201007997e-34
196.0 -0.00172738968755 1.66334580454e-33
194.0 -0.00301750637583 1.5105742045e-32
192.0 -0.00324122429601 1.32722556692e-31
190.0 -0.00311203406433 1.1282116292e-30
188.0 -0.00264903636459 9.27853825645e-30
186.0 -0.000866028758499 7.38264033963e-29
184.0 0.000442776814432 5.68312250759e-28
182.0 0.00103869989934 4.23258299187e-27
180.0 -0.000732555671778 3.04977011812e-26
178.0 -0.00135672982174 2.12604222249e-25
176.0 -0.00163363289509 1.43390316569e-24
174.0 0.000194116606753 9.35644609649e-24
172.0 -0.000657846525192 5.90670354494e-23
170.0 -0.00205096738881 3.60763496049e-22
168.0 -0.00406323941156 2.13178380036e-21
166.0 -0.00412665412828 1.21872827391e-20
164.0 -0.00345105553745 6.7408362007e-20
162.0 -0.00266487878742 3.60714682422e-19
160.0 -0.00234095951513 1.86748458104e-18
158.0 -0.0016445778404 9.35391433633e-18
156.0 -0.00245731210442 4.53286631649e-17
154.0 -0.00293692994219 2.12517937887e-16
152.0 -0.00344980968228 9.6396537635e-16
150.0 -0.00459123095379 4.23029289194e-15
148.0 -0.00391722168978 1.79606727883e-14
146.0 -0.00319306511239 7.37764792126e-14
144.0 -0.00342867458533 2.93194901193e-13
142.0 -0.00329165756691 1.1272962567e-12
140.0 -0.00359869841605 4.19336708262e-12
138.0 -0.00416434697301 1.50914464108e-11
136.0 -0.00405347128863 5.25462853548e-11
134.0 -0.00304508602326 1.77009406994e-10
132.0 -0.00222550798011 5.76891116965e-10
130.0 -0.000522521344936 1.81900770701e-09
128.0 -0.000172908936614 5.54904717176e-09
126.0 -0.000565768333796 1.63774202737e-08
124.0 -0.00104799479643 4.6764444883e-08
122.0 -0.00104535937212 1.29190120096e-07
120.0 -0.000357608769349 3.45291646673e-07
118.0 0.00204070761403 8.92865667322e-07
116.0 0.00270882657718 2.2337239353e-06
114.0 0.000806831712758 5.40650053126e-06
112.0 -0.000631213951997 1.26603716808e-05
110.0 -0.00380410482205 2.86827124708e-05
108.0 -0.00465748404853 6.28691638595e-05
106.0 -0.0064018419539 0.000133321149827
104.0 -0.00745825146213 0.000273529767703
102.0 -0.00888990259441 0.000542943594915
100.0 -0.00841011837276 0.00104267738943
98.0 -0.00840477234484 0.00193727425558
96.0 -0.00775843986863 0.00348240509274
94.0 -0.00749552522062 0.00605642178437
92.0 -0.00573380343047 0.0101906973707
90.0 -0.00446407338974 0.0165899869643
88.0 -0.00551423478592 0.0261304850672
86.0 -0.00624978158584 0.0398213007929
84.0 -0.00583846141264 0.058716570444
82.0 -0.00477542061191 0.0837720463503
80.0 -0.00406417249833 0.115652383162
78.0 -0.00275105993796 0.154512223863
76.0 -0.00178196092832 0.199791918172
74.0 0.00054545157099 0.250081613597
72.0 0.00426216961271 0.30310927938
70.0 0.0084474187178 0.355894370792
68.0 0.0136514612015 0.405078785107
66.0 0.0177801816771 0.447405446863
64.0 0.0205904553296 0.480272264045
62.0 0.0210502223138 0.502257742323
60.0 0.0212728977552 0.513505071664
58.0 0.0212182376811 0.515869263267
56.0 0.0219822346843 0.512774291358
54.0 0.0217330827351 0.508784178649
52.0 0.0222433218559 0.508949363916
50.0 0.0229607537639 0.518033739935
48.0 0.0244395984178 0.539749265847
46.0 0.0262901748244 0.576121547171
44.0 0.028485461243 0.627084949626
42.0 0.0337271684406 0.690367137952
40.0 0.038713935252 0.761678639319
38.0 0.0452587510667 0.83517994532
36.0 0.0495548880803 0.904161526319
34.0 0.0530377803135 0.961844155936
32.0 0.0539473270359 1.0021907501
30.0 0.0554909582499 1.02061890213
28.0 0.0548236185468 1.01451702716
26.0 0.053814215581 0.983496085597
24.0 0.0507095281102 0.929349732609
22.0 0.0471909525269 0.855741735444
20.0 0.0413728812939 0.767681891033
18.0 0.0343994521913 0.670881901599
16.0 0.0265216549803 0.571094751131
14.0 0.0183214659616 0.473533409959
12.0 0.0117160483029 0.382440236387
10.0 0.00776070492264 0.300843975458
8.0 0.00216832336246 0.230505118774
6.0 -0.00212257137135 0.172020211515
4.0 -0.00735562331276 0.125036547335
2.0 -0.0118903557279 0.0885222548358
0.0 -0.0139955190489 0.0610415609796
-2.0 -0.0133371757201 0.040997396641
-4.0 -0.0132038318252 0.0268191069867
-6.0 -0.0122660925108 0.0170879386225
-8.0 -0.0113240121467 0.0106045522869
-10.0 -0.0108114320272 0.00640991519588
-12.0 -0.00969822911226 0.00377371853413
-14.0 -0.0096715930792 0.00216393392888
-16.0 -0.00864368262349 0.00120858098209
-18.0 -0.00967389400348 0.000657453107607
-20.0 -0.00993526199825 0.000348346198288
-22.0 -0.0115641081884 0.000179768930092
-24.0 -0.0125200259647 9.0359840966e-05
-26.0 -0.0132516986254 4.42378027328e-05
-28.0 -0.0113644235195 2.10944838337e-05
-30.0 -0.0114508881632 9.79718984851e-06
-32.0 -0.011668348466 4.43191487486e-06
-34.0 -0.0118032281024 1.95271364962e-06
-36.0 -0.0105745827731 8.37997994694e-07
-38.0 -0.00985936663345 3.50271387118e-07
-40.0 -0.00887970479583 1.4260134133e-07
-42.0 -0.00907499059481 5.65457312085e-08
-44.0 -0.00903198399238 2.18390279325e-08
-46.0 -0.00793452962228 8.21531175316e-09
-48.0 -0.00784375474189 3.01003855867e-09
-50.0 -0.00819262320212 1.0741806746e-09
-52.0 -0.00804817576994 3.73370392331e-10
-54.0 -0.00736485881935 1.26403669866e-10
-56.0 -0.00570838386955 4.16808680737e-11
-58.0 -0.0042496606876 1.33866248604e-11
-60.0 -0.00447863317293 4.18757594559e-12
-62.0 -0.00606016310598 1.27588509876e-12
-64.0 -0.00592152572134 3.78632334888e-13
-66.0 -0.00689497787346 1.09441263773e-13
-68.0 -0.00634896669077 3.0810714147e-14
-70.0 -0.00612428754583 8.44850169528e-15
-72.0 -0.00561965196033 2.25639376959e-15
-74.0 -0.0050358378805 5.86958442527e-16
-76.0 -0.00505432830392 1.4871578949e-16
-78.0 -0.00541036490009 3.66998317976e-17
-80.0 -0.00615703973147 8.82121347287e-18
-82.0 -0.00596758729453 2.06514169865e-18
-84.0 -0.0057272626024 4.70899950957e-19
-86.0 -0.00394153949305 1.04583867996e-19
-88.0 -0.00362896931209 2.26234076083e-20
-90.0 -0.00192437349374 4.76659887444e-21
-92.0 -0.000434927052405 9.78174771116e-22
-94.0 -0.000767439945913 1.95515671641e-22
-96.0 0.000875828333562 3.80630825177e-23
-98.0 0.00271745492369 7.21744701424e-24
-100.0 0.00460739888583 1.33297043678e-24
-102.0 0.00427670595304 2.39780960936e-25
-104.0 0.00236299451654 4.20113019371e-26
-106.0 -0.00143858427072 7.16926857762e-27
-108.0 -0.00228797986114 1.19162834643e-27
-110.0 7.23605091088e-05 1.92914142309e-28
-112.0 0.00139144644121 3.04189747726e-29
-114.0 0.00248599960807 4.67177958429e-30
-116.0 0.00258589020795 6.98839399293e-31
-118.0 0.00144412612698 1.01819200952e-31
-120.0 -0.000193121220074 1.44490486305e-32
-122.0 -0.00114400581451 1.99712885505e-33
-124.0 -0.00201183309037 2.68862471028e-34
-126.0 -0.00157391747072 3.52542557321e-35
-128.0 -6.22659277675e-05 4.50246329225e-36
-130.0 -0.00100594940326 5.6007485683e-37
-132.0 -0.00097029549276 6.78577159999e-38
-134.0 -0.00134990065348 8.0077344824e-39
-136.0 -0.000719268284491 9.20401582644e-40
-138.0 -0.00180272360083 1.03039161176e-40
-140.0 -0.00229307011201 1.12352964947e-41
-142.0 -0.00306426152696 1.19322962277e-42
-144.0 -0.00217570096082 1.23430014704e-43
-146.0 -0.0025922185993 1.24358306853e-44
-148.0 -0.00323109969942 1.22035472132e-45
-150.0 -0.00298070045126 1.16641913722e-46
-152.0 -0.00333143270738 1.08587654551e-47
-154.0 -0.00225982386744 9.84608395051e-49
-156.0 -0.00255090357316 8.69568665162e-50
-158.0 -0.00254044742646 7.4799982165e-51
-160.0 -0.00396953237174 6.26695206028e-52
-162.0 -0.00344885995942 5.11409176144e-53
-164.0 -0.00459183635158 4.06478824028e-54
-166.0 -0.00417231379185 3.14676709474e-55
-168.0 -0.00205456614086 2.37273119655e-56
-170.0 0.00124616916209 1.74256804642e-57
-172.0 0.00273011703551 1.24648833123e-58
-174.0 0.00361642923127 8.68448269259e-60
-176.0 0.00406489997443 5.89327837869e-61
-178.0 0.00363128432732 3.89517723984e-62
-180.0 0.00353737438187 2.50757976765e-63
-182.0 0.000517344984822 1.57231499326e-64
-184.0 -0.00384573127067 9.60244039305e-66
-186.0 -0.00555013163498 5.71190465788e-67
-188.0 -0.00396566776882 3.30931071015e-68
-190.0 -0.000973573758003 1.8674604184e-69
-192.0 0.00198523452086 1.02641391646e-70
-194.0 0.00146484825852 5.49478777567e-72
-196.0 0.000415857890796 2.86507886228e-73
-198.0 -0.00194889566357 1.45505531362e-74
-200.0 -0.00219813668289 7.19746715057e-76
-202.0 -0.00142023247732 3.46766508034e-77
-204.0 0.00160599563286 1.62724094775e-78
-206.0 0.00197333549995 7.43744640078e-80
-208.0 0.000851524462949 3.31095363463e-81
-210.0 -0.000970140350865 1.43562037944e-82
-212.0 -0.00236728962494 6.06294175236e-84
-214.0 -0.0025239582818 2.49393105149e-85
-216.0 -0.00209784112054 9.99177750607e-87
-218.0 -0.00183021938864 3.8990457618e-88
-220.0 -0.000395992455667 1.48194189391e-89
-222.0 0.00224967637897 5.48606923532e-91
-224.0 0.00310891204575 1.97810189198e-92
-226.0 0.0023826147141 6.94693600177e-94
-228.0 0.00107870472742 2.37626681541e-95
-230.0 -0.00156983422205 7.91688568003e-97
-232.0 -0.00204557742107 2.56903966644e-98
-234.0 -0.00172954651448 8.1197846565e-100
-236.0 -0.000627754346933 2.49962856307e-101
-238.0 0.000743569836695 7.49486321743e-103
-240.0 0.000307269655674 2.18881577189e-104
-242.0 -0.000736219482436 6.22604095373e-106
-244.0 -0.00106567546858 1.72493209187e-107
-246.0 0.000467833971824 4.65467429118e-109
-248.0 0.000172391522293 1.22338698778e-110
-250.0 0.000992381437261 3.1318119907e-112
-252.0 -0.000420375519173 7.80880852099e-114
-254.0 -0.000397684465282 1.8964051685e-115
-256.0 -0.000417186579243 4.48574676285e-117
-258.0 0.000636453336854 1.03346468325e-118
-260.0 -0.000775114734822 2.31906965456e-120
-262.0 -0.00031557684548 5.0686139172e-122
-264.0 0.00119605758401 1.07900112085e-123
-266.0 0.000641780401089 2.23723623879e-125
-268.0 0.00151628508405 4.51813351444e-127
-270.0 0.00160479758556 8.88717109238e-129
-272.0 0.00135660057036 1.70264962552e-130
-274.0 -0.000551478908623 3.17719813395e-132
-276.0 0.000520522847211 5.77458230737e-134
-278.0 0.00107264623667 1.02224293682e-135
-280.0 0.00271987024867 1.76256412608e-137
-282.0 0.00238889836574 2.96000878603e-139
-284.0 0.000222356886303 4.84170516086e-141
-286.0 -0.002093413808 7.71366801999e-143
-288.0 -0.0033610650998 1.19696324253e-144
-290.0 -0.00166497361538 1.80908073765e-146
-292.0 -0.00322433481455 2.66312989949e-148
-294.0 -0.00279900728722 3.81842282239e-150
-296.0 -0.00250300969763 5.33252560148e-152
-298.0 -0.000949438521516 7.25335855979e-154
-300.0 -0.00124341619446 9.60954024172e-156
-302.0 -0.00145048771948 1.24000472025e-157
-304.0 -0.00124309262969 1.55848035557e-159
-306.0 0.00133239398395 1.9078164625e-161
-308.0 0.00284437811891 2.27472613321e-163
-310.0 0.00527848051091 2.64167208889e-165
-312.0 0.00541362401883 2.98803694993e-167
-314.0 0.0032983467765 3.29192767631e-169
-316.0 0.00324676697725 3.53241623597e-171
-318.0 0.00340554315628 3.69190676426e-173
-320.0 0.00311507141519 3.75826018271e-175
-322.0 0.00502439053879 3.72632067695e-177
-324.0 0.00336660320679 3.59857762582e-179
-326.0 0.00197170571014 3.38484502979e-181
-328.0 0.00218767139005 3.10101573537e-183
-330.0 0.00217853086094 2.7671099468e-185
-332.0 0.00242092510798 2.40495041478e-187
-334.0 0.00387127311855 2.03583746847e-189
-336.0 0.00391195161618 1.67856183741e-191
-338.0 0.00593238997643 1.34799677321e-193
-340.0 0.00582332886702 1.05438113185e-195
-342.0 0.0056179220527 8.03273914897e-198
-344.0 0.00457635110596 5.9605586843e-200
-346.0 0.00499573611629 4.30791908749e-202
-348.0 0.00568825063861 3.03253186269e-204
-350.0 0.00635926493681 2.07922013979e-206
-352.0 0.00575548145751 1.38852223662e-208
-354.0 0.00725237397264 9.03155374552e-211
-356.0 0.00960269548474 5.72175644791e-213
-358.0 0.0102773511207 3.53064075609e-215
-360.0 0.00970161325555 2.12194908091e-217
-362.0 0.006567603632 1.2421488788e-219
-364.0 0.00615352567136 7.08222321677e-222
-366.0 0.00691368105416 3.93298993661e-224
-368.0 0.00855866216111 2.12732245913e-226
-370.0 0.00853195307671 1.12073021484e-228
-372.0 0.00774624242572 5.75077136582e-231
-374.0 0.00699644542398 2.87414310531e-233
-376.0 0.0083707135785 1.39909736964e-235
-378.0 0.00808463520584 6.63353091663e-238
-380.0 0.00861768549149 3.06336566635e-240
-382.0 0.00820427499187 1.37787616947e-242
-384.0 0.00846299509581 6.03641101613e-245
-386.0 0.00749321669782 2.57575577651e-247
-388.0 0.00940967106404 1.07050284897e-249
-390.0 0.00925468124879 4.333394601e-252
-392.0 0.011742240877 1.70854300166e-254
-394.0 0.00866494270615 6.56116342582e-257
-396.0 0.0117820961099 2.45410455927e-259
-398.0 0.0 8.94051497076e-262
-400.0 0.0 3.17240972615e-264
