###
# timestamp: 2455813.69984
# Gaussian 1 [amp, RV +/- err, wid]: [0.97, 145.00 +/- 0.00, 15.00]
# Gaussian 2 [amp, RV +/- err, wid]: [1.12, 35.00 +/- 0.00, 15.00]
# Uncorrected_RV, BF_amp, Gaussian_fit
###
300.0 0.0 2.47223198774e-18
298.5 0.0 6.05038182345e-18
297.0 -0.00442078077672 1.46599807207e-17
295.5 -0.0070689644811 3.5167465561e-17
294.0 -0.00356326955924 8.35229447358e-17
292.5 -0.00658203774369 1.96393712442e-16
291.0 -0.00184429470008 4.57200205486e-16
289.5 -0.0027562248755 1.05376145648e-15
288.0 -0.00113957909937 2.4045579988e-15
286.5 0.000410966337501 5.43231893363e-15
285.0 0.00297218631542 1.21504487393e-14
283.5 0.00464038233692 2.69064518179e-14
282.0 0.00719729207547 5.89898917162e-14
280.5 0.00939552365882 1.28042994543e-13
279.0 0.00985767526872 2.75163674986e-13
277.5 0.0130715874579 5.85441405709e-13
276.0 0.0135968772978 1.23319803474e-12
274.5 0.0148796314736 2.57181229464e-12
273.0 0.0163146381316 5.31010082802e-12
271.5 0.0165203662673 1.08548373941e-11
270.0 0.017338128549 2.19685266754e-11
268.5 0.0177022568686 4.40185362406e-11
267.0 0.0168233065469 8.73227324357e-11
265.5 0.0183240542326 1.71504726055e-10
264.0 0.0202442171298 3.33489314179e-10
262.5 0.019112587095 6.42014457817e-10
261.0 0.0185017322075 1.2236712292e-09
259.5 0.0165199180455 2.30909470338e-09
258.0 0.0148625269534 4.31395684491e-09
256.5 0.0146495794308 7.9793387484e-09
255.0 0.0135853790778 1.46121817084e-08
253.5 0.0128140451402 2.64923376108e-08
252.0 0.0134643249004 4.75535071999e-08
250.5 0.0165199329689 8.45087893068e-08
249.0 0.0182500316017 1.48688801966e-07
247.5 0.0158782819421 2.59007118122e-07
246.0 0.0137442487102 4.46685847009e-07
244.5 0.00761208585605 7.62692964315e-07
243.0 0.00129597410662 1.28930107012e-06
241.5 -0.00409383643464 2.15782391137e-06
240.0 -0.00702657581857 3.57548297684e-06
238.5 -0.00957375692392 5.86557352728e-06
237.0 -0.0114221597881 9.52671793554e-06
235.5 -0.0150168937373 1.53190976958e-05
234.0 -0.0185893570357 2.43882208927e-05
232.5 -0.0203990002548 3.84400646306e-05
231.0 -0.0209006708681 5.99853439832e-05
229.5 -0.0230033114825 9.26751405325e-05
228.0 -0.0228240842823 0.000141755007099
226.5 -0.0201792053449 0.000214669635098
225.0 -0.0134547988433 0.000321854720589
223.5 -0.00650864706542 0.000477756059015
222.0 0.00315161171771 0.000702117146484
220.5 0.00752718385116 0.00102157442019
219.0 0.0123017738541 0.00147159226265
217.5 0.0106504437388 0.00209875641598
216.0 0.00764253744275 0.00296342290321
214.5 0.00352537976655 0.00414268855488
213.0 0.00165944337366 0.00573360791671
211.5 0.00105513099004 0.00785652963325
210.0 0.00281937515379 0.0106583645373
208.5 0.00296761113011 0.0143155303506
207.0 0.00309760090914 0.0190362486726
205.5 0.00316724850354 0.0250618053119
204.0 0.00191113293858 0.0326663333525
202.5 0.00316753503757 0.042154649486
201.0 0.00241002043798 0.053857678634
199.5 0.00535558063684 0.0681250499677
198.0 -0.000211720841114 0.0853145476163
196.5 -0.00314349514515 0.105778256846
195.0 -0.00930152114525 0.129845461607
193.5 -0.0141100476219 0.157802616037
192.0 -0.0262270112757 0.189871017516
190.5 -0.0328998590326 0.22618313126
189.0 -0.0454159992106 0.266758828577
187.5 -0.0470947194147 0.311483069883
186.0 -0.0469693393429 0.360086754253
184.5 -0.0428704761387 0.4121325358
183.0 -0.0375570492795 0.467007345401
181.5 -0.0307353808364 0.523923135956
180.0 -0.0247655907697 0.581926986117
178.5 -0.0200176345183 0.639921163321
177.0 -0.0159371764685 0.696693091849
175.5 -0.0138416812641 0.750954441734
174.0 -0.0115050466181 0.801387809398
172.5 -0.00472200638892 0.846698768735
171.0 0.00309019831596 0.885670501047
169.5 0.0128543380197 0.917217826387
168.0 0.022241943495 0.94043730621
166.5 0.0299621014967 0.954650195986
165.0 0.0376352566997 0.959435400008
163.5 0.0433830877357 0.954650195989
162.0 0.0425869502703 0.940437306218
160.5 0.0394001165269 0.917217826405
159.0 0.0373541450239 0.885670501083
157.5 0.0362116905658 0.846698768807
156.0 0.0338955046731 0.80138780954
154.5 0.0241077847097 0.75095444201
153.0 0.0187093831875 0.696693092382
151.5 0.014581334754 0.63992116434
150.0 0.0129279808844 0.581926988047
148.5 0.0133580718513 0.523923139574
147.0 0.0118320258441 0.467007352116
145.5 0.00993488602085 0.412132548138
144.0 0.0131174978204 0.360086776697
142.5 0.0164265138007 0.311483110304
141.0 0.0179632664199 0.26675890065
139.5 0.0233068897071 0.226183258492
138.0 0.0227620365441 0.189871239887
136.5 0.0242591812421 0.15780300082
135.0 0.0237822745825 0.129846120798
133.5 0.0224223706992 0.105779374902
132.0 0.0138120337623 0.0853164250858
130.5 0.00243798204042 0.0681281712946
129.0 -0.00851100506775 0.0538628162621
127.5 -0.0162812276496 0.0421630217543
126.0 -0.0209291061428 0.0326798410294
124.5 -0.031214920119 0.0250833815263
123.0 -0.034468545114 0.019070370076
121.5 -0.0386742954263 0.0143689542493
120.0 -0.0311049094679 0.0107411780729
118.5 -0.02602986301 0.00798362336429
117.0 -0.018202489937 0.00592671757153
115.5 -0.0131286811794 0.00443318505271
114.0 -0.00346857041037 0.00339607107173
112.5 0.00623661637146 0.0027367053167
111.0 0.0107382693519 0.00240290163253
109.5 0.0134309170331 0.00236761795549
108.0 0.0136652808673 0.00262822807738
106.5 0.0153803020293 0.00320648590096
105.0 0.0174348761692 0.00414919292163
103.5 0.0209199000286 0.0055295096371
102.0 0.0203255929284 0.00744878020724
100.5 0.0177699371395 0.0100386663345
99.0 0.0183449309545 0.0134633116539
97.5 0.0153153201755 0.0179211843514
96.0 0.0154201331515 0.0236461778375
94.5 0.0138596945958 0.0309074938706
93.0 0.0149601270067 0.0400077982535
91.5 0.0136314090106 0.0512791361454
90.0 0.0152707136673 0.0650761324412
88.5 0.0158029743395 0.0817660918103
87.0 0.0162050162758 0.101715759377
85.5 0.0167481042533 0.125274708808
84.0 0.012445370378 0.15275558582
82.5 0.00711953982478 0.184411740806
81.0 -7.460354648e-05 0.220413115413
79.5 -0.00339108243886 0.260821578318
78.0 -0.00437655367412 0.3055672027
76.5 -0.000232502889378 0.354427206295
75.0 -0.000579427235501 0.407009398564
73.5 0.00364968068628 0.46274196705
72.0 0.00466936169856 0.52087126366
70.5 0.0140615996175 0.580468911812
69.0 0.0160745969844 0.640449053759
67.5 0.0177659636594 0.699595918552
66.0 0.00915858564889 0.756601157456
64.5 0.00822474634117 0.81010962265
63.0 0.00392153742213 0.858771524668
61.5 0.004068304419 0.901298265951
60.0 -0.00274152962697 0.936518779862
58.5 -0.00551485960939 0.963432962381
57.0 -0.00759592983088 0.981258804284
55.5 -0.00359794869269 0.98947012731
54.0 0.0051076911479 0.987822383931
52.5 0.0116770437447 0.976364755575
51.0 0.0165725385682 0.955437714154
49.5 0.0146787073743 0.925656215577
48.0 0.0137382289879 0.887879682888
46.5 0.0142968288428 0.843170823353
45.0 0.0206555303254 0.792746032152
43.5 0.0236038553588 0.737920607994
42.0 0.0228289936519 0.680052210182
40.5 0.0254468837995 0.620485917038
39.0 0.0292373327348 0.560503922985
37.5 0.0356114036477 0.501282379932
36.0 0.0369837297869 0.443857208503
34.5 0.0422712743069 0.38909994614
33.0 0.0395452485453 0.337703933387
31.5 0.0389868280652 0.290180431831
30.0 0.0294332238153 0.246863670158
28.5 0.0238768867047 0.207923365123
27.0 0.0198559842224 0.173382980566
25.5 0.0161970461628 0.143141870746
24.0 0.00740452346626 0.116999489893
22.5 0.00330402835915 0.0946800117015
21.0 0.00140722653985 0.0758559571725
19.5 0.00460343093373 0.0601697404074
18.0 0.0115088024505 0.0472523745752
16.5 0.00862070974688 0.0367389037602
15.0 0.0101712279997 0.028280416677
13.5 0.012398486275 0.0215527389999
12.0 0.0112460568318 0.0162620836484
10.5 0.0124209310274 0.0121480610769
9.0 0.00961605466318 0.0089845183091
7.5 0.0108754430184 0.00657869397484
6.0 0.0129865864574 0.0047691570724
4.5 0.0206454583259 0.00342295053352
3.0 0.0138236516585 0.00243229739698
1.5 0.0127568450988 0.00171115670054
0.0 -0.00299618354053 0.00119184545481
-1.5 -0.00534174739177 0.000821877634266
-3.0 -0.0114657712716 0.000561114426699
-4.5 -0.0120258659095 0.000379273730032
-6.0 -0.0211815324614 0.000253811412442
-7.5 -0.0235060584522 0.000168161504493
-9.0 -0.0167837311358 0.000110305985146
-10.5 -0.00311845584845 7.16355544002e-05
-12.0 0.00844287346927 4.60590769435e-05
-13.5 0.00458450972042 2.93196572571e-05
-15.0 0.00110588852564 1.84781974441e-05
-16.5 -0.00746145022909 1.15296831554e-05
-18.0 -0.00354121186644 7.12249572528e-06
-19.5 -0.00308351502677 4.35616254927e-06
-21.0 0.0009225623591 2.63774623552e-06
-22.5 -0.000827363717555 1.58131722626e-06
-24.0 0.00531861990259 9.385600129e-07
-25.5 0.0128650123704 5.51521119641e-07
-27.0 0.0226071677508 3.20862751475e-07
-28.5 0.0275125809592 1.8481342442e-07
-30.0 0.0251075559312 1.05391304517e-07
-31.5 0.0185763366533 5.95022106832e-08
-33.0 0.0137419750664 3.32597114963e-08
-34.5 0.0157949877707 1.84060632146e-08
-36.0 0.0146337898835 1.00846399194e-08
-37.5 0.0107208736522 5.47037297427e-09
-39.0 0.00330713519314 2.93785620345e-09
-40.5 -0.00118116029227 1.56207250157e-09
-42.0 -0.00529336970156 8.22297357575e-10
-43.5 -0.0103606374725 4.28561997213e-10
-45.0 -0.0215546977783 2.21133976244e-10
-46.5 -0.033448330292 1.1296771597e-10
-48.0 -0.0401795507941 5.71360583357e-11
-49.5 -0.0440021584631 2.86103558568e-11
-51.0 -0.0440456339557 1.41838228393e-11
-52.5 -0.0448656602219 6.96178155299e-12
-54.0 -0.0450800110352 3.38301980882e-12
-55.5 -0.0374117666312 1.62759274315e-12
-57.0 -0.024887169626 7.75253979253e-13
-58.5 -0.0207986498887 3.6559421793e-13
-60.0 -0.0146252756886 1.70691418734e-13
-61.5 -0.0150176430231 7.89007466326e-14
-63.0 -0.00976124408084 3.61083457982e-14
-64.5 -0.00549294880463 1.63602949133e-14
-66.0 -0.00522236056412 7.33891264637e-15
-67.5 -0.0158488904627 3.25933772912e-15
-69.0 -0.012385988014 1.43312497545e-15
-70.5 -0.0141993358774 6.23872468335e-16
-72.0 -0.0103007026879 2.6888379654e-16
-73.5 -0.0188813688776 1.14733567547e-16
-75.0 -0.0240229733673 4.84700445903e-17
-76.5 -0.0269446437587 2.02727841274e-17
-78.0 -0.0191689352684 8.3948014266e-18
-79.5 -0.0217563227347 3.44163266191e-18
-81.0 -0.0210927347449 1.39693325695e-18
-82.5 -0.022384778429 5.61363090025e-19
-84.0 -0.0113202324472 2.23341334411e-19
-85.5 8.84589586294e-05 8.7973407572e-20
-87.0 0.0074370323993 3.43076347018e-20
-88.5 0.00770862131413 1.32460745584e-20
-90.0 0.00834978421405 5.06338170961e-21
-91.5 0.0104065996692 1.91624571577e-21
-93.0 0.0144940629065 7.17990636429e-22
-94.5 0.014988342289 2.66344307562e-22
-96.0 0.0139896080057 9.78194267113e-23
-97.5 0.0134906404786 3.55683617482e-23
-99.0 0.0107352130982 1.28044127949e-23
-100.5 0.00813624089754 4.56365206506e-24
-102.0 0.00591566252201 1.61035802134e-24
-103.5 0.00102530379786 5.62586635054e-25
-105.0 -0.00133220833919 1.94586826741e-25
-106.5 -0.00230899130766 6.66337900345e-26
-108.0 -0.0012604539242 2.25908541353e-26
-109.5 0.000881614503861 7.58276928094e-27
-111.0 0.00125763892596 2.51988132399e-27
-112.5 0.00311080082288 8.29066541477e-28
-114.0 0.00586630999731 2.70057190277e-28
-115.5 0.0151329271443 8.70921789352e-29
-117.0 0.0234934779104 2.78073512467e-29
-118.5 0.0324104843878 8.79016736945e-30
-120.0 0.030757556352 2.75100716306e-30
-121.5 0.0288806644089 8.52399827673e-31
-123.0 0.020055023978 2.6148816684e-31
-124.5 0.0121966918494 7.94177873119e-32
-126.0 0.00521646905599 2.38803441021e-32
-127.5 -0.00540282667534 7.10919510523e-33
-129.0 -0.0164871776208 2.09535368963e-33
-130.5 -0.0358303809678 6.11436420705e-34
-132.0 -0.0483441636089 1.76645395955e-34
-133.5 -0.0593559056949 5.05254739478e-35
-135.0 -0.0615878799336 1.43078877634e-35
-136.5 -0.0526795055834 4.01141605688e-36
-138.0 -0.0375772380642 1.1134659675e-36
-139.5 -0.0179649864142 3.059942332e-37
-141.0 -0.00877560686 8.32542841964e-38
-142.5 0.00228486364142 2.24262673789e-38
-144.0 0.00492762108964 5.98087127806e-39
-145.5 0.0124056380013 1.57917031078e-39
-147.0 0.0154989871224 4.1281031497e-40
-148.5 0.0180569719074 1.06838840446e-40
-150.0 0.010325976671 2.73756756288e-41
-151.5 0.0115822442236 6.94476543981e-42
-153.0 0.0113379788275 1.74424454254e-42
-154.5 0.0122950395786 4.33724763449e-43
-156.0 0.015765725549 1.06777099636e-43
-157.5 0.0150883088425 2.60254996714e-44
-159.0 0.0118424125079 6.28025225282e-45
-160.5 0.0110973017096 1.50041761694e-45
-162.0 0.00508577244756 3.54898592227e-46
-163.5 0.00776811313796 8.31100328066e-47
-165.0 0.00953087959158 1.92690225966e-47
-166.5 0.00747240900237 4.42306145395e-48
-168.0 0.00491855539935 1.00517879012e-48
-169.5 0.00253060854106 2.26162561329e-49
-171.0 -2.05523247547e-06 5.03796524309e-50
-172.5 0.00837309263803 1.11108344105e-50
-174.0 0.0092527177801 2.42602481349e-51
-175.5 0.00448508400316 5.24446096284e-52
-177.0 0.00159022702104 1.12244102275e-52
-178.5 0.00416517895047 2.37839103798e-53
-180.0 0.00109063851616 4.98953466013e-54
-181.5 0.00668359471459 1.0363200081e-54
-183.0 -0.00400891783562 2.13100651549e-55
-184.5 -0.0046262803141 4.33843132499e-56
-186.0 -0.00477482975293 8.74455536983e-57
-187.5 -0.00227842919745 1.74501752151e-57
-189.0 -0.00754022782934 3.4476161559e-58
-190.5 -0.00782236347279 6.74365086229e-59
-192.0 -0.0129945181259 1.30595527251e-59
-193.5 -0.0111894866417 2.50390924581e-60
-195.0 -0.0151861192605 4.75297926552e-61
-196.5 -0.0189102232328 8.93244417773e-62
-198.0 -0.0167538034915 1.66200282283e-62
-199.5 -0.0147114099804 3.06161275491e-63
-201.0 -0.00598008449918 5.58374806722e-64
-202.5 8.59657337637e-05 1.00822724012e-64
-204.0 0.00595997825177 1.80238719771e-65
-205.5 0.0114750337348 3.19003035852e-66
-207.0 0.0167108303858 5.58982991391e-67
-208.5 0.0128120041567 9.69749191084e-68
-210.0 0.0082458507392 1.66562531837e-68
-211.5 0.00444541132822 2.83238481001e-69
-213.0 0.00455248123117 4.76852709533e-70
-214.5 0.000788973113821 7.94828274566e-71
-216.0 -0.00538827492796 1.31165438773e-71
-217.5 -0.00997879796564 2.14300201799e-72
-219.0 -0.00943549456955 3.46643290684e-73
-220.5 -0.00956826342429 5.5513687047e-74
-222.0 -0.00808910246567 8.80185889409e-75
-223.5 -0.0157524548118 1.38167463967e-75
-225.0 -0.0148650861376 2.14730742497e-76
-226.5 -0.0135397163288 3.30399757972e-77
-228.0 -0.0115721481008 5.03317777706e-78
-229.5 -0.0131071085755 7.59105041009e-79
-231.0 -0.00849330890644 1.13349219945e-79
-232.5 -0.00536224447807 1.67568449485e-80
-234.0 0.00261030097058 2.45257909272e-81
-235.5 0.00895908271917 3.55394618704e-82
-237.0 0.0111042313475 5.09865619802e-83
-238.5 0.0111862298506 7.241985729e-84
-240.0 0.0109764718976 1.01839593234e-84
-241.5 0.00646191598519 1.41785788425e-85
-243.0 0.00493547665363 1.95436557507e-86
-244.5 0.00458050352868 2.66707949877e-87
-246.0 0.00592090505583 3.60348877156e-88
-247.5 0.00624886135633 4.82022643765e-89
-249.0 0.0110754825952 6.38364551848e-90
-250.5 0.0108228610752 8.37003242442e-91
-252.0 0.00941423855627 1.08653212936e-91
-253.5 0.00859324854101 1.39641678733e-92
-255.0 0.00961576403005 1.7768247879e-93
-256.5 0.00625416044214 2.23836652669e-94
-258.0 0.00757544832975 2.79173927322e-95
-259.5 0.00697844667391 3.44727210249e-96
-261.0 0.0100381043154 4.21437647153e-97
-262.5 0.016653787325 5.10091571719e-98
-264.0 0.0158463656668 6.11251618305e-99
-265.5 0.0131493501416 7.25185232008e-100
-267.0 0.0106796419064 8.51794704789e-101
-268.5 0.0112121011382 9.90553588651e-102
-270.0 0.0104615662823 1.14045478224e-102
-271.5 0.0144874283881 1.29997565969e-103
-273.0 0.00945480529727 1.46706523621e-104
-274.5 0.00528517155129 1.63915750542e-105
-276.0 -0.00322253849892 1.81321374388e-106
-277.5 -0.00346839209158 1.98579481839e-107
-279.0 -0.000787196327314 2.15316245908e-108
-280.5 0.00608337100608 2.31140623473e-109
-282.0 0.0107645156111 2.45659077584e-110
-283.5 0.00735684516953 2.58491584316e-111
-285.0 0.00778337884026 2.69288033676e-112
-286.5 0.00802079624286 2.77744045581e-113
-288.0 0.0117702405746 2.8361520758e-114
-289.5 0.0114046780472 2.86728806196e-115
-291.0 0.0127894981094 2.86992266447e-116
-292.5 0.0082885664681 2.84397724131e-117
-294.0 0.0134009815152 2.79022415775e-118
-295.5 0.0136411583387 2.71024859244e-119
-297.0 0.0131352706001 2.60637088582e-120
-298.5 0.0 2.48153473832e-121
-300.0 0.0 2.33916877334e-122
###
# timestamp: 2455823.72663
# Gaussian 1 [amp, RV +/- err, wid]: [0.97, 145.00 +/- 0.00, 15.00]
# Gaussian 2 [amp, RV +/- err, wid]: [1.12, 35.00 +/- 0.00, 15.00]
# Uncorrected_RV, BF_amp, Gaussian_fit
###
300.0 0.0 9.17877034627e-29
298.5 0.0 2.83670023279e-28
297.0 0.000642159704334 8.67959457928e-28
295.5 -0.000810746759305 2.62931422297e-27
294.0 0.000142618850406 7.88574259209e-27
292.5 -0.000123366886358 2.34153016924e-26
291.0 0.00217508600766 6.8835738187e-26
289.5 0.000139245509892 2.00348108047e-25
288.0 -0.00166528784157 5.77315971263e-25
286.5 -0.00574380828782 1.64702030811e-24
285.0 -0.00712986486779 4.65201805054e-24
283.5 -0.00749495282871 1.30089092304e-23
282.0 -0.00536907779514 3.60161619758e-23
280.5 -0.00185580692619 9.8721338125e-23
279.0 0.000960132355617 2.67905537978e-22
277.5 0.0049607255879 7.19795958937e-22
276.0 0.00793879584323 1.91467105653e-21
274.5 0.00746608658702 5.042384923e-21
273.0 0.00519378321547 1.31472485699e-20
271.5 0.00575109436802 3.39383565302e-20
270.0 0.00241566549035 8.67368800842e-20
268.5 0.00344584010701 2.19469331404e-19
267.0 0.00374143944719 5.49795194825e-19
265.5 0.00407268862312 1.36359403959e-18
264.0 0.00568424974564 3.34831496416e-18
262.5 0.0100626524423 8.14000306745e-18
261.0 0.00826106175472 1.9592050362e-17
259.5 0.00744513954155 4.66866017703e-17
258.0 0.00492438722422 1.10144215471e-16
256.5 0.00339966878359 2.57269427088e-16
255.0 0.00190055664233 5.94938014923e-16
253.5 0.000328714781429 1.36211042201e-15
252.0 -0.000232462063608 3.08752133238e-15
250.5 0.00236052657161 6.9289060565e-15
249.0 0.00480070348212 1.53948844839e-14
247.5 0.00466808219878 3.38645454852e-14
246.0 0.00329291662975 7.37515450282e-14
244.5 -0.0007773339006 1.59020842394e-13
243.0 -0.00194426263202 3.39464240381e-13
241.5 -0.00668719090397 7.17449057086e-13
240.0 -0.0151616106293 1.50122283434e-12
238.5 -0.0194458831742 3.10997078489e-12
237.0 -0.0179281719483 6.3785874215e-12
235.5 -0.016077948978 1.29523857488e-11
234.0 -0.012219064958 2.60394665729e-11
232.5 -0.012090845338 5.18288355667e-11
231.0 -0.0130441835759 1.02133420115e-10
229.5 -0.0100751657045 1.99260563429e-10
228.0 -0.00671503142989 3.84885799478e-10
226.5 -0.00595357219278 7.36036712712e-10
225.0 -0.00333128418187 1.39355502385e-09
223.5 -0.0010747666004 2.61219636489e-09
222.0 -0.000700600906439 4.84779867226e-09
220.5 0.00277548419433 8.90718320809e-09
219.0 0.00525869678683 1.62029186011e-08
217.5 0.00665158034565 2.91812015641e-08
216.0 0.00695668120482 5.20319552168e-08
214.5 0.00287107859137 9.18531757604e-08
213.0 -0.00423589527377 1.60537044037e-07
211.5 -0.00767254906834 2.77787950108e-07
210.0 -0.00926864478377 4.758922136e-07
208.5 -0.0106134315925 8.07162264981e-07
207.0 -0.00999000867629 1.35540835002e-06
205.5 -0.0109872975729 2.25339080804e-06
204.0 -0.00845509639508 3.70902649131e-06
202.5 -0.00510472244284 6.04422199926e-06
201.0 0.000768327970871 9.7516461591e-06
199.5 0.00127519448794 1.55765945917e-05
198.0 0.00300608446121 2.46333883882e-05
196.5 0.00239333077888 3.8568508734e-05
195.0 0.0036529369909 5.97858757103e-05
193.5 0.0019152582016 9.17532376689e-05
192.0 0.00207852413864 0.000139412352679
190.5 -0.00397184641012 0.00020971918906
189.0 -0.00545301486437 0.000312343259659
187.5 -0.00982433307711 0.000460556760995
186.0 -0.00893746499338 0.000672343547255
184.5 -0.0077785146909 0.000971754085755
183.0 -0.00559626915697 0.00139052424207
181.5 -0.00624303781659 0.00196996182018
180.0 -0.00507132481069 0.00276308413279
178.5 -0.00655478506244 0.00383696169673
177.0 -0.00498928369024 0.00527518717392
175.5 -0.00496000431348 0.00718034545401
174.0 -0.007407012246 0.00967631191921
172.5 -0.00837245606984 0.0129101543669
171.0 -0.0062291549898 0.0170533641527
169.5 -0.00214292858194 0.022302099647
168.0 0.00437229190246 0.0288760970716
166.5 0.00940452764593 0.0370158979718
165.0 0.0149491532031 0.0469780667835
163.5 0.0184209594734 0.0590281330693
162.0 0.0236015729834 0.0734310958636
160.5 0.0231669672542 0.0904394737491
159.0 0.0248339752316 0.110279070982
157.5 0.0246074036205 0.133132849123
156.0 0.0266881978506 0.159123531558
154.5 0.0266855567019 0.188295805905
153.0 0.0277383464206 0.220599203295
151.5 0.0257223610267 0.2558728979
150.0 0.02547197849 0.293833759031
148.5 0.0266543524138 0.334068978889
147.0 0.0261125821763 0.376034475222
145.5 0.0243273829472 0.419060022705
144.0 0.0222731291691 0.462361704654
142.5 0.0209242363539 0.505061815446
141.0 0.0205802736721 0.546215814304
139.5 0.0189177588149 0.584845374543
138.0 0.0184093173723 0.619976037815
136.5 0.014335211019 0.650677522243
135.0 0.0160971642473 0.67610439546
133.5 0.0119748745636 0.695534648756
132.0 0.00855793067776 0.708403723383
130.5 0.00230571467428 0.714331753565
129.0 -0.00254478422361 0.713142192218
127.5 -0.00873202023509 0.704870545073
126.0 -0.0134164879885 0.689762610247
124.5 -0.0155750745154 0.66826234509
123.0 -0.0157070183789 0.640990195993
121.5 -0.00984964446655 0.608713367062
120.0 -0.00823403735365 0.572310014877
118.5 -0.00385002265994 0.532729697799
117.0 -0.00226170925999 0.49095255573
115.5 0.00367450220039 0.447949645935
114.0 0.00397307858443 0.404646627682
112.5 0.00748778122787 0.361892604585
111.0 0.00451395693027 0.320435442582
109.5 0.00234716750159 0.280904333875
108.0 0.00119331584361 0.243799824349
106.5 0.00245341004961 0.209491010996
105.0 0.00304121707155 0.178219184859
103.5 0.0079944496721 0.150106870381
102.0 0.00844453370867 0.12517100727
100.5 0.00911376644629 0.103338936649
99.0 0.0086150925921 0.0844658789472
97.5 0.00641544538192 0.0683527078956
96.0 0.00415587830856 0.0547630088483
94.5 0.00285473200848 0.0434386343719
93.0 0.00320915864756 0.0341132102679
91.5 0.00388689587377 0.0265232788297
90.0 0.00534558966718 0.0204169758783
88.5 0.00654838576975 0.0155603121827
87.0 0.0073892815828 0.0117412620452
85.5 0.00655563686487 0.00877195091456
84.0 0.00677338993708 0.00648928271191
82.5 0.00335382091803 0.004754361828
81.0 0.00192651156732 0.00345105183679
79.5 -0.00028686502038 0.00248398080911
78.0 0.000372493345446 0.00177625932062
76.5 0.00212338668144 0.0012671284848
75.0 0.00445077943013 0.000909706909808
73.5 0.0060404925038 0.000668961176161
72.0 0.00848614462816 0.0005199865644
70.5 0.00894653504068 0.000446654293049
69.0 0.0145705203534 0.000440658297978
67.5 0.0202798096025 0.000500977567918
66.0 0.0241804011092 0.000633757605728
64.5 0.0247173811151 0.00085260469273
63.0 0.0220789779785 0.00117927711697
61.5 0.0206092271379 0.00164474625075
60.0 0.0208447167499 0.00229058543069
58.5 0.0246087208145 0.00317062454018
57.0 0.0248528728068 0.00435278219348
55.5 0.0240842437622 0.00592095548782
54.0 0.0240785412795 0.00797681048218
52.5 0.0299451973163 0.0106412771268
51.0 0.0330203557647 0.0140555138343
49.5 0.0362287904287 0.0183810740155
48.0 0.031205007838 0.0237989855078
46.5 0.0243408771087 0.0305074503496
45.0 0.0200509178346 0.0387178933071
43.5 0.0178474476789 0.0486491386642
42.0 0.0142734115886 0.0605195801081
40.5 0.0117071810929 0.0745373294012
39.0 0.00988980476398 0.0908884836688
37.5 0.00971158292832 0.109723831928
36.0 0.00989173622504 0.131144517686
34.5 0.00800164109279 0.155187370378
33.0 0.00415941829884 0.181810794804
31.5 0.00161810593485 0.210882243261
30.0 0.000930635069426 0.242168368392
28.5 0.000749879528063 0.275328947176
27.0 0.00229235160069 0.309915564421
25.5 -8.476369984e-05 0.345375841873
24.0 0.00192069579038 0.381063700514
22.5 0.00361636873886 0.41625576349
21.0 0.00474226881473 0.450173570558
19.5 0.00498790581761 0.482010816215
18.0 0.00465715016657 0.510964383114
16.5 0.00383935703012 0.536267562744
15.0 0.00542169086499 0.55722357684
13.5 0.00364378020587 0.57323736896
12.0 0.00114899812745 0.583843647875
10.5 0.00189200473229 0.588729340386
9.0 0.00355486370848 0.587748942044
7.5 0.00429031468022 0.580931715533
6.0 0.00567959927983 0.568480239787
4.5 0.0019521706319 0.550760410224
3.0 0.00660381792047 0.52828357888
1.5 0.00585764742342 0.501682050792
0.0 -0.00100481767016 0.471679574473
-1.5 -0.00601532194269 0.439058745496
-3.0 -0.0125531641666 0.404627363757
-4.5 -0.0133773387701 0.369185743536
-6.0 -0.0127887503142 0.333496783537
-7.5 -0.01191813143 0.298260287744
-9.0 -0.0161940639989 0.26409262329
-10.5 -0.00577579078568 0.23151235021
-12.0 0.00220390607786 0.200932002354
-13.5 0.0111015730434 0.172655777583
-15.0 0.00930130897433 0.146882540146
-16.5 0.00373971524076 0.123713270589
-18.0 -0.00558081434198 0.10316192977
-19.5 -0.00499129298371 0.0851686340195
-21.0 -0.00339971143797 0.0696140596967
-22.5 -0.00177927974357 0.0563340916501
-24.0 0.00185347568226 0.0451338816585
-25.5 0.00528895279317 0.0358006680582
-27.0 0.00727137731236 0.028114905693
-28.5 0.0114015849033 0.0218594477795
-30.0 0.0108836254113 0.0168266940018
-31.5 0.00847141073773 0.0128237624004
-33.0 0.00764494950579 0.00967585126162
-34.5 0.00288983411193 0.00722803022283
-36.0 0.00168864814966 0.00534573949412
-37.5 0.000473161372042 0.00391428710935
-39.0 -0.000707731130373 0.00283762250112
-40.5 -0.000989424105304 0.00203663693744
-42.0 0.00197642159279 0.001447203713
-43.5 0.000658698853038 0.00101812892356
-45.0 -0.00270602175947 0.00070914155879
-46.5 -0.00747545031299 0.000489012719177
-48.0 -0.0166358228606 0.000333860029924
-49.5 -0.0208119666765 0.000225665805106
-51.0 -0.0188781718605 0.000151016408991
-52.5 -0.0179722745487 0.000100055179925
-54.0 -0.0106978721447 6.56314608026e-05
-55.5 -0.00173821140649 4.26227649792e-05
-57.0 0.00342143783479 2.74049000969e-05
-58.5 0.00861584976307 1.74450364907e-05
-60.0 0.0124869481426 1.09944269085e-05
-61.5 0.0050394277766 6.86009872517e-06
-63.0 0.00281542775585 4.23784619113e-06
-64.5 -0.0025758156926 2.59189300765e-06
-66.0 -0.00789598105047 1.56944465375e-06
-67.5 -0.00550705726077 9.4087514303e-07
-69.0 -0.0059424755604 5.58438099401e-07
-70.5 -0.00412277063604 3.28152064438e-07
-72.0 -0.00207216803092 1.90911590777e-07
-73.5 -0.00193483654726 1.09962981651e-07
-75.0 -0.00313397863026 6.27072525774e-08
-76.5 -0.0015006346253 3.54034915054e-08
-78.0 -0.00622072006207 1.97893473186e-08
-79.5 -0.00822290405569 1.09515074345e-08
-81.0 -0.00620988731414 6.00030586467e-09
-82.5 -0.00261661227844 3.25484214624e-09
-84.0 0.00541916522523 1.74800845126e-09
-85.5 0.00962084231115 9.29424636587e-10
-87.0 0.00751015539605 4.89262452262e-10
-88.5 0.00478522613436 2.54992055819e-10
-90.0 0.00429332799325 1.31573512305e-10
-91.5 0.00587788227253 6.72151761561e-11
-93.0 0.0071517962277 3.39956437369e-11
-94.5 0.0077772939378 1.7023006018e-11
-96.0 0.00674049285173 8.43929739149e-12
-97.5 0.00552275962566 4.14222213333e-12
-99.0 0.00309262086546 2.01287837358e-12
-100.5 0.000566256424831 9.6840882372e-13
-102.0 -0.0010375737575 4.61271898202e-13
-103.5 -0.00398664337159 2.17526569859e-13
-105.0 -0.00233629116513 1.01560465129e-13
-106.5 -0.00386767375662 4.69455148155e-14
-108.0 -0.00615624839632 2.1484269224e-14
-109.5 -0.00589052114877 9.73428642969e-15
-111.0 0.000367482805162 4.36661308129e-15
-112.5 0.00362779358131 1.93928820932e-15
-114.0 0.00860082498121 8.52701560361e-16
-115.5 0.00827543599764 3.71200723126e-16
-117.0 0.00719601247298 1.59984395495e-16
-118.5 0.00545226743042 6.82658482331e-17
-120.0 0.0104019795974 2.88394127246e-17
-121.5 0.0116573069955 1.20621962177e-17
-123.0 0.0110163070492 4.99486115867e-18
-124.5 0.0078697755534 2.04775270216e-18
-126.0 -0.0011441958699 8.31167684833e-19
-127.5 -0.00616837161368 3.34007983249e-19
-129.0 -0.0117110718362 1.32886878401e-19
-130.5 -0.0135381292649 5.23436986949e-20
-132.0 -0.0196497480831 2.04128559224e-20
-133.5 -0.0202265153959 7.8813422682e-21
-135.0 -0.0230174579064 3.01268455889e-21
-136.5 -0.0187850937679 1.14015577138e-21
-138.0 -0.00854426462016 4.27200520887e-22
-139.5 -0.00027465915384 1.58473413374e-22
-141.0 0.00446869004675 5.82020264941e-23
-142.5 0.00589900240943 2.11629816532e-23
-144.0 0.00624092161769 7.61855592271e-24
-145.5 0.00308731456276 2.71534814025e-24
-147.0 0.00428002517523 9.58154258046e-25
-148.5 0.00264977531068 3.34735985882e-25
-150.0 0.00228546119405 1.15778102839e-25
-151.5 0.00677386381761 3.96467424047e-26
-153.0 0.00791837842265 1.34414352559e-26
-154.5 0.00781471710155 4.51170645163e-27
-156.0 0.00632074029091 1.49931567289e-27
-157.5 0.0068664314958 4.93290079841e-28
-159.0 0.00610752557456 1.60682558382e-28
-160.5 0.00479340709178 5.18193724522e-29
-162.0 0.0014623734917 1.65452226455e-29
-163.5 0.00169523026811 5.23010174282e-30
-165.0 0.00213044690573 1.63683428919e-30
-166.5 0.00156397953125 5.07173258132e-31
-168.0 -0.000348976355634 1.55584036075e-31
-169.5 -0.00356851058515 4.72531512056e-32
-171.0 -0.00555455945971 1.42086747679e-32
-172.5 -0.00285614276963 4.22993239459e-33
-174.0 -0.0046292599033 1.24672404101e-33
-175.5 -0.00647159833629 3.63801342471e-34
-177.0 -0.00869836935935 1.0510304917e-34
-178.5 -0.0100176618277 3.00623820053e-35
-180.0 -0.00731223207756 8.51311534606e-36
-181.5 -0.00364084187701 2.38677072102e-36
-183.0 -0.00371502370068 6.6250619043e-37
-184.5 -0.00425133930011 1.82064903327e-37
-186.0 -0.00678038881923 4.95358459711e-38
-187.5 -0.00682425119058 1.33435070316e-38
-189.0 -0.00166288369608 3.55858585852e-39
-190.5 0.00368732345416 9.39597740007e-40
-192.0 0.00451148863038 2.45619890616e-40
-193.5 0.00444036127107 6.35685285768e-41
-195.0 0.000542010156052 1.62883780023e-41
-196.5 0.00122300920249 4.1320976386e-42
-198.0 0.000664404073788 1.03781600946e-42
-199.5 0.000390306218356 2.58063873631e-43
-201.0 -0.00126156436059 6.35317931308e-44
-202.5 0.000531522748597 1.54850306562e-44
-204.0 0.00447446581225 3.73671590907e-45
-205.5 0.0105483482659 8.92740315798e-46
-207.0 0.0111989162021 2.11162730778e-46
-208.5 0.0125503378024 4.94500171792e-47
-210.0 0.00867840839457 1.146496357e-47
-211.5 0.00371241074523 2.63169749183e-48
-213.0 -0.000787509088523 5.9807590926e-49
-214.5 -0.00547504457909 1.34565493062e-49
-216.0 -0.00901879152279 2.99756189964e-50
-217.5 -0.00363473195919 6.61088600159e-51
-219.0 -0.000725008199416 1.44347155997e-51
-220.5 0.00257903803939 3.12042572901e-52
-222.0 0.00315268773986 6.6784629946e-53
-223.5 7.69834847796e-06 1.41512972279e-53
-225.0 -0.00216791681715 2.96874596638e-54
-226.5 -0.00531452275897 6.16604764467e-55
-228.0 -0.0064300602221 1.26793727835e-55
-229.5 -0.00613418429466 2.58134302571e-56
-231.0 -0.00484167699818 5.2029628513e-57
-232.5 -0.00167737919627 1.03827592774e-57
-234.0 0.00538253797591 2.05131284851e-58
-235.5 0.00710413118046 4.01243555958e-59
-237.0 0.00986739615313 7.77036279254e-60
-238.5 0.0106816327459 1.4898123733e-60
-240.0 0.00665886383637 2.82799679408e-61
-241.5 0.00447695642736 5.31475566938e-62
-243.0 0.00142523377444 9.88882633846e-63
-244.5 -0.00137972546592 1.82164292581e-63
-246.0 -0.00179120333107 3.32229970948e-64
-247.5 0.00142883489144 5.99889720423e-65
-249.0 0.00449298184895 1.07241057284e-65
-250.5 0.00676771387847 1.89805070103e-66
-252.0 0.0073587504274 3.32591837516e-67
-253.5 0.00669142941243 5.76995490668e-68
-255.0 0.00573367239902 9.91037998979e-69
-256.5 0.00443310791933 1.68525354622e-69
-258.0 0.00484893827992 2.83724766819e-70
-259.5 0.00527641864823 4.72918497377e-71
-261.0 0.00682399516289 7.80427221792e-72
-262.5 0.00695459133776 1.27507453705e-72
-264.0 0.00469676883236 2.06250871291e-73
-265.5 0.0038537081757 3.30303416501e-74
-267.0 0.00237972982896 5.23705813634e-75
-268.5 0.00340097993535 8.22088890603e-76
-270.0 0.00239147059288 1.27763623077e-76
-271.5 0.000742584556363 1.96586057736e-77
-273.0 -0.00158018709892 2.99471338341e-78
-274.5 -0.00206359648033 4.5166336784e-79
-276.0 -0.00564438340882 6.74421689447e-80
-277.5 -0.00624038236529 9.97023154235e-81
-279.0 -0.00482534444915 1.45927121158e-81
-280.5 -0.0040955356834 2.11457863832e-82
-282.0 -0.00190986000139 3.03367268751e-83
-283.5 0.00114703588875 4.308942093e-84
-285.0 0.00184180060781 6.05940036948e-85
-286.5 0.00521005622977 8.43617724193e-86
-288.0 0.00687043617029 1.1628368802e-86
-289.5 0.00596309473219 1.58689778573e-87
-291.0 0.00514410705685 2.14405620647e-88
-292.5 0.00736204504687 2.86800849549e-89
-294.0 0.00538555419356 3.7982343394e-90
-295.5 0.00773751232132 4.98012373718e-91
-297.0 0.00540239487499 6.46480703333e-92
-298.5 0.0 8.30860388222e-93
-300.0 0.0 1.05720107812e-93
###
# timestamp: 2455840.66127
# Gaussian 1 [amp, RV +/- err, wid]: [0.97, 145.00 +/- 0.00, 15.00]
# Gaussian 2 [amp, RV +/- err, wid]: [1.12, 35.00 +/- 0.00, 15.00]
# Uncorrected_RV, BF_amp, Gaussian_fit
###
300.0 0.0 1.07486151414e-38
298.5 0.0 4.00301008146e-38
297.0 0.00723407228356 1.47597128997e-37
295.5 0.00345474979452 5.38798268008e-37
294.0 0.0105994336536 1.94729400729e-36
292.5 0.0125689968048 6.96777180162e-36
291.0 0.0175409431984 2.46838765392e-35
289.5 0.0107192137228 8.65744751635e-35
288.0 -0.00166733562616 3.00623844536e-34
286.5 -0.0117300906605 1.03350846176e-33
285.0 -0.0137456111058 3.51772353312e-33
283.5 -0.0164566903642 1.18540410474e-32
282.0 -0.00752582255492 3.95483350257e-32
280.5 -0.00131745324088 1.30631236436e-31
279.0 0.00383508325946 4.27191817593e-31
277.5 0.0138281956487 1.38310728552e-30
276.0 0.0234775804316 4.43349137059e-30
274.5 0.024486514443 1.40699618923e-29
273.0 0.0261170224526 4.42076093694e-29
271.5 0.0215085433066 1.37517571436e-28
270.0 0.0145413679722 4.23522427617e-28
268.5 0.0104711149212 1.29137295776e-27
267.0 0.0114728476325 3.8983786269e-27
265.5 0.0136300653189 1.16512736389e-26
264.0 0.0160688146664 3.44762357731e-26
262.5 0.0216491913398 1.01000456616e-25
261.0 0.0197020642536 2.92943514466e-25
259.5 0.0186555402375 8.41204317446e-25
258.0 0.0135890694587 2.39153176516e-24
256.5 0.0104786449726 6.73143830205e-24
255.0 0.00738502925942 1.87584366352e-23
253.5 0.00521283601883 5.17538266509e-23
252.0 0.00506405500177 1.41366123227e-22
250.5 0.0104581903447 3.82300868653e-22
249.0 0.0127744755778 1.02358114326e-21
247.5 0.0149711676622 2.71329068296e-21
246.0 0.0100721657898 7.12077766216e-21
244.5 0.00366306279113 1.8501868203e-20
243.0 -0.0057018104742 4.75949412911e-20
241.5 -0.0195796411517 1.21216869283e-19
240.0 -0.0306139262258 3.05648582471e-19
238.5 -0.0427016325146 7.63024993761e-19
237.0 -0.0514945039912 1.8858719337e-18
235.5 -0.0424797191066 4.61469163394e-18
234.0 -0.0413581725217 1.11797020463e-17
232.5 -0.0326214050547 2.68148164142e-17
231.0 -0.0274408076048 6.36761037789e-17
229.5 -0.0267503948181 1.49704615789e-16
228.0 -0.0232288673455 3.48458413748e-16
226.5 -0.0111424948209 8.03015216287e-16
225.0 -0.00909735942399 1.83211887701e-15
223.5 0.00624769903683 4.13847731802e-15
222.0 0.00988643817827 9.25517349436e-15
220.5 0.00721704802473 2.04920593254e-14
219.0 0.0118982533939 4.49204087969e-14
217.5 0.0165167517583 9.74897261511e-14
216.0 0.0132219311166 2.09474448747e-13
214.5 0.0139141510276 4.4561552923e-13
213.0 0.00101305088202 9.38526702014e-13
211.5 -0.01970119448 1.95699629988e-12
210.0 -0.0295208658318 4.04008433582e-12
208.5 -0.0306919426605 8.25748726642e-12
207.0 -0.0462122654056 1.67094613263e-11
205.5 -0.0402799781225 3.34760371774e-11
204.0 -0.0302113120965 6.63991758161e-11
202.5 -0.0239074197364 1.3039123269e-10
201.0 -0.00804892526038 2.53507696247e-10
199.5 0.00372389297447 4.87967571489e-10
198.0 -0.00103414172817 9.29924798488e-10
196.5 0.00907872070398 1.75453385388e-09
195.0 0.0202368526354 3.27742476231e-09
193.5 0.0128186356696 6.06123000032e-09
192.0 0.00920220106586 1.10980289347e-08
190.5 -0.00342120484696 2.01181479009e-08
189.0 -0.017153355462 3.61066499537e-08
187.5 -0.023257748844 6.41569116251e-08
186.0 -0.0188369053942 1.12864343343e-07
184.5 -0.0172230347103 1.9657447466e-07
183.0 -0.011920599245 3.38964755085e-07
181.5 -0.0118582233394 5.78680726928e-07
180.0 -0.0139491003973 9.78093895619e-07
178.5 -0.0158813637608 1.6367378802e-06
177.0 -0.00384911492148 2.71165712378e-06
175.5 0.00412784246202 4.44782272916e-06
174.0 -0.000720607143646 7.22299344401e-06
172.5 -0.0044072898316 1.16129893217e-05
171.0 -0.00118922100806 1.84853589402e-05
169.5 0.0072159159757 2.91318995873e-05
168.0 0.0270303161905 4.54534419855e-05
166.5 0.0348165753662 7.02136908646e-05
165.0 0.0293840972276 0.000107382592537
163.5 0.0379575874158 0.000162593441017
162.0 0.0411147463124 0.000243741351515
160.5 0.0376396572923 0.000361753267799
159.0 0.0324506228287 0.000531560579571
157.5 0.0208709589948 0.000773303765903
156.0 0.0100953283685 0.00111379314248
154.5 0.00949532347696 0.00158823956257
153.0 0.00611226119705 0.0022422526004
151.5 0.00253638697922 0.00313408029713
150.0 0.0023748554619 0.00433703332259
148.5 0.00106367817535 0.00594199738649
147.0 0.00636517525222 0.00805989181897
145.5 0.00348460375745 0.0108238815045
144.0 0.0076084735911 0.0143910972465
142.5 0.00713860536832 0.018943571083
141.0 0.00858327223467 0.0246880543848
139.5 0.00898968508398 0.0318543651609
138.0 0.0153707310051 0.0406919148316
136.5 0.0125924973377 0.0514641015076
135.0 0.0189151879891 0.0644403329185
133.5 0.013582782177 0.0798855614615
132.0 0.0128830343896 0.0980473765696
130.5 0.000124695278567 0.119140901152
129.0 -0.0137575270723 0.143331969146
127.5 -0.0165048258001 0.170719304532
126.0 -0.0309866613032 0.201316657545
124.5 -0.0357611565071 0.235036056676
123.0 -0.0331604951476 0.271673478818
121.5 -0.0332441261324 0.310898299372
120.0 -0.0331767266672 0.352247838175
118.5 -0.0154395294959 0.39512815217
117.0 -0.0141884455214 0.438821938833
115.5 0.00194040988634 0.482504014718
114.0 0.0115913210856 0.525264343573
112.5 0.0147768525166 0.566138043269
111.0 0.0146028907888 0.604141244777
109.5 0.0101669967437 0.638311160436
108.0 0.00809282067326 0.667748293696
106.5 0.012263302825 0.691658434635
105.0 0.0107352569971 0.709391969863
103.5 0.0171719362836 0.720478111557
102.0 0.0177729022876 0.724651919007
100.5 0.0185809843297 0.721872428057
99.0 0.021468320355 0.712330781585
97.5 0.0220401697627 0.69644791533
96.0 0.0130795512993 0.674862036384
94.5 0.00979940873727 0.64840677296
93.0 0.0091300685252 0.618081415265
91.5 0.00861287061367 0.585015061974
90.0 0.00977130956261 0.550426705996
88.5 0.0117282046164 0.515583328528
87.0 0.0125898634652 0.481757934366
85.5 0.0156782617023 0.450189186023
84.0 0.0168949981853 0.422043925521
82.5 0.0138995844024 0.398383465566
81.0 0.00445434710622 0.380134141751
79.5 8.55624672155e-06 0.368062293852
78.0 -0.00520258334654 0.362753623993
76.5 -0.00577871944849 0.364596781779
75.0 -0.00515173117388 0.3737710512
73.5 0.00189466773106 0.390238141417
72.0 0.00373021270503 0.413738277216
70.5 0.00794736657608 0.443790996956
69.0 0.0141791750673 0.479701243824
67.5 0.0168515425736 0.520571429937
66.0 0.0181994366274 0.565320122471
64.5 0.0206227383411 0.612707822599
63.0 0.00889616710733 0.661369978188
61.5 0.0043520510788 0.709856908675
60.0 -0.000442710493231 0.756679764738
58.5 0.00215297470829 0.800361053019
57.0 0.00360761242828 0.839487694032
55.5 0.0103499911808 0.872764119201
54.0 0.0134744356775 0.899062613781
52.5 0.0318791197897 0.917468025202
51.0 0.0451635425439 0.927314108513
49.5 0.0560999160173 0.92820917454
48.0 0.0546583667376 0.920049317509
46.5 0.0442966056887 0.903018278734
45.0 0.0371727614548 0.877573883282
43.5 0.0293718536296 0.844421887887
42.0 0.0298888617079 0.804478918301
40.5 0.0301464793773 0.758826877037
39.0 0.0308620277795 0.708661707142
37.5 0.027268332731 0.655239664502
36.0 0.0290740749586 0.599824265208
34.5 0.0258310149006 0.543636846211
33.0 0.0259639078631 0.487813240148
31.5 0.0201652379346 0.433368470218
30.0 0.0121629793341 0.38117068104
28.5 0.00375643032282 0.331924803146
27.0 0.00486729879769 0.286165765285
25.5 0.00494166475851 0.244260473809
24.0 0.00414523475634 0.206417311433
22.5 0.00900873895222 0.172701591781
21.0 0.00938148231822 0.143055247504
19.5 0.0105597366671 0.117319019302
18.0 0.0127648891958 0.0952555298329
16.5 0.0167672330533 0.0765718406285
15.0 0.0131437816455 0.0609403683796
13.5 0.0188177924296 0.0480173457022
12.0 0.00801423640583 0.0374583204578
10.5 0.00515547736247 0.0289304722208
9.0 0.0102727743226 0.0221217668264
7.5 0.00954116216543 0.0167471596725
6.0 0.0225192915064 0.0125521919616
4.5 0.0192402876724 0.00931440339264
3.0 0.0204043046689 0.00684301624261
1.5 0.0114144219098 0.00497733825696
0.0 -0.00756576056809 0.00358429542559
-1.5 -0.0213589255215 0.0025554506355
-3.0 -0.0364464830085 0.00180379944845
-4.5 -0.0434333903253 0.00126056736461
-6.0 -0.033619621055 0.000872169558435
-7.5 -0.0378528356259 0.000597438003202
-9.0 -0.0328296763558 0.000405174234736
-10.5 -0.00604906183686 0.000272049449613
-12.0 0.00190076765069 0.000180846845573
-13.5 0.0217212659997 0.000119023051252
-15.0 0.0230006036158 7.7554727527e-05
-16.5 0.0066650710471 5.00313853391e-05
-18.0 0.00226224338844 3.19546331182e-05
-19.5 -0.00353394338248 2.02060860456e-05
-21.0 -0.0108706486793 1.26499152434e-05
-22.5 -0.00724962158162 7.8406142668e-06
-24.0 -0.00661922970199 4.81137953345e-06
-25.5 0.00953935851691 2.92311700654e-06
-27.0 0.0226372810388 1.75824680945e-06
-28.5 0.0343301268769 1.047057499e-06
-30.0 0.0380215008539 6.17331275978e-07
-31.5 0.0277690071465 3.60348803342e-07
-33.0 0.0211462277039 2.08249967963e-07
-34.5 0.0119847505299 1.19152691668e-07
-36.0 0.00695786831628 6.7496278332e-08
-37.5 0.00396778372921 3.78540935974e-08
-39.0 0.0030374097932 2.10185586748e-08
-40.5 0.00226434655912 1.15544709873e-08
-42.0 0.00649134035056 6.28860413022e-09
-43.5 0.00633810715112 3.38856251255e-09
-45.0 -0.00276250099458 1.80773098702e-09
-46.5 -0.0124099417229 9.54792850214e-10
-48.0 -0.0363329095203 4.99277010431e-10
-49.5 -0.0472741674856 2.58482434376e-10
-51.0 -0.0444891044052 1.32488308816e-10
-52.5 -0.0378073963028 6.72327898586e-11
-54.0 -0.0216824569007 3.3778609243e-11
-55.5 -0.00451156701002 1.68019408443e-11
-57.0 0.000149777954465 8.27435582944e-12
-58.5 0.00896179228222 4.03427956582e-12
-60.0 0.0161954814582 1.94739855234e-12
-61.5 0.00737619313571 9.30680791144e-13
-63.0 0.00919816586671 4.4035579207e-13
-64.5 0.000783740450833 2.06283138776e-13
-66.0 -0.0131697091745 9.56711080697e-14
-67.5 -0.0139521299702 4.39293656777e-14
-69.0 -0.0165675387545 1.9970370202e-14
-70.5 -0.00758598830105 8.98823366863e-15
-72.0 -0.00400686348142 4.00515795221e-15
-73.5 -7.60280045663e-05 1.76694079205e-15
-75.0 -0.00623101677081 7.7175846416e-16
-76.5 -0.00672159699406 3.33732007276e-16
-78.0 -0.015038889566 1.42879978142e-16
-79.5 -0.0124689598778 6.05622420746e-17
-81.0 -0.0086816833531 2.54149681443e-17
-82.5 -0.000510297855347 1.05592786274e-17
-84.0 0.0100345111371 4.34346158667e-18
-85.5 0.0163503626502 1.76886535292e-18
-87.0 0.0171213273152 7.13198828312e-19
-88.5 0.0181314689385 2.84697413658e-19
-90.0 0.0172664739566 1.12515791025e-19
-91.5 0.0157678794744 4.40251139697e-20
-93.0 0.0155417593546 1.70547184912e-20
-94.5 0.0171983715126 6.54102300789e-21
-96.0 0.0130304853139 2.48372697138e-21
-97.5 0.0145698075023 9.33725211442e-22
-99.0 0.00812773619818 3.47529257409e-22
-100.5 -3.77671046759e-05 1.28062128121e-22
-102.0 -0.0024223874387 4.67204602062e-23
-103.5 -0.0085396992023 1.68752635674e-23
-105.0 -0.0137713383282 6.03463590471e-24
-106.5 -0.0188773089071 2.13652822907e-24
-108.0 -0.0189704598538 7.4889900484e-25
-109.5 -0.0161584667928 2.59893206158e-25
-111.0 0.000861955205124 8.92942831859e-26
-112.5 0.0096238020137 3.0374521074e-26
-114.0 0.0153038606103 1.02294498569e-26
-115.5 0.0141815030343 3.4107679382e-27
-117.0 0.0130030727762 1.12592411546e-27
-118.5 0.0130472550114 3.67979076816e-28
-120.0 0.0217453160686 1.19067760466e-28
-121.5 0.0307688125156 3.81436544919e-29
-123.0 0.027773505393 1.2097829787e-29
-124.5 0.0227523549978 3.79882856463e-30
-126.0 0.00327133408731 1.18099749179e-30
-127.5 -0.00876878479434 3.63500749568e-31
-129.0 -0.0250410391245 1.1076911896e-31
-130.5 -0.0325369678909 3.34186688819e-32
-132.0 -0.0447525445335 9.98197891812e-33
-133.5 -0.0397632707175 2.95189703304e-33
-135.0 -0.0393853505622 8.6425682118e-34
-136.5 -0.0355829621218 2.50519468994e-34
-138.0 -0.0177629222615 7.18947543658e-35
-139.5 -0.000742211507298 2.04272536273e-35
-141.0 0.00999706774088 5.74618776787e-36
-142.5 0.017691405893 1.60031951263e-36
-144.0 0.013309446592 4.4125601962e-37
-145.5 0.00261322451972 1.20456888487e-37
-147.0 0.00623146265108 3.25558990838e-38
-148.5 0.00612344637837 8.71133673472e-39
-150.0 0.00629623210219 2.30779360104e-39
-151.5 0.0155113033783 6.05293741092e-40
-153.0 0.0170460887995 1.57178252781e-40
-154.5 0.0211695884438 4.04087843607e-41
-156.0 0.0199172952721 1.02852811913e-41
-157.5 0.0177384795253 2.59187234934e-42
-159.0 0.011811858016 6.46648244427e-43
-160.5 0.00774434561825 1.59727484568e-43
-162.0 0.000981190418199 3.90614406714e-44
-163.5 0.00440170786445 9.45744701412e-45
-165.0 0.00653190134565 2.26702668303e-45
-166.5 0.00104089423883 5.38017499885e-46
-168.0 -0.00121211758409 1.26413433527e-46
-169.5 -0.0121944460724 2.94067553169e-47
-171.0 -0.0151762634956 6.77264081747e-48
-172.5 -0.00962057243028 1.54427995623e-48
-174.0 -0.00914323760271 3.48619022411e-49
-175.5 -0.0195110477089 7.79171720967e-50
-177.0 -0.0197145869473 1.72413924916e-50
-178.5 -0.0241036437709 3.77718755494e-51
-180.0 -0.0208255227566 8.19260124096e-52
-181.5 -0.0120854638038 1.75926854977e-52
-183.0 -0.0186651408544 3.74024039315e-53
-184.5 -0.0157701669766 7.87270446149e-54
-186.0 -0.0129511115837 1.64061030849e-54
-187.5 -0.00790045001428 3.38488547123e-55
-189.0 -0.00344188442587 6.91416241006e-56
-190.5 0.00234165806997 1.39827383086e-56
-192.0 0.00352766713541 2.79963837647e-57
-193.5 0.00857654986094 5.5496897053e-58
-195.0 0.00884097052952 1.08916209878e-58
-196.5 0.00405331153692 2.11628129767e-59
-198.0 -0.00307598344572 4.07109580685e-60
-199.5 -0.00331349189402 7.75365203652e-61
-201.0 -0.00477108999793 1.46203694262e-61
-202.5 -0.000463142628304 2.72940159505e-62
-204.0 0.0136518407911 5.04467962781e-63
-205.5 0.0235463595828 9.23117099229e-64
-207.0 0.0278053237852 1.67238805025e-64
-208.5 0.0354133373343 2.99967615607e-65
-210.0 0.0268070220031 5.32682882808e-66
-211.5 0.0136087964768 9.3652670776e-67
-213.0 0.0057364392803 1.63015405212e-67
-214.5 -0.00937900318145 2.80927454371e-68
-216.0 -0.0135124180089 4.79310314646e-69
-217.5 -0.00658260951923 8.09648324273e-70
-219.0 -0.00389084110167 1.35404507814e-70
-220.5 -3.15117723835e-05 2.24195493965e-71
-222.0 -0.0024382350631 3.67517218939e-72
-223.5 -0.00891561690001 5.96465815526e-73
-225.0 -0.00962280614923 9.58408111714e-74
-226.5 -0.00983681682264 1.52465807501e-74
-228.0 -0.0141082496728 2.40132803318e-75
-229.5 -0.0155276282898 3.74444605872e-76
-231.0 -0.0150813521426 5.78070386253e-77
-232.5 -0.0122731273664 8.83549569878e-78
-234.0 0.00364856942916 1.33702082929e-78
-235.5 0.0140940769943 2.0030993114e-79
-237.0 0.0199738512131 2.97114498823e-80
-238.5 0.0213486784211 4.3631713033e-81
-240.0 0.0189138512691 6.34362845188e-82
-241.5 0.00793439804381 9.13125072053e-83
-243.0 -0.00191795172062 1.30130725775e-83
-244.5 -0.00722210635012 1.83605840327e-84
-246.0 -0.0120172685772 2.56478040126e-85
-247.5 -0.00570636720585 3.54707961431e-86
-249.0 0.00410926968124 4.856783467e-87
-250.5 0.0100446122374 6.58390569818e-88
-252.0 0.0117836613189 8.8364030589e-89
-253.5 0.0171456921424 1.1741524483e-89
-255.0 0.013707153116 1.54465151208e-90
-256.5 0.0120994964079 2.01184072392e-91
-258.0 0.00765444664941 2.59426138412e-92
-259.5 0.00253647492239 3.31200453361e-93
-261.0 0.00368361801253 4.18625008331e-94
-262.5 0.00850036247098 5.2386148652e-95
-264.0 0.00851885171744 6.49030084204e-96
-265.5 0.00843567320872 7.96104795643e-97
-267.0 0.0052030686644 9.66791241632e-98
-268.5 0.00592956735232 1.1623909764e-98
-270.0 0.0048775276885 1.38365815658e-99
-271.5 0.00270363915314 1.63065632909e-100
-273.0 0.0017468198303 1.9026246912e-101
-274.5 -0.00816416494858 2.19786428428e-102
-276.0 -0.0134198876285 2.51365499847e-103
-277.5 -0.01037753328 2.84621382412e-104
-279.0 -0.0223410893809 3.19070338055e-105
-280.5 -0.023374140971 3.54129736616e-106
-282.0 -0.0154315314232 3.89130628543e-107
-283.5 -0.0115946858929 4.23336280652e-108
-285.0 -0.00285845461074 4.55966167458e-109
-286.5 0.0129228864189 4.86224461517e-110
-288.0 0.00680538026512 5.13331652258e-111
-289.5 0.0120704712229 5.36557585369e-112
-291.0 0.0116869985513 5.55253991407e-113
-292.5 0.0177773079847 5.68884491507e-114
-294.0 0.00229392961793 5.77050145814e-115
-295.5 0.0181171905512 5.79508847547e-116
-297.0 0.00617096376228 5.76187247237e-117
-298.5 0.0 5.67184387649e-118
-300.0 0.0 5.5276679803e-119
###
# timestamp: 2455849.57849
# Gaussian 1 [amp, RV +/- err, wid]: [0.97, 145.00 +/- 0.00, 15.00]
# Gaussian 2 [amp, RV +/- err, wid]: [1.12, 35.00 +/- 0.00, 15.00]
# Uncorrected_RV, BF_amp, Gaussian_fit
###
300.0 0.0 1.74406333465e-10
298.5 0.0 3.38002906049e-10
297.0 0.000333283101175 6.48538363887e-10
295.5 -0.00339232327449 1.23199221682e-09
294.0 0.00198407845927 2.31706017047e-09
292.5 -0.00242407424352 4.31443285802e-09
291.0 0.0043355562613 7.95366276382e-09
289.5 0.00628136371289 1.4516692791e-08
288.0 0.00765708052369 2.62316285933e-08
286.5 0.00719940309839 4.692884637e-08
285.0 0.00145366242643 8.31211526704e-08
283.5 0.00116901887935 1.45760648254e-07
282.0 -4.75473157108e-05 2.53061501362e-07
280.5 0.00121349805354 4.34979635148e-07
279.0 0.003274343431 7.40233650964e-07
277.5 0.00735513701103 1.2471703542e-06
276.0 0.00945766266948 2.08036619865e-06
274.5 0.0139413883353 3.43566534235e-06
273.0 0.0163713996781 5.61744687844e-06
271.5 0.0148184648474 9.09335507508e-06
270.0 0.01392501877 1.45735843945e-05
268.5 0.0143513347305 2.31241440484e-05
267.0 0.0145731173779 3.63263704156e-05
265.5 0.0178606199032 5.64983029787e-05
264.0 0.0195950642034 8.6997316086e-05
262.5 0.0210359550683 0.000132627432143
261.0 0.0205425548753 0.000200178726886
259.5 0.0206897001197 0.000299129702989
258.0 0.016750092304 0.000442545788203
256.5 0.0173815671223 0.000648207331973
255.0 0.0160329126261 0.000939997549731
253.5 0.0144585073615 0.00134957355353
252.0 0.016752185769 0.00191833058904
250.5 0.0179630178949 0.00269964960756
249.0 0.0188903178985 0.00376139032475
247.5 0.0182887749448 0.0051885554388
246.0 0.0162097377979 0.00708600696672
244.5 0.0117668008873 0.00958106405502
243.0 0.00662680661538 0.0128257558237
241.5 -0.00186590944014 0.0169984470453
240.0 -0.00968172664774 0.0223045045601
238.5 -0.0158491523223 0.0289756355364
237.0 -0.0232264602422 0.0372675132839
235.5 -0.0275736641222 0.0474553209247
234.0 -0.0309264285253 0.0598268958334
232.5 -0.0287453143212 0.0746732545302
231.0 -0.0283457909553 0.0922764217251
229.5 -0.0247693468276 0.112894677092
228.0 -0.025537667405 0.136745562303
226.5 -0.0230327566025 0.163987245962
225.0 -0.0154167576518 0.194699106439
223.5 -0.00599876978117 0.22886263802
222.0 0.000763669418376 0.266343986661
220.5 0.00606674510497 0.30687954927
219.0 0.0103296722841 0.350066098535
217.5 0.0103443963272 0.395356803146
216.0 0.0131277514557 0.442064289538
214.5 0.0112253955542 0.489371536639
213.0 0.00836132766517 0.536350924257
211.5 0.00540075724487 0.58199119744
210.0 0.00259693040968 0.625231505286
208.5 -0.000626111336043 0.665001074389
207.0 -0.00575071328399 0.700262540752
205.5 -0.00875650491254 0.730056544681
204.0 -0.010991864746 0.753544938731
202.5 -0.00902731562994 0.770049903851
201.0 -0.00641748491738 0.779086429967
199.5 -0.00145389881365 0.780385990016
198.0 0.000455231970683 0.773909795056
196.5 0.00107010438072 0.759850717474
195.0 -0.00420074554673 0.738623749221
193.5 -0.0130190118407 0.710845653778
192.0 -0.0211657643993 0.677305203979
190.5 -0.0284298735624 0.638926009298
189.0 -0.0327240774964 0.596724374747
187.5 -0.0389867992692 0.551764866813
186.0 -0.040725939076 0.50511627802
184.5 -0.0400451484703 0.457810490802
183.0 -0.0328389855926 0.410806372196
181.5 -0.0270827603995 0.364960327639
180.0 -0.0217855203038 0.321004558172
178.5 -0.0186034903804 0.279533457318
177.0 -0.00839615878115 0.2409980052
175.5 -0.00532785043079 0.205707513594
174.0 0.000859588046776 0.173837679888
172.5 0.00740660044374 0.145443639805
171.0 0.0164060695631 0.120476573464
169.5 0.0247006614572 0.0988024092531
168.0 0.0295513341281 0.0802212671599
166.5 0.0268578395104 0.0644864628154
165.0 0.0280470099915 0.051322127251
163.5 0.0305891843454 0.0404387569794
162.0 0.0312771096834 0.0315462689269
160.5 0.0287375706092 0.0243643741519
159.0 0.0268556334289 0.0186302882393
157.5 0.0228772010744 0.0141039559652
156.0 0.0180336396035 0.0105710802006
154.5 0.0140152750717 0.00784431178906
153.0 0.0108366816856 0.00576298357829
151.5 0.0100687319982 0.0041917654331
150.0 0.0113750425814 0.00301858644209
148.5 0.0127891941663 0.00215212413233
147.0 0.0127880582368 0.00151910597825
145.5 0.0159031736439 0.00106161215777
144.0 0.0174460423502 0.000734515135492
142.5 0.0172856925218 0.000503144431274
141.0 0.0169130665532 0.000341225631784
139.5 0.0150890132508 0.000229111916366
138.0 0.0168120223478 0.000152303808871
136.5 0.0177659775191 0.000100237656884
135.0 0.023554579841 6.53142738963e-05
133.5 0.0212378057517 4.21349376136e-05
132.0 0.0169124538402 2.69112370951e-05
130.5 0.00871204864761 1.701696184e-05
129.0 -0.000227511414813 1.06533805955e-05
127.5 -0.0089775468933 6.60313103154e-06
126.0 -0.0211778997786 4.05200006296e-06
124.5 -0.0249364252724 2.46176179045e-06
123.0 -0.0329815143166 1.48074292068e-06
121.5 -0.0286972499158 8.8180053612e-07
120.0 -0.0291441404073 5.19897952734e-07
118.5 -0.0206124256177 3.03474993766e-07
117.0 -0.0158431041598 1.75381899825e-07
115.5 -0.00392599039435 1.0034683625e-07
114.0 0.00319167438275 5.68433486048e-08
112.5 0.00805252529596 3.18795864333e-08
111.0 0.0120903746381 1.77012020372e-08
109.5 0.0120579010338 9.73083023937e-09
108.0 0.0149193085274 5.29607461445e-09
106.5 0.0149882976463 2.85374641401e-09
105.0 0.0172706127187 1.52241777325e-09
103.5 0.0171596847565 8.04099739088e-10
102.0 0.0192825148451 4.20480106336e-10
100.5 0.0192175253372 2.17694997427e-10
99.0 0.0206092781709 1.11597281082e-10
97.5 0.0192454610287 5.66645316214e-11
96.0 0.0167446516316 2.85411678066e-11
94.5 0.0172815903119 1.43524113083e-11
93.0 0.0145957411279 7.40030832813e-12
91.5 0.0153927022795 4.31034482756e-12
90.0 0.0142819182969 3.55001466262e-12
88.5 0.0164402419844 4.74054105575e-12
87.0 0.0175884014318 8.48619523309e-12
85.5 0.0189896322457 1.6652769656e-11
84.0 0.0155261714249 3.32100293418e-11
82.5 0.0130430069465 6.59777181699e-11
81.0 0.00680107230548 1.29958990727e-10
79.5 0.00319058143064 2.53522534969e-10
78.0 0.000873778636847 4.89685367485e-10
76.5 -0.0017908896672 9.36445300661e-10
75.0 -0.000328315233273 1.77299098733e-09
73.5 -0.000809061631906 3.32344200746e-09
72.0 0.00149949449984 6.16775098512e-09
70.5 0.00471906148728 1.13324192888e-08
69.0 0.0104178049986 2.06146278082e-08
67.5 0.0136505662127 3.71266204299e-08
66.0 0.0141606485654 6.61991469735e-08
64.5 0.0102086660256 1.16862836627e-07
63.0 0.00709035791865 2.04247857457e-07
61.5 0.00458899637401 3.53423684715e-07
60.0 0.00360390387465 6.05467514312e-07
58.5 0.00177158930005 1.0269353359e-06
57.0 0.000678225209396 1.72445713779e-06
55.5 0.00429217094534 2.86694106844e-06
54.0 0.0116565707464 4.71891530485e-06
52.5 0.0195789921496 7.68993474838e-06
51.0 0.0256376672666 1.24068114411e-05
49.5 0.032241814822 1.98177691069e-05
48.0 0.0322250177618 3.13405347056e-05
46.5 0.0357526503189 4.90698911362e-05
45.0 0.0359247237024 7.60642946508e-05
43.5 0.0331265400605 0.000116735687523
42.0 0.0311554639205 0.000177371363154
40.5 0.0321417932563 0.000266821251693
39.0 0.0322937885823 0.000397387668117
37.5 0.0349923356711 0.000585956545013
36.0 0.0388281248644 0.000855408356528
34.5 0.0360582979983 0.00123634199932
33.0 0.0334474430894 0.00176913433836
31.5 0.0276799587188 0.00250634041169
30.0 0.0227903531524 0.00351541301561
28.5 0.0170992111611 0.00488168453831
27.0 0.0138076724021 0.00671150814082
25.5 0.00645740401425 0.00913540039047
24.0 0.0029804642164 0.0123109652942
22.5 0.00015327870083 0.0164253140743
21.0 -0.0017227282351 0.0216966315252
19.5 -0.00052227809905 0.0283744857582
18.0 0.00415367225956 0.036738442482
16.5 0.00676083134323 0.047094537575
15.0 0.0105543845399 0.0597691924972
13.5 0.00747486648036 0.0751002348486
12.0 0.00692092363019 0.0934248172489
10.5 0.0093938296577 0.115064213706
9.0 0.012343339495 0.140305710158
7.5 0.0122744031675 0.1693820847
6.0 0.0138264847063 0.202449475675
4.5 0.0170623384714 0.239564738188
3.0 0.020560153844 0.280663661773
1.5 0.0167081841227 0.325541631159
0.0 -0.00159246635194 0.373838425209
-1.5 -0.0106275957686 0.425028837364
-3.0 -0.0248114645633 0.478420643377
-4.5 -0.0227903811615 0.53316112986
-6.0 -0.0337157859453 0.588252936337
-7.5 -0.030081351856 0.642579376659
-9.0 -0.0263394925639 0.694938731741
-10.5 -0.00892363565283 0.744086297406
-12.0 0.000274497891035 0.788782291077
-13.5 0.00589232750575 0.827843134963
-15.0 -0.0017967104301 0.860193203495
-16.5 -0.000417993652521 0.884913900387
-18.0 -0.00374706246978 0.901286949584
-19.5 -0.00142084716337 0.908829055961
-21.0 0.000233344435189 0.907315602429
-22.5 0.0006516790234 0.896791762169
-24.0 0.00448175164247 0.877570258888
-25.5 0.0144222915212 0.850215930051
-27.0 0.0211722890335 0.815518156371
-28.5 0.0286484889286 0.774453035269
-30.0 0.0271333291523 0.728137826634
-31.5 0.0242902154911 0.677780633319
-33.0 0.0242537127644 0.624628466415
-34.5 0.0200410378888 0.569916781372
-36.0 0.0190150239534 0.514823274731
-37.5 0.0130022328171 0.460428242905
-39.0 0.00733216117406 0.407683179767
-40.5 0.00292008707002 0.357388593112
-42.0 -0.000351556556497 0.310181316752
-43.5 -0.00813102749678 0.266530944837
-45.0 -0.0198059188211 0.226744466668
-46.5 -0.0294719442295 0.190977767213
-48.0 -0.0439462211564 0.159252398024
-49.5 -0.0538840497922 0.131475915915
-51.0 -0.061570665187 0.107464119444
-52.5 -0.0674913433277 0.0869636619422
-54.0 -0.0644005928273 0.0696737537025
-55.5 -0.0500594101726 0.0552659518086
-57.0 -0.0396122229416 0.0434013415785
-58.5 -0.0280817990508 0.0337447107295
-60.0 -0.0205650449703 0.0259755839832
-61.5 -0.0164764471543 0.0197962069779
-63.0 -0.0073835522445 0.0149367360593
-64.5 -0.00678770421567 0.0111580032338
-66.0 -0.0103814559618 0.00825228682278
-67.5 -0.0100533922783 0.00604253536271
-69.0 -0.0122651858374 0.00438047435715
-70.5 -0.0115243467739 0.00314398263891
-72.0 -0.0149050761898 0.00223406698808
-73.5 -0.0196528112914 0.00157169871615
-75.0 -0.0237387646855 0.00109471094645
-76.5 -0.0228858563954 0.000754895225081
-78.0 -0.0276005279609 0.000515384022851
-79.5 -0.029297196872 0.000348363206228
-81.0 -0.0300446974557 0.000233125973181
-82.5 -0.0220271798593 0.000154456468326
-84.0 -0.0116576315658 0.000101316130301
-85.5 -0.00121054372452 6.57973105827e-05
-87.0 0.00555705305489 4.23052968065e-05
-88.5 0.00932723157308 2.69301272374e-05
-90.0 0.0119875404528 1.6972238247e-05
-91.5 0.0153909505755 1.05900226479e-05
-93.0 0.0169000901004 6.5420176794e-06
-94.5 0.0172248834328 4.0011385771e-06
-96.0 0.0136805288162 2.42277190077e-06
-97.5 0.00922874896967 1.45244106138e-06
-99.0 0.00474232305205 8.62068077596e-07
-100.5 0.00263890412871 5.06572563105e-07
-102.0 0.00398034712955 2.94712678502e-07
-103.5 0.00343398590696 1.69751269299e-07
-105.0 -4.63636265865e-05 9.68019924477e-08
-106.5 -0.0048243372913 5.4652825255e-08
-108.0 -0.00791129926854 3.05490700189e-08
-109.5 -0.0054432537249 1.6905982903e-08
-111.0 0.0031063792081 9.2627493491e-09
-112.5 0.0110425380705 5.0245416903e-09
-114.0 0.0162148914241 2.69842313198e-09
-115.5 0.0168394200281 1.43476476729e-09
-117.0 0.0235854271953 7.55280741256e-10
-118.5 0.0248081911721 3.93634516696e-10
-120.0 0.0296890687974 2.03111723461e-10
-121.5 0.0287979038292 1.03760932065e-10
-123.0 0.0251411209016 5.24795125446e-11
-124.5 0.0196804926291 2.6278633368e-11
-126.0 0.00974844867069 1.30278519434e-11
-127.5 -7.06799761259e-05 6.39440159131e-12
-129.0 -0.019337558577 3.10730623825e-12
-130.5 -0.0301293616346 1.49494515845e-12
-132.0 -0.0489632936998 7.12071362893e-13
-133.5 -0.0540287657238 3.35798564076e-13
-135.0 -0.0566389011055 1.56780196458e-13
-136.5 -0.0457430275351 7.24703951112e-14
-138.0 -0.0320896701446 3.31655427672e-14
-139.5 -0.0182828003157 1.50269431799e-14
-141.0 -0.00631989136931 6.74079678416e-15
-142.5 0.00201861002792 2.99370415505e-15
-144.0 0.0122776513842 1.31632636758e-15
-145.5 0.0147210152515 5.73027331285e-16
-147.0 0.0196221449083 2.46969969308e-16
-148.5 0.0142898275552 1.05382868065e-16
-150.0 0.0119841317463 4.45197724031e-17
-151.5 0.0132128022523 1.8620567465e-17
-153.0 0.0143112203968 7.71063142278e-18
-154.5 0.0164199417761 3.16114218789e-18
-156.0 0.0164047660671 1.28308424692e-18
-157.5 0.0145370214374 5.15612420303e-19
-159.0 0.0106655634619 2.05139183597e-19
-160.5 0.00664366191867 8.08036410062e-20
-162.0 0.00398316316637 3.15115882711e-20
-163.5 0.00262697686451 1.21665294422e-20
-165.0 0.00361125730558 4.65071990767e-21
-166.5 0.00469778873248 1.76007313084e-21
-168.0 0.00508199411053 6.5947493945e-22
-169.5 0.00391777372018 2.44637446772e-22
-171.0 0.00505643516452 8.98472169893e-23
-172.5 0.00623855210211 3.26695670112e-23
-174.0 0.00386262020803 1.17608627803e-23
-175.5 0.0022184506009 4.19171785338e-24
-177.0 -2.82956288469e-05 1.4791150535e-24
-178.5 -0.00207670625375 5.16736247332e-25
-180.0 -3.85521575139e-05 1.7872814668e-25
-181.5 -0.000190307467979 6.12031862518e-26
-183.0 -0.00206631541233 2.07497165104e-26
-184.5 -0.00230499278658 6.96477928638e-27
-186.0 -0.00236649946436 2.3145128909e-27
-187.5 -0.00417963623503 7.6149824176e-28
-189.0 -0.0059464642204 2.48047732338e-28
-190.5 -0.00767061527695 7.99942318407e-29
-192.0 -0.0116883118217 2.55410730297e-29
-193.5 -0.0131095489159 8.07377533857e-30
-195.0 -0.0162025919227 2.52680214788e-30
-196.5 -0.0149480785565 7.82929882677e-31
-198.0 -0.0148961670142 2.40177077868e-31
-199.5 -0.0123770406462 7.29452973639e-32
-201.0 -0.0113078936777 2.19341140145e-32
-202.5 -0.00493779379499 6.52980104988e-33
-204.0 0.00370478332197 1.92458393952e-33
-205.5 0.0106875668772 5.61604812185e-34
-207.0 0.0142106361915 1.62248929012e-34
-208.5 0.0115582155758 4.64076858135e-35
-210.0 0.00853889198589 1.31418056694e-35
-211.5 0.0080297236536 3.68448866461e-36
-213.0 0.003731267021 1.02271932841e-36
-214.5 -0.00558684379588 2.81055933285e-37
-216.0 -0.00962595556918 7.64691226372e-38
-217.5 -0.00726274817105 2.05985434509e-38
-219.0 -0.00283422263435 5.49343476619e-39
-220.5 4.90469310609e-07 1.4504691179e-39
-222.0 -0.00719376096813 3.79166584711e-40
-223.5 -0.0134766598836 9.81315552871e-41
-225.0 -0.0137760816329 2.51445786501e-41
-226.5 -0.0137074605146 6.37877227856e-42
-228.0 -0.0153004915665 1.6020899239e-42
-229.5 -0.0174673492986 3.98376521366e-43
-231.0 -0.0140679441223 9.80748463066e-44
-232.5 -0.00631336645364 2.3904441018e-44
-234.0 0.00496577225932 5.76841641663e-45
-235.5 0.0107925920841 1.37813470939e-45
-237.0 0.0158708120924 3.25974623825e-46
-238.5 0.0160130194173 7.63366276271e-47
-240.0 0.0146206979075 1.76986117442e-47
-241.5 0.0104701565408 4.06258527136e-48
-243.0 0.0075582123322 9.23257474562e-49
-244.5 0.00361612880371 2.07730482643e-49
-246.0 0.00220020995445 4.62737486406e-50
-247.5 0.00322913187684 1.02053097608e-50
-249.0 0.00780562922724 2.22830561543e-51
-250.5 0.00995772269098 4.81704133792e-52
-252.0 0.0107001170665 1.03096292342e-52
-253.5 0.0109675135123 2.1845539568e-53
-255.0 0.0110430142932 4.58289133719e-54
-256.5 0.00948867907886 9.51860706694e-55
-258.0 0.00902990357504 1.95733108688e-55
-259.5 0.0086431770794 3.98485243427e-56
-261.0 0.0110697558034 8.03188068263e-57
-262.5 0.0139698141542 1.60279990566e-57
-264.0 0.0131383643916 3.16663803161e-58
-265.5 0.0113264373712 6.19404838788e-59
-267.0 0.0103455663163 1.19952089981e-59
-268.5 0.0109216352896 2.29984252509e-60
-270.0 0.0105607558244 4.36561502937e-61
-271.5 0.00950874372545 8.20445669397e-62
-273.0 0.006684148766 1.52655084251e-62
-274.5 0.00480976994101 2.81209361755e-63
-276.0 0.00343493052266 5.12867679842e-64
-277.5 0.00375747337381 9.26057478187e-65
-279.0 0.00316983445992 1.6554939964e-65
-280.5 0.00286336868433 2.93004528303e-66
-282.0 0.0016654373965 5.13426297918e-67
-283.5 0.00315670858056 8.9071536121e-68
-285.0 0.00343592609229 1.52987810739e-68
-286.5 0.00734887964019 2.6015475778e-69
-288.0 0.00907633682422 4.37989572274e-70
-289.5 0.0112005223532 7.30050367857e-71
-291.0 0.0107047880977 1.20475554142e-71
-292.5 0.0137474749889 1.96834896495e-72
-294.0 0.0135932050149 3.1839212315e-73
-295.5 0.0151005689175 5.0989363296e-74
-297.0 0.0135490470411 8.08451401274e-75
-298.5 0.0 1.26906919549e-75
-300.0 0.0 1.97230348449e-76
###
# timestamp: 2455851.64888
# Gaussian 1 [amp, RV +/- err, wid]: [0.97, 145.00 +/- 0.00, 15.00]
# Gaussian 2 [amp, RV +/- err, wid]: [1.12, 35.00 +/- 0.00, 15.00]
# Uncorrected_RV, BF_amp, Gaussian_fit
###
300.0 0.0 6.32951861301e-14
298.5 0.0 1.37024241866e-13
297.0 0.000380878476228 2.93684610593e-13
295.5 -0.000590912001841 6.23192225147e-13
294.0 0.00211383612373 1.30924196904e-12
292.5 0.00106569176678 2.72317070149e-12
291.0 0.0067489681053 5.60772707141e-12
289.5 0.00215346518628 1.14328873924e-11
288.0 -0.00370249986232 2.30771428698e-11
286.5 -0.00903522088374 4.61174416307e-11
285.0 -0.00926926645177 9.12442340698e-11
283.5 -0.0101774195862 1.78732161811e-10
282.0 -0.00693810618479 3.46622732711e-10
280.5 -0.00498703754075 6.65531216261e-10
279.0 0.00141785843936 1.26513501103e-09
277.5 0.00530074095492 2.38101632755e-09
276.0 0.00830236807895 4.43654537658e-09
274.5 0.00670024605111 8.18435647781e-09
273.0 0.00446006803288 1.49479350408e-08
271.5 0.00485213530901 2.70293076622e-08
270.0 0.00619040299529 4.83888940985e-08
268.5 0.00568723394377 8.57656783265e-08
267.0 0.00650104773475 1.5050066267e-07
265.5 0.0060840308907 2.61469088379e-07
264.0 0.00640866971111 4.49737755791e-07
262.5 0.00874805159408 7.65870601806e-07
261.0 0.00927144154776 1.29124456157e-06
259.5 0.00900093317581 2.15535428196e-06
258.0 0.0101462231958 3.56193412319e-06
256.5 0.0063839537171 5.82787401383e-06
255.0 0.00607801832642 9.4404235907e-06
253.5 0.00762618050433 1.5140139037e-05
252.0 0.00902258679978 2.40394928109e-05
250.5 0.012963731862 3.77900784033e-05
249.0 0.0147879532071 5.88148969562e-05
247.5 0.0117347867665 9.06262360952e-05
246.0 0.00716927825411 0.000138253966822
244.5 0.00458342253129 0.000208813375619
243.0 -0.00190243842724 0.000312245423938
241.5 -0.00767284715299 0.000462264886469
240.0 -0.0168038369286 0.000677552238419
238.5 -0.022712018035 0.000983222295834
237.0 -0.0252571566901 0.00141259513807
235.5 -0.021757696955 0.00200928134131
234.0 -0.0210089143642 0.00282957266034
232.5 -0.021978206404 0.00394509990004
231.0 -0.0223872640721 0.00544568121831
229.5 -0.0174457271511 0.00744223671845
228.0 -0.017013111008 0.0100695902749
226.5 -0.0143736427239 0.0134889198764
225.0 -0.0116382219687 0.0178895577891
223.5 -0.00515785990075 0.0234897876645
222.0 0.000840377546642 0.0305362450257
220.5 0.00905264362538 0.0393015091897
219.0 0.00696329926865 0.0500794878575
217.5 0.00860579716417 0.0631782490044
216.0 0.00428472265183 0.0789100551108
214.5 -0.000907532561572 0.0975785057579
213.0 -0.0072128862356 0.119462895066
211.5 -0.00866500365262 0.144800133506
210.0 -0.0151220297047 0.173764855887
208.5 -0.0140010781951 0.206448618918
207.0 -0.0161454937524 0.242839357135
205.5 -0.0127528521317 0.282802485625
204.0 -0.00642246277548 0.326065181184
202.5 0.00118530077953 0.372205411751
201.0 0.0058503210093 0.42064719442
199.5 0.0120394993882 0.470663332147
198.0 0.0181355386512 0.521386508182
196.5 0.0198888966814 0.571829119931
195.0 0.0197154975456 0.620911640331
193.5 0.0186208522918 0.667498648832
192.0 0.017601010895 0.710441030133
190.5 0.0163015449271 0.748622257154
189.0 0.0177074100795 0.781006214624
187.5 0.0195648573446 0.806683733439
186.0 0.0183183226659 0.824914931559
184.5 0.0205350051825 0.835164614135
183.0 0.0206524460712 0.837128370446
181.5 0.0211383865817 0.830747592111
180.0 0.0179897532631 0.816212378704
178.5 0.0186733578232 0.793952129765
177.0 0.0137477009372 0.764614472899
175.5 0.0121141222788 0.729033970832
174.0 0.0135378166132 0.688192716901
172.5 0.00834920601318 0.643175412838
171.0 0.00661503521402 0.595121788507
169.5 0.00661043734584 0.545179256454
168.0 0.00228516597806 0.49445850369
166.5 0.00193686789752 0.443994338929
165.0 0.00216419049876 0.394713581806
163.5 -0.000700858294254 0.347411158342
162.0 0.00395506860832 0.30273491458
160.5 0.00382499405384 0.261179035924
159.0 6.94427402676e-05 0.223085412516
157.5 0.00110888724591 0.188651857802
156.0 -0.00180870827902 0.157945790267
154.5 -0.00222436581608 0.130921833585
153.0 -0.000571711044869 0.107441770953
151.5 0.000532385449908 0.0872953865575
150.0 0.00333388943241 0.0702209146356
148.5 0.00650245780088 0.0559240643215
147.0 0.00422372601462 0.0440948659198
145.5 0.00448018391027 0.034421863762
144.0 0.00257206839994 0.0266034396428
142.5 0.0024417067772 0.0203562725467
141.0 0.00278293556033 0.0154211150583
139.5 0.00159711357227 0.0115661908243
138.0 0.00363851487019 0.00858859223734
136.5 0.00891810770268 0.00631408857895
135.0 0.012913910717 0.00459575016532
133.5 0.0104437125886 0.00331176268109
132.0 0.00633474834839 0.0023627570059
130.5 -0.000348376750687 0.00166892171855
129.0 -0.00898007307728 0.00116710499669
127.5 -0.0133888847775 0.000808055044063
126.0 -0.0170313288368 0.000553897006368
124.5 -0.0175192130799 0.000375901575082
123.0 -0.0132166829563 0.000252566838613
121.5 -0.0082048024144 0.000168010168004
120.0 -0.00857287482201 0.000110650112337
118.5 -0.00591949151857 7.21481513147e-05
117.0 -0.000806564034155 4.65752946316e-05
115.5 0.00140177448565 2.97675484742e-05
114.0 0.00357215229093 1.88359523587e-05
112.5 0.000783701292375 1.1800194135e-05
111.0 -0.000626922725353 7.31893308396e-06
109.5 -0.000515031358059 4.49431445785e-06
108.0 0.00199218876717 2.73234912483e-06
106.5 0.00294029560088 1.64462156293e-06
105.0 0.00653917498349 9.80060362493e-07
103.5 0.00929718473561 5.78224813947e-07
102.0 0.0112221199524 3.37751806335e-07
100.5 0.0128033676601 1.95324036636e-07
99.0 0.010461672607 1.11833201392e-07
97.5 0.00816653331017 6.33932301488e-08
96.0 0.00736635187289 3.55772250211e-08
94.5 0.00510817426755 1.97678007818e-08
93.0 0.0032360860989 1.0874313797e-08
91.5 0.00428646924845 5.92247307741e-09
90.0 0.00349165205553 3.19347945091e-09
88.5 0.00288773870117 1.70487826849e-09
87.0 0.00723421536516 9.01208188129e-10
85.5 0.007616437828 4.71844527362e-10
84.0 0.00952832817633 2.45008787396e-10
82.5 0.00801790312685 1.26841393127e-10
81.0 0.00514457162071 6.68375812166e-11
79.5 0.00138833391145 3.85703331714e-11
78.0 0.00218696745485 2.92662942613e-11
76.5 0.00105030732446 3.46246524175e-11
75.0 0.00109637002813 5.70280114193e-11
73.5 -0.0014669333337 1.06487323306e-10
72.0 0.000132372297968 2.04647680946e-10
70.5 0.000292270205936 3.93261598896e-10
69.0 0.00543876166107 7.50036500669e-10
67.5 0.00778414640262 1.4171099067e-09
66.0 0.00739979579015 2.65122391591e-09
64.5 0.00341969211194 4.91091284447e-09
63.0 0.00442354323687 9.0061463875e-09
61.5 -0.000191170002887 1.63521096412e-08
60.0 0.000695855877176 2.93944859446e-08
58.5 -0.00194431445985 5.23136547313e-08
57.0 -0.0032260771473 9.2176735502e-08
55.5 -0.00128578156292 1.60799481279e-07
54.0 0.00513000468775 2.77718633492e-07
52.5 0.0111990182477 4.74878438559e-07
51.0 0.0164991486493 8.03927598588e-07
49.5 0.0171178478561 1.34743703552e-06
48.0 0.0129781511851 2.23592420474e-06
46.5 0.0129220841925 3.67335354832e-06
45.0 0.0119103990908 5.97482840998e-06
43.5 0.0166479179041 9.62155352386e-06
42.0 0.0166460815892 1.53398819724e-05
40.5 0.0204157275554 2.42134063942e-05
39.0 0.0265961294847 3.78396246296e-05
37.5 0.032905291168 5.85456730427e-05
36.0 0.038129813979 8.96808759831e-05
34.5 0.0395216415 0.00013600721119
33.0 0.0368869546873 0.000204211918124
31.5 0.0342127648075 0.000303568908295
30.0 0.0328137268346 0.000446776733131
28.5 0.0306344847363 0.00065099981145
27.0 0.0287608171103 0.000939135446024
25.5 0.0251108262346 0.00134132079442
24.0 0.02421353189 0.00189668031838
22.5 0.0213087048869 0.00265529435941
21.0 0.0206652461687 0.00368034272478
19.5 0.0225427358524 0.00505034339899
18.0 0.0177296885986 0.00686136637527
16.5 0.0134081215068 0.00922905780036
15.0 0.00909635822006 0.0122902630185
13.5 0.00289508133142 0.0162039928739
12.0 0.0034687237266 0.0211514412369
10.5 0.00694643404085 0.0273347396521
9.0 0.0102535362006 0.0349741343306
7.5 0.0145798708914 0.044303298404
6.0 0.0154386915304 0.0555625543554
4.5 0.0133595669846 0.0689898817642
3.0 0.0123539217662 0.0848097246706
1.5 0.00404505498222 0.103219787617
0.0 0.00334057844942 0.124376211525
-1.5 -0.0109222942198 0.148377736743
-3.0 -0.011379327413 0.175249672776
-4.5 -0.0218656487712 0.204928680771
-6.0 -0.0269367991087 0.237249512128
-7.5 -0.0207990441373 0.271934911668
-9.0 -0.014508875978 0.30858986685
-10.5 -0.00132962008155 0.346701252291
-12.0 0.0100235785485 0.385643676754
-13.5 0.0110748358868 0.424691994391
-15.0 0.00215696537257 0.463040511596
-16.5 0.0039301795736 0.499828434982
-18.0 -0.00869616396246 0.534170603796
-19.5 -0.00197959238929 0.565192076566
-21.0 -0.00438107192817 0.5920647436
-22.5 -0.00276568916936 0.614043857219
-24.0 0.00222557265029 0.630502244636
-25.5 0.00677906576078 0.640960015516
-27.0 0.0119552316846 0.645107802108
-28.5 0.0153996302925 0.642821961776
-30.0 0.0136959849537 0.634170699477
-31.5 0.00982034059079 0.619410687179
-33.0 0.0083867824484 0.598974413995
-34.5 0.00796812262707 0.573449136991
-36.0 0.00812513726924 0.543548862032
-37.5 0.011476355757 0.510081219143
-39.0 0.011887427535 0.473911373018
-40.5 0.0111556617303 0.435925208569
-42.0 0.0107089562739 0.396993953404
-43.5 0.0077142431723 0.357942160697
-45.0 0.000526744770579 0.319520607912
-46.5 -0.00683028169217 0.282385210485
-48.0 -0.0187084428137 0.247082550821
-49.5 -0.0263965891079 0.21404212808
-51.0 -0.0295563350301 0.183574984157
-52.5 -0.0298909695653 0.155877988812
-54.0 -0.0225349676173 0.131042793714
-55.5 -0.015752009951 0.109068300995
-57.0 -0.0116464313567 0.0898754355155
-58.5 -0.00442677660734 0.0733230501789
-60.0 -0.00602149374438 0.0592239122937
-61.5 -0.00385393621795 0.0473598936692
-63.0 -0.00261630377672 0.0374956942584
-64.5 0.000250555056756 0.0293906462161
-66.0 -0.00261379146128 0.0228083530111
-67.5 0.00159263296756 0.0175241019943
-69.0 -0.00475685227267 0.0133301388621
-70.5 0.00300759350875 0.0100390040646
-72.0 0.000886536348794 0.00748520401334
-73.5 0.00342020164865 0.00552552704154
-75.0 -0.00480195758513 0.00403832093803
-76.5 -0.00652194835109 0.0029220322709
-78.0 -0.0133480732133 0.00209327477685
-79.5 -0.01169700062 0.00148465152256
-81.0 -0.0140044277519 0.00104250913889
-82.5 -0.00934768476653 0.000724756749882
-84.0 -0.00451519647432 0.000498840518443
-85.5 0.00323429966589 0.00033992901063
-87.0 0.00782735356041 0.000229335767829
-88.5 0.00609530589186 0.000153183649627
-90.0 0.00796531723136 0.000101300149507
-91.5 0.00813104351621 6.63230997039e-05
-93.0 0.0134087181391 4.29909061967e-05
-94.5 0.0118330686286 2.7589602224e-05
-96.0 0.0108373649596 1.75295728515e-05
-97.5 0.00437992436072 1.10269215139e-05
-99.0 0.00590811706731 6.86743074388e-06
-100.5 0.00564857926932 4.23439480843e-06
-102.0 0.0093781334778 2.58491022128e-06
-103.5 0.00524674266632 1.56227194677e-06
-105.0 0.00238448509724 9.3481325128e-07
-106.5 -0.00335899806299 5.53796416122e-07
-108.0 -0.00462830044999 3.24812307618e-07
-109.5 -0.00110055832246 1.88613106548e-07
-111.0 0.00316907023426 1.08434708067e-07
-112.5 0.00545914712667 6.17194171548e-08
-114.0 0.00482475059982 3.47802238568e-08
-115.5 0.00598933447682 1.94043895602e-08
-117.0 0.00911750798256 1.07182689886e-08
-118.5 0.0152576414786 5.86146767586e-09
-120.0 0.0174601908168 3.17354858759e-09
-121.5 0.018067655271 1.70114363483e-09
-123.0 0.01475706959 9.02804826825e-10
-124.5 0.0152589313975 4.74355363407e-10
-126.0 0.0104792808491 2.46757756835e-10
-127.5 0.00443829648296 1.27085167893e-10
-129.0 -0.00677462716315 6.48001446897e-11
-130.5 -0.0171860160604 3.27125304083e-11
-132.0 -0.0271183869327 1.63496838149e-11
-133.5 -0.0280358127957 8.09024423061e-12
-135.0 -0.0272877180518 3.96342789553e-12
-136.5 -0.020499343853 1.92237161937e-12
-138.0 -0.0106151432044 9.23125580738e-13
-139.5 -0.00518271374416 4.38875442866e-13
-141.0 0.00203372092201 2.06575508628e-13
-142.5 0.0023238666832 9.62661129064e-14
-144.0 0.00435659571711 4.44145326213e-14
-145.5 0.00415075013916 2.02877466068e-14
-147.0 0.00534183101075 9.1748628864e-15
-148.5 0.00101632006588 4.10792407951e-15
-150.0 0.00386095424471 1.82096789827e-15
-151.5 0.00449460950817 7.99170098337e-16
-153.0 0.0105534895185 3.47242774394e-16
-154.5 0.0134028698376 1.49377182661e-16
-156.0 0.0136007114518 6.3619809739e-17
-157.5 0.0100864300417 2.68260990002e-17
-159.0 0.00581935220853 1.11990126496e-17
-160.5 0.000777381054895 4.6286996676e-18
-162.0 -0.00022618393163 1.89406694604e-18
-163.5 0.00275825913761 7.67341528562e-19
-165.0 0.00433134949627 3.07779107396e-19
-166.5 0.00413386178254 1.22221222649e-19
-168.0 -0.00132843085014 4.80519666726e-20
-169.5 -0.00537824727462 1.87039255724e-20
-171.0 -0.00226621973884 7.20794425626e-21
-172.5 -0.000149555668994 2.75009140107e-21
-174.0 -0.00241664066913 1.03881901881e-21
-175.5 -0.0035775564376 3.88498826518e-22
-177.0 -0.00461314329986 1.438456012e-22
-178.5 -0.0041412501529 5.27303331549e-23
-180.0 0.00240875557035 1.91373367935e-23
-181.5 -0.00427653775488 6.87637479707e-24
-183.0 -0.0111871278783 2.44621505682e-24
-184.5 -0.0135747009529 8.61562495005e-25
-186.0 -0.0137343009032 3.00424945268e-25
-187.5 -0.00964261943511 1.03715162316e-25
-189.0 -0.00169835651888 3.54491288636e-26
-190.5 -0.00493552429656 1.19957094523e-26
-192.0 -0.00340866000004 4.01886450547e-27
-193.5 -0.00192566972419 1.33302362284e-27
-195.0 -0.00372298374046 4.37753253202e-28
-196.5 -0.00645857965247 1.42323945253e-28
-198.0 -0.00785600519844 4.58124608545e-29
-199.5 -0.0111182035343 1.45997803835e-29
-201.0 -0.0067852494669 4.60644701635e-30
-202.5 -0.000756397643724 1.43894068688e-30
-204.0 0.00452999042551 4.45017162547e-31
-205.5 0.0114249749435 1.36259779913e-31
-207.0 0.0149593100801 4.1306239719e-32
-208.5 0.015023303287 1.23971168383e-32
-210.0 0.0102696865964 3.6836875192e-33
-211.5 0.00677630398082 1.08368216568e-33
-213.0 0.00185014765493 3.15629890672e-34
-214.5 -0.00183724312363 9.10146658125e-35
-216.0 -0.00331342174192 2.5983741552e-35
-217.5 -0.00300603990492 7.34427706043e-36
-219.0 0.00106609881669 2.0551970674e-36
-220.5 0.00390698664391 5.69396700469e-37
-222.0 0.000255080957336 1.5618289764e-37
-223.5 -0.00410022975846 4.24139832911e-38
-225.0 -0.00641510367095 1.14035928003e-38
-226.5 -0.0110742117105 3.0355081026e-39
-228.0 -0.0117521135409 7.99978190197e-40
-229.5 -0.0118699722183 2.08728596396e-40
-231.0 -0.00929777430762 5.39191222344e-41
-232.5 -0.00201701193843 1.37898877061e-41
-234.0 0.00423235180191 3.49169017506e-42
-235.5 0.00560615992845 8.75321764843e-43
-237.0 0.00788148188791 2.17248511204e-43
-238.5 0.00734688553815 5.33829962195e-44
-240.0 0.00727561776534 1.29869191753e-44
-241.5 0.00399871040355 3.12799741038e-45
-243.0 0.00218742145946 7.45905289953e-46
-244.5 0.0006452171518 1.76099468297e-46
-246.0 -0.000787464216325 4.11613355157e-47
-247.5 0.000676989338247 9.52528382594e-48
-249.0 0.00206005382589 2.18234520302e-48
-250.5 0.00229699577196 4.9502373947e-49
-252.0 0.00359185807102 1.11169501948e-49
-253.5 0.00428823973103 2.47173751163e-50
-255.0 0.00203385987418 5.44096700604e-51
-256.5 0.00237055228126 1.18578756392e-51
-258.0 0.0030786944855 2.55855493071e-52
-259.5 0.00534814656318 5.46562278035e-53
-261.0 0.00907335353478 1.15595684046e-53
-262.5 0.0094504284848 2.42047520962e-54
-264.0 0.00835587465167 5.01783889843e-55
-265.5 0.00597681927763 1.02988763483e-55
-267.0 0.00883264773043 2.09276290712e-56
-268.5 0.00925089114473 4.21024403794e-57
-270.0 0.00934286456798 8.38593641519e-58
-271.5 0.005401909993 1.65368549048e-58
-273.0 0.00307397142825 3.22857828809e-59
-274.5 0.00012299326226 6.24060626829e-60
-276.0 -0.00273689653384 1.19426113518e-60
-277.5 -0.00797980019111 2.26270986755e-61
-279.0 -0.0101373165833 4.24439209949e-62
-280.5 -0.00945385556268 7.88241287816e-63
-282.0 -0.0071782619121 1.44930542005e-63
-283.5 -0.00230682307766 2.63826070243e-64
-285.0 -0.00365423464889 4.75480330585e-65
-286.5 -0.000465126235559 8.48407420885e-66
-288.0 0.00239589507473 1.49876456405e-66
-289.5 0.00392122786175 2.62131630729e-67
-291.0 0.00295570277165 4.53902419151e-68
-292.5 0.0039198760909 7.78148743824e-69
-294.0 0.00287294482564 1.32074750575e-69
-295.5 0.00771921267241 2.21939208487e-70
-297.0 0.00902799970611 3.69237091802e-71
-298.5 0.0 6.08182144645e-72
-300.0 0.0 9.91788492455e-73
###
# timestamp: 2455866.56955
# Gaussian 1 [amp, RV +/- err, wid]: [0.97, 145.00 +/- 0.00, 15.00]
# Gaussian 2 [amp, RV +/- err, wid]: [1.12, 35.00 +/- 0.00, 15.00]
# Uncorrected_RV, BF_amp, Gaussian_fit
###
300.0 0.0 6.31774549632e-24
298.5 0.0 1.76669515917e-23
297.0 -0.00371612050985 4.89123091624e-23
295.5 -0.00556642974146 1.34070049289e-22
294.0 -0.000704114700128 3.63833284311e-22
292.5 0.00015309903281 9.77530101655e-22
291.0 0.00576472817572 2.60024881953e-21
289.5 0.00610665766062 6.84788930135e-21
288.0 0.00631406705095 1.78548254841e-20
286.5 0.00526371671231 4.60905131475e-20
285.0 0.00365943572601 1.17794369575e-19
283.5 0.00491060554278 2.98053740333e-19
282.0 0.00544268208668 7.46657918837e-19
280.5 0.00991016767623 1.85185010222e-18
279.0 0.0129352472172 4.54723123497e-18
277.5 0.0151654438375 1.10546578196e-17
276.0 0.0153754711502 2.66072888354e-17
274.5 0.0144623241995 6.34034659515e-17
273.0 0.0132010326114 1.49583065602e-16
271.5 0.0152079172547 3.49388748425e-16
270.0 0.0135281824457 8.07964828067e-16
268.5 0.0133294121395 1.84983525228e-15
267.0 0.0133767279912 4.19305638553e-15
265.5 0.0154034460519 9.40990867991e-15
264.0 0.0167944414333 2.09072624092e-14
262.5 0.0198678770354 4.59902729094e-14
261.0 0.018445631764 1.00159433258e-13
259.5 0.0186514208044 2.15960729288e-13
258.0 0.0164057990618 4.61014693522e-13
256.5 0.0133012511709 9.7434285508e-13
255.0 0.011164804489 2.03875902836e-12
253.5 0.00954960339154 4.22354421382e-12
252.0 0.0120887497058 8.662539895e-12
250.5 0.0138037684944 1.75901889981e-11
249.0 0.0157429700715 3.53633027389e-11
247.5 0.0126087398868 7.0386956569e-11
246.0 0.0113063342106 1.38703880326e-10
244.5 0.00693900009666 2.70608908547e-10
243.0 0.00431847702591 5.22700148588e-10
241.5 -0.00221096019103 9.99586110016e-10
240.0 -0.00752575921506 1.89253908307e-09
238.5 -0.0131557090381 3.54753391765e-09
237.0 -0.0145551704488 6.58362841588e-09
235.5 -0.0150808272475 1.20965387465e-08
234.0 -0.0161163990449 2.20046257145e-08
232.5 -0.0161796025628 3.96299848272e-08
231.0 -0.0148516390406 7.06628063701e-08
229.5 -0.0112790613459 1.24742634525e-07
228.0 -0.00829830595411 2.1801983052e-07
226.5 -0.00626889687524 3.77254247869e-07
225.0 -0.00348145278884 6.46292825294e-07
223.5 -0.000582388855337 1.09617927295e-06
222.0 0.00549059119553 1.84073339913e-06
220.5 0.0101435018508 3.06025244836e-06
219.0 0.0165355547079 5.0371011369e-06
217.5 0.0184791802029 8.2084497308e-06
216.0 0.0205693730726 1.32433747965e-05
214.5 0.0165967931078 2.11540366483e-05
213.0 0.0132909291143 3.34537563822e-05
211.5 0.00797099717696 5.23785633906e-05
210.0 0.00259919957277 8.1193138743e-05
208.5 -0.0023471632464 0.000124606912045
207.0 -0.0107600097046 0.000189331114733
205.5 -0.0144763548569 0.000284812407816
204.0 -0.0163347980355 0.000424182623665
202.5 -0.0116967516273 0.000625466275274
201.0 -0.00987526681375 0.000913086615637
199.5 -0.00547419695217 0.00131970575611
198.0 -0.0070200927238 0.00188842308272
196.5 -0.0034117747454 0.00267533730139
195.0 -0.00678222775202 0.00375244939857
193.5 -0.0126134821867 0.00521084553322
192.0 -0.0222722764626 0.00716405002049
190.5 -0.0299267476444 0.00975137986595
189.0 -0.0334596159108 0.0131410659599
187.5 -0.0326837510318 0.0175328360127
186.0 -0.0301128869352 0.0231595865283
184.5 -0.0267924403897 0.0302877134337
183.0 -0.0208782532653 0.0392156329239
181.5 -0.0171174548719 0.0502700161872
180.0 -0.0126776730641 0.0637992945476
178.5 -0.00920325076796 0.0801640745594
177.0 -0.00309033054882 0.0997242422841
175.5 0.00201675001199 0.122822734512
174.0 0.00609943293636 0.149766208227
172.5 0.0126938629349 0.180803137224
171.0 0.0183684046713 0.216100187905
169.5 0.0260656997401 0.255718048986
168.0 0.0273867502602 0.299588180434
166.5 0.0276900782405 0.347492170231
165.0 0.0249381862085 0.39904550834
163.5 0.0250787289509 0.453687574706
162.0 0.0237205990914 0.510679469961
160.5 0.0211080911025 0.569110984172
159.0 0.0151458856593 0.627917507094
157.5 0.0109020536466 0.685907056944
156.0 0.00675873066351 0.741796885426
154.5 0.00486493431634 0.794258360764
153.0 0.00756587010235 0.841968104634
151.5 0.0092112098564 0.883662733259
150.0 0.011897553272 0.91819409406
148.5 0.014441819982 0.944581651872
147.0 0.0162237823776 0.962058698905
145.5 0.016183074143 0.970109352531
144.0 0.019248509701 0.968493850238
142.5 0.0174993306774 0.957260411133
141.0 0.0183003759589 0.93674284518
139.5 0.0166320765787 0.907544075568
138.0 0.0183996415949 0.87050670918
136.5 0.0155738225055 0.826672659504
135.0 0.018199664895 0.777234520775
133.5 0.0160544554185 0.723481855554
132.0 0.0133628578461 0.666745758181
130.5 0.00638151753908 0.608344988264
129.0 -0.0028658523362 0.549536652101
127.5 -0.0104941659386 0.491473888649
126.0 -0.0226755844738 0.435172349918
124.5 -0.0249160851955 0.381486521988
123.0 -0.0315040091991 0.331096182141
121.5 -0.0275756886331 0.284502593715
120.0 -0.0259763809076 0.242033454972
118.5 -0.0150309383039 0.203855177606
117.0 -0.0113481288619 0.169990792537
115.5 -0.00278694878303 0.140341666423
114.0 0.00134479942643 0.114711247602
112.5 0.00614696285454 0.0928292194852
111.0 0.0104070432897 0.0743746899581
109.5 0.0117261129741 0.0589973515975
108.0 0.0139545443621 0.0463358752206
106.5 0.0126956897934 0.0360331184935
105.0 0.0157905435117 0.0277480186016
103.5 0.016902480758 0.0211642773937
102.0 0.0194895035012 0.0159961305174
100.5 0.0194072635691 0.0119916171858
99.0 0.0188642179831 0.00893383803533
97.5 0.0150564762178 0.00664071248627
96.0 0.0120272214395 0.00496373360105
94.5 0.011206111577 0.00378617768243
93.0 0.0110627854444 0.00302116710197
91.5 0.0117788315391 0.00260991584813
90.0 0.0128984186099 0.00252041371585
88.5 0.0111706839202 0.00274673039688
87.0 0.0101895004653 0.00330904642287
85.5 0.00879524923967 0.00425444381415
84.0 0.00721978498493 0.00565841427251
82.5 0.0040737374374 0.00762696544148
81.0 0.00324673883417 0.010299125267
79.5 -0.000327918440092 0.0138495611889
78.0 -0.00298382238899 0.0184909470135
76.5 -0.00413697107032 0.0244756303946
75.0 -0.00203684477382 0.0320960849244
73.5 0.000122875226837 0.0416835822246
72.0 0.00471489138033 0.0536045022338
70.5 0.00646429168065 0.0682537258983
69.0 0.00808032113579 0.0860446348173
67.5 0.0100414786415 0.107395385743
66.0 0.00986251217612 0.132711338475
64.5 0.00918222834445 0.162363791692
63.0 0.00949303860836 0.19666551282
61.5 0.00877685488787 0.235843916761
60.0 0.00756557942414 0.280013126928
58.5 0.00540371244682 0.329146506069
57.0 0.00336042941808 0.383051533904
55.5 0.00585044697988 0.441349092745
54.0 0.00960209145315 0.503459263003
52.5 0.0174989857428 0.568595598194
51.0 0.0215876111764 0.635769527468
49.5 0.0269276245589 0.703806023777
48.0 0.0288450445849 0.77137099864
46.5 0.030040795786 0.837010081686
45.0 0.0305829289468 0.899197574599
43.5 0.0327643060525 0.956393508749
42.0 0.0346453073607 1.00710596441
40.5 0.0365271788091 1.04995520636
39.0 0.0390561720125 1.08373582485
37.5 0.0398580616755 1.10747299176
36.0 0.0423159040283 1.12046917364
34.5 0.0417611151785 1.12233817933
33.0 0.0405167875278 1.11302422322
31.5 0.034527284093 1.09280469117
30.0 0.0280216401662 1.06227641772
28.5 0.0189966158375 1.02232642187
27.0 0.0139255646513 0.974089103613
25.5 0.00909710823126 0.918892782774
24.0 0.0051262238012 0.858199092354
22.5 0.00204309975977 0.793539074204
21.0 0.00243583913151 0.726449847995
19.5 0.00133585063413 0.658415449918
18.0 0.0050957758272 0.590814906633
16.5 0.00485949732623 0.524879886226
15.0 0.00424422915338 0.46166342808
13.5 0.00213716882519 0.402020379098
12.0 0.00175236061203 0.346599331407
10.5 0.00346063033738 0.29584513207
9.0 0.00391083176657 0.250010466155
7.5 0.00424231212506 0.209174628943
6.0 0.00476858793238 0.173267408492
4.5 0.0103454785782 0.142095985235
3.0 0.00648167862654 0.115372895054
1.5 0.00721921234863 0.0927433605854
0.0 -0.00737292212871 0.0738106316558
-1.5 -0.00853401914576 0.0581583491546
-3.0 -0.01465552853 0.0453693204199
-4.5 -0.0126760621869 0.0350404385472
-6.0 -0.0217188769064 0.0267937713522
-7.5 -0.017507447145 0.0202840753959
-9.0 -0.0139923511276 0.0152031521039
-10.5 -0.00079777588777 0.0112815590286
-12.0 0.00527364920531 0.00828822733818
-13.5 0.00766452955222 0.00602852747816
-15.0 0.00566260779573 0.00434128092369
-16.5 0.00460423421151 0.00309514920984
-18.0 0.00338531290006 0.0021847530064
-19.5 0.00351734032365 0.00152679298648
-21.0 0.00248589279662 0.00105636747764
-22.5 0.00359470354908 0.000723613970729
-24.0 0.00771683889256 0.000490745040554
-25.5 0.014908033045 0.000329504955711
-27.0 0.0201906491971 0.000219040810241
-28.5 0.0228349716145 0.000144160134558
-30.0 0.0207154831399 9.39339047434e-05
-31.5 0.0168179120867 6.05977679925e-05
-33.0 0.0122153724372 3.87032945636e-05
-34.5 0.0097561338646 2.44735121e-05
-36.0 0.0086459204328 1.53215151659e-05
-37.5 0.00268631577929 9.49651346211e-06
-39.0 0.00166866160125 5.82751924241e-06
-40.5 -0.00122401227827 3.54046495092e-06
-42.0 -0.00371960788077 2.12957989368e-06
-43.5 -0.00598347036353 1.26819089643e-06
-45.0 -0.0153499913462 7.47708607247e-07
-46.5 -0.0291701348359 4.36452699476e-07
-48.0 -0.0423353639154 2.52231337639e-07
-49.5 -0.052486795256 1.44317154508e-07
-51.0 -0.0582280407032 8.17511605689e-08
-52.5 -0.0597009315605 4.58486921108e-08
-54.0 -0.0580036626947 2.54575749599e-08
-55.5 -0.0487675761002 1.39947184692e-08
-57.0 -0.0417575376919 7.61672641381e-09
-58.5 -0.0334677323608 4.10421026029e-09
-60.0 -0.0263066994852 2.18951488641e-09
-61.5 -0.0234742494007 1.15644040734e-09
-63.0 -0.0144469601368 6.04721861071e-10
-64.5 -0.0115289410525 3.13072654066e-10
-66.0 -0.0102108401603 1.60469188453e-10
-67.5 -0.00995246646918 8.14320246253e-11
-69.0 -0.00968409095262 4.09124854921e-11
-70.5 -0.00806006104723 2.03504281685e-11
-72.0 -0.00364738584491 1.00218591119e-11
-73.5 -0.00588857868222 4.8862995815e-12
-75.0 -0.00944335903983 2.35867955506e-12
-76.5 -0.0119803514739 1.12723599991e-12
-78.0 -0.0170352035319 5.33356770991e-13
-79.5 -0.0184552063824 2.49849123797e-13
-81.0 -0.0216034309687 1.15876375867e-13
-82.5 -0.0181870400225 5.32070317945e-14
-84.0 -0.0140606126679 2.41880142336e-14
-85.5 -0.00491208591825 1.0886504442e-14
-87.0 0.000253122203832 4.85102762623e-15
-88.5 0.00355737144767 2.14011000275e-15
-90.0 0.00492203610725 9.34750058572e-16
-91.5 0.00975732009927 4.04214566909e-16
-93.0 0.00978606800747 1.73055527265e-16
-94.5 0.00947960203994 7.33526899353e-17
-96.0 0.00713503214567 3.0782484501e-17
-97.5 0.00504755325347 1.27893463743e-17
-99.0 0.00233819958375 5.26077932551e-18
-100.5 0.000777960767242 2.14244102142e-18
-102.0 -0.00194395577996 8.63822915455e-19
-103.5 -0.00362825542106 3.44824108125e-19
-105.0 -0.00396049626279 1.36278573071e-19
-106.5 -0.00280857548741 5.33230016551e-20
-108.0 -0.00194196807901 2.0656591212e-20
-109.5 0.0018852230203 7.9224549178e-21
-111.0 0.0101045676236 3.00827790014e-21
-112.5 0.0150766874455 1.13092338681e-21
-114.0 0.0208078573096 4.20925728455e-22
-115.5 0.0189837292885 1.55108220151e-22
-117.0 0.0220863351994 5.65875917692e-23
-118.5 0.0205724669548 2.04392362903e-23
-120.0 0.0240982697688 7.30912134734e-24
-121.5 0.0229721053374 2.58775248994e-24
-123.0 0.0204226648719 9.07062793798e-25
-124.5 0.0125104975603 3.14781373915e-25
-126.0 0.00270855769511 1.0815279691e-25
-127.5 -0.00666437343515 3.6789470633e-26
-129.0 -0.0250369348624 1.23898593886e-26
-130.5 -0.03416480347 4.1311053627e-27
-132.0 -0.0487505342345 1.36371375469e-27
-133.5 -0.0554656933744 4.4569444921e-28
-135.0 -0.056123625307 1.44214286255e-28
-136.5 -0.0458830711184 4.61994068432e-29
-138.0 -0.031306363289 1.46528319768e-29
-139.5 -0.0116353722393 4.60112248611e-30
-141.0 0.00207061000582 1.43041835741e-30
-142.5 0.0116370514417 4.40270321258e-31
-144.0 0.0177129160395 1.34163012451e-31
-145.5 0.0188864764038 4.04765274959e-32
-147.0 0.020584778806 1.20901238039e-32
-148.5 0.0173049200787 3.57532317774e-33
-150.0 0.0147820508982 1.04678361396e-33
-151.5 0.0174890971823 3.03427949533e-34
-153.0 0.0145785964856 8.70785731227e-35
-154.5 0.0160881880763 2.47413891928e-35
-156.0 0.0147575826878 6.95975438174e-36
-157.5 0.0116374295961 1.93829912808e-36
-159.0 0.00832259798619 5.34447122176e-37
-160.5 0.00431065719686 1.45896791285e-37
-162.0 0.00249395327408 3.94315449569e-38
-163.5 0.00579157362225 1.05511282366e-38
-165.0 0.00637971886016 2.79518826669e-39
-166.5 0.00447705327768 7.33128804171e-40
-168.0 0.00163087868971 1.90373527232e-40
-169.5 -0.00313154052188 4.89429210071e-41
-171.0 -0.00319725413323 1.24574820263e-41
-172.5 0.000842153403057 3.13926305037e-42
-174.0 0.00144166543303 7.83217175352e-43
-175.5 0.00360365337374 1.93461144242e-43
-177.0 0.00482454110799 4.73110249529e-44
-178.5 0.0046491783077 1.14548133398e-44
-180.0 0.00497305212145 2.74581157598e-45
-181.5 0.00677075446684 6.51644151486e-46
-183.0 0.00543009002437 1.53111329361e-46
-184.5 0.00453037945216 3.56173175046e-47
-186.0 0.00481404690772 8.20298927036e-48
-187.5 -0.00116509728109 1.87042429279e-48
-189.0 -0.00540376979724 4.2224564647e-49
-190.5 -0.00774315250716 9.4372895878e-50
-192.0 -0.0137716618836 2.08826898438e-50
-193.5 -0.0166440488346 4.57491100153e-51
-195.0 -0.0179068852836 9.92283835614e-52
-196.5 -0.0180119587279 2.13081742061e-52
-198.0 -0.0164038003964 4.53016078077e-53
-199.5 -0.00971502995031 9.53538094914e-54
-201.0 -0.00844665060085 1.98709914198e-54
-202.5 -0.00253571747499 4.09975664593e-55
-204.0 0.0036471100265 8.37439952772e-56
-205.5 0.00887361509692 1.69358239137e-56
-207.0 0.00905815554809 3.39090824126e-57
-208.5 0.00859641340654 6.72175689415e-58
-210.0 0.00509557071548 1.31918778077e-58
-211.5 0.000502346715386 2.56322950614e-59
-213.0 -0.00452580383895 4.93089123168e-60
-214.5 -0.0103466923546 9.39118523717e-61
-216.0 -0.014290791865 1.77081195894e-61
-217.5 -0.011490612179 3.30583779682e-62
-219.0 -0.0077829853519 6.11009117043e-63
-220.5 -0.00519027228192 1.11807489343e-63
-222.0 -0.00760906926267 2.02558818662e-64
-223.5 -0.0117551698925 3.63319301673e-65
-225.0 -0.0122301573441 6.45182889503e-66
-226.5 -0.0133493981104 1.13431654538e-66
-228.0 -0.0133302926899 1.97443457566e-67
-229.5 -0.0120782516662 3.40257951966e-68
-231.0 -0.00750623445506 5.80538297273e-69
-232.5 -0.00451473528092 9.8064207091e-70
-234.0 0.000455930179479 1.64001274346e-70
-235.5 0.00295750076342 2.71544480361e-71
-237.0 0.00744373607201 4.4513504922e-72
-238.5 0.00937349808282 7.22436464115e-73
-240.0 0.00966724550001 1.1608191943e-73
-241.5 0.00821762065437 1.84665836671e-74
-243.0 0.00425033449424 2.90847671118e-75
-244.5 0.0051255060167 4.53525466224e-76
-246.0 0.00597865670083 7.00156010594e-77
-247.5 0.0073864174406 1.07015089636e-77
-249.0 0.0101796599456 1.61939305693e-78
-250.5 0.0113212650629 2.42614404067e-79
-252.0 0.0101618519502 3.59863620646e-80
-253.5 0.0126320736936 5.28465163743e-81
-255.0 0.0128662109016 7.68337160177e-82
-256.5 0.0105896020578 1.10597259923e-82
-258.0 0.00686304721952 1.57613695462e-83
-259.5 0.00448081552927 2.22382491375e-84
-261.0 0.00707733336366 3.10644941602e-85
-262.5 0.0111130610598 4.29620539484e-86
-264.0 0.00973156310944 5.88251226397e-87
-265.5 0.0071243535593 7.97439422151e-88
-267.0 0.0048749244078 1.07026079537e-88
-268.5 0.00591078701833 1.42212767438e-89
-270.0 0.00715603509469 1.87087431942e-90
-271.5 0.0080030060511 2.43673159655e-91
-273.0 0.00660322694744 3.14215663756e-92
-274.5 0.00670548227095 4.01148361249e-93
-276.0 0.00581584478436 5.07036552534e-94
-277.5 0.00767399158065 6.34498457676e-95
-279.0 0.00730062807647 7.86102047983e-96
-280.5 0.00867545657961 9.642382156e-97
-282.0 0.00876594638214 1.17097280005e-97
-283.5 0.00818393235389 1.40788223742e-98
-285.0 0.00858940322295 1.67587995852e-99
-286.5 0.0117328541816 1.97504293106e-100
-288.0 0.0147059150974 2.30444967452e-101
-289.5 0.0147617749057 2.66204241854e-102
-291.0 0.0123336173206 3.04452657945e-103
-292.5 0.00967733310043 3.44732019454e-104
-294.0 0.0078701060155 3.8645642521e-105
-295.5 0.00897469663731 4.2892019643e-106
-297.0 0.00838510510721 4.713131047e-107
-298.5 0.0 5.12742822414e-108
-300.0 0.0 5.52263980936e-109
