###
# timestamp: 2455813.6997568
# Gaussian 1 [amp, RV +/- err, wid]: [0.83, -1.01 +/- 0.03, 4.51]
# Gaussian 2 [amp, RV +/- err, wid]: [0.22, 30.00 +/- 0.00, 15.00]
# Uncorrected_RV, BF_amp, Gaussian_fit
###
300.0 0.0 0.0
298.5 0.0 0.0
297.0 -3.45284453377e-16 0.0
295.5 -1.54402815136e-16 0.0
294.0 -3.80234759059e-16 0.0
292.5 1.25020910823e-16 0.0
291.0 9.95704757858e-17 0.0
289.5 -3.89690476803e-16 0.0
288.0 4.27008174912e-17 0.0
286.5 4.05129404986e-16 0.0
285.0 2.71393573203e-16 0.0
283.5 5.26710362176e-16 0.0
282.0 -3.78824222146e-16 0.0
280.5 -1.54113614418e-16 0.0
279.0 9.59830865033e-16 0.0
277.5 4.80543803879e-16 0.0
276.0 4.45251094373e-16 0.0
274.5 2.14011606857e-16 0.0
273.0 -1.75481462037e-16 0.0
271.5 2.28408359483e-16 0.0
270.0 -3.7580687905e-17 0.0
268.5 -2.77703551369e-16 0.0
267.0 6.31516555869e-16 0.0
265.5 5.352558819e-18 0.0
264.0 -5.25676376071e-16 0.0
262.5 -8.17741481025e-16 0.0
261.0 -3.34696226423e-16 0.0
259.5 1.3696684126e-15 0.0
258.0 1.24507557459e-15 0.0
256.5 -3.76415878873e-16 0.0
255.0 -1.26434508333e-15 0.0
253.5 -4.29162235408e-16 0.0
252.0 7.7951678398e-16 0.0
250.5 1.91120291809e-15 0.0
249.0 5.47772876317e-16 0.0
247.5 -5.5269284522e-16 0.0
246.0 -1.25058141152e-15 0.0
244.5 -3.2380749336e-16 0.0
243.0 1.18257754062e-15 0.0
241.5 8.64727388094e-16 0.0
240.0 -2.70359480441e-16 0.0
238.5 -1.03832524965e-15 0.0
237.0 -9.37449749797e-16 0.0
235.5 7.87361671881e-16 0.0
234.0 9.85122322848e-16 0.0
232.5 9.2207477081e-18 0.0
231.0 -5.88234753696e-16 0.0
229.5 1.06583887897e-16 0.0
228.0 -2.19664095488e-16 0.0
226.5 7.51272577107e-16 0.0
225.0 2.52163156642e-16 0.0
223.5 -5.18401239409e-18 0.0
222.0 -2.00199085368e-17 0.0
220.5 6.62452902953e-16 0.0
219.0 3.49031953842e-16 0.0
217.5 8.19185646374e-17 0.0
216.0 -3.30349609221e-16 0.0
214.5 -6.87774492382e-16 0.0
213.0 5.1003181527e-16 0.0
211.5 9.46521192697e-16 0.0
210.0 4.5285065829e-16 0.0
208.5 -1.22870574854e-15 0.0
207.0 -6.62279626103e-16 0.0
205.5 1.02519734373e-16 0.0
204.0 1.49079405313e-15 0.0
202.5 9.46810060893e-17 0.0
201.0 3.496698789e-16 0.0
199.5 -6.76392828597e-16 0.0
198.0 1.24787239423e-16 0.0
196.5 -8.13025946382e-17 0.0
195.0 3.112746058e-16 0.0
193.5 -2.05320160288e-16 0.0
192.0 7.23781172373e-16 0.0
190.5 9.28638480922e-17 0.0
189.0 -1.36871221899e-16 0.0
187.5 2.64888823392e-16 0.0
186.0 -5.05897287093e-16 0.0
184.5 -2.97392870955e-16 0.0
183.0 3.62089042552e-16 0.0
181.5 6.51764603465e-16 0.0
180.0 1.20125198085e-16 0.0
178.5 -5.26324318852e-16 0.0
177.0 -7.62820261489e-16 0.0
175.5 -1.3529387384e-17 0.0
174.0 1.12989202131e-15 0.0
172.5 2.53623911079e-16 0.0
171.0 2.07400276303e-16 0.0
169.5 -4.96505768917e-16 0.0
168.0 -1.35218434279e-17 0.0
166.5 -1.01804750453e-15 0.0
165.0 6.54121376071e-18 0.0
163.5 5.10750910326e-16 0.0
162.0 1.04546963281e-15 0.0
160.5 1.00865530079e-16 0.0
159.0 -1.02676030194e-15 0.0
157.5 -9.19836426138e-16 0.0
156.0 3.54436702026e-16 0.0
154.5 5.96716483442e-16 0.0
153.0 3.79498975909e-16 0.0
151.5 -5.5231427725e-16 0.0
150.0 5.86564736127e-16 0.0
148.5 -3.2871788859e-16 0.0
147.0 1.2172763838e-15 0.0
145.5 -4.47906720084e-16 0.0
144.0 3.11789082774e-16 0.0
142.5 -1.0204639147e-15 0.0
141.0 7.27465071033e-16 0.0
139.5 -3.21922680667e-16 0.0
138.0 6.52560193432e-16 0.0
136.5 -4.09591618244e-16 0.0
135.0 -3.68280419254e-16 0.0
133.5 5.76532467029e-16 0.0
132.0 7.16650037498e-16 0.0
130.5 -8.43606774771e-17 0.0
129.0 -4.20975208765e-16 0.0
127.5 2.49903639464e-16 0.0
126.0 1.01766747738e-16 0.0
124.5 2.65745275765e-17 0.0
123.0 -6.5488927281e-16 0.0
121.5 -3.86745438859e-16 0.0
120.0 7.01236208646e-16 0.0
118.5 4.07325196569e-16 0.0
117.0 5.00250522923e-17 0.0
115.5 -6.58159576791e-16 0.0
114.0 -6.55643648706e-16 0.0
112.5 -2.43328881131e-16 0.0
111.0 -2.00631028956e-16 0.0
109.5 -3.05059530531e-17 0.0
108.0 2.92072700626e-16 0.0
106.5 -1.04766969017e-16 0.0
105.0 -4.99750221287e-16 0.0
103.5 -6.48757958748e-16 0.0
102.0 3.44001057347e-16 0.0
100.5 4.36569673627e-16 0.0
99.0 7.12062234152e-16 0.0
97.5 -6.26429712169e-16 0.0
96.0 -6.56531101076e-16 0.0
94.5 -1.25793207352e-15 0.0
93.0 2.85154327084e-16 0.0
91.5 5.0676199473e-16 0.0
90.0 1.30209263954e-15 0.0
88.5 -2.76465052946e-16 0.0
87.0 -1.0497093913e-15 0.0
85.5 -1.69698171059e-15 0.0
84.0 5.26495131276e-16 0.0
82.5 1.34669611783e-15 0.0
81.0 1.8399111493e-15 0.0
79.5 -4.16952502863e-16 0.0
78.0 -7.69509410009e-16 1.36309790096e-312
76.5 -1.54546284686e-15 1.03408131284e-300
75.0 2.15394337417e-16 4.6121367931e-289
73.5 4.27577932761e-16 1.20939875819e-277
72.0 9.35764580171e-16 1.86447560685e-266
70.5 -9.07518448393e-17 1.68991064686e-255
69.0 -6.91877217907e-18 9.00514328143e-245
67.5 -5.47907145982e-16 2.82122264628e-234
66.0 -4.44080987803e-17 5.19641639334e-224
64.5 2.19702473277e-16 5.62717440892e-214
63.0 2.51627809122e-16 3.58258626431e-204
61.5 -3.09689654044e-16 1.34098149837e-194
60.0 9.33603046636e-18 2.95099697398e-185
58.5 -2.17911338001e-16 3.81798828323e-176
57.0 3.73348320238e-16 2.90415817985e-167
55.5 2.44886808567e-16 1.29875069231e-158
54.0 4.33822736815e-16 3.41468908023e-150
52.5 1.85239869557e-16 5.2783281712e-142
51.0 1.03935984378e-17 4.7969087778e-134
49.5 -1.92091164025e-16 2.5629868612e-126
48.0 -1.44438417332e-17 8.05102451232e-119
46.5 -6.96983621277e-16 1.48687947624e-111
45.0 -5.69630786757e-16 1.61443377084e-104
43.5 2.67000425992e-16 1.03058673733e-97
42.0 8.41201643271e-16 3.86784189916e-91
40.5 7.80454473876e-16 8.53439475271e-85
39.0 9.34829611251e-17 1.1071248253e-78
37.5 -7.18633266659e-16 8.44384592579e-73
36.0 -9.65740530689e-16 3.78620269288e-67
34.5 7.83181478487e-17 9.98130367084e-62
33.0 -2.30333594985e-16 1.54700075736e-56
31.5 2.03657871893e-16 1.40965758571e-51
30.0 -4.8870507754e-17 7.5519062159e-47
28.5 3.23315843423e-16 2.37858892327e-42
27.0 -5.79232552849e-16 4.40455507758e-38
25.5 2.35534723766e-16 4.79517594409e-34
24.0 -3.39185518571e-16 3.06921207077e-30
22.5 1.3074095415e-16 1.15496572728e-26
21.0 2.13267721527e-16 2.55523675273e-23
19.5 1.19788832556e-16 3.32363284891e-20
18.0 -2.96641640767e-16 2.54164440073e-17
16.5 -6.10318329863e-17 1.14271093579e-14
15.0 2.66256425572e-16 3.0204929568e-12
13.5 1.4788936239e-16 4.6939571422e-10
12.0 7.33043924006e-17 4.2886466116e-08
10.5 -3.60392968448e-17 2.30367522539e-06
9.0 -1.82908480929e-16 7.27515232569e-05
7.5 -1.22441263686e-17 0.00135077426838
6.0 5.00904773499e-16 0.0147449503937
4.5 3.3431058392e-16 0.0946288803421
3.0 0.120078384243 0.357045806017
1.5 0.233880756585 0.792034354413
0.0 0.292081718343 1.03296106406
-1.5 0.233880756585 0.792033831679
-3.0 0.120078384243 0.357045334725
-4.5 3.45336779419e-16 0.0946286929802
-6.0 -6.04817605775e-16 0.0147449114677
-7.5 -2.04924681456e-16 0.00135076981091
-9.0 -3.40975536047e-16 7.27512351662e-05
-10.5 1.09427515957e-16 2.3036645826e-06
-12.0 5.84177230113e-16 4.28862396798e-08
-13.5 4.24287542913e-16 4.69392926063e-10
-15.0 -7.58728631533e-17 3.02047302194e-12
-16.5 -6.42522606148e-16 1.14270263987e-14
-18.0 -3.7944026155e-17 2.54162427131e-17
-19.5 1.07235391886e-16 3.32360433273e-20
-21.0 7.48567646878e-16 2.55521314284e-23
-22.5 -6.66151593774e-16 1.15495429336e-26
-24.0 3.61079448403e-16 3.06917966059e-30
-25.5 -5.32478683229e-16 4.79512214339e-34
-27.0 2.56417338093e-16 4.40450275263e-38
-28.5 8.95893070267e-17 2.37855909644e-42
-30.0 1.44060761889e-16 7.55180653301e-47
-31.5 -4.4431135214e-17 1.40963804831e-51
-33.0 -2.10524021984e-16 1.54697829543e-56
-34.5 -3.24226461699e-16 9.98115215826e-62
-36.0 -5.64930533811e-16 3.78614272087e-67
-37.5 9.6715500922e-17 8.44370660574e-73
-39.0 -1.81690581827e-16 1.1071058275e-78
-40.5 8.06742197247e-16 8.53424267362e-85
-42.0 3.00402503571e-16 3.86777042326e-91
-43.5 -1.28299732014e-16 1.03056701241e-97
-45.0 -5.36295769271e-16 1.61440180588e-104
-46.5 -4.76309580279e-16 1.48684905549e-111
-48.0 3.98473441315e-16 8.05085447923e-119
-49.5 -2.78158309884e-16 2.56293104086e-126
-51.0 4.70204109295e-16 4.79680113812e-134
-52.5 -6.48750208081e-16 5.27820624521e-142
-54.0 6.58629827928e-16 3.4146079495e-150
-55.5 -8.57556799473e-16 1.29871897772e-158
-57.0 -7.02837388611e-17 2.90408534566e-167
-58.5 -5.12811998457e-16 3.81789001107e-176
-60.0 6.18010227516e-16 2.95091906995e-185
-61.5 2.68834826518e-16 1.34094521249e-194
-63.0 -3.46203935382e-16 3.582486958e-204
-64.5 -7.54260833362e-16 5.62701471457e-214
-66.0 -3.00418041623e-16 5.19626549405e-224
-67.5 7.00124132782e-16 2.82113885857e-234
-69.0 3.82063379687e-16 9.00486989386e-245
-70.5 -2.04211482974e-16 1.6898582275e-255
-72.0 -1.1480049857e-15 1.86441654215e-266
-73.5 8.96583830817e-17 1.2093596475e-277
-75.0 7.22921088473e-16 4.61198459757e-289
-76.5 4.20532651602e-16 1.03404650681e-300
-78.0 -8.0379613889e-16 1.363051121e-312
-79.5 -1.03803051521e-15 0.0
-81.0 -1.20096000136e-17 0.0
-82.5 1.72633638106e-15 0.0
-84.0 6.87033787035e-16 0.0
-85.5 -2.57597287761e-16 0.0
-87.0 -1.63450104652e-15 0.0
-88.5 -6.42612225284e-16 0.0
-90.0 6.58577391467e-17 0.0
-91.5 1.5156623772e-15 0.0
-93.0 -1.52864984604e-16 0.0
-94.5 4.41674479666e-16 0.0
-96.0 -8.04149624341e-16 0.0
-97.5 -5.98902503424e-16 0.0
-99.0 -1.6393982153e-16 0.0
-100.5 7.63964952863e-16 0.0
-102.0 1.66107285063e-16 0.0
-103.5 -1.91447980629e-16 0.0
-105.0 -1.48275375706e-15 0.0
-106.5 -5.39705068961e-16 0.0
-108.0 5.24019571361e-16 0.0
-109.5 1.27471112116e-15 0.0
-111.0 1.81132126262e-16 0.0
-112.5 -1.63312936787e-15 0.0
-114.0 -1.00067322243e-15 0.0
-115.5 8.10673718475e-16 0.0
-117.0 7.47759160378e-16 0.0
-118.5 1.87332738872e-16 0.0
-120.0 -1.04799540283e-15 0.0
-121.5 -6.88653457982e-16 0.0
-123.0 2.06393545292e-16 0.0
-124.5 9.13820198802e-16 0.0
-126.0 -2.066470987e-16 0.0
-127.5 3.14167631526e-16 0.0
-129.0 -6.75281612831e-16 0.0
-130.5 2.53286971844e-16 0.0
-132.0 -7.32935377314e-16 0.0
-133.5 2.06262535414e-16 0.0
-135.0 -1.43794990688e-16 0.0
-136.5 2.74178339485e-16 0.0
-138.0 -7.6575864532e-16 0.0
-139.5 -1.20806748288e-16 0.0
-141.0 -5.319217459e-16 0.0
-142.5 4.48634348144e-16 0.0
-144.0 -1.7231690286e-16 0.0
-145.5 5.86821376156e-17 0.0
-147.0 4.45954067661e-17 0.0
-148.5 -1.16300637876e-17 0.0
-150.0 -3.18175647312e-16 0.0
-151.5 -8.60640812423e-17 0.0
-153.0 4.80523352421e-19 0.0
-154.5 2.00995161122e-17 0.0
-156.0 -3.81166688843e-17 0.0
-157.5 -5.97911295359e-16 0.0
-159.0 -6.17547942095e-16 0.0
-160.5 -9.02199061805e-17 0.0
-162.0 4.37329101668e-16 0.0
-163.5 4.31958215372e-16 0.0
-165.0 1.3129882667e-16 0.0
-166.5 -2.46293933542e-16 0.0
-168.0 -6.12549096929e-16 0.0
-169.5 -1.65875034551e-16 0.0
-171.0 3.05162106122e-16 0.0
-172.5 4.0688547385e-16 0.0
-174.0 6.03239304032e-16 0.0
-175.5 -3.21549912181e-16 0.0
-177.0 -4.08443357412e-16 0.0
-178.5 -1.04242931935e-15 0.0
-180.0 9.95773750935e-17 0.0
-181.5 7.21700384368e-16 0.0
-183.0 7.99000300189e-16 0.0
-184.5 -4.62899922585e-16 0.0
-186.0 -8.1100839243e-16 0.0
-187.5 -2.60305958621e-16 0.0
-189.0 4.66540300227e-16 0.0
-190.5 2.54051315648e-16 0.0
-192.0 -1.19988629066e-15 0.0
-193.5 -5.07635784638e-16 0.0
-195.0 2.72343284988e-16 0.0
-196.5 1.12221130473e-15 0.0
-198.0 -3.62438506328e-16 0.0
-199.5 -7.55757908052e-16 0.0
-201.0 -1.17607445317e-15 0.0
-202.5 9.27804158492e-16 0.0
-204.0 7.67746158571e-16 0.0
-205.5 6.61997613732e-16 0.0
-207.0 -9.79434640664e-16 0.0
-208.5 -5.49908379784e-16 0.0
-210.0 -9.17799496127e-16 0.0
-211.5 5.29366441565e-16 0.0
-213.0 4.87938502838e-16 0.0
-214.5 6.16269088022e-16 0.0
-216.0 -3.52559623531e-16 0.0
-217.5 -4.05650243063e-16 0.0
-219.0 -3.70099191956e-16 0.0
-220.5 -2.80866857667e-16 0.0
-222.0 5.33083442093e-16 0.0
-223.5 5.23819267659e-16 0.0
-225.0 -1.7600666806e-16 0.0
-226.5 -5.5940860685e-16 0.0
-228.0 -8.2046137446e-16 0.0
-229.5 1.88348550963e-16 0.0
-231.0 1.04168963744e-15 0.0
-232.5 1.08510699257e-15 0.0
-234.0 -6.22582536915e-16 0.0
-235.5 -9.17639585095e-16 0.0
-237.0 -1.32226158285e-15 0.0
-238.5 7.06605118586e-16 0.0
-240.0 8.90829207476e-16 0.0
-241.5 3.58097369185e-16 0.0
-243.0 -1.86730503012e-16 0.0
-244.5 -8.31985172032e-16 0.0
-246.0 -1.54164003796e-16 0.0
-247.5 1.99613790337e-16 0.0
-249.0 8.01279068131e-16 0.0
-250.5 -2.06123663243e-16 0.0
-252.0 4.43427938948e-17 0.0
-253.5 -6.53033878183e-16 0.0
-255.0 -5.90314474382e-16 0.0
-256.5 -9.17637906455e-17 0.0
-258.0 8.36000543286e-16 0.0
-259.5 6.81505220189e-16 0.0
-261.0 2.94305643795e-16 0.0
-262.5 -4.56512003001e-16 0.0
-264.0 -5.14955099268e-16 0.0
-265.5 -1.92125445795e-16 0.0
-267.0 5.40357194741e-16 0.0
-268.5 2.38631051254e-16 0.0
-270.0 1.99766542595e-16 0.0
-271.5 -1.23829308652e-15 0.0
-273.0 3.36800827151e-16 0.0
-274.5 -2.29901334231e-16 0.0
-276.0 1.18484149344e-15 0.0
-277.5 -2.25528347458e-16 0.0
-279.0 -7.25268319061e-16 0.0
-280.5 -1.18115724981e-15 0.0
-282.0 7.25695575938e-16 0.0
-283.5 4.2401484518e-16 0.0
-285.0 1.4584912889e-16 0.0
-286.5 -3.94575505673e-16 0.0
-288.0 -3.27379158708e-16 0.0
-289.5 5.20654936314e-16 0.0
-291.0 2.64860264509e-16 0.0
-292.5 -6.17399710936e-16 0.0
-294.0 -6.09202890996e-16 0.0
-295.5 -6.19194029717e-17 0.0
-297.0 2.49394280855e-16 0.0
-298.5 0.0 0.0
-300.0 0.0 0.0
###
# timestamp: 2455823.7265545
# Gaussian 1 [amp, RV +/- err, wid]: [0.83, -1.01 +/- 0.03, 4.51]
# Gaussian 2 [amp, RV +/- err, wid]: [0.22, 30.00 +/- 0.00, 15.00]
# Uncorrected_RV, BF_amp, Gaussian_fit
###
300.0 0.0 7.72048934937e-72
298.5 0.0 4.64732904785e-71
297.0 0.0012946867842 2.76961290034e-70
295.5 0.000976749407832 1.63414947508e-69
294.0 -0.00283074567729 9.54600240259e-69
292.5 -0.00376797713653 5.520880604e-68
291.0 -0.00674425536341 3.16120183961e-67
289.5 -0.00807989541888 1.7920625002e-66
288.0 -0.00737302642612 1.00579884689e-65
286.5 -0.00448063228992 5.58889782287e-65
285.0 -0.000337435256806 3.07466823782e-64
283.5 -8.28031501083e-05 1.67466293519e-63
282.0 -0.00123725924242 9.03053770624e-63
280.5 -0.00182931299332 4.82121908996e-62
279.0 0.00027261399484 2.5483388775e-61
277.5 -0.000548356504694 1.33356610148e-60
276.0 0.000587198738914 6.90921918332e-60
274.5 -0.00175405990818 3.54405495931e-59
273.0 -0.00310741860616 1.79981961742e-58
271.5 -0.00388946272056 9.04929131884e-58
270.0 -0.00278245847611 4.50461016895e-57
268.5 -0.00215638285173 2.22002012542e-56
267.0 0.000630376942455 1.08321250581e-55
265.5 -0.000434661409923 5.23271973306e-55
264.0 -0.00254243285097 2.50263975139e-54
262.5 -0.00316395202791 1.18502157641e-53
261.0 -0.00179001027131 5.55534752763e-53
259.5 0.000973033463846 2.57841763078e-52
258.0 0.00274043817576 1.1848199195e-51
256.5 0.00185649476491 5.3902447733e-51
255.0 0.00117660351966 2.42784905638e-50
253.5 0.00075263377825 1.08265960419e-49
252.0 0.000744361632833 4.77990470632e-49
250.5 0.00183479052423 2.08931344625e-48
249.0 0.00390007249668 9.0415942812e-48
247.5 0.00371775880977 3.87385612005e-47
246.0 0.00304177675517 1.64323248838e-46
244.5 0.000288445793281 6.9009931181e-46
243.0 -0.00171575853283 2.86933483589e-45
241.5 -0.00208911962514 1.18115780183e-44
240.0 0.000753218862421 4.81384020701e-44
238.5 0.00132028842315 1.9423722832e-43
237.0 0.00297533901363 7.75943911373e-43
235.5 0.00246896552633 3.06891770216e-42
234.0 0.00103837433134 1.2017031791e-41
232.5 0.000704722279346 4.65871596621e-41
231.0 0.00167198777469 1.7881020918e-40
229.5 0.0019004913478 6.79478070061e-40
228.0 0.000144915567532 2.55632244423e-39
226.5 -0.000145147957676 9.52166454276e-39
225.0 -0.00100670118325 3.51129384883e-38
223.5 0.000317317561717 1.28197197061e-37
222.0 0.000585674011089 4.63390300421e-37
220.5 0.0036315842101 1.65833552154e-36
219.0 0.00277678680519 5.87563654042e-36
217.5 0.00366774114074 2.06107833302e-35
216.0 0.00061858967679 7.15799066689e-35
214.5 -0.00213507225189 2.46118813604e-34
213.0 -0.00415055321622 8.37829317609e-34
211.5 -0.00300342071505 2.82373117605e-33
210.0 -0.00316990332226 9.42211063571e-33
208.5 -0.00158503266543 3.11264868051e-32
207.0 0.00107046994656 1.01804990192e-31
205.5 -0.0013930183092 3.29659110638e-31
204.0 -0.00159888038562 1.05686168645e-30
202.5 -0.00260615153112 3.35450374188e-30
201.0 2.61486604809e-05 1.05413312902e-29
199.5 0.00376373442217 3.27959110169e-29
198.0 0.00693250326779 1.0101851769e-28
196.5 0.00334814903737 3.08062857056e-28
195.0 0.000278950926759 9.30110915953e-28
193.5 -0.00197806232453 2.7802714436e-27
192.0 -0.00203404043872 8.2280460171e-27
190.5 -0.00111902503149 2.41081164154e-26
189.0 0.000320091272115 6.99337639299e-26
187.5 0.0012537410996 2.00848032426e-25
186.0 -0.000931003145096 5.71090998877e-25
184.5 -0.00104156398729 1.60768183205e-24
183.0 0.000422551748353 4.48076273614e-24
181.5 0.00362756901556 1.23640526864e-23
180.0 0.00511072923384 3.37774454556e-23
178.5 0.00447160945149 9.13586789101e-23
177.0 0.000550669229097 2.4464135613e-22
175.5 4.1150887057e-05 6.48585141823e-22
174.0 2.09676199601e-05 1.70239827443e-21
172.5 0.00166742182609 4.42397231618e-21
171.0 0.000626360799818 1.13820551616e-20
169.5 1.31069204456e-05 2.89925240843e-20
168.0 -0.000398525492083 7.31153262758e-20
166.5 0.00144375337524 1.8255253718e-19
165.0 0.00392675133447 4.51257444291e-19
163.5 0.0053713981897 1.10437849367e-18
162.0 0.00335564333989 2.67589185247e-18
160.5 -0.000471469844161 6.41913085421e-18
159.0 -7.39521351535e-05 1.52454748454e-17
157.5 0.00110951013016 3.58478189713e-17
156.0 0.00231965128435 8.34529272658e-17
154.5 -0.00118899875306 1.92343479133e-16
153.0 -0.00426550973024 4.3890488537e-16
151.5 -0.00568690783302 9.91563239503e-16
150.0 -0.0030995708716 2.21782602616e-15
148.5 0.000262491292618 4.9112448761e-15
147.0 0.00226603456771 1.0767447354e-14
145.5 0.000441862667241 2.33717364564e-14
144.0 -0.000450359780676 5.02257301708e-14
142.5 -0.000472423352758 1.0686084228e-13
141.0 0.000585690660077 2.25096105956e-13
139.5 0.00468634977923 4.69433875555e-13
138.0 0.00588222292858 9.69254722236e-13
136.5 0.00390413719595 1.98133759491e-12
135.0 0.0014035783389 4.00992352317e-12
133.5 0.000795674730201 8.03472014919e-12
132.0 0.00125933762733 1.59390515384e-11
130.5 0.00283590512173 3.13048228271e-11
129.0 0.0021564631396 6.08719312594e-11
127.5 -0.000374669595963 1.17187142982e-10
126.0 -0.000381989693765 2.23357174522e-10
124.5 0.0012444049258 4.21479933776e-10
123.0 0.0015077882295 7.87428182416e-10
121.5 0.00137664653888 1.45647173428e-09
120.0 5.19033583135e-05 2.66716708059e-09
118.5 0.000336703084309 4.83565645248e-09
117.0 0.00188207568447 8.67995974186e-09
115.5 0.00288373696299 1.54254214296e-08
114.0 -0.000651429422917 2.71402235319e-08
112.5 -0.00295884047798 4.72766677062e-08
111.0 -0.00277087953347 8.15337374169e-08
109.5 0.000723781911542 1.39214636637e-07
108.0 0.00289511006575 2.35336614327e-07
106.5 0.00464680715059 3.9386841862e-07
105.0 0.00292456353333 6.5263426662e-07
103.5 0.000919625357385 1.07064536514e-06
102.0 2.31851369067e-05 1.73891544539e-06
100.5 0.00125333639203 2.79620072442e-06
99.0 0.00160473852983 4.45159122825e-06
97.5 0.00346275504436 7.01647960612e-06
96.0 0.00278222901606 1.09491476346e-05
94.5 0.00113921399263 1.69160286225e-05
93.0 -0.00182944891741 2.58745953197e-05
91.5 -0.0014869597121 3.91837300794e-05
90.0 -0.00170625151839 5.87482644696e-05
88.5 0.00118764144576 8.72049950227e-05
87.0 0.00272442997617 0.000128157709587
85.5 0.00435630188528 0.000186468367166
84.0 0.00379063754606 0.000268610294979
82.5 0.00120318115298 0.000383086806239
81.0 -0.00307702435194 0.000540914708768
79.5 -0.00182791366756 0.000756166516347
78.0 0.00200148465061 0.00104655763209
76.5 0.00458193656499 0.00143405533982
75.0 0.00447712376408 0.0019454753297
73.5 0.000125126183565 0.00261301919549
72.0 -0.00154294991507 0.00347469370492
70.5 -0.00155275775082 0.00457454084829
69.0 -0.00140593373663 0.00596259824163
67.5 -0.00333720504406 0.00769450419151
66.0 -0.00275524149512 0.00983066254961
64.5 -0.00137705362535 0.0124348912615
63.0 0.00200029998215 0.0155724968001
61.5 0.00204675769485 0.0193077454231
60.0 0.00294434592489 0.0237007414547
58.5 0.00168911096834 0.0288037714779
57.0 0.000154039340625 0.0346572289874
55.5 -0.00223568031365 0.0412852929096
54.0 -0.00287517926995 0.0486915903615
52.5 -0.00321431393077 0.0568551231245
51.0 -0.00179409130652 0.0657267721044
49.5 -0.00116040287122 0.0752267083901
48.0 -0.000506095842329 0.0852430282416
46.5 6.32685110606e-05 0.0956318891224
45.0 -0.000605308954695 0.106219353937
43.5 -0.000957839966702 0.116805053142
42.0 -0.0017721299748 0.127167654833
40.5 -0.00202778898135 0.137071999649
39.0 -0.000917922800035 0.146277621416
37.5 0.000377065524373 0.154548248044
36.0 0.00237413659324 0.161661773154
34.5 0.000985104735884 0.167420118438
33.0 -0.0013321221303 0.171658378915
31.5 -0.00458999938557 0.174252663087
30.0 -0.00129705766887 0.175126108195
28.5 0.00296760215869 0.174252663087
27.0 0.00434932599866 0.171658378915
25.5 -0.00134052619619 0.167420118438
24.0 -0.00963638811909 0.161661773154
22.5 -0.0133100353204 0.154548248044
21.0 -0.00635510267336 0.146277621416
19.5 0.007750631472 0.137071999657
18.0 0.0187559115993 0.12716765521
16.5 0.0240994956402 0.116805066241
15.0 0.0197714609449 0.10621968497
13.5 -0.00068754702548 0.0956379861193
12.0 -0.0197737617989 0.0853248703583
10.5 -0.0356414852861 0.0760273801837
9.0 -0.036752909643 0.0714356269151
7.5 -0.0334955821866 0.0865212096792
6.0 -0.0018176281042 0.161045532144
4.5 0.0548281260142 0.351407710189
3.0 0.151506120109 0.658528231273
1.5 0.222367436679 0.943492299322
0.0 0.235613904308 1.00109201454
-1.5 0.167644140418 0.780475662253
-3.0 0.0846876169117 0.447597900541
-4.5 0.0214244529209 0.191147373747
-6.0 -0.00247171449606 0.0637093842337
-7.5 -0.0162567385163 0.0195329985474
-9.0 -0.018820010752 0.00785839795102
-10.5 -0.012987550102 0.0047958020292
-12.0 0.0120325715761 0.00349351436245
-13.5 0.035663503318 0.00261418595447
-15.0 0.0400777264704 0.00194552804592
-16.5 0.0236836527818 0.00143405707572
-18.0 0.000388845721222 0.00104655767375
-19.5 -0.0144015328598 0.000756166517076
-21.0 -0.00889536178599 0.000540914708777
-22.5 0.00661027759585 0.000383086806239
-24.0 0.0208655847017 0.000268610294979
-25.5 0.0208771341078 0.000186468367166
-27.0 0.0101149055209 0.000128157709587
-28.5 -0.00439302730099 8.72049950227e-05
-30.0 -0.00979479506893 5.87482644696e-05
-31.5 -0.00981220700573 3.91837300794e-05
-33.0 -0.00360634005733 2.58745953197e-05
-34.5 0.000311783164536 1.69160286225e-05
-36.0 0.00353474561276 1.09491476346e-05
-37.5 0.00156765845548 7.01647960612e-06
-39.0 -0.00113977031728 4.45159122825e-06
-40.5 -0.00613546149024 2.79620072442e-06
-42.0 -0.00594011946892 1.73891544539e-06
-43.5 -0.00434104268079 1.07064536514e-06
-45.0 0.00051654524147 6.5263426662e-07
-46.5 0.00271441479971 3.9386841862e-07
-48.0 0.00541779435198 2.35336614327e-07
-49.5 0.00392651829407 1.39214636637e-07
-51.0 0.0031931611444 8.15337374169e-08
-52.5 -0.00150029554346 4.72766677062e-08
-54.0 -0.00275120958772 2.71402235319e-08
-55.5 -0.00371315990549 1.54254214296e-08
-57.0 -0.00163660340501 8.67995974186e-09
-58.5 -0.000603174105321 4.83565645248e-09
-60.0 -0.000838969661531 2.66716708059e-09
-61.5 -0.00368619037272 1.45647173428e-09
-63.0 -0.00313776170501 7.87428182416e-10
-64.5 -0.00308035399514 4.21479933776e-10
-66.0 -0.00326737586959 2.23357174522e-10
-67.5 -0.00253955780446 1.17187142982e-10
-69.0 -0.000932944783993 6.08719312594e-11
-70.5 0.00060117083189 3.13048228271e-11
-72.0 0.00159521331319 1.59390515384e-11
-73.5 0.00141928412197 8.03472014919e-12
-75.0 0.000142738301977 4.00992352317e-12
-76.5 0.0020952848232 1.98133759491e-12
-78.0 0.00409364348991 9.69254722236e-13
-79.5 0.00466826702235 4.69433875555e-13
-81.0 0.00227948419784 2.25096105956e-13
-82.5 -0.000288639943046 1.0686084228e-13
-84.0 -0.00138957628577 5.02257301708e-14
-85.5 0.000119277780626 2.33717364564e-14
-87.0 -0.000260376620522 1.0767447354e-14
-88.5 -0.000884725627091 4.9112448761e-15
-90.0 -0.00166011624404 2.21782602616e-15
-91.5 -0.00252550564241 9.91563239503e-16
-93.0 -0.00118243079186 4.3890488537e-16
-94.5 7.20344161787e-05 1.92343479133e-16
-96.0 0.0016674929304 8.34529272658e-17
-97.5 0.00153510409181 3.58478189713e-17
-99.0 0.00158825558603 1.52454748454e-17
-100.5 -0.00115549158898 6.41913085421e-18
-102.0 -0.00221873088267 2.67589185247e-18
-103.5 -0.00207732301931 1.10437849367e-18
-105.0 -0.000668936264075 4.51257444291e-19
-106.5 -0.000796467238826 1.8255253718e-19
-108.0 -0.000434929139374 7.31153262758e-20
-109.5 0.00103058708533 2.89925240843e-20
-111.0 0.00155242094614 1.13820551616e-20
-112.5 0.0015469890231 4.42397231618e-21
-114.0 -6.61053169668e-05 1.70239827443e-21
-115.5 -0.000682372271645 6.48585141823e-22
-117.0 0.000213354492586 2.4464135613e-22
-118.5 0.00277775514043 9.13586789101e-23
-120.0 0.00287775478076 3.37774454556e-23
-121.5 -0.000423994764359 1.23640526864e-23
-123.0 -0.0015287935332 4.48076273614e-24
-124.5 0.00123332760501 1.60768183205e-24
-126.0 0.00519874195057 5.71090998877e-25
-127.5 0.00654219316913 2.00848032426e-25
-129.0 0.00355957668714 6.99337639299e-26
-130.5 -0.00147906801063 2.41081164154e-26
-132.0 -0.00409829590687 8.2280460171e-27
-133.5 -0.00200597544937 2.7802714436e-27
-135.0 0.00121153237922 9.30110915953e-28
-136.5 0.00338155627018 3.08062857056e-28
-138.0 0.00362671247228 1.0101851769e-28
-139.5 0.000751905733102 3.27959110169e-29
-141.0 -0.00217890885293 1.05413312902e-29
-142.5 -0.0030114511497 3.35450374188e-30
-144.0 -0.000531581177426 1.05686168645e-30
-145.5 0.000925132101449 3.29659110638e-31
-147.0 0.00138934878057 1.01804990192e-31
-148.5 -0.000750038478884 3.11264868051e-32
-150.0 -0.00063766895233 9.42211063571e-33
-151.5 -0.00169717829712 2.82373117605e-33
-153.0 -0.000267997559991 8.37829317609e-34
-154.5 0.000259277943794 2.46118813604e-34
-156.0 0.000286370850573 7.15799066689e-35
-157.5 -0.000674813133955 2.06107833302e-35
-159.0 0.00156835115887 5.87563654042e-36
-160.5 0.00256385407177 1.65833552154e-36
-162.0 0.00477859040679 4.63390300421e-37
-163.5 0.00346007164357 1.28197197061e-37
-165.0 0.00169064025217 3.51129384883e-38
-166.5 -0.000591909410483 9.52166454276e-39
-168.0 0.00103162175704 2.55632244423e-39
-169.5 0.0011737989687 6.79478070061e-40
-171.0 0.00421842317629 1.7881020918e-40
-172.5 0.00185942746965 4.65871596621e-41
-174.0 0.00096896066626 1.2017031791e-41
-175.5 -0.00222961677963 3.06891770216e-42
-177.0 -0.00247162122609 7.75943911373e-43
-178.5 -0.00199481592627 1.9423722832e-43
-180.0 0.00207081476564 4.81384020701e-44
-181.5 0.00282440137296 1.18115780183e-44
-183.0 0.0032186267465 2.86933483589e-45
-184.5 -7.45621174578e-07 6.9009931181e-46
-186.0 -0.00253485653119 1.64323248838e-46
-187.5 -0.00556854849797 3.87385612005e-47
-189.0 -0.0039753314965 9.0415942812e-48
-190.5 0.000526107938206 2.08931344625e-48
-192.0 0.00419495403502 4.77990470632e-49
-193.5 0.00315474566658 1.08265960419e-49
-195.0 0.0021718122001 2.42784905638e-50
-196.5 0.00073945505695 5.3902447733e-51
-198.0 0.00224149892174 1.1848199195e-51
-199.5 0.00441005446006 2.57841763078e-52
-201.0 0.00256594848312 5.55534752763e-53
-202.5 -0.00026679869285 1.18502157641e-53
-204.0 -0.0025720473268 2.50263975139e-54
-205.5 -0.00172573901081 5.23271973306e-55
-207.0 -0.00140120293123 1.08321250581e-55
-208.5 -0.00143532287525 2.22002012542e-56
-210.0 -0.00400392204934 4.50461016895e-57
-211.5 -0.00470976838252 9.04929131884e-58
-213.0 -0.00497151068909 1.79981961742e-58
-214.5 -0.00254022495737 3.54405495931e-59
-216.0 -0.00116858242465 6.90921918332e-60
-217.5 0.000578958682139 1.33356610148e-60
-219.0 0.000628255599652 2.5483388775e-61
-220.5 0.0017837980789 4.82121908996e-62
-222.0 0.00119026014104 9.03053770624e-63
-223.5 0.00101072510827 1.67466293519e-63
-225.0 -0.000192766795907 3.07466823782e-64
-226.5 -0.00118091814479 5.58889782287e-65
-228.0 -0.00409199420458 1.00579884689e-65
-229.5 -0.00286874382411 1.7920625002e-66
-231.0 -0.00138307133144 3.16120183961e-67
-232.5 1.73886613128e-06 5.520880604e-68
-234.0 -0.00117307663178 9.54600240259e-69
-235.5 -0.00266290510825 1.63414947508e-69
-237.0 -0.00453762591362 2.76961290034e-70
-238.5 -0.0027074879348 4.64732904785e-71
-240.0 -0.000452707626077 7.72048934937e-72
-241.5 0.00103270995691 1.26982329025e-72
-243.0 2.16980631539e-05 2.06775368609e-73
-244.5 -0.000591629205194 3.33358377912e-74
-246.0 9.5261357181e-05 5.32084980423e-75
-247.5 0.00065166810633 8.40828997719e-76
-249.0 0.00198185099365 1.3155017098e-76
-250.5 0.00100807064098 2.03766228944e-77
-252.0 -0.00134426425364 3.12485632839e-78
-253.5 -0.00115755708899 4.74443997191e-79
-255.0 3.06595933241e-05 7.13176317306e-80
-256.5 0.00169028151065 1.06136784197e-80
-258.0 0.000236829733494 1.56383882884e-81
-259.5 -0.000659344462694 2.28126172758e-82
-261.0 -0.00365583832803 3.29469557001e-83
-262.5 -0.00195982515655 4.710993713e-84
-264.0 0.000427798621613 6.6690935969e-85
-265.5 0.00640350484169 9.34712725997e-86
-267.0 0.00740469881707 1.2970196443e-86
-268.5 0.00534906707551 1.78185355255e-87
-270.0 -0.00123839290407 2.42356412873e-88
-271.5 -0.00336416490941 3.26357862211e-89
-273.0 -0.00280309047087 4.35101618316e-90
-274.5 0.00337854895224 5.74307347788e-91
-276.0 0.00592939192737 7.50507613146e-92
-277.5 0.0068542569919 9.71008175683e-93
-279.0 0.00490714592819 1.24379190592e-93
-280.5 0.00423749029239 1.57735563331e-94
-282.0 0.00159455113963 1.98047138205e-95
-283.5 0.00304765342939 2.46186694073e-96
-285.0 0.00257029327389 3.0298256424e-97
-286.5 0.00278909247994 3.69171148316e-98
-288.0 0.00170432417413 4.45343300294e-99
-289.5 0.000473056795776 5.31886722519e-100
-291.0 -0.00141970978209 6.2892727631e-101
-292.5 -0.00202181461 7.36272816811e-102
-294.0 -0.00284405384169 8.53363686299e-103
-295.5 0.000859252281544 9.79234271905e-104
-297.0 0.00395416024657 1.11248997642e-104
-298.5 0.0 1.25130351261e-105
-300.0 0.0 1.3934335917e-106
###
# timestamp: 2455840.6612062
# Gaussian 1 [amp, RV +/- err, wid]: [0.83, -1.01 +/- 0.03, 4.51]
# Gaussian 2 [amp, RV +/- err, wid]: [0.22, 30.00 +/- 0.00, 15.00]
# Uncorrected_RV, BF_amp, Gaussian_fit
###
300.0 0.0 9.02609492858e-72
298.5 0.0 5.43323502592e-71
297.0 0.00538590886903 3.2379798511e-70
295.5 0.0011119357184 1.91049914352e-69
294.0 -0.0016410033795 1.11603189869e-68
292.5 -0.00402281658118 6.45451216445e-68
291.0 -0.00580645140677 3.69579007256e-67
289.5 -0.00589234898034 2.09511670993e-66
288.0 -0.00641850573948 1.17588865942e-65
286.5 -0.00368433609828 6.53403171905e-65
285.0 -0.000459084592453 3.59462284483e-64
283.5 0.002858735174 1.95786380142e-63
282.0 0.00192652456179 1.05576844814e-62
280.5 0.00237219135657 5.63653146947e-62
279.0 0.00144998007644 2.97928636096e-61
277.5 0.00320791464692 1.5590843638e-60
276.0 0.00320591298656 8.0776315346e-60
274.5 0.00216630999518 4.14338716722e-59
273.0 -0.00093831236292 2.10418562684e-58
271.5 -0.00269330398871 1.05796095019e-57
270.0 -0.00243042843752 5.26638107525e-57
268.5 -0.00149973367728 2.5954458958e-56
267.0 -0.000657615738533 1.26639367828e-55
265.5 -0.00168983098884 6.11762064656e-55
264.0 -0.00223381618926 2.92585909336e-54
262.5 -0.00291726433035 1.38541959675e-53
261.0 -0.00108865283295 6.49480776108e-53
259.5 0.00148610266975 3.01445170737e-52
258.0 0.00278925864909 1.38518383781e-51
256.5 0.00184263239781 6.30178461629e-51
255.0 0.000741995618513 2.83842060568e-50
253.5 -0.000307636077139 1.26574727593e-49
252.0 -8.68490015826e-05 5.58823044453e-49
250.5 0.000872763452759 2.44263551804e-48
249.0 0.00041425502548 1.05706108246e-47
247.5 0.000212652220226 4.52896072994e-47
246.0 0.00127181298975 1.9211181777e-46
244.5 0.000989838822456 8.06801436629e-46
243.0 0.00166111953789 3.35456568083e-45
241.5 0.000737327495444 1.38090242244e-44
240.0 0.00157429810442 5.62790474972e-44
238.5 0.00214521809049 2.27084525623e-43
237.0 0.00388535964791 9.07163145543e-43
235.5 0.0035128876211 3.58789984083e-42
234.0 0.00390486305369 1.4049222115e-41
232.5 0.0026165899394 5.44654757664e-41
231.0 0.00330756487595 2.09048656014e-40
229.5 0.0020862064977 7.94384045457e-40
228.0 0.000567179852327 2.98862002207e-39
226.5 -0.000672384521718 1.11318653717e-38
225.0 -0.00178076052945 4.10508585239e-38
223.5 -0.00111897410589 1.49876519206e-37
222.0 0.000717198509176 5.41753851513e-37
220.5 0.00158910747532 1.93877527234e-36
219.0 0.000330795129878 6.86926058436e-36
217.5 0.000373266709475 2.40962558812e-35
216.0 1.05300988399e-05 8.36847255835e-35
214.5 0.000191021537713 2.87739762957e-34
213.0 0.00139210808398 9.7951394173e-34
211.5 -0.00135658774764 3.30125002373e-33
210.0 -0.0035021688476 1.10154759857e-32
208.5 -0.00408104098478 3.63902612882e-32
207.0 -0.000419090996955 1.19021148025e-31
205.5 0.00262113468022 3.85407490645e-31
204.0 0.00532497191833 1.23558669362e-30
202.5 0.00365096369499 3.92178109992e-30
201.0 0.00282790072582 1.23239671209e-29
199.5 0.00176411469954 3.83420004501e-29
198.0 0.00376102591395 1.18101675808e-28
196.5 0.00512613172314 3.60159112451e-28
195.0 0.00498578082449 1.08740120497e-27
193.5 0.00254706426769 3.25044085181e-27
192.0 -3.95100858018e-05 9.61948408531e-27
190.5 -0.00190942621398 2.81850200768e-26
189.0 -0.00123503126558 8.17602050052e-26
187.5 -0.000875714151739 2.34813277353e-25
186.0 -0.000348377377639 6.67667726159e-25
184.5 -0.000889182412996 1.87955557923e-24
183.0 -0.00161888031752 5.23850082276e-24
181.5 -0.00106818722371 1.44549274275e-23
180.0 -0.000870052093159 3.94895213672e-23
178.5 0.000843391668509 1.06808269667e-22
177.0 0.00209056960765 2.8601245387e-22
175.5 0.00300583784014 7.58266839633e-22
174.0 0.00158206925246 1.99028944098e-21
172.5 0.00156381538988 5.17210662178e-21
171.0 0.00172309117719 1.3306865112e-20
169.5 0.00295331442176 3.38954258936e-20
168.0 0.00286446745438 8.54797987323e-20
166.5 0.00285927351073 2.13423846013e-19
165.0 0.00202365335961 5.27569218101e-19
163.5 0.0020447785644 1.29113902888e-18
162.0 0.00106327880671 3.1284097142e-18
160.5 -0.00165878075538 7.50466477281e-18
159.0 -0.0026907227129 1.78236245086e-17
157.5 -0.00284300304063 4.19100140386e-17
156.0 -0.00161150088169 9.75655828902e-17
154.5 -0.00153903978277 2.24870526075e-16
153.0 -0.00188391003395 5.13127728139e-16
151.5 -0.00417256281279 1.15924568022e-15
150.0 -0.00514444993974 2.59288075422e-15
148.5 -0.00536639205139 5.74178144197e-15
147.0 -0.00323576401772 1.25883214856e-14
145.5 -0.000539424379379 2.7324111511e-14
144.0 0.0012410992439 5.87193619296e-14
142.5 0.00190493718162 1.24931991085e-13
141.0 0.000268190998694 2.63161922577e-13
139.5 -0.000456920848098 5.48819450647e-13
138.0 -0.00151912101157 1.13316458802e-12
136.5 -0.00181107804215 2.31639995963e-12
135.0 -0.00244567551369 4.68803837926e-12
133.5 -0.00107152640638 9.39346503951e-12
132.0 0.00131310526632 1.86344913835e-11
130.5 0.00235200813319 3.65987555676e-11
129.0 0.00205647092851 7.11659332939e-11
127.5 -7.29724861272e-05 1.37004563973e-10
126.0 -0.000581232605349 2.61128921883e-10
124.5 -0.0011252102573 4.92756057369e-10
123.0 0.000474475352616 9.2058951218e-10
121.5 -9.88819123703e-05 1.70277446669e-09
120.0 6.45701774466e-05 3.11820950336e-09
118.5 -0.00080526136366 5.65341032245e-09
117.0 0.000565383893742 1.01478205669e-08
115.5 0.000203886969933 1.80340017111e-08
114.0 -0.000613302870865 3.17298843242e-08
112.5 -0.000968466144698 5.52715859465e-08
111.0 -0.000616336511847 9.53218404306e-08
109.5 -0.00087187262255 1.62757108892e-07
108.0 -0.000465756874486 2.75134194863e-07
106.5 0.00108031142199 4.60475181683e-07
105.0 0.00115021745211 7.63000708581e-07
103.5 0.00143056909298 1.25170131883e-06
102.0 0.00123989229506 2.03298200057e-06
100.5 0.00134243245537 3.26906392016e-06
99.0 0.00188628302958 5.20439614527e-06
97.5 0.00276907274952 8.20303067894e-06
96.0 0.00241223111796 1.28007489506e-05
94.5 0.000529188918305 1.97766842556e-05
93.0 0.000405612441008 3.025022677e-05
91.5 0.000342618809847 4.58100583198e-05
90.0 -0.00063938779858 6.86831349667e-05
88.5 -0.00177962399351 0.000101952159727
87.0 -0.00221992626074 0.000149830354037
85.5 -0.00176350699197 0.000218001878773
84.0 -0.00191761727306 0.000314034760176
82.5 -0.00314844203399 0.000447870299735
81.0 -0.00382985398323 0.000632388348544
79.5 -0.00227460960513 0.000884041211574
78.0 0.00132272652241 0.00122354012913
76.5 0.00318763957865 0.00167656725427
75.0 0.0023647129599 0.00227447305636
73.5 -0.00103316525926 0.00305490471412
72.0 -0.00202629041753 0.00406229628837
70.5 -0.00231078337071 0.00534813767404
69.0 -0.000482294909253 0.00697092830707
67.5 -0.000707861366625 0.00899571544213
66.0 -0.000415528355875 0.0114931177764
64.5 -0.000977715430843 0.0145377454554
63.0 -0.000495057862691 0.0182059488761
61.5 -4.42573754542e-05 0.0225728623095
60.0 -0.000227592965142 0.0277087542729
58.5 -0.000953526719539 0.0336747534898
57.0 -0.00176689777169 0.0405180843657
55.5 -0.00289671944029 0.048267014705
54.0 -0.00288697088619 0.0569257850038
52.5 -0.00221191127413 0.0664698460519
51.0 -0.000374314507015 0.0768417722656
49.5 0.00134067082274 0.0879482349327
48.0 0.0035026986238 0.099658406364
46.5 0.00215564884213 0.111804118931
45.0 -0.000274949250907 0.124182021178
43.5 -0.00284182228861 0.136557859235
42.0 -0.00212355205461 0.148672871941
40.5 -0.000432412189059 0.160252132332
39.0 0.00228295052778 0.171014509195
37.5 0.00225626275049 0.180683774663
36.0 7.84821944176e-05 0.189000262131
34.5 -0.00316157469306 0.195732396431
33.0 -0.00640908141133 0.200687385638
31.5 -0.00649202150521 0.203720387064
30.0 -0.0033869365935 0.204741539754
28.5 0.00139452767668 0.203720387064
27.0 0.00281499923409 0.200687385638
25.5 -0.00022162032503 0.195732396432
24.0 -0.00669890957227 0.189000262133
22.5 -0.00716836036409 0.1806837747
21.0 -0.00362848814591 0.171014510031
19.5 0.0028658952038 0.160252147627
18.0 0.0102438020762 0.148673097019
16.5 0.0131211884954 0.136560523882
15.0 0.00829659999716 0.12420739968
13.5 -0.00105546897634 0.111998570428
12.0 -0.0169594399181 0.100857009991
10.5 -0.0325131622403 0.0938919622823
9.0 -0.0380611627986 0.10055338897
7.5 -0.0240988009068 0.142569459014
6.0 0.0139150010004 0.2534077646
4.5 0.0748224229562 0.456381488551
3.0 0.139389005038 0.722480224222
1.5 0.189986498266 0.950438704096
0.0 0.196955079628 1.01916553022
-1.5 0.163257124018 0.885172036806
-3.0 0.106420704957 0.62196448824
-4.5 0.0495211328459 0.354504562858
-6.0 0.00722708747635 0.165495971345
-7.5 -0.0149392465398 0.0651186022349
-9.0 -0.0247658876896 0.023424880478
-10.5 -0.0184179788314 0.00922892152613
-12.0 -0.000254252884902 0.00479865202348
-13.5 0.0142623005814 0.0031673069339
-15.0 0.0183879982483 0.00228827629821
-16.5 0.011758449213 0.0016779309149
-18.0 0.0023226237109 0.00122364850947
-19.5 -0.00367296568289 0.000884048141263
-21.0 -0.00403432674999 0.000632388704992
-22.5 -0.00210309253756 0.000447870314485
-24.0 0.00314503973965 0.000314034760667
-25.5 0.00470327434508 0.000218001878787
-27.0 0.00443631005604 0.000149830354038
-28.5 -0.000137312857412 0.000101952159727
-30.0 -0.00373481658331 6.86831349667e-05
-31.5 -0.00603068851298 4.58100583198e-05
-33.0 -0.0043208180239 3.025022677e-05
-34.5 -0.00294534478801 1.97766842556e-05
-36.0 0.00136662868721 1.28007489506e-05
-37.5 0.00249231633543 8.20303067894e-06
-39.0 0.00129485761871 5.20439614527e-06
-40.5 -0.00175680082783 3.26906392016e-06
-42.0 -0.00236939181096 2.03298200057e-06
-43.5 -0.00232769128788 1.25170131883e-06
-45.0 0.00123192395698 7.63000708581e-07
-46.5 0.00318626667433 4.60475181683e-07
-48.0 0.00415576295312 2.75134194863e-07
-49.5 0.00347766196227 1.62757108892e-07
-51.0 0.0037707468747 9.53218404306e-08
-52.5 0.00164160921071 5.52715859465e-08
-54.0 0.00103530503997 3.17298843242e-08
-55.5 -0.000192445739679 1.80340017111e-08
-57.0 -0.00155018933927 1.01478205669e-08
-58.5 -0.00283634607915 5.65341032245e-09
-60.0 -0.00225243074438 3.11820950336e-09
-61.5 -0.00031022686241 1.70277446669e-09
-63.0 0.00076143874229 9.2058951218e-10
-64.5 0.00046680963913 4.92756057369e-10
-66.0 -0.000705593484406 2.61128921883e-10
-67.5 -0.00129006076489 1.37004563973e-10
-69.0 -0.000492342359816 7.11659332939e-11
-70.5 0.00134759664515 3.65987555676e-11
-72.0 0.000832408930983 1.86344913835e-11
-73.5 -0.000425395754171 9.39346503951e-12
-75.0 -0.00192868148457 4.68803837926e-12
-76.5 -0.00362205800811 2.31639995963e-12
-78.0 -0.00250301942871 1.13316458802e-12
-79.5 -0.000565522005708 5.48819450647e-13
-81.0 -0.000808055668942 2.63161922577e-13
-82.5 -0.00256273302237 1.24931991085e-13
-84.0 -0.0037981818628 5.87193619296e-14
-85.5 -0.00306317524798 2.7324111511e-14
-87.0 -0.000619857318451 1.25883214856e-14
-88.5 0.00215025934468 5.74178144197e-15
-90.0 0.00108939483849 2.59288075422e-15
-91.5 -0.000431918885113 1.15924568022e-15
-93.0 -0.000678337320178 5.13127728139e-16
-94.5 -0.00016817554819 2.24870526075e-16
-96.0 0.000968484270657 9.75655828902e-17
-97.5 0.00205956342029 4.19100140386e-17
-99.0 0.00182905109538 1.78236245086e-17
-100.5 0.0011910766656 7.50466477281e-18
-102.0 0.000288403033674 3.1284097142e-18
-103.5 -0.000138347907329 1.29113902888e-18
-105.0 -0.000636290535636 5.27569218101e-19
-106.5 0.00104351985957 2.13423846013e-19
-108.0 0.00350418885458 8.54797987323e-20
-109.5 0.00652004359737 3.38954258936e-20
-111.0 0.00667501752019 1.3306865112e-20
-112.5 0.00674233910556 5.17210662178e-21
-114.0 0.00578388859944 1.99028944098e-21
-115.5 0.00685886724977 7.58266839633e-22
-117.0 0.00792617735675 2.8601245387e-22
-118.5 0.00851293380926 1.06808269667e-22
-120.0 0.00497480438228 3.94895213672e-23
-121.5 0.00414238868291 1.44549274275e-23
-123.0 0.0041500522164 5.23850082276e-24
-124.5 0.00485175028059 1.87955557923e-24
-126.0 0.00425538986389 6.67667726159e-25
-127.5 0.00292948736435 2.34813277353e-25
-129.0 0.00081484384017 8.17602050052e-26
-130.5 0.0023607495326 2.81850200768e-26
-132.0 0.0056472248331 9.61948408531e-27
-133.5 0.00606413752856 3.25044085181e-27
-135.0 0.00568000337464 1.08740120497e-27
-136.5 0.0051214867903 3.60159112451e-28
-138.0 0.00606558771774 1.18101675808e-28
-139.5 0.00701250555762 3.83420004501e-29
-141.0 0.00764955208051 1.23239671209e-29
-142.5 0.00560199507766 3.92178109992e-30
-144.0 0.00355822633491 1.23558669362e-30
-145.5 0.0035365963015 3.85407490645e-31
-147.0 0.00423284428069 1.19021148025e-31
-148.5 0.00315130057499 3.63902612882e-32
-150.0 0.00201575073388 1.10154759857e-32
-151.5 0.00171339630049 3.30125002373e-33
-153.0 0.00259475353548 9.7951394173e-34
-154.5 0.00338376842642 2.87739762957e-34
-156.0 0.00439950694584 8.36847255835e-35
-157.5 0.00387214977424 2.40962558812e-35
-159.0 0.00556734058439 6.86926058436e-36
-160.5 0.00738472920117 1.93877527234e-36
-162.0 0.00777705675947 5.41753851513e-37
-163.5 0.00517436518944 1.49876519206e-37
-165.0 0.00311352064227 4.10508585239e-38
-166.5 0.00167055722841 1.11318653717e-38
-168.0 0.00213755780636 2.98862002207e-39
-169.5 0.00163677629489 7.94384045457e-40
-171.0 0.00259988293989 2.09048656014e-40
-172.5 0.00137314056056 5.44654757664e-41
-174.0 0.00132220716548 1.4049222115e-41
-175.5 0.000500828923815 3.58789984083e-42
-177.0 0.00108116203719 9.07163145543e-43
-178.5 0.000839442220611 2.27084525623e-43
-180.0 0.00135967703786 5.62790474972e-44
-181.5 0.000287292694117 1.38090242244e-44
-183.0 -0.000535069208796 3.35456568083e-45
-184.5 -0.00252543827325 8.06801436629e-46
-186.0 -0.00324286571422 1.9211181777e-46
-187.5 -0.00394046733061 4.52896072994e-47
-189.0 -0.0040517005597 1.05706108246e-47
-190.5 -0.00260998636089 2.44263551804e-48
-192.0 -0.00173668429233 5.58823044453e-49
-193.5 -0.00247225399786 1.26574727593e-49
-195.0 -0.00208633610279 2.83842060568e-50
-196.5 -0.00165328777488 6.30178461629e-51
-198.0 0.000774426782115 1.38518383781e-51
-199.5 0.00222581683141 3.01445170737e-52
-201.0 0.00169799951312 6.49480776108e-53
-202.5 -0.00107429543061 1.38541959675e-53
-204.0 -0.00323314588404 2.92585909336e-54
-205.5 -0.00458278818851 6.11762064656e-55
-207.0 -0.00308798053534 1.26639367828e-55
-208.5 -0.00303162272708 2.5954458958e-56
-210.0 -0.001758308791 5.26638107525e-57
-211.5 -0.00170828746333 1.05796095019e-57
-213.0 -0.00206544200323 2.10418562684e-58
-214.5 -0.00175103510235 4.14338716722e-59
-216.0 -0.00142052066136 8.0776315346e-60
-217.5 0.000246297152374 1.5590843638e-60
-219.0 0.00118205725944 2.97928636096e-61
-220.5 0.00220570957158 5.63653146947e-62
-222.0 0.000791362302419 1.05576844814e-62
-223.5 0.000232619974845 1.95786380142e-63
-225.0 -0.00235720619006 3.59462284483e-64
-226.5 -0.00260766697356 6.53403171905e-65
-228.0 -0.00415691545796 1.17588865942e-65
-229.5 -0.00257514533867 2.09511670993e-66
-231.0 -0.00287105012215 3.69579007256e-67
-232.5 -0.00156633935294 6.45451216445e-68
-234.0 -0.00146593943886 1.11603189869e-68
-235.5 -0.000298370487412 1.91049914352e-69
-237.0 0.000147705017146 3.2379798511e-70
-238.5 -0.000241839623742 5.43323502592e-71
-240.0 -0.00205050010257 9.02609492858e-72
-241.5 -0.00184064087158 1.48456205839e-72
-243.0 -0.0014572840423 2.41742980464e-73
-244.5 0.000410028390653 3.89732337953e-74
-246.0 0.00144893726502 6.2206543213e-75
-247.5 0.000862577420096 9.83020895266e-76
-249.0 0.000629751655753 1.53796511775e-76
-250.5 0.000833636097637 2.38224967675e-77
-252.0 0.000165942116628 3.65329820195e-78
-253.5 0.00105957851333 5.54676829817e-79
-255.0 0.000426850644821 8.33780975469e-80
-256.5 3.52059421959e-05 1.24085488137e-80
-258.0 3.54620943542e-06 1.82829832195e-81
-259.5 -0.000695883361631 2.66704401474e-82
-261.0 -0.00033399211021 3.85185881748e-83
-262.5 0.000998254356267 5.50766597002e-84
-264.0 0.00314640529208 7.79689850852e-85
-265.5 0.00468239969149 1.09278122332e-85
-267.0 0.00460558363302 1.51635756542e-86
-268.5 0.00261597239674 2.08318133558e-87
-270.0 -0.000476891884101 2.83341105744e-88
-271.5 -0.00338259440157 3.81547970822e-89
-273.0 -0.00235539994928 5.08681293735e-90
-274.5 -0.000292347388405 6.71427989178e-91
-276.0 0.00113566480113 8.77425335925e-92
-277.5 0.00180609269948 1.13521456653e-92
-279.0 0.000946676900404 1.45412852816e-93
-280.5 -0.00132750363667 1.84410094207e-94
-282.0 -0.00243179141008 2.31538726223e-95
-283.5 -0.003390393774 2.87819122637e-96
-285.0 -0.00396809388699 3.54219695511e-97
-286.5 -0.00268762611052 4.3160137639e-98
-288.0 0.000797073935879 5.20654938096e-99
-289.5 0.00337616281872 6.21833646995e-100
-291.0 0.00344600591884 7.35284648713e-101
-292.5 0.000627038302928 8.60783304936e-102
-294.0 -0.00252579224121 9.97675314683e-103
-295.5 -0.0030572562918 1.14483177109e-103
-297.0 0.000681997597055 1.30062223777e-104
-298.5 0.0 1.46291041645e-105
-300.0 0.0 1.62907599587e-106
###
# timestamp: 2455849.5784273
# Gaussian 1 [amp, RV +/- err, wid]: [0.83, -1.01 +/- 0.03, 4.51]
# Gaussian 2 [amp, RV +/- err, wid]: [0.22, 30.00 +/- 0.00, 15.00]
# Uncorrected_RV, BF_amp, Gaussian_fit
###
300.0 0.0 1.04167648901e-82
298.5 0.0 7.16468973337e-82
297.0 0.001311866992 4.87886688689e-81
295.5 -0.00184565699932 3.28925546894e-80
294.0 -0.00490229280246 2.19549926945e-79
292.5 -0.0047046549364 1.45086179116e-78
291.0 -0.00413530395065 9.49239595158e-78
289.5 -0.00174805515496 6.14869148359e-77
288.0 0.00207957968309 3.94318011139e-76
286.5 0.00510777776964 2.50361521416e-75
285.0 0.00487799767327 1.57378573543e-74
283.5 0.0018685760333 9.79446418152e-74
282.0 -0.00135679959827 6.0349380355e-73
280.5 -0.00261518091712 3.68147625251e-72
279.0 -0.000676005267937 2.22345450028e-71
277.5 0.0013684104469 1.32950980682e-70
276.0 0.000298137790546 7.87067353474e-70
274.5 -0.00103203890128 4.61306217023e-69
273.0 -0.00197654883652 2.67684837223e-68
271.5 -0.00229391635874 1.53785465243e-67
270.0 -0.00165991410266 8.74709544113e-67
268.5 -0.00091677519406 4.92571743461e-66
267.0 -0.000956781755901 2.74620010559e-65
265.5 0.000566890024918 1.51583496127e-64
264.0 0.00198937235472 8.28378301585e-64
262.5 0.00154718196197 4.4819041534e-63
261.0 0.00146772629857 2.40078611276e-62
259.5 0.00131764645658 1.27321407482e-61
258.0 0.000647230688097 6.68507750517e-61
256.5 -0.000711028619856 3.47510969255e-60
255.0 -0.00192806270974 1.78849464406e-59
253.5 -0.002348237618 9.11305151482e-59
252.0 -0.000999518025765 4.59723878315e-58
250.5 0.00219447898046 2.29608178638e-57
249.0 0.00312912019538 1.13536290443e-56
247.5 0.00232678642959 5.55826312985e-56
246.0 0.00103608842621 2.69401841381e-55
244.5 0.00098575706803 1.29276347198e-54
243.0 0.00100765896029 6.14178543136e-54
241.5 0.00262897869776 2.88886510306e-53
240.0 0.00314227992202 1.34529318059e-52
238.5 0.00308378256499 6.20245574025e-52
237.0 0.0024283379429 2.83117987323e-51
235.5 0.0013787760929 1.27946469246e-50
234.0 -0.00109528025603 5.72461394958e-50
232.5 -0.00194985546094 2.53583597313e-49
231.0 -0.00254005753814 1.11212388329e-48
229.5 5.1973342799e-05 4.82883350812e-48
228.0 0.00135729636399 2.07581359151e-47
226.5 0.00209248515368 8.83469428506e-47
225.0 0.00112901070769 3.72264613789e-46
223.5 0.0016921757929 1.55299136375e-45
222.0 0.00246414750686 6.41421304586e-45
220.5 0.00491649596033 2.62285798395e-44
219.0 0.0055540110491 1.06185013512e-43
217.5 0.0038685033174 4.25606970724e-43
216.0 0.000958173651486 1.68892861255e-42
214.5 -0.000859827004645 6.63545807216e-42
213.0 0.00075867675525 2.58099748033e-41
211.5 0.00256408810775 9.93942605277e-41
210.0 0.00393879268984 3.78958880381e-40
208.5 0.00222504059389 1.43047385785e-39
207.0 0.000425672908091 5.34594907493e-39
205.5 -0.000647618617542 1.97800217379e-38
204.0 0.00122178273387 7.2457903983e-38
202.5 0.00177249105884 2.62785758001e-37
201.0 0.000950623174165 9.43571765687e-37
199.5 0.00146967549713 3.35432473701e-36
198.0 0.00115948113791 1.18057159043e-35
196.5 0.00164490327867 4.1137377901e-35
195.0 0.00135450338571 1.41918149513e-34
193.5 0.00155817721715 4.84726014552e-34
192.0 0.000281911759589 1.63912385973e-33
190.5 0.000628358245776 5.4876230429e-33
189.0 -0.000757235579592 1.81892095043e-32
187.5 -0.000515162876709 5.9689842719e-32
186.0 0.0004294356562 1.93929598825e-31
184.5 0.00216246301825 6.23799207591e-31
183.0 0.00281148086925 1.98656414901e-30
181.5 0.00241685063128 6.26350493102e-30
180.0 0.00116370976506 1.95519153773e-29
178.5 0.00138814950659 6.04252212551e-29
177.0 0.000492894938917 1.84886092931e-28
175.5 0.0015702683968 5.60076429069e-28
174.0 0.00189344533687 1.67976064365e-27
172.5 0.00334660644729 4.98774868477e-27
171.0 0.00309231953604 1.46628630764e-26
169.5 0.00232241880674 4.26766234121e-26
168.0 0.00161050577795 1.2297543778e-25
166.5 0.00238444779585 3.50835683583e-25
165.0 0.00332986878195 9.90937345925e-25
163.5 0.00291479275201 2.7710584624e-24
162.0 0.0014258414799 7.67188767777e-24
160.5 -0.0001592391792 2.10288652634e-23
159.0 -0.000299070076605 5.70671910296e-23
157.5 0.000267620343245 1.53325436275e-22
156.0 0.000185475962792 4.07848601289e-22
154.5 0.000571389996656 1.07409031488e-21
153.0 0.00167855503154 2.80052645164e-21
151.5 0.00172418943221 7.22928943519e-21
150.0 0.0010595204054 1.84760275671e-20
148.5 0.00162646012044 4.67496803347e-20
147.0 0.000944441185049 1.17113172228e-19
145.5 0.00160874492708 2.90462385104e-19
144.0 0.00151926785039 7.13232474135e-19
142.5 0.00120853848768 1.73392126769e-18
141.0 0.00110204538414 4.17334889419e-18
139.5 0.00159252312749 9.94482324573e-18
138.0 0.000810411374797 2.34620793303e-17
136.5 0.000454777223437 5.48015679426e-17
135.0 -0.000301992197727 1.26729150896e-16
133.5 0.000273610054063 2.90146356222e-16
132.0 0.00199055269449 6.57680207032e-16
130.5 0.00399240557145 1.47594263462e-15
129.0 0.00551030754616 3.27930068319e-15
127.5 0.00413612340401 7.21356677027e-15
126.0 0.00172592808474 1.57099906953e-14
124.5 0.000733389262497 3.38734050034e-14
123.0 0.00113251479891 7.23100791409e-14
121.5 0.00122794669813 1.52825517172e-13
120.0 0.000855851589443 3.19779019544e-13
118.5 0.000428825355605 6.62462217903e-13
117.0 0.0023409709423 1.35871796316e-12
115.5 0.002649076578 2.75901826216e-12
114.0 0.00221209201784 5.54672824026e-12
112.5 0.000285944965332 1.10401826048e-11
111.0 0.00117322801056 2.17556809022e-11
109.5 0.00172823754632 4.2444962966e-11
108.0 0.00364525987163 8.19854326608e-11
106.5 0.0023515915891 1.56784917572e-10
105.0 0.00211161665219 2.96844445084e-10
103.5 0.00201790827334 5.56430113714e-10
102.0 0.00321926171275 1.03264103829e-09
100.5 0.00389161974934 1.89734012035e-09
99.0 0.00359707747706 3.45142193783e-09
97.5 0.00388301714462 6.21595662671e-09
96.0 0.00384597896285 1.10834496009e-08
94.5 0.00329826947615 1.9565861786e-08
93.0 0.00302965473775 3.41963746942e-08
91.5 0.00311806377407 5.91722669645e-08
90.0 0.00232856756511 1.01370923751e-07
88.5 0.00273760321595 1.71935539351e-07
87.0 0.00349970703134 2.88718732047e-07
85.5 0.00473978978818 4.80000095098e-07
84.0 0.00505498418798 7.90068487985e-07
82.5 0.00469464652648 1.28749399531e-06
81.0 0.00175808667595 2.07722116688e-06
79.5 8.15290529686e-05 3.31800718217e-06
78.0 -0.000109962376544 5.2472162071e-06
76.5 0.00115137558661 8.2155690855e-06
75.0 0.00272897648365 1.27351305082e-05
73.5 0.00370687004536 1.95445737372e-05
72.0 0.00275947728604 2.96965543237e-05
70.5 0.0013371032013 4.4672779499e-05
69.0 -8.9468921399e-05 6.65329750189e-05
67.5 0.00031435905648 9.81042827931e-05
66.0 0.00226727373787 0.000143217486052
64.5 0.00344826237559 0.000206995631609
63.0 0.00396263661625 0.000296198851104
61.5 0.00469435354161 0.000419626217365
60.0 0.00372668574467 0.000588571073321
58.5 0.00206902082752 0.00081732026808
57.0 0.000194057519839 0.00112368007187
55.5 0.000300642758495 0.0015295023342
54.0 0.00216254790529 0.00206117404262
52.5 0.00338371674697 0.0027500224558
51.0 0.00166861980554 0.00363257735223
49.5 0.000271014705527 0.00475062288939
48.0 0.001340631019 0.00615096559857
46.5 0.00420066294866 0.00788484380214
45.0 0.00374138530079 0.0100069088962
43.5 0.00285656439083 0.0125737219596
42.0 0.0011589544833 0.0156417310623
40.5 0.000838626412812 0.0192647257836
39.0 0.000420402563755 0.0234908052209
37.5 0.000825518218764 0.0283589424487
36.0 -0.00196268405943 0.0338952790646
34.5 -0.00126845240483 0.0401093340836
33.0 -0.00278722724919 0.0469903570131
31.5 -0.0022547698708 0.0545040899637
30.0 -0.000620994910739 0.0625902225989
28.5 0.00314083053874 0.0711608217552
27.0 0.00243431378198 0.0800999911877
25.5 -0.00155336783094 0.0892649646177
24.0 -0.0103940962283 0.0984887581026
22.5 -0.0131107123254 0.1075844095
21.0 -0.00851307509169 0.116350720084
19.5 5.88999184152e-05 0.124579296974
18.0 0.00637671601325 0.132062614908
16.5 0.00886274014639 0.138603120314
15.0 0.00644107220082 0.144026991885
13.5 0.00505394990547 0.148231009229
12.0 0.00142355157589 0.151412412002
10.5 -0.00308346347237 0.15502446882
9.0 -0.00715530606307 0.164640046106
7.5 -0.00340410334303 0.195322286439
6.0 0.0103436476331 0.274825171478
4.5 0.0400983579109 0.43125001103
3.0 0.0798976407361 0.657226215101
1.5 0.113615809118 0.878420927697
0.0 0.119997250916 0.981007051912
-1.5 0.0996617532302 0.899947014562
-3.0 0.0666814539623 0.679036528588
-4.5 0.0422790304707 0.430208217989
-6.0 0.0313218995257 0.241871166576
-7.5 0.0281983894177 0.13484550525
-9.0 0.0199167059499 0.0853543999485
-10.5 0.0120030939041 0.0638744161892
-12.0 0.0100067297575 0.0526934057746
-13.5 0.0113263167519 0.0447386046145
-15.0 0.0118335714257 0.0379766172647
-16.5 0.00710097417541 0.0319759324254
-18.0 0.000148393183157 0.0266630712351
-19.5 -0.00577147733688 0.0220124753771
-21.0 -0.00359318954954 0.0179922737071
-22.5 -0.00169075716389 0.0145599665424
-24.0 0.00126829915251 0.0116651886473
-25.5 0.00144176851901 0.00925294991789
-27.0 0.00391023802657 0.00726650725905
-28.5 0.00431061668319 0.00564973746322
-30.0 0.00409898088776 0.00434898467898
-31.5 0.000907871096481 0.00331439712402
-33.0 -0.0029739838165 0.00250079599049
-34.5 -0.00598659732246 0.0018681383696
-36.0 -0.00411024619353 0.00138164627914
-37.5 -0.00113946717182 0.00101167672425
-39.0 0.000134153451195 0.000733404718762
-40.5 -0.00113925491554 0.000526384020333
-42.0 -0.00504519350821 0.000374040603255
-43.5 -0.00753655854005 0.000263143020804
-45.0 -0.005722764376 0.000183282929735
-46.5 -0.000824791629734 0.000126388987837
-48.0 0.000663604749086 8.62886170574e-05
-49.5 0.00118366373038 5.83250119644e-05
-51.0 -0.00111798250118 3.90313182676e-05
-52.5 -0.00285603922892 2.58600081812e-05
-54.0 -0.00475388242048 1.69629409948e-05
-55.5 -0.00372462378042 1.10161717953e-05
-57.0 -0.0032612043293 7.08300101241e-06
-58.5 -0.000524162960125 4.50879991126e-06
-60.0 0.000369559833794 2.84159170981e-06
-61.5 -0.000831862528047 1.77304372736e-06
-63.0 -0.00299894195297 1.09530298436e-06
-64.5 -0.00287633616219 6.69894096761e-07
-66.0 -0.00157547302637 4.0563468694e-07
-67.5 0.00121592477028 2.43176204514e-07
-69.0 0.00193391561764 1.44332495628e-07
-70.5 0.000662802147964 8.48133507664e-08
-72.0 -0.00194290744151 4.93425258247e-08
-73.5 -0.00301867024785 2.84207535005e-08
-75.0 -0.00480182850592 1.62071575492e-08
-76.5 -0.00393878329711 9.15029667283e-09
-78.0 -0.00236976093159 5.11470454543e-09
-79.5 -0.000653288242512 2.83049885137e-09
-81.0 -0.000606622154845 1.55082384406e-09
-82.5 -0.00242801749757 8.41238250662e-10
-84.0 -0.00403221639349 4.51785833417e-10
-85.5 -0.00343223255967 2.40216735643e-10
-87.0 -0.00156997053784 1.26453533217e-10
-88.5 -0.00050971296309 6.59046003867e-11
-90.0 -0.000173165882565 3.40061564745e-11
-91.5 -0.000648421180204 1.73722640506e-11
-93.0 -0.00035189811554 8.78642790723e-12
-94.5 0.000220673966431 4.39972298507e-12
-96.0 1.5240927391e-05 2.18119941166e-12
-97.5 0.000889334939908 1.07058823277e-12
-99.0 -5.81382265442e-05 5.20243442141e-13
-100.5 -0.000788282086341 2.50292489832e-13
-102.0 -0.00140701935168 1.19219165566e-13
-103.5 -0.000624585458035 5.62213658538e-14
-105.0 0.000118653065597 2.62490603792e-14
-106.5 0.00114879669465 1.21334187605e-14
-108.0 0.000388885242018 5.55276976477e-15
-109.5 -0.000104291345371 2.5158989959e-15
-111.0 -0.000447528715885 1.12858374839e-15
-112.5 5.37389766781e-05 5.01223514824e-16
-114.0 -4.87635411691e-05 2.20387083842e-16
-115.5 0.000120044651494 9.59395979702e-17
-117.0 -0.000167000457677 4.13491613271e-17
-118.5 -7.79347074796e-06 1.76438180923e-17
-120.0 0.000444438883262 7.45376150994e-18
-121.5 0.00198720490839 3.11756465886e-18
-123.0 0.00329756182259 1.29095915397e-18
-124.5 0.00378673374497 5.29256972704e-19
-126.0 0.00315284634627 2.14821492957e-19
-127.5 0.00316783190499 8.63268566988e-20
-129.0 0.00141662291108 3.43456057465e-20
-130.5 0.000435531070639 1.35286196826e-20
-132.0 0.000637370783866 5.27585499867e-21
-133.5 0.00186246308087 2.03699174482e-21
-135.0 0.00345034388603 7.78650814462e-22
-136.5 0.00613866168033 2.94681770576e-22
-138.0 0.00550589113376 1.1041316375e-22
-139.5 0.00418128644088 4.09586367183e-23
-141.0 0.00385195678398 1.50427482357e-23
-142.5 0.00295348715925 5.46973059363e-24
-144.0 0.00212530607121 1.96907265208e-24
-145.5 0.00312974914146 7.01801997395e-25
-147.0 0.00227035777624 2.47642120781e-25
-148.5 0.00245882196684 8.6515014414e-26
-150.0 0.00262283988458 2.99237149824e-26
-151.5 0.00333390192879 1.02469965443e-26
-153.0 0.00269676892466 3.47403928455e-27
-154.5 0.0035944699638 1.1660842131e-27
-156.0 0.0023938954162 3.87509328311e-28
-157.5 0.00214315778601 1.27494503632e-28
-159.0 0.00128673871489 4.15296067372e-29
-160.5 0.00241981278673 1.3393103651e-29
-162.0 0.00318005807537 4.27623630571e-30
-163.5 0.00316018860881 1.35175883906e-30
-165.0 0.00236131942792 4.23052041295e-31
-166.5 0.000809150728281 1.31082714701e-31
-168.0 0.00147219717003 4.02118555857e-32
-169.5 0.00354563988275 1.22129296821e-32
-171.0 0.00550167206199 3.672338064e-33
-172.5 0.00472246900439 1.09325760457e-33
-174.0 0.00337410979672 3.22225135411e-34
-175.5 0.00250559907608 9.40271728023e-35
-177.0 0.00277823048713 2.71646676706e-35
-178.5 0.00356155072142 7.76984705021e-36
-180.0 0.00331234570071 2.20027821308e-36
-181.5 0.00380624752125 6.16878710508e-37
-183.0 0.00269469242978 1.71229670641e-37
-184.5 0.00299008951391 4.70560334113e-38
-186.0 0.00196958702473 1.2802909185e-38
-187.5 0.00286393411536 3.44872900394e-39
-189.0 0.00330774782997 9.19743080601e-40
-190.5 0.00424788402305 2.42846050166e-40
-192.0 0.0019453666666 6.34822943251e-41
-193.5 -0.000467005466183 1.64297607608e-41
-195.0 -0.0015223763417 4.20985289029e-42
-196.5 0.000179102665783 1.06797148153e-42
-198.0 0.00288889824701 2.68231295123e-43
-199.5 0.00476371482981 6.66985346318e-44
-201.0 0.00498094038262 1.64202662106e-44
-202.5 0.00336453211687 4.00222177156e-45
-204.0 0.00240672792372 9.65782121937e-46
-205.5 0.00177352715956 2.30735399081e-46
-207.0 0.00161009431817 5.45765841363e-47
-208.5 0.000327018124853 1.2780726093e-47
-210.0 -0.00146771094062 2.96320542262e-48
-211.5 -0.00118138430334 6.80181862844e-49
-213.0 -0.000677947046108 1.54577183489e-49
-214.5 0.00218327725164 3.47794562368e-50
-216.0 0.00227378919126 7.74742250286e-51
-217.5 0.00100795489196 1.70863283853e-51
-219.0 -0.00303239283818 3.73076000441e-52
-220.5 -0.00140259514158 8.06497324185e-53
-222.0 -0.000551333849216 1.72609861685e-53
-223.5 0.00157521517556 3.65750841046e-54
-225.0 0.000196525064106 7.67294557217e-55
-226.5 -0.00112389031242 1.59366104439e-55
-228.0 -0.00252400197884 3.27707854962e-56
-229.5 -0.00265501038402 6.67167375171e-57
-231.0 -0.00189485482562 1.34474458995e-57
-232.5 -0.00144259897877 2.68350164435e-58
-234.0 0.000544736958622 5.30177119107e-59
-235.5 0.00101423839539 1.03704392391e-59
-237.0 0.000378736875907 2.00830827085e-60
-238.5 -0.00181253845974 3.8505312959e-61
-240.0 -0.00283860243864 7.30916882919e-62
-241.5 -0.00275289536199 1.37363827833e-62
-243.0 -0.00211234163626 2.55584098899e-63
-244.5 -0.000963316432436 4.70817213059e-64
-246.0 0.000985179067309 8.58673161463e-65
-247.5 0.00152444362002 1.55045976525e-65
-249.0 -0.000729060313003 2.77172518282e-66
-250.5 -0.00322480690534 4.90565372961e-67
-252.0 -0.00429913117416 8.59608432624e-68
-253.5 -0.00206907631552 1.49128791935e-68
-255.0 0.000416241736529 2.56141169108e-69
-256.5 0.000741993719768 4.35566359732e-70
-258.0 -0.000781593407122 7.33307840394e-71
-259.5 -0.000621253239284 1.22229316066e-71
-261.0 -0.000831453626966 2.01707241498e-72
-262.5 -0.00195770092522 3.29552532754e-73
-264.0 -0.00257350712292 5.3307077384e-74
-265.5 -0.000328251501049 8.53693837675e-75
-267.0 0.00229473985843 1.35355677089e-75
-268.5 0.00326496695888 2.12475010814e-76
-270.0 0.000691850461518 3.30214621619e-77
-271.5 -0.00428740229091 5.08091341711e-78
-273.0 -0.00595293419675 7.74006030003e-79
-274.5 -0.00311142619533 1.16735769164e-79
-276.0 0.000336708406109 1.74309320313e-80
-277.5 0.00188109766461 2.57688077164e-81
-279.0 0.00306001119751 3.77159538348e-82
-280.5 0.00205159657966 5.46528634774e-83
-282.0 -0.000226864353342 7.84075352983e-84
-283.5 -0.00477449537099 1.11367825094e-84
-285.0 -0.00538946506535 1.56609725997e-85
-286.5 -0.0038644206026 2.18039298571e-86
-288.0 0.00311379258313 3.00543872467e-87
-289.5 0.00714682431953 4.10145579191e-88
-291.0 0.00916325459205 5.54147332317e-89
-292.5 0.00489109362548 7.41258205843e-90
-294.0 0.00249276064948 9.81682019502e-91
-295.5 -0.00225786783399 1.28715015737e-91
-297.0 -0.00225192063491 1.67087763868e-92
-298.5 0.0 2.14742069854e-93
-300.0 0.0 2.73241510832e-94
###
# timestamp: 2455851.6488186
# Gaussian 1 [amp, RV +/- err, wid]: [0.83, -1.01 +/- 0.03, 4.51]
# Gaussian 2 [amp, RV +/- err, wid]: [0.22, 30.00 +/- 0.00, 15.00]
# Uncorrected_RV, BF_amp, Gaussian_fit
###
300.0 0.0 4.70493636048e-80
298.5 0.0 3.13726746078e-79
297.0 0.000970997027801 2.07112538591e-78
295.5 -0.00218790418566 1.353687111e-77
294.0 -0.00775145894142 8.7596600267e-77
292.5 -0.00925667420128 5.61194315539e-76
291.0 -0.00849103126347 3.55956010666e-75
289.5 -0.00772305695399 2.23530327036e-74
288.0 -0.00507198494397 1.38974023573e-73
286.5 -0.00121692371585 8.55436672392e-73
285.0 0.00242749278864 5.21313717326e-72
283.5 0.00282907952491 3.14533926186e-71
282.0 0.0025750057943 1.87885339848e-70
280.5 0.0028425800119 1.11115680017e-69
279.0 0.00222416649199 6.50601196144e-69
277.5 0.00483357607559 3.77147663516e-68
276.0 0.00508084714384 2.16453713426e-67
274.5 0.00247758636846 1.22991674784e-66
273.0 0.000384540205395 6.91900182317e-66
271.5 -0.000435591222467 3.85361416701e-65
270.0 -0.00055280281197 2.12495662679e-64
268.5 0.00124642161867 1.16008273965e-63
267.0 0.00184700855308 6.27025084777e-63
265.5 0.00184238220873 3.35535071532e-62
264.0 0.00121225782065 1.77765705972e-61
262.5 0.00184030216209 9.32427552009e-61
261.0 0.00257679466864 4.8421614853e-60
259.5 0.0035597675614 2.48954794928e-59
258.0 0.00247347314174 1.26723971981e-58
256.5 0.000756720183568 6.38637054849e-58
255.0 -0.00202074882506 3.1864455769e-57
253.5 -0.00109595663538 1.57404068051e-56
252.0 0.00114600373563 7.69808061166e-56
250.5 0.00315400968895 3.72740009513e-55
249.0 0.00181177646597 1.78684394386e-54
247.5 0.00141121275764 8.48055533609e-54
246.0 -0.000508982845556 3.9849145696e-53
244.5 -0.000515607913715 1.85383378799e-52
243.0 -0.00153719826155 8.53846154177e-52
241.5 0.000135069059818 3.89354783901e-51
240.0 0.00241337952803 1.75779594707e-50
238.5 0.00680353680463 7.85684992391e-50
237.0 0.0058087428969 3.4768464544e-49
235.5 0.00223270873687 1.52327958203e-48
234.0 -0.0021776241984 6.60740283351e-48
232.5 -0.00286478915262 2.83752048032e-47
231.0 -0.000789788857 1.20643597642e-46
229.5 0.00143236165745 5.07839654357e-46
228.0 0.00107793375043 2.11644016394e-45
226.5 -0.00237967902134 8.73257722408e-45
225.0 -0.00265524363669 3.56726957976e-44
223.5 -0.00182953283776 1.44273471208e-43
222.0 0.0017773666442 5.77688985093e-43
220.5 0.00183863250118 2.2901226805e-42
219.0 0.00201706829374 8.98836011759e-42
217.5 -0.00033081519398 3.49268352337e-41
216.0 -0.00163732237072 1.34367755278e-40
214.5 -0.00234798800522 5.11785460533e-40
213.0 -0.00307783274494 1.92991366249e-39
211.5 -0.00274248687122 7.20518062879e-39
210.0 -0.00216363563747 2.66323150689e-38
208.5 0.000485855765807 9.7460811344e-38
207.0 0.000173178417915 3.53108506615e-37
205.5 0.0012355252035 1.26661140123e-36
204.0 -0.00120360712369 4.49816788907e-36
202.5 -0.000795511635745 1.58155749325e-35
201.0 -0.00127516102947 5.50543148866e-35
199.5 0.00291459670385 1.89738208667e-34
198.0 0.00441799085562 6.47403860488e-34
196.5 0.0044603653188 2.18702037303e-33
195.0 0.000591799093636 7.31454688123e-33
193.5 -0.00109782308196 2.42202756797e-32
192.0 -0.00324870311082 7.94013326394e-32
190.5 -0.00235893244268 2.57711356041e-31
189.0 -0.00164595308438 8.28125915926e-31
187.5 -0.00194084145154 2.6346094846e-30
186.0 -0.0021733032599 8.29837738103e-30
184.5 -0.00189267643767 2.58777889436e-29
183.0 -0.00131173754394 7.98947435416e-29
181.5 -0.0015157190378 2.4421160773e-28
180.0 0.000960684678426 7.39045970857e-28
178.5 0.00039258751495 2.21428572228e-27
177.0 0.000303252914641 6.56829909999e-27
175.5 -0.00106585882204 1.92898671845e-26
174.0 -0.000420792177634 5.60870514139e-26
172.5 -0.00077987224555 1.61455571365e-25
171.0 0.000641240825623 4.60151156464e-25
169.5 1.0768165228e-06 1.29838968026e-24
168.0 -0.000760100383231 3.62715944804e-24
166.5 -0.00221859056129 1.00319485206e-23
165.0 -0.00232717966392 2.74701478949e-23
163.5 -0.000979685745905 7.44721265841e-23
162.0 9.03624232733e-05 1.99886548316e-22
160.5 0.00149437612829 5.3116620646e-22
159.0 -0.000199519003799 1.39744382912e-21
157.5 -0.00157787033941 3.63994933652e-21
156.0 -0.00329551738599 9.38670939485e-21
154.5 -0.00243296328667 2.39656085657e-20
153.0 -0.00109486456348 6.05787915764e-20
151.5 0.00129029287673 1.51603701546e-19
150.0 0.00197872703168 3.75626358171e-19
148.5 0.0013052229111 9.21423680424e-19
147.0 -0.00108954880504 2.23779208914e-18
145.5 -0.00109208373257 5.38067987434e-18
144.0 0.000967798677855 1.28088939373e-17
142.5 0.00293791841434 3.0188612994e-17
141.0 0.00422829798368 7.04420109553e-17
139.5 0.00390233218287 1.62733657827e-16
138.0 0.001700807446 3.72203182588e-16
136.5 0.00102739482404 8.42829704669e-16
135.0 -0.00104177485472 1.88954239206e-15
133.5 -0.00251789660523 4.19402004015e-15
132.0 -0.00228132948121 9.21640218037e-15
130.5 -0.000320205670228 2.00516165005e-14
129.0 -0.00020262230077 4.319111512e-14
127.5 -0.00104547522703 9.21078190623e-14
126.0 -0.00302947845302 1.94471353375e-13
124.5 -0.0033451725422 4.06510557516e-13
123.0 -0.000556614593471 8.41288741335e-13
121.5 0.0031625327543 1.72375436886e-12
120.0 0.0046934085256 3.4967351408e-12
118.5 0.00505586712527 7.02274907738e-12
117.0 0.00210272597779 1.39639607641e-11
115.5 -5.45750227635e-06 2.74895191733e-11
114.0 -0.00192065704771 5.35775342273e-11
112.5 -0.00133875467182 1.03384482086e-10
111.0 -0.000506624532163 1.97508161172e-10
109.5 0.0029273825615 3.73569825969e-10
108.0 0.00295143754118 6.99544891843e-10
106.5 0.00333282629695 1.29692972575e-09
105.0 0.00192002684237 2.38053381208e-09
103.5 -0.000654720905933 4.3260279348e-09
102.0 -0.00176035640529 7.78325644286e-09
100.5 -0.00257860816175 1.38640595561e-08
99.0 -0.00144951564385 2.4449869531e-08
97.5 -0.000559272388386 4.26893686446e-08
96.0 0.000738265402219 7.37938166572e-08
94.5 -0.00154015026366 1.26292415308e-07
93.0 -0.00193934203552 2.13989084386e-07
91.5 -0.00196107786092 3.58974027037e-07
90.0 0.000226092502131 5.96199337114e-07
88.5 0.00171041083885 9.80340637934e-07
87.0 0.00160416199075 1.59595109068e-06
85.5 0.000746696800385 2.57228571068e-06
84.0 -0.00173659628651 4.10464769911e-06
82.5 -0.00130536128021 6.48469605955e-06
81.0 -0.00149416653926 1.01428596995e-05
79.5 -0.0013541408472 1.57068199799e-05
78.0 -0.000212276905944 2.40809252394e-05
76.5 0.000545652677291 3.65523352057e-05
75.0 0.000246492269064 5.49305745226e-05
73.5 0.000260371912657 8.17278755835e-05
72.0 -0.000668740680492 0.000120388037267
70.5 -0.00070642445664 0.000175571295275
69.0 0.00057074100905 0.000253501624908
67.5 -0.000980474054369 0.000362380681095
66.0 -0.00113653525959 0.000512868920086
64.5 -0.00190005613961 0.000718629070147
63.0 -0.00219752011662 0.000996919833825
61.5 -0.000978147807311 0.0013692184628
60.0 -0.000319360049716 0.00186183980918
58.5 -0.00156788098595 0.00250650706195
57.0 -0.000342132461168 0.00334081639505
55.5 -0.00173828119369 0.00440852531738
54.0 -0.00161203154075 0.00575958411585
52.5 -0.00025794023753 0.00744982320769
51.0 0.00224085119142 0.00954020842976
49.5 0.00335558277845 0.012095583244
48.0 0.00404049172363 0.0151828332235
46.5 0.00056899870554 0.0188684351502
45.0 -0.000839655799067 0.0232153909012
43.5 -0.00117809293658 0.0282795941909
42.0 -6.75079652765e-05 0.0341057340068
40.5 0.000304217661578 0.0407228986428
39.0 0.000929444116724 0.0481401036794
37.5 -7.6051703101e-05 0.0563420201192
36.0 0.000250432158279 0.0652852186015
34.5 -0.00100294619801 0.0748952657473
33.0 -0.00415805026541 0.0850650036027
31.5 -0.00479300923433 0.0956543089581
30.0 -0.00286102884404 0.106491564528
28.5 8.0475655121e-05 0.117376980107
27.0 0.00114900435766 0.128087783687
25.5 -0.00306827585521 0.138385168098
24.0 -0.00879010819605 0.148022738744
22.5 -0.0079506807111 0.156756074842
21.0 -0.0016206076222 0.164352903313
19.5 0.00985818379579 0.170603303451
18.0 0.0188988319321 0.17532932793
16.5 0.0237726121686 0.17839358062
15.0 0.022966241673 0.179708582347
13.5 0.0148847477916 0.179272707919
12.0 0.00438408793079 0.177430440747
10.5 0.00386898814057 0.176326286906
9.0 0.0136304418008 0.185195774516
7.5 0.0354718049385 0.230870083216
6.0 0.0653484162807 0.359727389294
4.5 0.105274908328 0.597242954843
3.0 0.151996925785 0.871776880631
1.5 0.189727283529 1.01513506532
0.0 0.176960470296 0.912977706662
-1.5 0.122350320297 0.635172261908
-3.0 0.0494322368472 0.354789073047
-4.5 -0.00354610101275 0.177057655782
-6.0 -0.0231444145565 0.0963412602521
-7.5 -0.0207913830367 0.065830222121
-9.0 -0.0210784697121 0.0526762774129
-10.5 -0.00819591232212 0.044164477681
-12.0 0.0118636426395 0.0370909405509
-13.5 0.0274100447386 0.0308923014414
-15.0 0.0273469115001 0.0254780571554
-16.5 0.00977238795426 0.0208039275053
-18.0 -0.0128052907578 0.016818286696
-19.5 -0.0206410766326 0.013460935429
-21.0 -0.0149211003752 0.0106665945197
-22.5 -0.00176083076171 0.00836822572664
-24.0 0.00655894301891 0.00649977079223
-25.5 0.0087062229771 0.00499827046279
-27.0 0.00337047485718 0.00380538426903
-28.5 -0.00284252163114 0.00286836450475
-30.0 -0.00717486813601 0.00214055906443
-31.5 -0.00503429856841 0.00158152895408
-33.0 -0.00200412309643 0.00115686886724
-34.5 0.0028532877858 0.000837815084945
-36.0 0.00355090220377 0.000600716101094
-37.5 0.0035492446974 0.000426429680238
-39.0 -0.000520795903659 0.000299697163135
-40.5 -0.000230132174168 0.000208533049653
-42.0 -0.00101316725312 0.000143656146396
-43.5 0.00193970351136 9.79784545939e-05
-45.0 0.00238936187786 6.61597740182e-05
-46.5 0.00425768991715 4.42297511959e-05
-48.0 0.0029461690838 2.92746717926e-05
-49.5 0.00403253141795 1.91834461958e-05
-51.0 0.00215739930166 1.2445669878e-05
-52.5 0.00088411699621 7.99405222313e-06
-54.0 0.000298711908536 5.08361602678e-06
-55.5 0.000452207831166 3.20063061082e-06
-57.0 0.00199931291198 1.99505753172e-06
-58.5 0.00411328996844 1.23121060799e-06
-60.0 0.00496527872799 7.52257157365e-07
-61.5 0.0032577371843 4.55048160991e-07
-63.0 0.000502659987837 2.72524438674e-07
-64.5 -0.00141219188372 1.61588555701e-07
-66.0 -0.00133065088114 9.48577457787e-08
-67.5 0.000337245921596 5.51305157715e-08
-69.0 0.00115597074258 3.17225701521e-08
-70.5 0.00206166169085 1.80718133562e-08
-72.0 0.00406158665386 1.01927683437e-08
-73.5 0.00585654035359 5.69166893051e-09
-75.0 0.00646698991722 3.14661900967e-09
-76.5 0.00506536140667 1.72228789381e-09
-78.0 0.00252693322999 9.33306715834e-10
-79.5 0.000565101985338 5.00725937237e-10
-81.0 0.000862998937663 2.65970114656e-10
-82.5 0.000614693324629 1.3986937945e-10
-84.0 0.0018839020033 7.28231584189e-11
-85.5 0.0022567327301 3.75381986944e-11
-87.0 -0.000158004177914 1.91573044818e-11
-88.5 -0.00166599734116 9.67948898981e-12
-90.0 -0.0026817540647 4.84203042082e-12
-91.5 -0.00104627532513 2.39805783133e-12
-93.0 0.000756450345263 1.17584166806e-12
-94.5 0.00304192015416 5.70814629445e-13
-96.0 0.00211887960869 2.74345852709e-13
-97.5 0.00124725999303 1.30544553968e-13
-99.0 -0.000921577146274 6.15001497529e-14
-100.5 -0.00143354883994 2.86847218535e-14
-102.0 -0.00166638654467 1.32459212258e-14
-103.5 0.00118253479906 6.05578918524e-15
-105.0 0.0028358097446 2.74104637516e-15
-106.5 0.00157182414651 1.22834135545e-15
-108.0 0.000421033267379 5.4497781011e-16
-109.5 0.000408630881608 2.39384275988e-16
-111.0 0.00102739734355 1.04104493681e-16
-112.5 0.00297835435724 4.48229449898e-17
-114.0 0.00357062783245 1.91068174298e-17
-115.5 0.000522229521979 8.06368168105e-18
-117.0 -0.00191957142812 3.36926718461e-18
-118.5 -0.00317851661584 1.39378114155e-18
-120.0 -0.00254137183181 5.70835233531e-19
-121.5 -0.000962302423532 2.31464298128e-19
-123.0 0.000486394298115 9.29210932649e-20
-124.5 0.00127544363587 3.69319010662e-20
-126.0 0.00219599502897 1.45326920644e-20
-127.5 0.00203005414762 5.66170887662e-21
-129.0 0.00163465324396 2.18376576117e-21
-130.5 -0.000265711332526 8.33914692958e-22
-132.0 -0.00215863173938 3.15278426513e-22
-133.5 -0.00174920024622 1.18011393362e-22
-135.0 -0.000705726064693 4.37331416718e-23
-136.5 0.000805621525771 1.60455449355e-23
-138.0 -0.000106911984238 5.82848013163e-24
-139.5 -0.000698387231356 2.09610592129e-24
-141.0 -0.00310213367018 7.46325334777e-25
-142.5 -0.00364912153491 2.63087491023e-25
-144.0 -0.0025928954642 9.18183045712e-26
-145.5 -0.000393603818713 3.17260054432e-26
-147.0 -0.00209919531081 1.08532192078e-26
-148.5 -0.00208662275806 3.675858713e-27
-150.0 -0.00219558991256 1.23258279405e-27
-151.5 -0.00108531076633 4.09195121092e-28
-153.0 0.000975641773032 1.34493671054e-28
-154.5 0.000815925289113 4.37653397488e-29
-156.0 -0.00287982819762 1.40998929589e-29
-157.5 -0.00443627701137 4.49736755305e-30
-159.0 -0.00136146956085 1.42022778256e-30
-160.5 0.00138232478538 4.44032420801e-31
-162.0 0.00333255936656 1.37444831508e-31
-163.5 0.00294149037207 4.21210511403e-32
-165.0 0.000358400659045 1.27798878619e-32
-166.5 -0.00148458764722 3.83894544819e-33
-168.0 -0.00338306926204 1.14170497545e-33
-169.5 -0.00461545830138 3.36165315107e-34
-171.0 -0.00431914640018 9.79961389886e-35
-172.5 -0.000875227094769 2.82827792234e-35
-174.0 1.62678973367e-05 8.08150520582e-36
-175.5 0.000572773019191 2.28622771813e-36
-177.0 -0.00338674025826 6.40329882668e-37
-178.5 -0.00389607971782 1.77559988791e-37
-180.0 -0.00287547747764 4.87465072363e-38
-181.5 -0.000448911740635 1.3249483626e-38
-183.0 2.49598041666e-05 3.565426249e-39
-184.5 -0.00075512731676 9.49906845336e-40
-186.0 -0.00459125126244 2.50557629977e-40
-187.5 -0.00657587042326 6.54321668535e-41
-189.0 -0.00647323444937 1.69173380655e-41
-190.5 -0.00352133195232 4.33041789399e-42
-192.0 0.00135113947197 1.09744975136e-42
-193.5 0.00443877796831 2.75357262496e-43
-195.0 0.00601475331162 6.84014773087e-44
-196.5 0.00549405088668 1.68225366395e-44
-198.0 0.00391577092387 4.09613761952e-45
-199.5 0.00233806553338 9.87448947078e-46
-201.0 0.00220281376907 2.35674078654e-46
-202.5 0.00139835607151 5.56885666631e-47
-204.0 0.00183880670026 1.302798702e-47
-205.5 0.00130892744973 3.01748868052e-48
-207.0 0.00083723109091 6.91944142407e-49
-208.5 0.000374835961291 1.5709178697e-49
-210.0 -0.000143376335291 3.53096146488e-50
-211.5 -0.00184764762797 7.85759302097e-51
-213.0 -0.00172892015551 1.73118364033e-51
-214.5 -0.000678285346502 3.77618969605e-52
-216.0 0.00104798623086 8.15495411072e-53
-217.5 0.00136606165584 1.74359773184e-53
-219.0 -0.000199335593289 3.69086469442e-54
-220.5 -0.000499871033245 7.73511916406e-55
-222.0 -0.0016175769938 1.60495532506e-55
-223.5 -0.00160985400492 3.29697719094e-56
-225.0 -0.00106452729636 6.70542010693e-57
-226.5 -9.22602958943e-05 1.35018443569e-57
-228.0 -0.000417701678161 2.69164175893e-58
-229.5 -0.000185346019253 5.31249424709e-59
-231.0 -0.00180064330966 1.03809414901e-59
-232.5 -0.00192686852268 2.00831609558e-60
-234.0 -0.000514176181514 3.84666574249e-61
-235.5 0.000333957083274 7.29447240663e-62
-237.0 -0.000987178100015 1.36949476666e-62
-238.5 -0.00145515269601 2.5455634311e-63
-240.0 -0.00125062320429 4.68451382472e-64
-241.5 -0.00049368957434 8.53497359208e-65
-243.0 -0.000310628366681 1.53956097371e-65
-244.5 0.00061773713888 2.74946794489e-66
-246.0 -0.000201502455862 4.86135663992e-67
-247.5 -0.00043049824114 8.50987852055e-68
-249.0 -0.000294864649193 1.47484470453e-68
-250.5 -0.000934363629084 2.53061618327e-69
-252.0 4.31482021247e-05 4.29895920643e-70
-253.5 0.00046390649754 7.23031839319e-71
-255.0 0.000468670075221 1.2039503453e-71
-256.5 -0.000932040983349 1.98480015045e-72
-258.0 -0.00103225017742 3.23953031178e-73
-259.5 -0.00262555901022 5.23485150648e-74
-261.0 -0.000275027289899 8.3749792743e-75
-262.5 0.00142862473888 1.32653945071e-75
-264.0 0.0037544462132 2.08024101418e-76
-265.5 0.00471310904687 3.229714954e-77
-267.0 0.00286445457731 4.96445740932e-78
-268.5 -9.66808469318e-05 7.55503427925e-79
-270.0 -0.00154742824399 1.13830369181e-79
-271.5 -0.00176465570387 1.69799694585e-80
-273.0 -0.000452790219339 2.50768348792e-81
-274.5 0.00204803880376 3.66661736605e-82
-276.0 0.00382164639143 5.30781181641e-83
-277.5 0.00525091363243 7.60715907623e-84
-279.0 0.00643231138814 1.07941024142e-84
-280.5 0.00703920575829 1.51637852666e-85
-282.0 0.0068691739746 2.10904464153e-86
-283.5 0.00542143927306 2.90416290754e-87
-285.0 0.00106483914906 3.95925278826e-88
-286.5 -0.00198224547931 5.34395193626e-89
-288.0 -0.00116757084711 7.14116241863e-90
-289.5 0.00126750068429 9.44783572467e-91
-291.0 0.00201357853417 1.23752166582e-91
-292.5 -0.000610333497096 1.60483483965e-92
-294.0 -0.0043312955722 2.06046353039e-93
-295.5 -0.00479336695406 2.6191271066e-94
-297.0 0.00146155634961 3.29613714742e-95
-298.5 0.0 4.10687067699e-96
-300.0 0.0 5.06610091098e-97
###
# timestamp: 2455866.5695103
# Gaussian 1 [amp, RV +/- err, wid]: [0.83, -1.01 +/- 0.03, 4.51]
# Gaussian 2 [amp, RV +/- err, wid]: [0.22, 30.00 +/- 0.00, 15.00]
# Uncorrected_RV, BF_amp, Gaussian_fit
###
300.0 0.0 9.85905076857e-72
298.5 0.0 5.93463068824e-71
297.0 0.000867700389845 3.5367906046e-70
295.5 -0.00440993800387 2.08680588874e-69
294.0 -0.00921493855798 1.21902275964e-68
292.5 -0.00654915265693 7.05015442661e-68
291.0 -0.00287703262504 4.03684896333e-67
289.5 0.00211943543136 2.2884605328e-66
288.0 0.00503195909095 1.28440328659e-65
286.5 0.00948952805191 7.13701229062e-65
285.0 0.00865121495098 3.92634571223e-64
283.5 0.00260660718744 2.13854150316e-63
282.0 -0.00263376934773 1.15319801226e-62
280.5 -0.00528402362816 6.15668795375e-62
279.0 -0.00278535040327 3.25422408243e-61
277.5 -0.00109623672293 1.7029614708e-60
276.0 -0.00292539304877 8.82306025138e-60
274.5 -0.00781145482306 4.52575169647e-59
273.0 -0.00465677468051 2.29836635729e-58
271.5 -0.00175288598405 1.15559284515e-57
270.0 -0.000569667920079 5.7523789411e-57
268.5 -0.00130319206745 2.83496163693e-56
267.0 -0.00198084102382 1.38326038735e-55
265.5 -0.00064686514038 6.68217352184e-55
264.0 0.000944484174136 3.19586638202e-54
262.5 0.00169948376839 1.51327038417e-53
261.0 0.00297044888903 7.09416862501e-53
259.5 0.00514394034759 3.2926345953e-52
258.0 0.00513828712923 1.51301286867e-51
256.5 0.00405510004322 6.88333270991e-51
255.0 0.00113025987004 3.10035880138e-50
253.5 0.00104949530783 1.382554333e-49
252.0 0.00175342532567 6.10392956146e-49
250.5 0.0015003355155 2.66804944686e-48
249.0 -0.00030102865101 1.15460993485e-47
247.5 -0.000558040872365 4.9469071751e-47
246.0 -0.000710311915758 2.0984048801e-46
244.5 -0.000600397717534 8.81255558115e-46
243.0 -0.00190675909042 3.66413533378e-45
241.5 -0.00156816105455 1.5083363511e-44
240.0 0.000774297852339 6.14726513373e-44
238.5 0.00364028920494 2.48040585058e-43
237.0 0.00365013081891 9.90878954637e-43
235.5 0.000995400998829 3.91900228872e-42
234.0 -0.00174332064997 1.53457276027e-41
232.5 -0.000765516810817 5.94917176214e-41
231.0 -0.000427360215809 2.28340309852e-40
229.5 0.00198870423208 8.67692251841e-40
228.0 -0.000970345663508 3.26441908252e-39
226.5 -0.000476213704249 1.21591481939e-38
225.0 -0.0028516029545 4.48391581834e-38
223.5 -0.00153072548024 1.63707586011e-37
222.0 -0.00231490065123 5.91748565509e-37
220.5 0.00224307786906 2.11769142581e-36
219.0 1.39789810067e-05 7.50317710812e-36
217.5 -0.00203151331143 2.63199325893e-35
216.0 -0.00562453798497 9.14074098057e-35
214.5 -0.00415572352852 3.14293274509e-34
213.0 0.00152062713221 1.06990650513e-33
211.5 0.00382935764701 3.60589954363e-33
210.0 0.00318952207384 1.20320180368e-32
208.5 -0.00193227163039 3.97484666803e-32
207.0 -0.00136523282793 1.30004786145e-31
205.5 -0.00243677723147 4.2097408092e-31
204.0 -0.00133773748502 1.34961043926e-30
202.5 -0.00384333481125 4.28369513874e-30
201.0 -0.0023963327593 1.34612607641e-29
199.5 -0.000498707922569 4.18803183433e-29
198.0 0.00345216704446 1.29000462199e-28
196.5 0.00185691812237 3.93395704622e-28
195.0 -0.000872190645539 1.18774993732e-27
193.5 -0.000359534853456 3.55040154484e-27
192.0 -0.000534067903461 1.05071997043e-26
190.5 0.000927183177707 3.07860205381e-26
189.0 -0.000543730902751 8.9305288541e-26
187.5 0.000417393848308 2.56482569802e-25
186.0 0.00146228439025 7.29282160316e-25
184.5 0.0027850103323 2.05300675704e-24
183.0 0.0010903589331 5.72192581305e-24
181.5 0.00178408110993 1.5788872651e-23
180.0 0.0025016523252 4.3133736025e-23
178.5 0.00317792964792 1.16664865757e-22
177.0 0.00212708506066 3.12406564019e-22
175.5 0.00104557696243 8.28242039023e-22
174.0 0.00167913436934 2.1739594806e-21
172.5 0.00201889332198 5.6494045507e-21
171.0 0.0013948114001 1.45348636091e-20
169.5 8.21939659388e-05 3.70234001915e-20
168.0 0.00165963186736 9.33681378335e-20
166.5 0.00131268019545 2.33119255859e-19
165.0 0.00122997756623 5.76254930437e-19
163.5 -0.000397696121097 1.41028931511e-18
162.0 -0.000368980267932 3.417108998e-18
160.5 -0.0017010429297 8.19721835209e-18
159.0 0.000917949301342 1.94684434743e-17
157.5 0.000528152417562 4.57775992151e-17
156.0 0.00241317645084 1.06569235377e-16
154.5 0.00195077858828 2.45622270812e-16
153.0 0.000968257003242 5.60480735303e-16
151.5 -0.00288757101323 1.26622444202e-15
150.0 -0.00358297139826 2.83215977618e-15
148.5 -0.00400498076687 6.27165071788e-15
147.0 -0.00441762603923 1.37500105637e-14
145.5 -0.00261552356778 2.98456646783e-14
144.0 -0.00081420589275 6.41381655016e-14
142.5 -0.00151729904513 1.36461100008e-13
141.0 -0.00210252748763 2.8744731532e-13
139.5 -0.000446179857745 5.99466199893e-13
138.0 -0.00156993524673 1.2377365063e-12
136.5 -0.00148149159974 2.53016448232e-12
135.0 -0.0032755580703 5.12066499985e-12
133.5 -0.00411569388438 1.02603229248e-11
132.0 -0.00130358788225 2.03541396418e-11
130.5 0.00406912022278 3.99762014539e-11
129.0 0.0050650986946 7.77333448062e-11
127.5 0.00346061396285 1.49647767104e-10
126.0 0.00203253335486 2.8522670306e-10
124.5 0.00132597368281 5.3822910401e-10
123.0 0.00185083694689 1.00554434774e-09
121.5 0.00130775851123 1.85991173895e-09
120.0 0.000990224797023 3.40596748028e-09
118.5 0.000620580765077 6.17512443927e-09
117.0 0.00327553476615 1.10842927037e-08
115.5 0.00266693165497 1.9698234933e-08
114.0 -0.000634551625565 3.46580157764e-08
112.5 -0.00550975741284 6.03722181318e-08
111.0 -0.00672544388353 1.04118433453e-07
109.5 -0.00366662170312 1.77776836185e-07
108.0 -0.000975813564074 3.00524425766e-07
106.5 -0.000500571196711 5.02969249693e-07
105.0 -0.00269339688036 8.33412763978e-07
103.5 -0.00509416900985 1.36721217171e-06
102.0 -0.00555101526218 2.22059184108e-06
100.5 -0.00228035819677 3.57074320728e-06
99.0 0.00078387575499 5.68467385087e-06
97.5 0.00401642476109 8.96003161497e-06
96.0 0.00256953790882 1.39820414895e-05
94.5 -0.00180794640535 2.160173759e-05
93.0 -0.0057221505375 3.30418108658e-05
91.5 -0.00465694962274 5.00375515946e-05
90.0 -0.000403563554488 7.50214262025e-05
88.5 0.00271410127395 0.000111360619035
87.0 0.00154501203897 0.000163657160579
85.5 -0.000540371171485 0.000238119763583
84.0 -0.00386349690284 0.000343014855059
82.5 -0.00404454952051 0.000489201150416
81.0 -0.0036271469182 0.000690747093077
79.5 -0.00112495431376 0.000965623257387
78.0 -0.00180511303995 0.0013364521807
76.5 -0.000899204262439 0.00183128604425
75.0 -0.00399603931353 0.00248436843528
73.5 -0.00564778690245 0.00333682073012
72.0 -0.00710901123222 0.00443717750156
70.5 -0.00534399318705 0.00584168029063
69.0 -0.00657274652371 0.0076142270414
67.5 -0.00535112144524 0.00982586776954
66.0 -0.00522834225337 0.0125537380831
64.5 -0.00418773132379 0.0158793333817
63.0 -0.00277710309156 0.0198860499119
61.5 -0.000383936383253 0.0246559555669
60.0 -0.00236048853076 0.030265803459
58.5 -0.00320672610129 0.0367823634586
57.0 -0.00577227154041 0.0442572179849
55.5 -0.00581978207232 0.0527212434823
54.0 -0.00813797141933 0.062179071773
52.5 -0.00595918103144 0.0726038881698
51.0 -0.00526542723066 0.0839329676796
49.5 -0.00155345862862 0.0960643689291
48.0 0.00035990032825 0.108855191047
46.5 0.00220775109435 0.122121747377
45.0 -0.00306512063404 0.135641920567
43.5 -0.00370292464483 0.149159839078
42.0 -0.00372246012034 0.16239286247
40.5 -0.00313175773964 0.175040692673
39.0 -0.00178431985094 0.186796254821
37.5 0.000174516530445 0.197357829888
36.0 -0.00296775242696 0.206441788433
34.5 -0.00386569155494 0.213795184822
33.0 -0.0062231905607 0.219207435693
31.5 -0.00459437676617 0.222520331837
30.0 0.000580625468534 0.223635719682
28.5 0.00692781115405 0.222520332244
27.0 0.00198103865644 0.21920743913
25.5 -0.011427829441 0.213795210547
24.0 -0.0299340336199 0.206441960769
22.5 -0.0349681612141 0.197358863316
21.0 -0.0260815759851 0.186801802138
19.5 -0.0110946290444 0.175067347911
18.0 -0.00407108720222 0.162507513853
16.5 -0.00184779909937 0.149601280606
15.0 -0.00696408776191 0.137163393499
13.5 -0.018941849923 0.126815848366
12.0 -0.0398560580249 0.121819153996
10.5 -0.061241262885 0.128113797271
9.0 -0.0699974023204 0.154858066225
7.5 -0.0488217454252 0.21310402988
6.0 -0.00587516890209 0.311323242681
4.5 0.0680898369576 0.448198809923
3.0 0.165852001327 0.606197453931
1.5 0.257836568602 0.751534660752
0.0 0.283811818116 0.844066663201
-1.5 0.232117387903 0.854082409534
-3.0 0.148065592631 0.776605288032
-4.5 0.0877270687733 0.633879826541
-6.0 0.0624691772465 0.464347283565
-7.5 0.0614840868707 0.305483011226
-9.0 0.0504209100561 0.180808642772
-10.5 0.0342330768685 0.0966606451406
-12.0 0.0374096713504 0.0470672787398
-13.5 0.0400581756491 0.0212492024027
-15.0 0.0295969055563 0.00922169283555
-16.5 0.013974496144 0.00409968133769
-18.0 -0.00452755967374 0.00202012319909
-19.5 -0.017571462146 0.00115007075033
-21.0 -0.0123292973652 0.000735291737558
-22.5 -0.00375638259178 0.000498830908824
-24.0 0.00373939044908 0.000344878368116
-25.5 0.00842876980728 0.000238442573333
-27.0 0.00692490417239 0.000163707216793
-28.5 0.00248915746627 0.000111367567143
-30.0 -0.00045740004783 7.50222895233e-05
-31.5 -0.00161469697602 5.00376476176e-05
-33.0 -0.0032409485616 3.30418204262e-05
-34.5 -0.00345586085135 2.16017384421e-05
-36.0 -0.00360177973223 1.39820415575e-05
-37.5 -0.00308164189668 8.96003161982e-06
-39.0 -0.00325119617775 5.68467385118e-06
-40.5 -0.00367344632323 3.5707432073e-06
-42.0 -0.00439381840909 2.22059184109e-06
-43.5 -0.00632209539044 1.36721217171e-06
-45.0 -0.0039508752851 8.33412763978e-07
-46.5 -0.00237919055808 5.02969249693e-07
-48.0 0.00125965156563 3.00524425766e-07
-49.5 0.00244644474662 1.77776836185e-07
-51.0 0.00243720731716 1.04118433453e-07
-52.5 0.000910449350629 6.03722181318e-08
-54.0 -0.000454586345876 3.46580157764e-08
-55.5 -0.0030782025962 1.9698234933e-08
-57.0 -0.00102505598123 1.10842927037e-08
-58.5 -0.000434611274774 6.17512443927e-09
-60.0 -0.000951835039662 3.40596748028e-09
-61.5 -0.00142691246439 1.85991173895e-09
-63.0 -0.000940165326882 1.00554434774e-09
-64.5 -3.85597507968e-05 5.3822910401e-10
-66.0 0.00264515377055 2.8522670306e-10
-67.5 0.00302002487892 1.49647767104e-10
-69.0 0.00151796632759 7.77333448062e-11
-70.5 0.00197406534154 3.99762014539e-11
-72.0 0.00276878267901 2.03541396418e-11
-73.5 0.0013007787184 1.02603229248e-11
-75.0 -0.00152137412915 5.12066499985e-12
-76.5 -0.00109464187296 2.53016448232e-12
-78.0 0.00103484708127 1.2377365063e-12
-79.5 0.00338110735151 5.99466199893e-13
-81.0 0.00315732136409 2.8744731532e-13
-82.5 -0.000860886448045 1.36461100008e-13
-84.0 -0.00159883220752 6.41381655016e-14
-85.5 -0.00170164339895 2.98456646783e-14
-87.0 0.00161281281293 1.37500105637e-14
-88.5 0.00118114055538 6.27165071788e-15
-90.0 0.0014355858366 2.83215977618e-15
-91.5 -0.000820506750972 1.26622444202e-15
-93.0 0.000119733302989 5.60480735303e-16
-94.5 -0.000944904249568 2.45622270812e-16
-96.0 0.00199896989635 1.06569235377e-16
-97.5 0.0053435423321 4.57775992151e-17
-99.0 0.00546124715465 1.94684434743e-17
-100.5 0.000871195456586 8.19721835209e-18
-102.0 -0.00373540340851 3.417108998e-18
-103.5 -0.00392481560689 1.41028931511e-18
-105.0 -0.00234188940047 5.76254930437e-19
-106.5 0.00217257579081 2.33119255859e-19
-108.0 0.00250109546087 9.33681378335e-20
-109.5 0.00285061359429 3.70234001915e-20
-111.0 0.00192010168421 1.45348636091e-20
-112.5 0.0034820987846 5.6494045507e-21
-114.0 -0.000598031303281 2.1739594806e-21
-115.5 -0.00224985610318 8.28242039023e-22
-117.0 -0.00190748319791 3.12406564019e-22
-118.5 0.00115524748522 1.16664865757e-22
-120.0 0.00107715013451 4.3133736025e-23
-121.5 0.00208618046579 1.5788872651e-23
-123.0 -0.000753215327231 5.72192581305e-24
-124.5 -0.00320161086371 2.05300675704e-24
-126.0 -0.0011270129852 7.29282160316e-25
-127.5 0.000422170464253 2.56482569802e-25
-129.0 0.000270777670932 8.9305288541e-26
-130.5 -0.00059332941473 3.07860205381e-26
-132.0 -0.00131001020092 1.05071997043e-26
-133.5 -0.00142375581049 3.55040154484e-27
-135.0 0.000658620242122 1.18774993732e-27
-136.5 0.000605251797291 3.93395704622e-28
-138.0 0.00149926362462 1.29000462199e-28
-139.5 0.000348208151699 4.18803183433e-29
-141.0 -0.000192068884356 1.34612607641e-29
-142.5 -0.00126059632581 4.28369513874e-30
-144.0 -0.000837863684216 1.34961043926e-30
-145.5 -0.000791892822809 4.2097408092e-31
-147.0 -0.00176483254289 1.30004786145e-31
-148.5 -0.00338229859905 3.97484666803e-32
-150.0 -0.00445658511912 1.20320180368e-32
-151.5 -0.00154304837965 3.60589954363e-33
-153.0 0.00169501413974 1.06990650513e-33
-154.5 0.000134553736306 3.14293274509e-34
-156.0 -0.00274564601938 9.14074098057e-35
-157.5 -0.00338128562766 2.63199325893e-35
-159.0 -0.00295302364378 7.50317710812e-36
-160.5 -0.000109986395853 2.11769142581e-36
-162.0 -0.000217594470165 5.91748565509e-37
-163.5 -0.00150958361964 1.63707586011e-37
-165.0 -0.00118890266197 4.48391581834e-38
-166.5 -0.00322650761221 1.21591481939e-38
-168.0 -0.00510883972816 3.26441908252e-39
-169.5 -0.00631058913762 8.67692251841e-40
-171.0 -0.00580259631476 2.28340309852e-40
-172.5 -0.00322750455558 5.94917176214e-41
-174.0 0.000650205211882 1.53457276027e-41
-175.5 0.000148360369326 3.91900228872e-42
-177.0 -0.000286009339816 9.90878954637e-43
-178.5 -0.00192547679884 2.48040585058e-43
-180.0 -0.00192123241957 6.14726513373e-44
-181.5 -0.00282529972733 1.5083363511e-44
-183.0 -0.00290133109268 3.66413533378e-45
-184.5 -0.00326747635157 8.81255558115e-46
-186.0 -0.00279659675332 2.0984048801e-46
-187.5 -0.00152610336904 4.9469071751e-47
-189.0 -0.00300156213718 1.15460993485e-47
-190.5 -0.0056105613322 2.66804944686e-48
-192.0 -0.00756766526375 6.10392956146e-49
-193.5 -0.00486084539384 1.382554333e-49
-195.0 -0.000482677138112 3.10035880138e-50
-196.5 0.00477239430366 6.88333270991e-51
-198.0 0.00692012988471 1.51301286867e-51
-199.5 0.00586612077002 3.2926345953e-52
-201.0 0.00231541641696 7.09416862501e-53
-202.5 0.00204190682578 1.51327038417e-53
-204.0 0.00159811460014 3.19586638202e-54
-205.5 0.00564677741809 6.68217352184e-55
-207.0 0.00434584144192 1.38326038735e-55
-208.5 0.00253455801055 2.83496163693e-56
-210.0 -0.00464441932948 5.7523789411e-57
-211.5 -0.00280716555632 1.15559284515e-57
-213.0 -0.00250990293988 2.29836635729e-58
-214.5 0.00411373951 4.52575169647e-59
-216.0 0.00291443011614 8.82306025138e-60
-217.5 0.00401075771057 1.7029614708e-60
-219.0 -0.00136786449149 3.25422408243e-61
-220.5 -0.000191492070746 6.15668795375e-62
-222.0 -0.00116305702649 1.15319801226e-62
-223.5 2.02516143692e-05 2.13854150316e-63
-225.0 0.00064170091208 3.92634571223e-64
-226.5 -0.000465828111841 7.13701229062e-65
-228.0 -0.000676684606871 1.28440328659e-65
-229.5 -0.00108363043028 2.2884605328e-66
-231.0 0.00180343721972 4.03684896333e-67
-232.5 0.00303988645989 7.05015442661e-68
-234.0 0.00549967941071 1.21902275964e-68
-235.5 0.00227031700718 2.08680588874e-69
-237.0 0.000317839213105 3.5367906046e-70
-238.5 -0.00331482953462 5.93463068824e-71
-240.0 -0.000876129947447 9.85905076857e-72
-241.5 -0.000477556078374 1.62156201753e-72
-243.0 0.0015833896441 2.64051767259e-73
-244.5 0.00309860721371 4.25698038458e-74
-246.0 0.00482412357727 6.79471546141e-75
-247.5 0.0044786988562 1.07373709114e-75
-249.0 0.00331654618635 1.67989327569e-76
-250.5 0.00117012943794 2.60209101415e-77
-252.0 -0.000688221920165 3.99043581202e-78
-253.5 0.00207491840428 6.05864116053e-79
-255.0 0.00502341236917 9.10724851895e-80
-256.5 0.00651832475823 1.35536479161e-80
-258.0 0.00249096031718 1.99701932218e-81
-259.5 -0.00171540202453 2.9131670508e-82
-261.0 -0.00616178956075 4.20732021272e-83
-262.5 -0.00607789605092 6.01593034911e-84
-264.0 -0.00135723909733 8.516420317e-85
-265.5 0.00660384930364 1.19362644032e-85
-267.0 0.00904004235077 1.65629171187e-86
-268.5 0.00744246710348 2.27542372534e-87
-270.0 0.00136611651726 3.09488695661e-88
-271.5 -0.00639601693565 4.16758392721e-89
-273.0 -0.00753588303788 5.55623970237e-90
-274.5 -0.00160701948959 7.33389431989e-91
-276.0 0.00417623817308 9.58396848357e-92
-277.5 0.00791767533489 1.23997566314e-92
-279.0 0.0049860017546 1.58831998739e-93
-280.5 -0.00207267531637 2.01428025676e-94
-282.0 -0.00833275408004 2.52905833008e-95
-283.5 -0.0121735116309 3.14379957744e-96
-285.0 -0.00980175492773 3.86908179995e-97
-286.5 -0.00402568347762 4.71430880717e-98
-288.0 0.00531612152066 5.68702579378e-99
-289.5 0.0104017481757 6.79218371161e-100
-291.0 0.0104564348059 8.03138980742e-101
-292.5 0.00376071057634 9.40219039491e-102
-294.0 -0.00342474643118 1.08974386552e-102
-295.5 -0.0091685036138 1.25048037296e-103
-297.0 -0.00800769776821 1.42064766374e-104
-298.5 0.0 1.59791229538e-105
-300.0 0.0 1.77941214625e-106
