###
# timestamp: 2455811.6122799
# Gaussian 1 [amp, RV +/- err, wid]: [0.72, 105.00 +/- 0.00, 15.00]
# Gaussian 2 [amp, RV +/- err, wid]: [0.65, 50.00 +/- 0.00, 15.00]
# Uncorrected_RV, BF_amp, Gaussian_fit
###
300.0 0.0 1.91016908513e-18
298.5 0.0 4.67482516597e-18
297.0 -0.00302447160576 1.13270284101e-17
295.5 -0.00532471716277 2.7172128607e-17
294.0 -0.00337829064031 6.45339708105e-17
292.5 -0.00558099115166 1.51743525641e-16
291.0 -0.00242893014795 3.53255561196e-16
289.5 -0.00339197362775 8.1418838008e-16
288.0 -0.00411259136708 1.85788080386e-15
286.5 -0.00565824235805 4.19727911421e-15
285.0 -0.00524218049717 9.38803949931e-15
283.5 -0.00307080810933 2.07892595469e-14
282.0 -0.00182467554214 4.55785169233e-14
280.5 -0.000313169123973 9.89323700024e-14
279.0 -0.00118471202174 2.12605106607e-13
277.5 -0.000956780534525 4.5234107474e-13
276.0 -0.00133350726421 9.52829982577e-13
274.5 0.00121937353665 1.98710977058e-12
273.0 0.00321798120748 4.10284734237e-12
271.5 0.004378457433 8.38698589661e-12
270.0 0.00569878420989 1.69739736033e-11
268.5 0.00242773209388 3.40109049299e-11
267.0 0.00240978695606 6.7469875301e-11
265.5 0.00233437180784 1.32513059976e-10
264.0 0.00551269210571 2.57670389076e-10
262.5 0.00539876321871 4.96052221479e-10
261.0 0.00823025832628 9.45469099981e-10
259.5 0.00524597146393 1.78412112573e-09
258.0 0.00643430759225 3.33317708071e-09
256.5 0.00367678264147 6.16523298484e-09
255.0 0.00516923493551 1.12900965218e-08
253.5 0.00276414747083 2.04692943656e-08
252.0 0.00497924809926 3.67421988686e-08
250.5 0.00321509435261 6.52956832354e-08
249.0 0.00694782162211 1.1488434509e-07
247.5 0.0065096670379 2.00121749221e-07
246.0 0.00845163998248 3.45131646202e-07
244.5 0.00711288114232 5.89294422654e-07
243.0 0.00832147930545 9.96177971076e-07
241.5 0.00583837350424 1.66724180704e-06
240.0 0.00314586082078 2.76259553336e-06
238.5 0.00129757740094 4.53203310771e-06
237.0 0.00315738396495 7.3608149128e-06
235.5 0.00316643521746 1.18362948848e-05
234.0 0.00225156681125 1.88435494005e-05
232.5 -0.00228214782625 2.9700701007e-05
231.0 -0.00543311479124 4.63476527308e-05
229.5 -0.00682693716662 7.16054113382e-05
228.0 -0.00521590206626 0.000109526951179
226.5 -0.00753989058217 0.000165864410183
225.0 -0.00420727196682 0.000248680924857
223.5 -0.00106507043445 0.000369138033441
222.0 0.00261403652793 0.000542490540534
220.5 0.00256388255202 0.000789319078989
219.0 0.00116088777763 0.00113702519018
217.5 -0.00167345935392 0.00162160332967
216.0 -0.00203683042292 0.00228968755519
214.5 -0.00372607485997 0.00320084670295
213.0 -0.00444602084377 0.00443006992996
211.5 -0.00515463338666 0.00607034456972
210.0 -0.00291683236306 0.00823518122015
208.5 -0.00184789375009 0.0110608889653
207.0 -0.00136933676421 0.0147083501434
205.5 -0.00520120811478 0.0193639941404
204.0 -0.0097711585139 0.0252396297775
202.5 -0.0166953448132 0.0325707735528
201.0 -0.0137291944075 0.0416131144787
199.5 -0.00903635193516 0.0526367933984
198.0 -0.00195374614294 0.0659182520803
196.5 0.00268419862647 0.0817295290689
195.0 0.00273100635894 0.10032504548
193.5 0.000995358057909 0.121926129992
192.0 0.00241705811548 0.146703767939
190.5 0.00430747693592 0.174760308521
189.0 0.00250085757423 0.206111105293
187.5 0.00178676801391 0.240667272968
186.0 -0.000954932493676 0.27822089082
184.5 0.000703165646268 0.318434043719
183.0 0.000509678636943 0.360833044046
181.5 0.00295456656716 0.404809007517
180.0 0.00205465778036 0.449625659824
178.5 0.00285436982172 0.494434838332
177.0 0.00235086748429 0.538299646892
175.5 0.00257624395776 0.580224657869
174.0 0.00290808171161 0.619191979927
172.5 0.00237991924841 0.65420147529
171.0 0.00249356358128 0.684312969557
169.5 0.00344051437038 0.708687999036
168.0 0.00772009909297 0.726628522593
166.5 0.00744798965674 0.737610109084
165.0 0.00575979397066 0.741307400046
163.5 0.00136345995784 0.737610122854
162.0 0.00221484158951 0.726628554753
160.5 0.00744383641152 0.708688060173
159.0 0.00883887571469 0.684313079237
157.5 0.00782023334539 0.654201667453
156.0 0.00613200239061 0.61919231191
154.5 0.00635523929261 0.580225225008
153.0 0.00723705010446 0.538300605767
151.5 0.00771774130707 0.494436443219
150.0 0.00480492013977 0.449628319136
148.5 0.00525152778322 0.404813370133
147.0 0.00505014061479 0.360840129707
145.5 0.00429026103526 0.318445437567
144.0 0.00571603386912 0.278239029989
142.5 0.00799010324658 0.240695863445
141.0 0.0115860287437 0.206155720453
139.5 0.0134484111047 0.174829237294
138.0 0.0111537224892 0.146809200731
136.5 0.0117890950733 0.122085794327
135.0 0.0132593546496 0.100564430617
133.5 0.0119893291512 0.082084868582
132.0 0.0118684875564 0.0664404641176
130.5 0.0107917119395 0.0533966074293
129.0 0.00889614693338 0.0427076372338
127.5 0.00717322063582 0.0341317607319
126.0 0.00578101976234 0.027443727939
124.5 0.00586364199775 0.0224451919735
123.0 0.00752562843551 0.0189728223707
121.5 0.00837237422914 0.0169043217412
120.0 0.00529820711278 0.0161625282272
118.5 0.00516063765845 0.0167177732893
117.0 0.00438949888129 0.0185886163385
115.5 0.00908662738483 0.0218410073613
114.0 0.00913053343534 0.0265858503507
112.5 0.0113752558303 0.0329748689518
111.0 0.0116379714175 0.0411946255876
109.5 0.0142145619607 0.051458529076
108.0 0.0113593727906 0.0639966932313
106.5 0.0107376100405 0.0790435861521
105.0 0.00697794717885 0.0968235379627
103.5 0.00877954487162 0.117534349187
102.0 0.0103121396158 0.141329452124
100.5 0.0129031973083 0.168299306984
99.0 0.0142167383916 0.198452941264
97.5 0.0157121378537 0.231700739267
96.0 0.0108991658001 0.267839731417
94.5 0.00946919095933 0.306542694077
93.0 0.00881178951486 0.347352328128
91.5 0.0113945360729 0.389681624536
90.0 0.0119517604982 0.432821243851
88.5 0.0119975400446 0.475954342817
87.0 0.00785528019341 0.518178797017
85.5 0.00907890682719 0.55853622816
84.0 0.00978208730616 0.596046692587
82.5 0.0103221225399 0.629747374437
81.0 0.00516086164437 0.658733203917
79.5 0.00207313639348 0.682197035136
78.0 0.000879449760565 0.699466905096
76.5 0.00468691873487 0.710037976801
75.0 0.00485855971537 0.713597047689
73.5 0.00117530718365 0.710037962497
72.0 -0.00404231799979 0.699466871687
70.5 -0.00652178187374 0.682196971625
69.0 -0.00357577444727 0.658733089978
67.5 0.000192437003705 0.629747174811
66.0 0.00520800814608 0.596046347713
64.5 0.00673403845555 0.558535638998
63.0 0.00663815170603 0.518177800907
61.5 0.00341906283799 0.475952675609
60.0 0.00057914674844 0.432818481273
58.5 -0.00328310760059 0.389677092512
57.0 -0.00523619620407 0.347344967317
55.5 -0.00732408514872 0.306530857784
54.0 -0.00728683894016 0.267820887869
52.5 -0.00376157369778 0.231671038567
51.0 0.00186471516845 0.198406593612
49.5 0.00494781850239 0.168227701573
48.0 0.00508412058013 0.141219925173
46.5 0.00171637178083 0.117368484777
45.0 0.000532922867355 0.0965748570378
43.5 -0.00445934350122 0.0786744481187
42.0 -0.00386464994183 0.0634542026908
40.5 -0.00463390005555 0.050669209997
39.0 -0.000658684665709 0.0400576003974
37.5 -0.000434657764383 0.0313532656221
36.0 0.0015988275744 0.0242961627955
34.5 -0.00106806680291 0.0186401606583
33.0 0.000171472393996 0.0141585464085
31.5 -0.00010280239296 0.0106474287196
30.0 -0.00202880959268 0.00792734700705
28.5 -0.00391028665681 0.00584343277581
27.0 -0.00448000830363 0.00426447222733
25.5 0.000132394740309 0.00308119783309
24.0 0.00240183624375 0.0022040981616
22.5 0.00746354170597 0.00156098717908
21.0 0.00724745483017 0.00109452275516
19.5 0.0072294647287 0.000759814030944
18.0 0.00685134913841 0.000522212037342
16.5 0.00701121676699 0.000355339513043
15.0 0.00686567599453 0.000239385137094
13.5 0.0106102745045 0.000159664335306
12.0 0.0117342166243 0.000105432791994
10.5 0.0117729318109 6.89287737678e-05
9.0 0.0025113295759 4.46151598049e-05
7.5 0.000822569387278 2.8590477482e-05
6.0 -0.00737822679395 1.81391703412e-05
4.5 0.0011727576011 1.13938496703e-05
3.0 -0.000328045812371 7.08566484556e-06
1.5 0.0176073235739 4.36262398262e-06
0.0 0.0135828141783 2.65932865928e-06
-1.5 0.0241597821083 1.60491967277e-06
-3.0 0.0046256831409 9.58940458794e-07
-4.5 0.00847244322388 5.67266372508e-07
-6.0 -0.00834503668574 3.3223049371e-07
-7.5 0.00320519402708 1.92641121953e-07
-9.0 -0.0106171936177 1.10589924479e-07
-10.5 -0.000645060553635 6.28549057066e-08
-12.0 -0.00812652110759 3.53687614695e-08
-13.5 0.00592673319377 1.97041443397e-08
-15.0 -0.00160483584796 1.08680684102e-08
-16.5 0.00328042165777 5.9347742258e-09
-18.0 -0.00560513790134 3.2085816509e-09
-19.5 0.00173169626448 1.71742999798e-09
-21.0 0.00176304808671 9.1012710463e-10
-22.5 0.0048949513297 4.77509600355e-10
-24.0 0.00150910912316 2.48038571714e-10
-25.5 0.00260072786996 1.27559671283e-10
-27.0 0.00473752628848 6.49478256441e-11
-28.5 0.00855345093879 3.27395643393e-11
-30.0 0.0110516374492 1.63394799999e-11
-31.5 0.0107797835374 8.07347716684e-12
-33.0 0.0108713050711 3.94948134479e-12
-34.5 0.0103349122211 1.91283084991e-12
-36.0 0.0122564154962 9.17212834628e-13
-37.5 0.0119004969725 4.35432392943e-13
-39.0 0.011946591542 2.04657846681e-13
-40.5 0.00945430887504 9.52342403007e-14
-42.0 0.00931822183418 4.38747745871e-14
-43.5 0.0103032265606 2.00121491006e-14
-45.0 0.0141542715163 9.0371110043e-15
-46.5 0.0131780807553 4.040383221e-15
-48.0 0.0103539516728 1.78843251122e-15
-49.5 0.00559274974426 7.8375370808e-16
-51.0 0.0041509430328 3.40050733665e-16
-52.5 0.00251161261131 1.46071294811e-16
-54.0 0.00415368509943 6.21216663826e-17
-55.5 0.00227301556758 2.61564240822e-17
-57.0 0.00273261611927 1.09036197705e-17
-58.5 0.00221074706849 4.50007841932e-18
-60.0 0.00432656240691 1.83876623661e-18
-61.5 0.0031351728218 7.43857959623e-19
-63.0 0.00507900888654 2.97927480279e-19
-64.5 0.00417338124598 1.18137606536e-19
-66.0 0.00700536398578 4.63791545139e-20
-67.5 0.00818643320757 1.80266298753e-20
-69.0 0.00748858963966 6.93686610136e-21
-70.5 0.00417864024551 2.64282944346e-21
-72.0 0.00544064196423 9.96855057845e-22
-73.5 0.00469847028091 3.72264782169e-22
-75.0 0.00781860998813 1.37635017546e-22
-76.5 0.00724245945726 5.03805597339e-23
-78.0 0.00663449529948 1.82580372639e-23
-79.5 0.00602140703911 6.55091923554e-24
-81.0 0.00945855097043 2.32705933177e-24
-82.5 0.011198836398 8.18407730191e-25
-84.0 0.0143242230937 2.84963374101e-25
-85.5 0.0129575587821 9.82348126412e-26
-87.0 0.0127794352326 3.35273210469e-26
-88.5 0.00909848818272 1.1328941658e-26
-90.0 0.00705939141344 3.78997968941e-27
-91.5 0.00645469511343 1.25528251661e-27
-93.0 0.00794776197927 4.11626316532e-28
-94.5 0.00573127370451 1.33635499292e-28
-96.0 0.00668215148361 4.29534056679e-29
-97.5 0.00438177947952 1.36688010341e-29
-99.0 0.004633468714 4.30645878622e-30
-100.5 0.00837576188812 1.34328208853e-30
-102.0 0.009994453131 4.14831004013e-31
-103.5 0.00857767683292 1.26832994615e-31
-105.0 0.00513679403019 3.83928489906e-32
-106.5 0.000761750732642 1.1506029681e-32
-108.0 -0.000704685672634 3.41395423112e-33
-109.5 0.00297039966381 1.00287534394e-33
-111.0 0.00527648962218 2.91671012341e-34
-112.5 0.00846251753284 8.39840161688e-35
-114.0 0.00530060949178 2.39418146466e-35
-115.5 0.000921073925384 6.75732091419e-36
-117.0 -0.00195177348082 1.88820472563e-36
-118.5 -0.00265903515808 5.22372939363e-37
-120.0 -9.76663675034e-05 1.43076832476e-37
-121.5 0.000379718798767 3.87985073688e-38
-123.0 6.28681386448e-05 1.04164030085e-38
-124.5 -0.000115314977244 2.76871074273e-39
-126.0 0.00401145928695 7.28608867423e-40
-127.5 0.00272458416333 1.89831541463e-40
-129.0 0.00156566177626 4.89665325219e-41
-130.5 -0.00530780618517 1.25051061762e-41
-132.0 -0.00779669745074 3.1617859911e-42
-133.5 -0.0120322202129 7.91470283419e-43
-135.0 -0.0106124871762 1.96152483534e-43
-136.5 -0.00660663900224 4.81293575007e-44
-138.0 0.00113077202791 1.16918536958e-44
-139.5 0.00572039868681 2.81198976442e-45
-141.0 0.00615721101165 6.69577966361e-46
-142.5 0.00278220572491 1.57850378518e-46
-144.0 -0.0025316330364 3.6842335788e-47
-145.5 -0.0040126486717 8.51345295523e-48
-147.0 -0.00582184169771 1.94769692986e-48
-148.5 -0.00829311063184 4.41157913541e-49
-150.0 -0.00911886042874 9.89290465773e-50
-151.5 -0.00337397995819 2.19639592025e-50
-153.0 -0.000557810598323 4.82785800437e-51
-154.5 0.00489857111508 1.05064356131e-51
-156.0 0.00594238978993 2.26367134674e-52
-157.5 0.00357732365583 4.82867970807e-53
-159.0 0.000367568602325 1.01976588652e-53
-160.5 0.00052496613734 2.13220823114e-54
-162.0 -0.000764105588454 4.41383207735e-55
-163.5 0.00265763598394 9.04605143441e-56
-165.0 0.00565961425292 1.83552098531e-56
-166.5 0.0065443097789 3.68736993768e-57
-168.0 0.0020171005378 7.33383479069e-58
-169.5 -0.00231030995998 1.44411769431e-58
-171.0 -0.00402949812252 2.8153416894e-59
-172.5 -0.000433580969391 5.43396314611e-60
-174.0 0.00150244341651 1.03838718822e-60
-175.5 0.0011491869348 1.96453155379e-61
-177.0 -0.000824233042898 3.67972828875e-62
-178.5 -0.00209054906456 6.8238512226e-63
-180.0 0.000760489969823 1.25285382347e-63
-181.5 0.00132458459792 2.27734229021e-64
-183.0 -0.00156009904598 4.09838991884e-65
-184.5 -0.00731709534971 7.30222639194e-66
-186.0 -0.010686443657 1.28811419807e-66
-187.5 -0.0134477453082 2.24962689911e-67
-189.0 -0.00859430481556 3.8897678331e-68
-190.5 -0.00615815482453 6.65876855521e-69
-192.0 -0.00416143522342 1.12855106416e-69
-193.5 -0.0060462340362 1.89367551754e-70
-195.0 -0.00475263249735 3.145914893e-71
-196.5 -0.00564548523435 5.17422642465e-72
-198.0 -0.00164696473611 8.42560208527e-73
-199.5 -0.00203332508668 1.35835571856e-73
-201.0 -0.00229961227015 2.16811912886e-74
-202.5 -0.00461481630369 3.42617721066e-75
-204.0 -0.00244495446142 5.36035506733e-76
-205.5 -0.00264095496331 8.30298683567e-77
-207.0 0.00130468895494 1.2733042709e-77
-208.5 0.00364898819023 1.93324589818e-78
-210.0 0.00621092957996 2.9060230465e-79
-211.5 0.00397023510544 4.324820293e-80
-213.0 0.00349452583841 6.37226947577e-81
-214.5 -0.00315771955272 9.2955963267e-82
-216.0 -0.00220756305151 1.34250970276e-82
-217.5 -0.00273707577858 1.91961734702e-83
-219.0 0.00218409580703 2.71749625184e-84
-220.5 0.00153082484781 3.80873096552e-85
-222.0 0.00473508416867 5.28504506756e-86
-223.5 0.000776782768483 7.26062737018e-87
-225.0 0.0047503592912 9.87544460162e-88
-226.5 0.00364675568036 1.32983029018e-88
-228.0 0.00473582931721 1.77293510695e-89
-229.5 0.0014310149556 2.34016518489e-90
-231.0 0.00105361088775 3.058139155e-91
-232.5 -0.00285809634542 3.95662624851e-92
-234.0 -9.76476112274e-06 5.06815475493e-93
-235.5 -0.000656008281301 6.42734722354e-94
-237.0 -0.000702623005732 8.06994755646e-95
-238.5 -0.000235217495393 1.00315194063e-95
-240.0 0.00308457624839 1.23458153756e-96
-241.5 0.00275065740177 1.50428419884e-97
-243.0 0.00354985858609 1.81466751328e-98
-244.5 0.00244011461615 2.16731127529e-99
-246.0 0.00220506259727 2.56272833965e-100
-247.5 0.00448442631106 3.000135762e-101
-249.0 0.00486753743942 3.47725307088e-102
-250.5 0.00563119997749 3.99014562461e-103
-252.0 0.0052755258012 4.5331307729e-104
-253.5 0.00787010160195 5.09876275694e-105
-255.0 0.00427447957092 5.67790886068e-106
-256.5 0.00137438799626 6.25992434521e-107
-258.0 -0.00410112538784 6.83292741209e-108
-259.5 -0.000466810255056 7.38416827144e-109
-261.0 0.00147687859158 7.90047890555e-110
-262.5 0.00763988660465 8.36878298238e-111
-264.0 0.00513316888315 8.77663928122e-112
-265.5 0.00506833579796 9.11278759721e-113
-267.0 0.000887417251369 9.36766392221e-114
-268.5 0.00119284088817 9.5338520981e-115
-270.0 -0.000604477272941 9.60644220618e-116
-271.5 -0.00173463867457 9.58327153037e-117
-273.0 -0.000806293386329 9.46503159311e-118
-274.5 0.000336009196774 9.25523387229e-119
-276.0 0.00091643082964 8.96003657072e-120
-277.5 -0.00256348973913 8.5879443629e-121
-279.0 -0.00240850613586 8.1494015452e-122
-280.5 -0.00640531589476 7.65630573593e-123
-282.0 -0.00483009298047 7.12147367268e-124
-283.5 -0.00649213387123 6.55809243618e-125
-285.0 -0.00605295573416 5.97918856029e-126
-286.5 -0.00425114695451 5.39714418739e-127
-288.0 -0.00223681684552 4.82328413804e-128
-289.5 0.000572595215479 4.26755108139e-129
-291.0 -0.00310679279617 3.73827860142e-130
-292.5 0.00136376135492 3.24206454287e-131
-294.0 -0.0016559621151 2.78374021478e-132
-295.5 0.00619073988659 2.36642533122e-133
-297.0 0.000918069031509 1.99165432096e-134
-298.5 0.0 1.6595570069e-135
-300.0 0.0 1.36907563952e-136
###
# timestamp: 2455851.5798765
# Gaussian 1 [amp, RV +/- err, wid]: [0.72, 105.00 +/- 0.00, 15.00]
# Gaussian 2 [amp, RV +/- err, wid]: [0.65, 50.00 +/- 0.00, 15.00]
# Uncorrected_RV, BF_amp, Gaussian_fit
###
300.0 0.0 1.22299516954e-28
298.5 0.0 3.77966824668e-28
297.0 0.00143664396948 1.15648413062e-27
295.5 0.00394834464766 3.50334355539e-27
294.0 -0.000970013760163 1.05070992459e-26
292.5 0.00283928165217 3.1198951257e-26
291.0 0.00354877624351 9.17179231191e-26
289.5 0.00720466797354 2.66947269759e-25
288.0 0.00447013268702 7.69225743229e-25
286.5 0.00209244411018 2.19451822517e-24
285.0 -7.07616250111e-05 6.19842897229e-24
283.5 -0.00132582550596 1.73332947112e-23
282.0 -0.000401239919974 4.79885545233e-23
280.5 0.000297416791599 1.31538011196e-22
279.0 0.00276649536099 3.56961952943e-22
277.5 0.00356781332603 9.59068532741e-22
276.0 0.00363040390893 2.55114069213e-21
274.5 -0.000557485592547 6.71856051645e-21
273.0 -0.000842408670214 1.75176204297e-20
271.5 -0.00179086772307 4.52200507615e-20
270.0 0.00111120831676 1.15569712894e-19
268.5 0.00219330082242 2.92424717086e-19
267.0 0.00537772096779 7.32556586714e-19
265.5 0.00712844073718 1.81687618354e-18
264.0 0.0075403059105 4.46135252631e-18
262.5 0.00595284309131 1.08458802824e-17
261.0 0.00316615699282 2.61047853364e-17
259.5 0.000463162071111 6.22060322826e-17
258.0 0.000300071964858 1.46758049708e-16
256.5 0.00252360875163 3.42790215607e-16
255.0 0.0013275393564 7.92705657707e-16
253.5 0.00303208883344 1.81489938593e-15
252.0 0.00254790542306 4.11386659967e-15
250.5 0.00428223448843 9.2321937663e-15
249.0 0.0046470777927 2.05124092327e-14
247.5 0.00411031336649 4.51217036539e-14
246.0 -0.000411841519688 9.82678288193e-14
244.5 -0.0031266308773 2.11882109224e-13
243.0 -0.00545116350681 4.52308000479e-13
241.5 -0.00465540101632 9.55941480294e-13
240.0 -0.00500360677603 2.00025516005e-12
238.5 -0.00422091807554 4.14377863685e-12
237.0 -0.00344714418875 8.49893973888e-12
235.5 -0.000397343830313 1.72579818508e-11
234.0 0.00132286052262 3.46954337398e-11
232.5 0.00191741397303 6.90576331577e-11
231.0 0.00158527308063 1.36084328006e-10
229.5 0.000776106022736 2.6549820658e-10
228.0 0.000123379117135 5.12828468117e-10
226.5 -0.000838070037824 9.80707992786e-10
225.0 -0.00159859779665 1.85679671499e-09
223.5 -0.00207419398229 3.48053542647e-09
222.0 -0.000957719790084 6.45929044461e-09
220.5 -0.00097035362716 1.1868084315e-08
219.0 -0.0016814671788 2.15890478071e-08
217.5 -0.00201228238445 3.88815355521e-08
216.0 -0.00364511466982 6.93282732777e-08
214.5 -0.00342744757183 1.22386753371e-07
213.0 -0.00343722990078 2.13902322406e-07
211.5 0.00104935362571 3.70129449069e-07
210.0 0.00395107404488 6.34086981697e-07
208.5 0.00943227656834 1.07547690362e-06
207.0 0.00926544854109 1.80596942977e-06
205.5 0.0120407312929 3.00245672281e-06
204.0 0.00995942832453 4.94197077763e-06
202.5 0.0113037377867 8.05342549152e-06
201.0 0.0104341764862 1.29932612951e-05
199.5 0.0115206805162 2.07545229098e-05
198.0 0.0103611595804 3.28219509495e-05
196.5 0.0111142499893 5.13893453031e-05
195.0 0.00791685351823 7.96597304892e-05
193.5 0.00662398617477 0.000122253594137
192.0 0.00481471205189 0.000185755419809
190.5 0.00154385372282 0.0002794334595
189.0 -0.000924840392175 0.000416171538661
187.5 -0.00233457216061 0.000613653760524
186.0 -0.000587120023894 0.000895842122142
184.5 0.00272356818831 0.00129478188039
183.0 0.00653185545299 0.00185275844915
181.5 0.00744080839204 0.00262481105788
180.0 0.00468864610122 0.00368158088715
178.5 0.00398880219336 0.00511243384876
177.0 0.0057922844694 0.00702875024514
175.5 0.0074245656455 0.00956721595009
174.0 0.00962240927154 0.0128928846564
172.5 0.00952658632054 0.0172017120301
171.0 0.00879735902592 0.0227221961073
169.5 0.011601316243 0.029715701679
168.0 0.0147791522938 0.0384750090715
166.5 0.00958001332458 0.0493206199828
165.0 0.00839368961786 0.0625943852861
163.5 0.00714556057301 0.0786501011437
162.0 0.0117733425482 0.0978408568332
160.5 0.0116763923483 0.120503112463
159.0 0.0114049669831 0.146937733513
157.5 0.00756037071929 0.17738850112
156.0 0.00889631559951 0.212018934035
154.5 0.00941068310772 0.250888574808
153.0 0.00961264609379 0.293930177852
151.5 0.00756354696568 0.340929456063
150.0 0.00789899956648 0.391509161235
148.5 0.00853361163872 0.445119261146
147.0 0.00821074757662 0.501034811232
145.5 0.00806336043347 0.558362791727
144.0 0.00907033059381 0.616058698542
142.5 0.0103774950308 0.672953061585
141.0 0.0111755754864 0.727787358459
139.5 0.00854137031391 0.77925804984
138.0 0.00643199304786 0.826066750639
136.5 0.00339896913896 0.866973937263
135.0 0.0030910824188 0.900853141065
133.5 0.00316539351229 0.926742345204
132.0 0.00638957527744 0.94388932188
130.5 0.00480915114155 0.951787931393
129.0 0.00575785835735 0.950202939367
127.5 0.00131934939837 0.939181654248
126.0 0.00249048085857 0.919051581682
124.5 0.00274629533704 0.890404258087
123.0 0.00584481354081 0.854066376922
121.5 0.00548525753246 0.811060174149
120.0 0.00722416690134 0.762555720722
118.5 0.00755237056822 0.709818224554
117.0 0.0084165799683 0.654153640929
115.5 0.00854453145118 0.596855823271
114.0 0.00614902004121 0.539158135928
112.5 0.0056809033677 0.482191939172
111.0 0.00410427333891 0.426953702447
109.5 0.00495104600864 0.374281772255
108.0 0.00469801038176 0.324843084507
106.5 0.004231243533 0.279129430309
105.0 0.00358891952554 0.237462309847
103.5 0.00400562174801 0.200004976519
102.0 0.00343473262118 0.166780000586
100.5 0.00440736332066 0.137690569219
99.0 0.00414374689808 0.112543774075
97.5 0.00330939714839 0.0910742931997
96.0 0.00135138481762 0.0729671190457
94.5 0.00129984088097 0.0578782837353
93.0 -0.00065527820137 0.0454528526443
91.5 0.000340112147979 0.0353397685588
90.0 0.000670111235389 0.0272034078728
88.5 0.000543663426125 0.0207319418935
87.0 0.000347702630724 0.0156427719597
85.5 0.000602217521176 0.0116854251139
84.0 0.000932351604631 0.00864236122655
82.5 -0.000733537077542 0.00632816028698
81.0 -0.00141304469535 0.00458753979332
79.5 -0.00302161956956 0.00329260732063
78.0 9.64783051025e-05 0.00233969250613
76.5 0.00166940767615 0.00164603472397
75.0 0.00308569288979 0.00114653472619
73.5 0.000340375848718 0.000790715675715
72.0 -0.00034700825518 0.000539984591689
70.5 -0.000456849436039 0.000365240926911
69.0 0.00380147740427 0.000244845152816
67.5 0.0052431591683 0.000162936241169
66.0 0.00923632623957 0.000108071609446
64.5 0.00787789810138 7.21549456884e-05
63.0 0.00520212677785 4.96147936001e-05
61.5 0.00221871834815 3.67984065133e-05
60.0 0.000124320552441 3.15499157774e-05
58.5 -0.00113989869162 3.29482911003e-05
57.0 -0.00228953181962 4.11881185177e-05
55.5 -0.00140646477432 5.75943048429e-05
54.0 -0.00201711556556 8.47699933923e-05
52.5 0.000525849156007 0.000126884870727
51.0 0.000969841052336 0.000190118279066
49.5 0.0021129762833 0.000283277670221
48.0 0.00292875270949 0.000418617358001
46.5 0.00378279312267 0.000612884489665
45.0 0.00411913341572 0.000888617724137
43.5 0.000718515258279 0.0012757181817
42.0 -0.000741114773923 0.00181330064126
40.5 -0.00237075146629 0.002551814576
39.0 0.00112064363482 0.00355539853107
37.5 0.00339234963442 0.00490439711207
36.0 0.00638177370553 0.00669792775454
34.5 0.0033742703507 0.0090563357791
33.0 0.00148474325256 0.0121233235682
31.5 -0.00265148838966 0.0160674870442
30.0 -0.00211318074953 0.0210829454898
28.5 -0.00292309419819 0.0273887159951
27.0 0.000311597825295 0.0352264692671
25.5 -0.000394298523037 0.0448563173453
24.0 0.00320383259803 0.0565503334925
22.5 0.00161930407503 0.0705835960099
21.0 0.00129733532825 0.0872226838497
19.5 -0.0017200541865 0.106711731383
18.0 -0.000235986406962 0.129256366093
16.5 0.000639961975509 0.155006094103
15.0 0.00583360597273 0.184035946438
13.5 0.00383926888001 0.216328430894
12.0 0.0029405977101 0.251757024261
10.5 -0.000993440276825 0.290072560297
9.0 -0.00110749326977 0.330893895396
7.5 -0.00304987041115 0.373704146766
6.0 -0.00101759977902 0.417853586488
4.5 0.00217548907375 0.462569939598
3.0 0.00683196587418 0.506976389229
1.5 0.0095845719386 0.550117064215
0.0 -0.00086815809842 0.590989213679
-1.5 -0.00566555876194 0.628580707667
-3.0 -0.0151616641008 0.661910995893
-4.5 -0.00210060539177 0.690073260279
-6.0 -0.00751377251162 0.71227525652
-7.5 0.0038263508845 0.727876287939
-9.0 -0.00985836771795 0.736417907193
-10.5 0.00494425658556 0.737646293743
-12.0 -0.000719356826429 0.731524783015
-13.5 0.0125833914074 0.71823568428
-15.0 0.00150157564299 0.69817126147
-16.5 0.0078050615356 0.671914499543
-18.0 -0.000697906151168 0.640210972313
-19.5 0.00780357786758 0.603933705581
-21.0 0.00137391447824 0.564043343998
-22.5 0.00365064609638 0.521546150532
-24.0 0.00118505254629 0.477452382741
-25.5 0.004391714183 0.43273740956
-27.0 0.00609381963034 0.388307583393
-28.5 0.00891655176104 0.344972406592
-30.0 0.00635235849843 0.303423979466
-31.5 0.00518589731365 0.264224142162
-33.0 0.00119145390452 0.227799175804
-34.5 0.000471012106523 0.194441451972
-36.0 0.000860356687897 0.164317045568
-37.5 0.000818652609087 0.137478072676
-39.0 0.00148025306474 0.113878387151
-40.5 0.00113568751935 0.0933912601339
-42.0 0.00262892997549 0.0758277585155
-43.5 0.00241283579864 0.0609547081841
-45.0 0.00331801152698 0.0485113487915
-46.5 0.00191075183101 0.0382240321982
-48.0 0.00297347434795 0.0298185624205
-49.5 0.00161961782483 0.0230300012077
-51.0 0.00347614742599 0.0176099561587
-52.5 0.00429002065099 0.0133315192456
-54.0 0.00473278255476 0.00999212983139
-55.5 0.00692585389714 0.00741469938234
-57.0 0.00881208674566 0.00544736006516
-58.5 0.00960257488492 0.00396219342162
-60.0 0.00930145112315 0.00285326637053
-61.5 0.00891081546622 0.00203425793158
-63.0 0.00627340408047 0.00143590852346
-64.5 0.00703737451585 0.00100347044102
-66.0 0.00737001488991 0.000694287665751
-67.5 0.00850182104354 0.000475588528875
-69.0 0.00982052358775 0.00032253759785
-70.5 0.0101667464247 0.000216564056918
-72.0 0.00916491126115 0.000143962528254
-73.5 0.00741985092462 9.47479030123e-05
-75.0 0.00321223293353 6.17371822207e-05
-76.5 0.00210107201462 3.98273174626e-05
-78.0 0.00107651781279 2.54373791396e-05
-79.5 0.00511246608624 1.60849874199e-05
-81.0 0.00789556086042 1.00699228492e-05
-82.5 0.0125379128521 6.24149484335e-06
-84.0 0.012788102433 3.83008263466e-06
-85.5 0.0160768873163 2.32693754633e-06
-87.0 0.0153971277844 1.39964651005e-06
-88.5 0.0163339938812 8.33506630835e-07
-90.0 0.0120638482829 4.91424503854e-07
-91.5 0.00958179309998 2.86854463379e-07
-93.0 0.00730419311615 1.65776692624e-07
-94.5 0.00825642367631 9.48511029085e-08
-96.0 0.00719739332836 5.37301873119e-08
-97.5 0.00457772822836 3.01336249905e-08
-99.0 0.00325158264334 1.67317535504e-08
-100.5 0.00540196077504 9.19789810315e-09
-102.0 0.00697845754672 5.00602234964e-09
-103.5 0.00980889879647 2.69745388956e-09
-105.0 0.00904059154424 1.43903822466e-09
-106.5 0.00917650041778 7.60059664829e-10
-108.0 0.00999937934877 3.97447799405e-10
-109.5 0.0118356478516 2.05764080022e-10
-111.0 0.00959187093064 1.05466876475e-10
-112.5 0.00917795438287 5.35204381914e-11
-114.0 0.00637366549609 2.68893492593e-11
-115.5 0.00631064864869 1.33751289861e-11
-117.0 0.00568245765391 6.58677336868e-12
-118.5 0.00794760700419 3.21147479679e-12
-120.0 0.00833971689892 1.55022012434e-12
-121.5 0.00536316436665 7.40865340604e-13
-123.0 0.00297487133449 3.5054375999e-13
-124.5 0.00162105598001 1.64211004809e-13
-126.0 0.00294839414381 7.61586665809e-14
-127.5 0.00154186157084 3.49698250732e-14
-129.0 0.00148057486329 1.58973466117e-14
-130.5 -0.00381805987219 7.15505344227e-15
-132.0 -0.00354870992614 3.18829263338e-15
-133.5 -0.00414675462264 1.40656732597e-15
-135.0 -0.000867409969013 6.14355752106e-16
-136.5 0.00142603496 2.65666251623e-16
-138.0 0.00844752684909 1.13739130192e-16
-139.5 0.0116692384349 4.82103708697e-17
-141.0 0.0101894086296 2.02315006497e-17
-142.5 0.00699309834312 8.40567854334e-18
-144.0 0.00193610183405 3.45759811358e-18
-145.5 -0.00044540388158 1.40809936623e-18
-147.0 -0.00159827077187 5.67739549246e-19
-148.5 -0.00304216985432 2.2663242687e-19
-150.0 -0.00322551204136 8.95678202819e-20
-151.5 6.13356184075e-05 3.50460451818e-20
-153.0 0.00195717865357 1.3576351789e-20
-154.5 0.00532974610613 5.20695955557e-21
-156.0 0.00428774331832 1.97716257403e-21
-157.5 0.00227824513058 7.4328884123e-22
-159.0 -0.00131269768798 2.76649506587e-22
-160.5 -0.00459285308451 1.01943430091e-22
-162.0 -0.00595184953854 3.71916665663e-23
-163.5 -0.0020469492137 1.34334972953e-23
-165.0 0.000498958247116 4.80385179054e-24
-166.5 0.00140122096908 1.70077617288e-24
-168.0 0.000524361790624 5.96158555735e-25
-169.5 -0.00353206598828 2.06887120196e-25
-171.0 -0.00278278346995 7.10824163945e-26
-172.5 -0.00352008432739 2.41795362226e-26
-174.0 -0.00453959878359 8.14311945036e-27
-175.5 -0.00720364631626 2.71513044461e-27
-177.0 -0.00744070159433 8.9628813792e-28
-178.5 -0.00677687833487 2.9292851714e-28
-180.0 -0.00333419966478 9.47834937094e-29
-181.5 -0.00148511303659 3.03641289751e-29
-183.0 -0.00319100303912 9.63043706395e-30
-184.5 -0.00315359429877 3.02404481237e-30
-186.0 -0.00450823646286 9.40129115513e-31
-187.5 -0.00176774208283 2.89363559666e-31
-189.0 -1.83161072748e-05 8.81773878089e-32
-190.5 0.00208561061035 2.66028199349e-32
-192.0 0.00239829866957 7.94612103467e-33
-193.5 0.00314355955723 2.34984779058e-33
-195.0 0.00189607850195 6.87988760793e-34
-196.5 0.00345536739462 1.99425187981e-34
-198.0 0.00198228763895 5.72315794928e-35
-199.5 0.00241055413124 1.62610471391e-35
-201.0 0.00135816591399 4.57423361299e-36
-202.5 0.00284457549849 1.27392901206e-36
-204.0 0.00270464496343 3.51260383131e-37
-205.5 0.0048596200374 9.58893044381e-38
-207.0 0.00170281353639 2.59160149139e-38
-208.5 0.000892993035043 6.9346305613e-39
-210.0 -0.001718507743 1.83711140119e-39
-211.5 -0.00304754062653 4.81842064354e-40
-213.0 -0.00553567532598 1.25121224044e-40
-214.5 -0.00655807574066 3.21672780546e-41
-216.0 -0.00464687896046 8.1875637979e-42
-217.5 -0.000292028492039 2.06325134156e-42
-219.0 0.00334246507909 5.14762178845e-43
-220.5 0.00280749206041 1.27150531508e-43
-222.0 0.0010756576762 3.10947296032e-44
-223.5 -0.00369399841766 7.52856916145e-45
-225.0 -0.00245979291928 1.80465903204e-45
-226.5 -0.00252603079785 4.28287036862e-46
-228.0 -0.00117171875599 1.00630992256e-46
-229.5 -0.00269483597868 2.34091495185e-47
-231.0 0.000120244217202 5.3913381406e-48
-232.5 0.00116796771021 1.22931891003e-48
-234.0 0.00790494447996 2.77517010383e-49
-235.5 0.00670325779101 6.20257050469e-50
-237.0 0.00533797379914 1.37249530046e-50
-238.5 -0.000188885706913 3.00681755876e-51
-240.0 0.000628674455984 6.52169290112e-52
-241.5 -0.000286178885469 1.40045986308e-52
-243.0 0.00160041812378 2.97740589381e-53
-244.5 -0.0012942905431 6.26704013646e-54
-246.0 -0.000859249515084 1.30600236575e-54
-247.5 -3.01177759188e-05 2.69452679309e-55
-249.0 0.00336238730797 5.50399593251e-56
-250.5 0.00417079031719 1.11309122076e-56
-252.0 0.00324604110188 2.2286427947e-57
-253.5 0.000555634258889 4.41781198547e-58
-255.0 -0.0015308370976 8.67023857117e-59
-256.5 -0.000948449921904 1.68465867065e-59
-258.0 -0.000294161733882 3.24078224271e-60
-259.5 0.00126224351719 6.17226885052e-61
-261.0 -0.000429983122942 1.16384963327e-61
-262.5 -0.00244445066736 2.17273103904e-62
-264.0 -0.00696130070758 4.01580039715e-63
-265.5 -0.0072763263458 7.34844288874e-64
-267.0 -0.00764455445224 1.33129893113e-64
-268.5 -0.00574700485744 2.38788220216e-65
-270.0 -0.00825602749714 4.24040432725e-66
-271.5 -0.00527774666702 7.45518963034e-67
-273.0 -0.00689920730239 1.29767869773e-67
-274.5 -0.00156375782104 2.2363136335e-68
-276.0 -0.00137804060941 3.815533778e-69
-277.5 -0.00129457292939 6.44517848912e-70
-279.0 -0.00369548469534 1.07788306963e-70
-280.5 -0.00078351055973 1.78470075431e-71
-282.0 -9.43770246274e-05 2.92560856717e-72
-283.5 0.00366373836649 4.74814623642e-73
-285.0 0.00264419632463 7.62937581691e-74
-286.5 0.000781735957167 1.21369897692e-74
-288.0 0.000884319952951 1.91156917402e-75
-289.5 -5.27573107214e-07 2.98075379986e-76
-291.0 -0.00101020250474 4.60171003505e-77
-292.5 -0.00124633537367 7.03346689065e-78
-294.0 -0.00417356802441 1.0643309731e-78
-295.5 -0.00146141058701 1.59456052787e-79
-297.0 -0.000411959241305 2.36517006113e-80
-298.5 0.0 3.47328796779e-81
-300.0 0.0 5.04982427744e-82
###
# timestamp: 2455840.5925838
# Gaussian 1 [amp, RV +/- err, wid]: [0.72, 105.00 +/- 0.00, 15.00]
# Gaussian 2 [amp, RV +/- err, wid]: [0.65, 50.00 +/- 0.00, 15.00]
# Uncorrected_RV, BF_amp, Gaussian_fit
###
300.0 0.0 1.44949432339e-37
298.5 0.0 5.29209793925e-37
297.0 0.0010833242862 1.91291768475e-36
295.5 0.00312050692822 6.84576121581e-36
294.0 0.00585330685712 2.42551668369e-35
292.5 0.00717230010877 8.50832050065e-35
291.0 0.00880025842439 2.95488423506e-34
289.5 0.00440835148325 1.0160010485e-33
288.0 -0.00111331568346 3.45863630939e-33
286.5 -0.00809369485646 1.16566214242e-32
285.0 -0.0116130564858 3.88953373567e-32
283.5 -0.0132123436416 1.28492993961e-31
282.0 -0.0119561775056 4.20260341999e-31
280.5 -0.00985827199082 1.36086306102e-30
279.0 -0.00361269133071 4.36282202823e-30
277.5 0.00275779970808 1.38476992841e-29
276.0 0.00979436091762 4.35155829274e-29
274.5 0.012057669564 1.35384530308e-28
273.0 0.0106364141399 4.17013711337e-28
271.5 0.00617793946499 1.27171174438e-27
270.0 0.00440058688466 3.83958321589e-27
268.5 0.00345578816034 1.14772156604e-26
267.0 0.00440415009238 3.39661290336e-26
265.5 0.00636591117928 9.95205169271e-26
264.0 0.010844047659 2.88692995216e-25
262.5 0.0119992270519 8.29119109365e-25
261.0 0.0125306257717 2.3575160515e-24
259.5 0.00758052739142 6.63665813716e-24
258.0 0.00385336635908 1.84969997674e-23
256.5 0.00193308669329 5.10399441195e-23
255.0 0.00218807386996 1.39436394545e-22
253.5 0.00366039466908 3.77137010385e-22
252.0 0.00960672632704 1.00990196846e-21
250.5 0.0176059582898 2.6774189851e-21
249.0 0.0259384459179 7.0276563033e-21
247.5 0.0292751254618 1.82625637023e-20
246.0 0.024870654781 4.69861682205e-20
244.5 0.0167029097485 1.19683800019e-19
243.0 0.00787405760062 3.01826776547e-19
241.5 -0.000759207620379 7.53593626044e-19
240.0 -0.00787372533856 1.86283214123e-18
238.5 -0.0141885567307 4.55897576899e-18
237.0 -0.0159727345401 1.10463271294e-17
235.5 -0.01718037911 2.64987612399e-17
234.0 -0.0170488002193 6.29347192155e-17
232.5 -0.0186022959845 1.47983086412e-16
231.0 -0.0192942876456 3.44501342099e-16
229.5 -0.0208749402495 7.94011532923e-16
228.0 -0.0170800739874 1.81183964443e-15
226.5 -0.0130550351714 4.09326404689e-15
225.0 -0.00663345052951 9.15538936242e-15
223.5 0.00252243619383 2.02740695459e-14
222.0 0.0097594098203 4.44490107892e-14
220.5 0.0163024940749 9.64806728802e-14
219.0 0.0182983701088 2.07336423283e-13
217.5 0.0170530696829 4.41131363387e-13
216.0 0.0101378455206 9.29217382108e-13
214.5 0.00425394281518 1.93786611751e-12
213.0 -0.0053146474428 4.00117244039e-12
211.5 -0.0112773964319 8.17914341607e-12
210.0 -0.0174761508042 1.65533322881e-11
208.5 -0.0172262062747 3.31680621097e-11
207.0 -0.0179491615367 6.57978674525e-11
205.5 -0.0124485671922 1.29229181425e-10
204.0 -0.00720371887396 2.51284918362e-10
202.5 0.00316138557172 4.83759280313e-10
201.0 0.0126870906492 9.22038913567e-10
199.5 0.0212914324876 1.73990784519e-09
198.0 0.025809248633 3.25057579808e-09
196.5 0.0266484256733 6.01244897728e-09
195.0 0.022707987942 1.10103104705e-08
193.5 0.0183928009793 1.99620335965e-08
192.0 0.0108105096132 3.58316703609e-08
190.5 0.0058524321039 6.36775552286e-08
189.0 0.000181928614842 1.12037333356e-07
187.5 -0.00186835418413 1.95162422798e-07
186.0 -0.00443933712562 3.36578750283e-07
184.5 -0.0020498651217 5.74690795551e-07
183.0 -0.0013499948274 9.71491140423e-07
181.5 -0.000551701544137 1.62592497677e-06
180.0 -0.0026058118005 2.69413414387e-06
178.5 0.000300870304125 4.41972231883e-06
177.0 0.000356815288952 7.17840253633e-06
175.5 0.00153495229771 1.15429731938e-05
174.0 0.000237902219043 1.83765771068e-05
172.5 -0.00193667524035 2.89646717077e-05
171.0 -0.00206632620429 4.51990862268e-05
169.5 0.00232215357152 6.9830918522e-05
168.0 0.0039604008695 0.000106812703975
166.5 0.00381597825299 0.00016175403365
165.0 0.0048831782213 0.00024251822708
163.5 0.0100397253265 0.000359990222361
162.0 0.0127385980389 0.000529046786517
160.5 0.0166436141898 0.000769758532641
159.0 0.0147606690784 0.00110884794984
157.5 0.0141605235797 0.00158141749601
156.0 0.0110953385624 0.00223294556601
154.5 0.0104131356755 0.0031215247905
153.0 0.00299631485189 0.00432028598376
151.5 0.0021742406179 0.00591991211802
150.0 0.000815931341717 0.00803110083948
148.5 0.00372886280311 0.0107867833132
147.0 0.00212326475473 0.0143438550212
145.5 0.00472879266177 0.0188841254462
144.0 0.00765727748728 0.0246141546493
142.5 0.0139705611601 0.0317636230079
141.0 0.0186437412775 0.0405818837726
139.5 0.0192112249626 0.0513323843462
138.0 0.017953988961 0.064284717698
136.5 0.0210838397599 0.0797041840264
135.0 0.0226462189758 0.0978389049213
133.5 0.0226065621652 0.118904733315
132.0 0.0178664886058 0.143068432427
130.5 0.011908684594 0.17042984003
129.0 0.00205796127387 0.201003969764
127.5 -0.00326218000931 0.234704204295
126.0 -0.0114607364809 0.271327879231
124.5 -0.0152638888388 0.310545616584
123.0 -0.0177634728786 0.351895720903
121.5 -0.015910789398 0.39478478641
120.0 -0.0131799151957 0.438495376197
118.5 -0.00654898960789 0.482201234082
117.0 -0.000632786326982 0.524989998438
115.5 0.00448637198791 0.565892840106
114.0 0.00481815099956 0.603919888361
112.5 0.00460901206911 0.638099790692
111.0 0.00260784983872 0.667521325743
109.5 0.000346044959099 0.691374700919
108.0 0.00180230064224 0.70899005303
106.5 0.0039293633023 0.719870752473
105.0 0.00854156660721 0.723719390499
103.5 0.012254880121 0.720454786734
102.0 0.0159595693645 0.71021895294
100.5 0.0154111540667 0.693373636464
99.0 0.0153960332487 0.670486780198
97.5 0.00930093233176 0.642309909585
96.0 0.0051755294102 0.609748029648
94.5 0.000286546494163 0.573824035757
93.0 0.00394311210217 0.535639876858
91.5 0.00629038496755 0.49633674542
90.0 0.00834501477705 0.457056411758
88.5 0.00717132753276 0.418905499035
87.0 0.00543596222058 0.382924052684
85.5 0.00322330049111 0.350059248577
84.0 0.00118416200148 0.321144566798
82.5 -0.0031880086545 0.296884288455
81.0 -0.00954021621303 0.277842799252
79.5 -0.0130972197947 0.264437939235
78.0 -0.0133860861484 0.256937539979
76.5 -0.00837428987736 0.255458336897
75.0 -0.00424713538115 0.25996661628
73.5 0.00421070268354 0.270280220193
72.0 0.00826820572826 0.286071843297
70.5 0.0127665281271 0.30687386465
69.0 0.0127803644789 0.33208521606
67.5 0.0140452376763 0.360980954829
66.0 0.00821718880315 0.392725252174
64.5 0.00379609435095 0.426388414311
63.0 -0.00443475028362 0.460968323126
61.5 -0.00863480718083 0.495416337223
60.0 -0.0125727351423 0.528667266681
58.5 -0.011519942669 0.559672572969
57.0 -0.0102832759056 0.58743550218
55.5 -0.00565369430603 0.611046488825
54.0 0.000112063018733 0.629716916666
52.5 0.00621893308222 0.642809228581
51.0 0.0109385930461 0.649861459485
49.5 0.0089057032193 0.650604525968
48.0 0.00793062604566 0.644971025654
46.5 0.00128278722007 0.633094842709
45.0 -0.00423721307127 0.615301474229
43.5 -0.00815114819929 0.592089628208
42.0 -0.00692343302709 0.564105238281
40.5 -0.00468712032208 0.532109539438
39.0 0.00162043600485 0.496943208851
37.5 0.0048268011828 0.459488768528
36.0 0.00843715125362 0.420633460978
34.5 0.010216743201 0.381234652596
33.0 0.00853344868026 0.342089515545
31.5 0.00695506078349 0.303910323556
30.0 0.00661775739711 0.267306214539
28.5 0.00560364180801 0.232771769868
27.0 0.00550515281414 0.200682281337
25.5 0.0016768481859 0.171295159635
24.0 -0.00230038813078 0.144756610688
22.5 -0.00524709496576 0.121112484538
21.0 -0.00355546791004 0.100322090007
19.5 -0.00251206286669 0.0822737608743
18.0 -0.000533285819639 0.0668010409179
16.5 0.00251999039641 0.0536985052021
15.0 0.00198659116006 0.0427364299789
13.5 0.00274283044834 0.0336737400022
12.0 0.00243527619447 0.0262688786454
10.5 0.00737531028637 0.0202884456809
9.0 0.0105014045827 0.0155136174915
7.5 0.0166792905257 0.0117444975171
6.0 0.0150621891337 0.00880263834526
4.5 0.0197120263006 0.00653203247265
3.0 0.0170265597759 0.00479889079583
1.5 0.015596237884 0.00349052260817
0.0 0.00317978781929 0.00251360539092
-1.5 -0.00669474889699 0.00179209405256
-3.0 -0.0205078977502 0.00126497386657
-4.5 -0.018780371817 0.000884014449246
-6.0 -0.0250580827143 0.000611637675564
-7.5 -0.0203597208998 0.000418973109475
-9.0 -0.020153578097 0.000284141799151
-10.5 -0.00350243126026 0.000190783651768
-12.0 0.0026077321625 0.000126824816845
-13.5 0.0112362596032 8.34688414438e-05
-15.0 0.00235773059297 5.43878113367e-05
-16.5 -0.00296921417515 3.5086159591e-05
-18.0 -0.00969524648644 2.24092407146e-05
-19.5 -0.0064256722525 1.41701844752e-05
-21.0 -0.00721981148774 8.87117040863e-06
-22.5 -0.00225241861175 5.49848943118e-06
-24.0 0.00282559510606 3.37413863435e-06
-25.5 0.011459658212 2.04993224003e-06
-27.0 0.0199461973657 1.23302858305e-06
-28.5 0.0264357084749 7.34283615607e-07
-30.0 0.0260941936433 4.32923924223e-07
-31.5 0.0274802931016 2.52706486944e-07
-33.0 0.023451007789 1.46042160601e-07
-34.5 0.0239792677888 8.35597561089e-08
-36.0 0.0213093476022 4.73339920126e-08
-37.5 0.0179436148015 2.65464320147e-08
-39.0 0.00957381003253 1.47399577135e-08
-40.5 0.00824014519884 8.10295398414e-09
-42.0 0.00652245953889 4.41009111949e-09
-43.5 0.00992273874733 2.37634125714e-09
-45.0 0.00909473580425 1.26773099518e-09
-46.5 0.00408664937698 6.6957998667e-10
-48.0 -0.0034065693218 3.50134475677e-10
-49.5 -0.0087739200242 1.8126933494e-10
-51.0 -0.0159997188899 9.2911797602e-11
-52.5 -0.0175551235915 4.71492120278e-11
-54.0 -0.0170069373808 2.36883641532e-11
-55.5 -0.0107520056805 1.17829153455e-11
-57.0 -3.72972983665e-05 5.80266501235e-12
-58.5 0.00821148830574 2.82917164419e-12
-60.0 0.0139267817957 1.36567748326e-12
-61.5 0.018923656039 6.52670609745e-13
-63.0 0.017983899166 3.08814027376e-13
-64.5 0.0178454052663 1.44662856746e-13
-66.0 0.0168510154211 6.70925209083e-14
-67.5 0.012107597932 3.0806916996e-14
-69.0 0.00884884609592 1.40048809652e-14
-70.5 0.00560468412298 6.30329539929e-15
-72.0 0.003009940414 2.80874915187e-15
-73.5 -2.54780656074e-05 1.23912552521e-15
-75.0 -0.00309137391727 5.41221084793e-16
-76.5 -0.0087567128137 2.34040580565e-16
-78.0 -0.0101518869391 1.00199298558e-16
-79.5 -0.00959995794006 4.247127032e-17
-81.0 -0.00481223827783 1.78230849001e-17
-82.5 -0.00148303796489 7.40504250844e-18
-84.0 0.00809394227266 3.04599573683e-18
-85.5 0.0134516972264 1.24047518701e-18
-87.0 0.0206030157696 5.00154208159e-19
-88.5 0.0197140474798 1.99653454044e-19
-90.0 0.0222125877483 7.89054105693e-20
-91.5 0.019869130014 3.08740636447e-20
-93.0 0.0248061478619 1.196018401e-20
-94.5 0.0228927378568 4.58710818525e-21
-96.0 0.0223426452222 1.74179548163e-21
-97.5 0.0163409503846 6.54805609919e-22
-99.0 0.016003234864 2.43716357419e-22
-100.5 0.012915010805 8.98077923617e-23
-102.0 0.0141351313501 3.27642641177e-23
-103.5 0.00714815914818 1.18343353241e-23
-105.0 0.000652644596673 4.23198752246e-24
-106.5 -0.00790169329941 1.49831090882e-24
-108.0 -0.0080800482301 5.25190134767e-25
-109.5 -0.00630815508794 1.82258685197e-25
-111.0 0.00203760998301 6.26205620748e-26
-112.5 0.00503642107428 2.13011350172e-26
-114.0 0.011875330856 7.17373920146e-27
-115.5 0.0148393976945 2.39191354447e-27
-117.0 0.0210612984181 7.89591432374e-28
-118.5 0.0258248640344 2.58057467957e-28
-120.0 0.02758928089 8.35001953022e-29
-121.5 0.0261567448274 2.67494961452e-29
-123.0 0.0233753942278 8.48400226891e-30
-124.5 0.0177295336685 2.66405386163e-30
-126.0 0.0123355518313 8.282134545e-31
-127.5 0.00682990323875 2.54916893225e-31
-129.0 -0.00396850760742 7.76804991579e-32
-130.5 -0.0122084850865 2.34359440998e-32
-132.0 -0.0203692480769 7.00019204108e-33
-133.5 -0.0234575266319 2.0701151832e-33
-135.0 -0.0233276117478 6.06088609353e-34
-136.5 -0.0134314026814 1.75685042752e-34
-138.0 -0.00820396191467 5.04185684456e-35
-139.5 0.000123697979539 1.43252855407e-35
-141.0 0.00117967213743 4.02970375004e-36
-142.5 0.00367081607648 1.12227685586e-36
-144.0 -0.000659393907664 3.09445341646e-37
-145.5 0.00010094078741 8.44743671564e-38
-147.0 -0.00407298398472 2.28308983144e-38
-148.5 -0.00381012372008 6.10911228902e-39
-150.0 -0.000520106788875 1.61841640129e-39
-151.5 0.00543695314338 4.24482205749e-40
-153.0 0.0104951541323 1.10226435376e-40
-154.5 0.0143826794875 2.83379931967e-41
-156.0 0.0150786589914 7.21289276664e-42
-157.5 0.0123651028439 1.81763599584e-42
-159.0 0.00882773397484 4.53483415578e-43
-160.5 0.00411779062806 1.12014168271e-43
-162.0 0.00376392844864 2.73931239831e-44
-163.5 0.00618278682453 6.63234673808e-45
-165.0 0.00826918908427 1.58982725506e-45
-166.5 0.00775824330312 3.7730252203e-46
-168.0 0.00334881244301 8.86515908836e-47
-169.5 -0.000894067211967 2.06224573515e-47
-171.0 -0.00156868409794 4.74953781574e-48
-172.5 -0.00405786134327 1.08297726808e-48
-174.0 -0.00574727716587 2.4448059108e-49
-175.5 -0.00944553267191 5.46419875706e-50
-177.0 -0.00949879572413 1.20910953115e-50
-178.5 -0.00869893956066 2.6488773896e-51
-180.0 -0.0061987342748 5.74533190995e-52
-181.5 -0.00860782565986 1.23374511219e-52
-183.0 -0.0121746266458 2.62296697344e-53
-184.5 -0.0156264650623 5.52099373933e-54
-186.0 -0.0153830177845 1.15053210573e-54
-187.5 -0.01228853563 2.3737626106e-55
-189.0 -0.0107091816832 4.84878450161e-56
-190.5 -0.00792998760001 9.8058565564e-57
-192.0 -0.00861323510368 1.96333877697e-57
-193.5 -0.00854479994258 3.89190300081e-58
-195.0 -0.00765615558158 7.63810855325e-59
-196.5 -0.00835138056591 1.48411208019e-59
-198.0 -0.00998855465763 2.85499024786e-60
-199.5 -0.00901625977633 5.43750429855e-61
-201.0 -0.00644779035644 1.02530164143e-61
-202.5 0.000511052332086 1.91408291675e-62
-204.0 0.0113722961156 3.53774802272e-63
-205.5 0.0181533990524 6.47366321248e-64
-207.0 0.0246517959009 1.17281729555e-64
-208.5 0.0226580985847 2.10362186955e-65
-210.0 0.0205151943905 3.73561445805e-66
-211.5 0.0137883705816 6.5677025164e-67
-213.0 0.0046862357448 1.14319931097e-67
-214.5 -0.00366527692428 1.97009645716e-68
-216.0 -0.0057164956096 3.36132171517e-69
-217.5 -0.00873147555065 5.67792599256e-70
-219.0 -0.00388500191256 9.49568783602e-71
-220.5 -0.00351997081182 1.57224486784e-71
-222.0 -0.0035247375786 2.57733574883e-72
-223.5 -0.00459927991886 4.18291331695e-73
-225.0 -0.00930001924122 6.72115308072e-74
-226.5 -0.0131681318971 1.06921677651e-74
-228.0 -0.014558436556 1.68401050771e-75
-229.5 -0.0143022778257 2.62591633517e-76
-231.0 -0.0085526919291 4.05390930017e-77
-232.5 -0.00250752651247 6.19618285882e-78
-234.0 0.00235533441633 9.37629967434e-79
-235.5 0.00946302704585 1.40473947823e-79
-237.0 0.0120932070471 2.0836134468e-80
-238.5 0.0137806230534 3.05981782588e-81
-240.0 0.00965292780885 4.44867874042e-82
-241.5 0.0043654887574 6.40359082535e-83
-243.0 -0.00346357038362 9.12584647134e-84
-244.5 -0.00841085134213 1.2875965304e-84
-246.0 -0.00930234230176 1.79863687344e-85
-247.5 -0.00607462334524 2.48750660453e-86
-249.0 -0.00535480566079 3.40597964089e-87
-250.5 -0.00199695259659 4.6171810866e-88
-252.0 -0.00138632680582 6.19681917504e-89
-253.5 -0.000662585496631 8.23413141924e-90
-255.0 0.00129996573385 1.08323783388e-90
-256.5 0.00372466608735 1.41086968216e-91
-258.0 0.00735012528135 1.8193113853e-92
-259.5 0.0113053918712 2.32265244861e-93
-261.0 0.0138107539198 2.93574598338e-94
-262.5 0.0139245558178 3.67375150623e-95
-264.0 0.011293646073 4.55153759303e-96
-265.5 0.00988133881784 5.58294752978e-97
-267.0 0.0129097536067 6.77994254503e-98
-268.5 0.00972027125669 8.15165021718e-99
-270.0 0.00842935568352 9.70335931854e-100
-271.5 0.00117513466662 1.14355154927e-100
-273.0 -0.00491395793575 1.33427833597e-101
-274.5 -0.010786511574 1.54132484113e-102
-276.0 -0.0144396637492 1.76278349801e-103
-277.5 -0.0223033020868 1.99600134625e-104
-279.0 -0.0213455604118 2.23758601307e-105
-280.5 -0.0185908018587 2.48345161225e-106
-282.0 -0.0127067464948 2.72890691436e-107
-283.5 -0.00909862294547 2.96878533488e-108
-285.0 -0.0066417272487 3.19761318134e-109
-286.5 -0.00334800657867 3.40980945122e-110
-288.0 0.00304856078579 3.59990756948e-111
-289.5 0.00950647364469 3.7627870881e-112
-291.0 0.00767649438662 3.89390180374e-113
-292.5 0.00721541207425 3.98949018266e-114
-294.0 0.000135437705268 4.0467545275e-115
-295.5 0.00701696075749 4.06399698457e-116
-297.0 0.00252492884327 4.04070316654e-117
-298.5 0.0 3.97756764346e-118
-300.0 0.0 3.87645953962e-119
